1620080 1659
1620090 1665
1620100 1665
1620110 1673
1620120 1682
1620130 1682
1620140 1689
1620150 1697
1620160 1704
1620170 1704
1620180 1712
1620190 1720
1620200 1720
1620210 1727
1620220 1734
1620230 1734
1620240 1743
1620250 1754
1620260 1754
1620270 1763
1620280 1770
1620290 1779
1620300 1779
1620310 1793
1620320 1799
1620330 1799
1620340 1808
1620350 1813
1620360 1813
1620370 1812
1620380 1804
1620390 1804
1620400 1798
1620410 1791
1620420 1793
1620430 1793
1620440 1794
1620450 1794
1620460 1794
1620470 1790
1620480 1785
1620490 1785
1620500 1770
1620510 1759
1620520 1759
1620530 1757
1620540 1738
1620550 1738
1620560 1719
1620570 1715
1620580 1720
1620590 1720
1620600 1721
1620610 1707
1620620 1707
1620630 1694
1620640 1685
1620650 1685
1620660 1679
1620670 1671
1620680 1671
1620690 1660
1620700 1652
1620710 1645
1620720 1645
1620730 1633
1620740 1614
1620750 1614
1620760 1605
1620770 1600
1620780 1600
1620790 1595
1620800 1576
1620810 1576
1620820 1559
1620830 1547
1620840 1539
1620850 1539
1620860 1531
1620870 1524
1620880 1524
1620890 1516
1620900 1506
1620910 1515
1620920 1503
1620930 1480
1620940 1480
1620950 1462
1620960 1465
1620970 1465
1620980 1469
1620990 1459
1621000 1436
1621010 1436
1621020 1415
1621030 1391
1621040 1391
1621050 1371
1621060 1361
1621070 1361
1621080 1355
1621090 1348
1621100 1348
1621110 1341
1621120 1338
1621130 1341
1621140 1341
1621150 1341
1621160 1339
1621170 1339
1621180 1337
1621190 1335
1621200 1335
1621210 1333
1621220 1331
1621230 1331
1621240 1329
1621250 1330
1621260 1330
1621270 1330
1621280 1329
1621290 1326
1621300 1326
1621310 1324
1621320 1308
1621330 1308
1621340 1286
1621350 1283
1621360 1283
1621370 1281
1621380 1278
1621390 1274
1621400 1274
1621410 1267
1621420 1259
1621430 1259
1621440 1248
1621450 1238
1621460 1238
1621470 1230
1621480 1237
1621490 1237
1621500 1256
1621510 1271
1621520 1271
1621530 1273
1621540 1280
1621550 1283
1621560 1283
1621570 1283
1621580 1285
1621590 1285
1621600 1280
1621610 1279
1621620 1279
1621630 1278
1621640 1277
1621650 1277
1621660 1278
1621670 1285
1621680 1297
1621690 1297
1621700 1306
1621710 1312
1621720 1312
1621730 1316
1621740 1322
1621750 1322
1621760 1327
1621770 1328
1621780 1328
1621790 1327
1621800 1327
1621810 1327
1621820 1327
1621830 1323
1621840 1322
1621850 1322
1621860 1321
1621870 1321
1621880 1321
1621890 1322
1621900 1322
1621910 1322
1621920 1321
1621930 1316
1621940 1311
1621950 1311
1621960 1307
1621970 1295
1621980 1295
1621990 1283
1622000 1271
1622010 1271
1622020 1266
1622030 1271
1622040 1271
1622050 1276
1622060 1277
1622070 1277
1622080 1280
1622090 1295
1622100 1313
1622110 1313
1622120 1319
1622130 1324
1622140 1324
1622150 1327
1622160 1329
1622170 1329
1622180 1332
1622190 1337
1622200 1337
1622210 1344
1622220 1352
1622230 1359
1622240 1359
1622250 1367
1622260 1376
1622270 1376
1622280 1391
1622290 1416
1622300 1416
1622310 1429
1622320 1432
1622330 1432
1622340 1448
1622350 1478
1622360 1487
1622370 1487
1622380 1493
1622390 1499
1622400 1499
1622410 1505
1622420 1512
1622430 1512
1622440 1520
1622450 1529
1622460 1529
1622470 1536
1622480 1542
1622490 1542
1622500 1547
1622510 1553
1622520 1553
1622530 1553
1622540 1562
1622550 1578
1622560 1578
1622570 1606
1622580 1608
1622590 1608
1622600 1609
1622610 1619
1622620 1619
1622630 1634
1622640 1654
1622650 1667
1622660 1667
1622670 1677
1622680 1686
1622690 1686
1622700 1691
1622710 1694
1622720 1694
1622730 1688
1622740 1682
1622750 1682
1622760 1682
1622770 1686
1622780 1691
1622790 1691
1622800 1709
1622810 1729
1622820 1729
1622830 1748
1622840 1752
1622850 1752
1622860 1760
1622870 1771
1622880 1771
1622890 1776
1622900 1780
1622910 1786
1622920 1786
1622930 1791
1622940 1796
1622950 1796
1622960 1801
1622970 1807
1622980 1807
1622990 1809
1623000 1811
1623010 1811
1623020 1813
1623030 1814
1623040 1814
1623050 1814
1623060 1817
1623070 1821
1623080 1821
1623090 1825
1623100 1827
1623110 1827
1623120 1829
1623130 1829
1623140 1829
1623150 1827
1623160 1825
1623170 1825
1623180 1814
1623190 1807
1623200 1789
1623210 1789
1623220 1780
1623230 1773
1623240 1773
1623250 1766
1623260 1761
1623270 1761
1623280 1754
1623290 1747
1623300 1747
1623310 1743
1623320 1738
1623330 1734
1623340 1734
1623350 1727
1623360 1722
1623370 1722
1623380 1716
1623390 1708
1623400 1708
1623410 1702
1623420 1697
1623430 1697
1623440 1691
1623450 1686
1623460 1681
1623470 1681
1623480 1677
1623490 1672
1623500 1672
1623510 1668
1623520 1662
1623530 1662
