1620000 1493
1620010 1491
1620020 1487
1620030 1487
1620040 1484
1620050 1481
1620060 1481
1620070 1476
1620080 1470
1620090 1470
1620100 1464
1620110 1459
1620120 1454
1620130 1454
1620140 1449
1620150 1441
1620160 1441
1620170 1432
1620180 1427
1620190 1427
1620200 1428
1620210 1429
1620220 1429
1620230 1425
1620240 1418
1620250 1411
1620260 1411
1620270 1406
1620280 1405
1620290 1405
1620300 1404
1620310 1404
1620320 1404
1620330 1404
1620340 1407
1620350 1407
1620360 1406
1620370 1401
1620380 1395
1620390 1395
1620400 1395
1620410 1401
1620420 1401
1620430 1408
1620440 1409
1620450 1409
1620460 1399
1620470 1397
1620480 1397
1620490 1396
1620500 1399
1620510 1399
1620520 1391
1620530 1383
1620540 1385
1620550 1385
1620560 1383
1620570 1382
1620580 1382
1620590 1384
1620600 1397
1620610 1397
1620620 1399
1620630 1399
1620640 1399
1620650 1397
1620660 1397
1620670 1399
1620680 1399
1620690 1402
1620700 1404
1620710 1404
1620720 1402
1620730 1387
1620740 1387
1620750 1365
1620760 1355
1620770 1355
1620780 1360
1620790 1359
1620800 1346
1620810 1346
1620820 1316
1620830 1297
1620840 1297
1620850 1285
1620860 1290
1620870 1290
1620880 1279
1620890 1269
1620900 1269
1620910 1278
1620920 1289
1620930 1289
1620940 1279
1620950 1274
1620960 1274
1620970 1274
1620980 1275
1620990 1278
1621000 1278
1621010 1274
1621020 1270
1621030 1270
1621040 1266
1621050 1265
1621060 1265
1621070 1265
1621080 1261
1621090 1257
1621100 1257
1621110 1252
1621120 1245
1621130 1245
1621140 1238
1621150 1233
1621160 1233
1621170 1227
1621180 1220
1621190 1220
1621200 1213
1621210 1206
1621220 1199
1621230 1199
1621240 1190
1621250 1180
1621260 1180
1621270 1171
1621280 1163
1621290 1163
1621300 1155
1621310 1146
1621320 1146
1621330 1138
1621340 1130
1621350 1121
1621360 1121
1621370 1113
1621380 1106
1621390 1106
1621400 1102
1621410 1096
1621420 1096
1621430 1091
1621440 1085
1621450 1085
1621460 1079
1621470 1071
1621480 1071
1621490 1064
1621500 1057
1621510 1052
1621520 1052
1621530 1045
1621540 1040
1621550 1040
1621560 1036
1621570 1034
1621580 1034
1621590 1031
1621600 1029
1621610 1029
1621620 1028
1621630 1027
1621640 1027
1621650 1027
1621660 1026
1621670 1026
1621680 1026
1621690 1026
1621700 1025
1621710 1025
1621720 1025
1621730 1025
1621740 1025
1621750 1024
1621760 1023
1621770 1022
1621780 1022
1621790 1023
1621800 1023
1621810 1023
1621820 1020
1621830 1019
1621840 1019
1621850 1020
1621860 1023
1621870 1023
1621880 1024
1621890 1024
1621900 1024
1621910 1023
1621920 1023
1621930 1022
1621940 1022
1621950 1022
1621960 1022
1621970 1022
1621980 1022
1621990 1023
1622000 1023
1622010 1024
1622020 1025
1622030 1025
1622040 1026
1622050 1027
1622060 1028
1622070 1028
1622080 1029
1622090 1030
1622100 1030
1622110 1032
1622120 1033
1622130 1033
1622140 1035
1622150 1037
1622160 1037
1622170 1039
1622180 1041
1622190 1044
1622200 1044
1622210 1048
1622220 1053
1622230 1053
1622240 1058
1622250 1063
1622260 1063
1622270 1071
1622280 1079
1622290 1078
1622300 1084
1622310 1091
1622320 1098
1622330 1098
1622340 1105
1622350 1113
1622360 1113
1622370 1121
1622380 1129
1622390 1129
1622400 1137
1622410 1147
1622420 1147
1622430 1158
1622440 1175
1622450 1175
1622460 1190
1622470 1199
1622480 1212
1622490 1212
1622500 1235
1622510 1246
1622520 1246
1622530 1255
1622540 1263
1622550 1263
1622560 1271
1622570 1279
1622580 1279
1622590 1290
1622600 1301
1622610 1311
1622620 1311
1622630 1321
1622640 1326
1622650 1326
1622660 1332
1622670 1339
1622680 1339
1622690 1342
1622700 1347
1622710 1347
1622720 1352
1622730 1357
1622740 1363
1622750 1363
1622760 1369
1622770 1373
1622780 1373
1622790 1380
1622800 1390
1622810 1390
1622820 1399
1622830 1409
1622840 1409
1622850 1416
1622860 1423
1622870 1423
1622880 1431
1622890 1441
1622900 1449
1622910 1449
1622920 1453
1622930 1461
1622940 1461
1622950 1468
1622960 1474
1622970 1474
1622980 1492
1622990 1506
1623000 1506
1623010 1511
1623020 1518
1623030 1539
1623040 1539
1623050 1561
1623060 1567
1623070 1567
1623080 1558
1623090 1559
1623100 1559
1623110 1563
1623120 1567
1623130 1567
1623140 1572
1623150 1578
1623160 1584
1623170 1584
1623180 1590
1623190 1598
1623200 1598
1623210 1608
1623220 1618
1623230 1618
1623240 1629
1623250 1641
1623260 1641
1623270 1655
1623280 1672
1623290 1681
1623300 1681
1623310 1685
1623320 1697
1623330 1697
1623340 1707
1623350 1711
1623360 1711
1623370 1717
1623380 1724
1623390 1724
1623400 1732
1623410 1752
1623420 1752
1623430 1759
1623440 1765
1623450 1767
1623460 1767
1623470 1765
1623480 1764
1623490 1764
1623500 1760
1623510 1756
1623520 1756
1623530 1761
1623540 1774
1623550 1774
1623560 1790
1623570 1800
1623580 1806
1623590 1806
1623600 1817
1623610 1825
1623620 1825
1623630 1845
1623640 1878
1623650 1878
1623660 1887
1623670 1891
1623680 1891
1623690 1879
1623700 1872
1623710 1876
1623720 1876
1623730 1872
1623740 1862
1623750 1862
1623760 1849
1623770 1831
1623780 1831
1623790 1816
1623800 1802
1623810 1802
1623820 1793
1623830 1785
1623840 1785
1623850 1782
1623860 1774
1623870 1766
1623880 1766
1623890 1760
1623900 1752
1623910 1752
1623920 1743
1623930 1717
1623940 1717
