1620000 904
1620010 903
1620020 903
1620030 900
1620040 898
1620050 898
1620060 892
1620070 887
1620080 883
1620090 883
1620100 881
1620110 880
1620120 880
1620130 880
1620140 881
1620150 881
1620160 884
1620170 887
1620180 887
1620190 892
1620200 896
1620210 900
1620220 900
1620230 905
1620240 910
1620250 910
1620260 914
1620270 920
1620280 920
1620290 924
1620300 929
1620310 929
1620320 935
1620330 940
1620340 947
1620350 947
1620360 951
1620370 957
1620380 957
1620390 962
1620400 967
1620410 967
1620420 971
1620430 974
1620440 974
1620450 978
1620460 983
1620470 983
1620480 987
1620490 991
1620500 993
1620510 993
1620520 995
1620530 998
1620540 998
1620550 1001
1620560 1005
1620570 1005
1620580 1008
1620590 1012
1620600 1012
1620610 1018
1620620 1020
1620630 1023
1620640 1023
1620650 1028
1620660 1032
1620670 1032
1620680 1035
1620690 1038
1620700 1038
1620710 1041
1620720 1046
1620730 1046
1620740 1051
1620750 1055
1620760 1057
1620770 1057
1620780 1061
1620790 1066
1620800 1066
1620810 1070
1620820 1074
1620830 1074
1620840 1078
1620850 1082
1620860 1082
1620870 1087
1620880 1090
1620890 1090
1620900 1094
1620910 1098
1620920 1102
1620930 1102
1620940 1107
1620950 1112
1620960 1112
1620970 1118
1620980 1124
1620990 1124
1621000 1130
1621010 1136
1621020 1136
1621030 1142
1621040 1147
1621050 1151
1621060 1151
1621070 1155
1621080 1159
1621090 1159
1621100 1164
1621110 1167
1621120 1167
1621130 1170
1621140 1172
1621150 1172
1621160 1174
1621170 1177
1621180 1177
1621190 1180
1621200 1183
1621210 1185
1621220 1185
1621230 1187
1621240 1187
1621250 1187
1621260 1188
1621270 1190
1621280 1190
1621290 1191
1621300 1190
1621310 1190
1621320 1194
1621330 1199
1621340 1207
1621350 1207
1621360 1215
1621370 1220
1621380 1220
1621390 1225
1621400 1230
1621410 1230
1621420 1233
1621430 1235
1621440 1235
1621450 1237
1621460 1238
1621470 1238
1621480 1238
1621490 1237
1621500 1237
1621510 1237
1621520 1235
1621530 1238
1621540 1238
1621550 1241
1621560 1244
1621570 1244
1621580 1247
1621590 1250
1621600 1250
1621610 1253
1621620 1255
1621630 1258
1621640 1258
1621650 1261
1621660 1266
1621670 1266
1621680 1269
1621690 1270
1621700 1270
1621710 1272
1621720 1275
1621730 1275
1621740 1277
1621750 1280
1621760 1283
1621770 1283
1621780 1286
1621790 1287
1621800 1287
1621810 1289
1621820 1292
1621830 1292
1621840 1294
1621850 1297
1621860 1297
1621870 1300
1621880 1303
1621890 1307
1621900 1307
1621910 1311
1621920 1313
1621930 1313
1621940 1315
1621950 1317
1621960 1317
1621970 1318
1621980 1320
1621990 1320
1622000 1321
1622010 1322
1622020 1322
1622030 1323
1622040 1326
1622050 1327
1622060 1327
1622070 1328
1622080 1332
1622090 1332
1622100 1334
1622110 1336
1622120 1336
1622130 1338
1622140 1340
1622150 1340
1622160 1341
1622170 1342
1622180 1344
1622190 1344
1622200 1346
1622210 1348
1622220 1348
1622230 1350
1622240 1353
1622250 1353
1622260 1355
1622270 1356
1622280 1356
1622290 1362
1622300 1364
1622310 1364
1622320 1364
1622330 1363
1622340 1363
1622350 1363
1622360 1368
1622370 1374
1622380 1374
1622390 1379
1622400 1382
1622410 1382
1622420 1386
1622430 1396
1622440 1396
1622450 1403
1622460 1408
1622470 1412
1622480 1412
1622490 1417
1622500 1421
1622510 1421
1622520 1426
1622530 1430
1622540 1430
1622550 1433
1622560 1437
1622570 1437
1622580 1440
1622590 1443
1622600 1446
1622610 1446
1622620 1448
1622630 1449
1622640 1449
1622650 1453
1622660 1457
1622670 1457
1622680 1463
1622690 1467
1622700 1467
1622710 1471
1622720 1474
1622730 1477
1622740 1477
1622750 1481
1622760 1484
1622770 1484
1622780 1489
1622790 1493
1622800 1493
1622810 1496
1622820 1501
1622830 1501
1622840 1507
1622850 1515
1622860 1515
1622870 1523
1622880 1531
1622890 1538
1622900 1538
1622910 1545
1622920 1552
1622930 1552
1622940 1559
1622950 1565
1622960 1565
1622970 1572
1622980 1578
1622990 1578
1623000 1586
1623010 1595
1623020 1603
1623030 1603
1623040 1607
1623050 1610
1623060 1610
1623070 1613
1623080 1615
1623090 1615
1623100 1617
1623110 1620
1623120 1620
1623130 1622
1623140 1624
1623150 1625
1623160 1625
1623170 1626
1623180 1627
1623190 1627
1623200 1627
1623210 1628
1623220 1628
1623230 1628
1623240 1628
1623250 1628
1623260 1627
1623270 1627
1623280 1627
1623290 1627
1623300 1627
1623310 1626
1623320 1626
1623330 1624
1623340 1630
1623350 1630
1623360 1626
1623370 1622
1623380 1622
1623390 1619
1623400 1614
1623410 1614
1623420 1609
1623430 1603
1623440 1597
1623450 1597
1623460 1590
1623470 1581
1623480 1581
1623490 1574
1623500 1567
1623510 1567
1623520 1560
1623530 1554
1623540 1554
1623550 1550
1623560 1546
1623570 1537
1623580 1537
1623590 1529
1623600 1521
1623610 1521
