1620000 1238
1620010 1238
1620020 1233
1620030 1221
1620040 1208
1620050 1208
1620060 1201
1620070 1195
1620080 1195
1620090 1190
1620100 1189
1620110 1189
1620120 1186
1620130 1174
1620140 1174
1620150 1162
1620160 1153
1620170 1153
1620180 1146
1620190 1136
1620200 1129
1620210 1129
1620220 1121
1620230 1112
1620240 1112
1620250 1104
1620260 1097
1620270 1097
1620280 1090
1620290 1083
1620300 1083
1620310 1077
1620320 1070
1620330 1064
1620340 1064
1620350 1057
1620360 1051
1620370 1051
1620380 1045
1620390 1040
1620400 1040
1620410 1032
1620420 1025
1620430 1025
1620440 1017
1620450 1009
1620460 1003
1620470 1003
1620480 998
1620490 994
1620500 994
1620510 996
1620520 998
1620530 998
1620540 998
1620550 992
1620560 992
1620570 983
1620580 975
1620590 975
1620600 963
1620610 950
1620620 943
1620630 943
1620640 949
1620650 956
1620660 956
1620670 953
1620680 946
1620690 946
1620700 935
1620710 932
1620720 932
1620730 932
1620740 931
1620750 928
1620760 928
1620770 928
1620780 933
1620790 933
1620800 928
1620810 925
1620820 925
1620830 923
1620840 921
1620850 921
1620860 919
1620870 925
1620880 925
1620890 925
1620900 923
1620910 918
1620920 918
1620930 914
1620940 911
1620950 911
1620960 901
1620970 896
1620980 896
1620990 892
1621000 888
1621010 888
1621020 883
1621030 880
1621040 876
1621050 876
1621060 875
1621070 878
1621080 878
1621090 879
1621100 884
1621110 884
1621120 887
1621130 888
1621140 888
1621150 889
1621160 892
1621170 892
1621180 890
1621190 884
1621200 881
1621210 881
1621220 879
1621230 882
1621240 882
1621250 888
1621260 895
1621270 895
1621280 902
1621290 909
1621300 909
1621310 917
1621320 924
1621330 928
1621340 928
1621350 928
1621360 922
1621370 922
1621380 914
1621390 908
1621400 908
1621410 902
1621420 897
1621430 897
1621440 892
1621450 887
1621460 880
1621470 880
1621480 872
1621490 863
1621500 863
1621510 856
1621520 849
1621530 849
1621540 843
1621550 840
1621560 840
1621570 837
1621580 837
1621590 837
1621600 838
1621610 839
1621620 839
1621630 839
1621640 839
1621650 835
1621660 835
1621670 830
1621680 823
1621690 823
1621700 813
1621710 805
1621720 805
1621730 799
1621740 794
1621750 786
1621760 786
1621770 779
1621780 766
1621790 766
1621800 757
1621810 749
1621820 749
1621830 741
1621840 742
1621850 742
1621860 742
1621870 743
1621880 743
1621890 746
1621900 753
1621910 764
1621920 764
1621930 770
1621940 768
1621950 768
1621960 762
1621970 755
1621980 755
1621990 748
1622000 740
1622010 740
1622020 732
1622030 724
1622040 716
1622050 716
1622060 706
1622070 698
1622080 698
1622090 693
1622100 693
1622110 693
1622120 690
1622130 680
1622140 680
1622150 673
1622160 669
1622170 669
1622180 665
1622190 663
1622200 662
1622210 662
1622220 662
1622230 662
1622240 662
1622250 661
1622260 661
1622270 661
1622280 661
1622290 660
1622300 660
1622310 660
1622320 660
1622330 660
1622340 660
1622350 660
1622360 659
1622370 659
1622380 659
1622390 659
1622400 659
1622410 659
1622420 659
1622430 659
1622440 658
1622450 656
1622460 656
1622470 655
1622480 659
1622490 667
1622500 667
1622510 675
1622520 684
1622530 684
1622540 682
1622550 686
1622560 686
1622570 694
1622580 699
1622590 699
1622600 705
1622610 705
1622620 702
1622630 702
1622640 697
1622650 689
1622660 689
1622670 694
1622680 704
1622690 698
1622700 706
1622710 709
1622720 709
1622730 711
1622740 715
1622750 719
1622760 719
1622770 721
1622780 725
1622790 725
1622800 730
1622810 735
1622820 735
1622830 737
1622840 739
1622850 739
1622860 741
1622870 743
1622880 743
1622890 745
1622900 748
1622910 751
1622920 751
1622930 753
1622940 755
1622950 755
1622960 756
1622970 756
1622980 756
1622990 756
1623000 753
1623010 753
1623020 747
1623030 737
1623040 729
1623050 729
1623060 721
1623070 713
1623080 713
1623090 711
1623100 715
1623110 715
1623120 717
1623130 718
1623140 718
1623150 725
1623160 732
1623170 732
1623180 738
1623190 745
1623200 751
1623210 751
1623220 759
1623230 767
1623240 767
1623250 774
1623260 781
1623270 781
1623280 789
1623290 797
1623300 797
1623310 807
1623320 812
1623330 812
1623340 812
1623350 809
1623360 802
1623370 802
1623380 801
1623390 809
1623400 809
1623410 813
1623420 815
1623430 815
1623440 838
1623450 860
1623460 860
1623470 868
1623480 877
1623490 877
1623500 877
1623510 874
1623520 872
1623530 872
1623540 872
1623550 869
1623560 869
1623570 870
1623580 872
1623590 872
1623600 867
1623610 863
1623620 852
1623630 852
1623640 828
1623650 818
1623660 818
1623670 812
1623680 805
1623690 805
1623700 799
1623710 789
1623720 789
1623730 782
1623740 776
1623750 776
1623760 768
1623770 767
1623780 770
1623790 770
1623800 774
1623810 780
1623820 780
1623830 786
1623840 793
1623850 793
1623860 798
1623870 797
1623880 797
1623890 790
1623900 784
1623910 786
1623920 786
1623930 790
1623940 794
1623950 794
1623960 794
1623970 797
1623980 797
1623990 801
1624000 805
1624010 805
1624020 808
1624030 810
1624040 813
1624050 813
1624060 815
1624070 817
1624080 817
1624090 818
1624100 821
1624110 821
1624120 823
1624130 820
1624140 820
1624150 815
1624160 809
1624170 809
1624180 805
1624190 802
1624200 802
1624210 802
1624220 808
1624230 815
1624240 815
1624250 823
1624260 825
1624270 825
1624280 826
1624290 829
1624300 829
1624310 832
1624320 835
1624330 836
1624340 836
1624350 838
1624360 840
1624370 840
1624380 844
1624390 844
1624400 844
1624410 844
1624420 843
1624430 843
1624440 841
1624450 837
1624460 837
1624470 832
1624480 827
1624490 821
1624500 821
1624510 822
1624520 829
1624530 829
1624540 842
1624550 856
1624560 856
1624570 862
1624580 859
1624590 859
1624600 870
1624610 866
1624620 862
1624630 862
1624640 863
1624650 868
1624660 868
1624670 880
1624680 889
1624690 889
1624700 897
1624710 906
1624720 906
1624730 918
1624740 929
1624750 929
1624760 937
1624770 954
1624780 959
1624790 959
1624800 963
1624810 973
1624820 973
1624830 973
1624840 976
1624850 976
1624860 982
1624870 988
1624880 988
1624890 990
1624900 997
1624910 1003
1624920 1003
1624930 1007
1624940 1006
1624950 1006
1624960 1002
1624970 1007
1624980 1007
1624990 1015
1625000 1022
1625010 1022
1625020 1031
1625030 1035
1625040 1037
1625050 1037
1625060 1040
1625070 1040
1625080 1040
1625090 1041
1625100 1035
1625110 1035
1625120 1027
1625130 1023
1625140 1023
1625150 1016
1625160 1015
1625170 1015
1625180 1017
1625190 1020
1625200 1026
1625210 1026
1625220 1035
1625230 1048
1625240 1048
1625250 1054
1625260 1060
1625270 1060
1625280 1070
1625290 1076
1625300 1076
1625310 1089
1625320 1095
1625330 1102
1625340 1102
1625350 1111
1625360 1124
1625370 1124
1625380 1135
1625390 1141
1625400 1141
1625410 1149
1625420 1157
1625430 1157
1625440 1167
1625450 1173
1625460 1173
1625470 1173
1625480 1172
1625490 1170
1625500 1170
1625510 1165
1625520 1158
1625530 1158
1625540 1152
1625550 1146
1625560 1146
1625570 1140
1625580 1132
1625590 1132
1625600 1125
1625610 1118
1625620 1110
1625630 1110
1625640 1103
1625650 1098
1625660 1098
1625670 1097
1625680 1095
1625690 1095
1625700 1091
1625710 1086
1625720 1086
1625730 1080
1625740 1077
1625750 1077
1625760 1081
1625770 1084
1625780 1081
1625790 1081
1625800 1072
1625810 1064
1625820 1064
1625830 1057
1625840 1050
1625850 1050
1625860 1045
1625870 1040
1625880 1040
1625890 1034
1625900 1029
1625910 1024
1625920 1024
1625930 1019
1625940 1014
1625950 1014
1625960 1010
1625970 1006
1625980 1006
1625990 1001
1626000 996
1626010 996
1626020 991
1626030 986
1626040 986
1626050 981
1626060 975
1626070 971
1626080 971
1626090 966
1626100 961
1626110 961
1626120 956
1626130 952
1626140 952
1626150 945
1626160 940
1626170 940
1626180 944
1626190 950
1626200 957
1626210 957
1626220 963
1626230 962
1626240 962
1626250 957
1626260 959
1626270 957
1626280 961
1626290 968
1626300 968
1626310 976
1626320 984
1626330 992
1626340 992
1626350 994
1626360 990
1626370 990
1626380 982
1626390 975
1626400 975
1626410 969
1626420 961
1626430 961
1626440 955
1626450 959
1626460 959
1626470 966
1626480 972
1626490 978
1626500 978
1626510 983
1626520 989
1626530 989
1626540 994
1626550 1001
1626560 1001
1626570 1007
1626580 1014
1626590 1014
1626600 1021
1626610 1027
1626620 1032
1626630 1032
1626640 1037
1626650 1041
1626660 1041
1626670 1044
1626680 1047
1626690 1047
1626700 1050
1626710 1051
1626720 1051
1626730 1051
1626740 1050
1626750 1050
1626760 1048
1626770 1045
1626780 1042
1626790 1042
1626800 1038
1626810 1030
1626820 1030
1626830 1022
1626840 1015
1626850 1015
1626860 1011
1626870 1010
1626880 1010
1626890 1009
1626900 1014
1626910 1019
1626920 1019
1626930 1016
1626940 1005
1626950 1005
1626960 986
1626970 975
1626980 975
1626990 966
1627000 956
1627010 956
1627020 951
1627030 952
1627040 952
1627050 952
1627060 955
1627070 958
1627080 958
1627090 964
1627100 960
1627110 960
1627120 953
1627130 944
1627140 944
1627150 936
1627160 934
1627170 934
1627180 938
1627190 943
1627200 949
1627210 949
1627220 958
1627230 964
1627240 964
1627250 967
1627260 969
1627270 969
1627280 970
1627290 965
1627300 965
1627310 958
1627320 961
1627330 962
1627340 962
1627350 960
1627360 960
1627370 960
1627380 960
1627390 960
1627400 960
1627410 961
1627420 962
1627430 962
1627440 962
1627450 963
1627460 963
1627470 962
1627480 960
1627490 957
1627500 957
1627510 956
1627520 955
1627530 955
1627540 953
1627550 951
1627560 951
1627570 948
1627580 945
1627590 945
1627600 944
1627610 942
1627620 940
1627630 940
1627640 938
1627650 933
1627660 933
1627670 933
1627680 934
1627690 934
1627700 935
1627710 935
1627720 935
1627730 935
1627740 933
1627750 933
1627760 933
1627770 933
1627780 933
1627790 933
1627800 934
1627810 935
1627820 935
1627830 936
1627840 937
1627850 937
1627860 938
1627870 939
1627880 939
1627890 939
1627900 941
1627910 943
1627920 943
1627930 947
1627940 950
1627950 950
1627960 952
1627970 954
1627980 954
1627990 957
1628000 960
1628010 960
1628020 961
1628030 960
1628040 960
1628050 961
1628060 962
1628070 965
1628080 965
1628090 966
1628100 966
1628110 966
1628120 967
1628130 970
1628140 970
1628150 974
1628160 978
1628170 978
1628180 981
1628190 983
1628200 985
1628210 985
1628220 986
1628230 987
1628240 987
1628250 987
1628260 987
1628270 987
1628280 987
1628290 988
1628300 988
1628310 990
1628320 993
1628330 993
1628340 996
1628350 999
1628360 1002
1628370 1002
1628380 1005
1628390 1009
1628400 1009
1628410 1013
1628420 1017
1628430 1017
1628440 1022
1628450 1026
1628460 1026
1628470 1030
1628480 1033
1628490 1035
1628500 1035
1628510 1035
1628520 1036
1628530 1036
1628540 1038
1628550 1040
1628560 1040
1628570 1042
1628580 1045
1628590 1045
1628600 1046
1628610 1049
1628620 1052
1628630 1052
1628640 1055
1628650 1058
1628660 1058
1628670 1061
1628680 1063
1628690 1063
1628700 1065
1628710 1068
1628720 1068
1628730 1072
1628740 1076
1628750 1076
1628760 1080
1628770 1081
1628780 1082
1628790 1082
1628800 1083
1628810 1087
1628820 1087
1628830 1091
1628840 1094
1628850 1094
1628860 1096
1628870 1098
1628880 1098
1628890 1104
1628900 1113
1628910 1119
1628920 1119
1628930 1123
1628940 1129
1628950 1129
1628960 1134
1628970 1138
1628980 1138
1628990 1140
1629000 1138
1629010 1138
1629020 1132
1629030 1128
1629040 1128
1629050 1123
1629060 1117
1629070 1112
1629080 1112
1629090 1106
1629100 1100
1629110 1100
1629120 1094
1629130 1088
1629140 1088
1629150 1084
1629160 1080
1629170 1080
1629180 1076
1629190 1072
1629200 1066
1629210 1066
1629220 1064
1629230 1066
1629240 1066
1629250 1067
1629260 1069
1629270 1069
1629280 1071
1629290 1075
1629300 1075
1629310 1081
1629320 1081
1629330 1081
1629340 1075
1629350 1067
1629360 1059
1629370 1059
1629380 1053
1629390 1053
1629400 1053
1629410 1056
1629420 1056
1629430 1056
1629440 1055
1629450 1054
1629460 1054
1629470 1055
1629480 1058
1629490 1060
1629500 1060
1629510 1062
1629520 1062
1629530 1062
1629540 1062
1629550 1062
1629560 1062
1629570 1062
1629580 1061
1629590 1061
1629600 1062
1629610 1061
1629620 1061
1629630 1058
1629640 1063
1629650 1071
1629660 1071
1629670 1079
1629680 1088
1629690 1088
1629700 1097
1629710 1106
1629720 1106
1629730 1114
1629740 1121
1629750 1121
1629760 1129
1629770 1142
1629780 1150
1629790 1150
1629800 1153
1629810 1155
1629820 1155
1629830 1158
1629840 1159
1629850 1159
1629860 1156
1629870 1153
1629880 1153
1629890 1151
1629900 1148
1629910 1146
1629920 1146
1629930 1145
1629940 1146
1629950 1146
1629960 1145
1629970 1141
1629980 1141
1629990 1136
1630000 1131
1630010 1131
1630020 1125
1630030 1119
1630040 1119
1630050 1113
1630060 1107
1630070 1103
1630080 1103
1630090 1099
1630100 1096
1630110 1096
1630120 1092
1630130 1088
1630140 1088
1630150 1084
1630160 1080
1630170 1080
1630180 1077
1630190 1080
1630200 1083
1630210 1083
1630220 1085
1630230 1087
1630240 1087
1630250 1088
1630260 1088
1630270 1088
1630280 1088
1630290 1088
1630300 1088
1630310 1087
1630320 1087
1630330 1087
1630340 1085
1630350 1083
1630360 1081
1630370 1081
1630380 1082
1630390 1085
1630400 1085
1630410 1087
1630420 1089
1630430 1089
1630440 1092
1630450 1092
1630460 1092
1630470 1094
1630480 1093
1630490 1099
1630500 1099
1630510 1108
1630520 1117
1630530 1117
1630540 1126
1630550 1136
1630560 1136
1630570 1144
1630580 1150
1630590 1150
1630600 1152
1630610 1154
1630620 1154
1630630 1145
1630640 1147
1630650 1149
1630660 1149
1630670 1148
1630680 1149
1630690 1149
1630700 1150
1630710 1150
1630720 1150
1630730 1151
1630740 1152
1630750 1152
1630760 1155
1630770 1158
1630780 1162
1630790 1162
1630800 1167
1630810 1172
1630820 1172
1630830 1176
1630840 1179
1630850 1179
1630860 1184
1630870 1189
1630880 1189
1630890 1195
1630900 1202
1630910 1202
1630920 1209
1630930 1214
1630940 1222
1630950 1222
1630960 1230
1630970 1237
1630980 1237
1630990 1246
1631000 1255
1631010 1255
1631020 1263
1631030 1271
1631040 1271
1631050 1272
1631060 1269
1631070 1268
1631080 1268
1631090 1266
1631100 1265
1631110 1265
1631120 1265
1631130 1267
1631140 1267
1631150 1270
1631160 1274
1631170 1274
1631180 1281
1631190 1290
1631200 1298
1631210 1298
1631220 1309
1631230 1319
1631240 1319
1631250 1324
1631260 1324
1631270 1324
1631280 1325
1631290 1327
1631300 1327
1631310 1332
1631320 1334
1631330 1334
1631340 1337
1631350 1337
1631360 1335
1631370 1335
1631380 1328
1631390 1314
1631400 1314
1631410 1307
1631420 1302
1631430 1302
1631440 1293
1631450 1284
1631460 1284
1631470 1276
1631480 1271
1631490 1274
1631500 1274
1631510 1265
1631520 1245
1631530 1245
1631540 1230
1631550 1223
1631560 1223
1631570 1220
1631580 1217
1631590 1217
1631600 1211
1631610 1206
1631620 1206
1631630 1201
1631640 1190
1631650 1163
1631660 1163
1631670 1152
1631680 1146
1631690 1146
1631700 1147
1631710 1150
1631720 1150
1631730 1156
1631740 1168
1631750 1168
1631760 1185
1631770 1182
1631780 1179
1631790 1179
1631800 1175
1631810 1175
1631820 1175
1631830 1179
1631840 1185
1631850 1185
1631860 1190
1631870 1196
1631880 1196
1631890 1203
1631900 1212
1631910 1212
1631920 1220
1631930 1227
1631940 1233
1631950 1233
1631960 1237
1631970 1241
1631980 1241
1631990 1245
1632000 1250
1632010 1250
1632020 1254
1632030 1259
1632040 1259
1632050 1265
1632060 1271
1632070 1280
1632080 1280
1632090 1289
1632100 1296
1632110 1296
1632120 1304
1632130 1313
1632140 1313
1632150 1322
1632160 1330
1632170 1330
1632180 1337
1632190 1346
1632200 1355
1632210 1355
1632220 1366
1632230 1377
1632240 1377
1632250 1396
1632260 1402
1632270 1402
1632280 1418
1632290 1425
1632300 1425
1632310 1416
1632320 1418
1632330 1418
1632340 1412
1632350 1414
1632360 1419
1632370 1419
1632380 1426
1632390 1429
1632400 1429
1632410 1435
1632420 1441
1632430 1441
1632440 1445
1632450 1449
1632460 1449
1632470 1452
1632480 1458
1632490 1470
1632500 1470
1632510 1486
1632520 1499
1632530 1499
1632540 1513
1632550 1512
1632560 1512
1632570 1507
1632580 1516
1632590 1516
1632600 1526
1632610 1535
1632620 1535
1632630 1561
1632640 1611
1632650 1646
1632660 1646
1632670 1657
1632680 1660
1632690 1660
1632700 1665
1632710 1670
1632720 1670
1632730 1669
1632740 1661
1632750 1661
1632760 1659
1632770 1652
1632780 1632
1632790 1632
1632800 1618
1632810 1611
1632820 1611
1632830 1606
1632840 1613
1632850 1613
1632860 1619
1632870 1605
1632880 1605
1632890 1595
1632900 1592
1632910 1592
1632920 1588
1632930 1590
1632940 1591
1632950 1591
1632960 1591
1632970 1594
1632980 1594
1632990 1599
1633000 1603
1633010 1603
1633020 1608
1633030 1613
1633040 1613
1633050 1618
1633060 1623
1633070 1629
1633080 1629
1633090 1634
1633100 1635
1633110 1635
1633120 1635
1633130 1634
1633140 1634
1633150 1630
1633160 1627
1633170 1627
1633180 1622
1633190 1623
1633200 1623
1633210 1626
1633220 1633
1633230 1636
1633240 1636
1633250 1643
1633260 1652
1633270 1652
1633280 1664
1633290 1676
1633300 1676
1633310 1676
1633320 1674
1633330 1674
1633340 1662
1633350 1650
1633360 1631
1633370 1631
1633380 1602
1633390 1602
1633400 1602
1633410 1610
1633420 1624
1633430 1624
1633440 1646
1633450 1685
1633460 1685
1633470 1697
1633480 1687
1633490 1660
1633500 1660
1633510 1643
1633520 1642
1633530 1642
1633540 1645
1633550 1650
1633560 1650
1633570 1664
1633580 1678
1633590 1678
1633600 1685
1633610 1693
1633620 1693
1633630 1697
1633640 1693
1633650 1688
1633660 1688
1633670 1689
1633680 1692
1633690 1692
1633700 1695
1633710 1701
1633720 1701
1633730 1706
1633740 1711
1633750 1711
1633760 1715
1633770 1709
1633780 1696
1633790 1696
1633800 1680
1633810 1664
1633820 1664
1633830 1657
1633840 1653
1633850 1653
1633860 1652
1633870 1653
1633880 1653
1633890 1649
1633900 1630
1633910 1630
1633920 1588
1633930 1574
1633940 1569
1633950 1569
1633960 1564
