1620000 1254
1620010 1247
1620020 1247
1620030 1242
1620040 1240
1620050 1244
1620060 1244
1620070 1243
1620080 1248
1620090 1248
1620100 1248
1620110 1228
1620120 1228
1620130 1214
1620140 1191
1620150 1191
1620160 1178
1620170 1160
1620180 1160
1620190 1150
1620200 1147
1620210 1143
1620220 1143
1620230 1145
1620240 1106
1620250 1106
1620260 1075
1620270 1063
1620280 1063
1620290 1058
1620300 1059
1620310 1059
1620320 1062
1620330 1060
1620340 1050
1620350 1050
1620360 1043
1620370 1036
1620380 1036
1620390 1027
1620400 1019
1620410 1019
1620420 1011
1620430 1007
1620440 1007
1620450 1007
1620460 1006
1620470 1006
1620480 1006
1620490 1010
1620500 1018
1620510 1018
1620520 1024
1620530 1025
1620540 1025
1620550 1027
1620560 1032
1620570 1032
1620580 1033
1620590 1028
1620600 1028
1620610 1022
1620620 1015
1620630 1010
1620640 1010
1620650 1007
1620660 1005
1620670 1005
1620680 1004
1620690 1001
1620700 1001
1620710 995
1620720 989
1620730 989
1620740 983
1620750 976
1620760 969
1620770 969
1620780 965
1620790 962
1620800 962
1620810 952
1620820 945
1620830 945
1620840 933
1620850 922
1620860 922
1620870 914
1620880 907
1620890 907
1620900 902
1620910 898
1620920 897
1620930 897
1620940 893
1620950 890
1620960 890
1620970 888
1620980 885
1620990 885
1621000 883
1621010 881
1621020 881
1621030 879
1621040 876
1621050 869
1621060 869
1621070 863
1621080 857
1621090 857
1621100 850
1621110 842
1621120 842
1621130 836
1621140 833
1621150 833
1621160 833
1621170 832
1621180 832
1621190 831
1621200 829
1621210 827
1621220 827
1621230 825
1621240 823
1621250 823
1621260 821
1621270 819
1621280 819
1621290 816
1621300 814
1621310 814
1621320 812
1621330 811
1621340 808
1621350 808
1621360 805
1621370 804
1621380 804
1621390 802
1621400 800
1621410 800
1621420 797
1621430 795
1621440 795
1621450 793
1621460 791
1621470 788
1621480 788
1621490 786
1621500 784
1621510 784
1621520 783
1621530 783
1621540 783
1621550 781
1621560 780
1621570 780
1621580 778
1621590 779
1621600 779
1621610 781
1621620 784
1621630 787
1621640 787
1621650 788
1621660 787
1621670 787
1621680 786
1621690 786
1621700 786
1621710 782
1621720 777
1621730 772
1621740 768
1621750 763
1621760 757
1621770 757
1621780 751
1621790 749
1621800 749
1621810 749
1621820 746
1621830 746
1621840 745
1621850 744
1621860 744
1621870 742
1621880 740
1621890 740
1621900 737
1621910 736
1621920 734
1621930 734
1621940 732
1621950 730
1621960 730
1621970 727
1621980 723
1621990 723
1622000 718
1622010 712
1622020 712
1622030 705
1622040 698
1622050 691
1622060 691
1622070 686
1622080 679
1622090 679
1622100 678
1622110 680
1622120 680
1622130 676
1622140 669
1622150 669
1622160 669
1622170 669
1622180 669
1622190 668
1622200 665
1622210 668
1622220 668
1622230 675
1622240 682
1622250 682
1622260 690
1622270 698
1622280 698
1622290 706
1622300 715
1622310 715
1622320 727
1622330 735
1622340 745
1622350 745
1622360 752
1622370 758
1622380 758
1622390 764
1622400 769
1622410 769
1622420 774
1622430 778
1622440 778
1622450 782
1622460 784
1622470 788
1622480 788
1622490 792
1622500 797
1622510 797
1622520 803
1622530 808
1622540 808
1622550 813
1622560 812
1622570 812
1622580 813
1622590 816
1622600 816
1622610 816
1622620 813
1622630 806
1622640 800
1622650 795
1622660 794
1622670 794
1622680 798
1622690 799
1622700 799
1622710 798
1622720 796
1622730 796
1622740 795
1622750 795
1622760 793
1622770 793
1622780 788
1622790 791
1622800 791
1622810 797
1622820 803
1622830 803
1622840 810
1622850 816
1622860 816
1622870 820
1622880 825
1622890 825
1622900 831
1622910 836
1622920 843
1622930 843
1622940 849
1622950 856
1622960 856
1622970 862
1622980 867
1622990 867
1623000 869
1623010 859
1623020 859
1623030 852
1623040 844
1623050 837
1623060 837
1623070 828
1623080 819
1623090 819
1623100 811
1623110 804
1623120 804
1623130 799
1623140 793
1623150 793
1623160 795
1623170 799
1623180 799
1623190 800
1623200 803
1623210 807
1623220 807
1623230 811
1623240 817
1623250 817
1623260 823
1623270 829
1623280 829
1623290 831
1623300 833
1623310 833
1623320 836
1623330 838
1623340 839
1623350 839
1623360 841
1623370 845
1623380 845
1623390 849
1623400 854
1623410 854
1623420 860
1623430 866
1623440 866
1623450 873
1623460 881
1623470 888
1623480 888
1623490 894
1623500 902
1623510 902
1623520 910
1623530 917
1623540 917
1623550 931
1623560 946
1623570 946
1623580 949
1623590 951
1623600 951
1623610 955
1623620 948
1623630 942
1623640 942
1623650 936
1623660 928
1623670 928
1623680 922
1623690 913
1623700 913
1623710 906
1623720 905
1623730 905
1623740 914
1623750 927
1623760 918
1623770 918
1623780 914
1623790 914
1623800 914
1623810 935
1623820 954
1623830 954
1623840 959
1623850 942
1623860 942
1623870 943
1623880 959
1623890 959
1623900 969
1623910 970
1623920 966
1623930 966
1623940 954
1623950 941
1623960 941
1623970 951
1623980 959
1623990 959
1624000 953
1624010 944
1624020 944
1624030 932
1624040 920
1624050 908
1624060 908
1624070 899
1624080 893
1624090 893
1624100 890
1624110 893
1624120 893
1624130 895
1624140 895
1624150 895
1624160 894
1624170 893
1624180 893
1624190 893
1624200 896
1624210 898
1624220 898
1624230 901
1624240 904
1624250 904
1624260 904
1624270 902
1624280 902
1624290 901
1624300 907
1624310 907
1624320 910
1624330 912
1624340 912
1624350 912
1624360 913
1624370 917
1624380 917
1624390 920
1624400 921
1624410 921
1624420 922
1624430 923
1624440 918
1624450 919
1624460 917
1624470 917
1624480 918
1624490 921
1624500 916
1624510 916
1624520 910
1624530 902
1624540 902
1624550 899
1624560 904
1624570 904
1624580 911
1624590 917
1624600 917
1624610 923
1624620 930
1624630 930
1624640 930
1624650 926
1624660 938
1624670 938
1624680 934
1624690 924
1624700 924
1624710 921
1624720 921
1624730 921
1624740 918
1624750 920
1624760 924
1624770 924
1624780 928
1624790 931
1624800 931
1624810 935
1624820 939
1624830 939
1624840 941
1624850 944
1624860 944
1624870 949
1624880 952
1624890 952
1624900 955
1624910 959
1624920 962
1624930 962
1624940 965
1624950 968
1624960 968
1624970 970
1624980 971
1624990 971
1625000 973
1625010 975
1625020 975
1625030 976
1625040 973
1625050 964
1625060 964
1625070 959
1625080 962
1625090 962
1625100 965
1625110 966
1625120 966
1625130 974
1625140 982
1625150 982
1625160 989
1625170 991
1625180 991
1625190 993
1625200 993
1625210 993
1625220 993
1625230 997
1625240 1004
1625250 1004
1625260 1013
1625270 1020
1625280 1020
1625290 1022
1625300 1022
1625310 1022
1625320 1022
1625330 1027
1625340 1023
1625350 1023
1625360 1027
1625370 1034
1625380 1034
1625390 1041
1625400 1048
1625410 1048
1625420 1055
1625430 1064
1625440 1064
1625450 1072
1625460 1079
1625470 1079
1625480 1082
1625490 1089
1625500 1097
1625510 1097
1625520 1109
1625530 1116
1625540 1116
1625550 1122
1625560 1133
1625570 1133
1625580 1138
1625590 1142
1625600 1142
1625610 1140
1625620 1135
1625630 1127
1625640 1127
1625650 1116
1625660 1109
1625670 1109
1625680 1100
1625690 1092
1625700 1092
1625710 1084
1625720 1076
1625730 1076
1625740 1068
1625750 1060
1625760 1053
1625770 1053
1625780 1046
1625790 1040
1625800 1040
1625810 1034
1625820 1026
1625830 1026
1625840 1018
1625850 1012
1625860 1012
1625870 1011
1625880 1015
1625890 1015
1625900 1016
1625910 1016
1625920 1017
1625930 1017
1625940 1017
1625950 1017
1625960 1017
1625970 1020
1625980 1026
1625990 1026
1626000 1030
1626010 1034
1626020 1034
1626030 1036
1626040 1039
1626050 1044
1626060 1044
1626070 1050
1626080 1054
1626090 1054
1626100 1056
1626110 1057
1626120 1057
1626130 1059
1626140 1063
1626150 1063
1626160 1063
1626170 1058
1626180 1058
1626190 1053
1626200 1048
1626210 1040
1626220 1040
1626230 1025
1626240 1026
1626250 1026
1626260 1029
1626270 1032
1626280 1032
1626290 1040
1626300 1048
1626310 1048
1626320 1056
1626330 1065
1626340 1073
1626350 1073
1626360 1080
1626370 1082
1626380 1082
1626390 1071
1626400 1056
1626410 1056
1626420 1047
1626430 1044
1626440 1044
1626450 1040
1626460 1033
1626470 1033
1626480 1030
1626490 1023
1626500 1018
1626510 1018
1626520 1021
1626530 1027
1626540 1027
1626550 1033
1626560 1041
1626570 1041
1626580 1050
1626590 1058
1626600 1058
1626610 1069
1626620 1077
1626630 1085
1626640 1085
1626650 1093
1626660 1100
1626670 1100
1626680 1106
1626690 1111
1626700 1111
1626710 1115
1626720 1117
1626730 1117
1626740 1120
1626750 1121
1626760 1123
1626770 1123
1626780 1123
1626790 1120
1626800 1120
1626810 1116
1626820 1107
1626830 1107
1626840 1089
1626850 1081
1626860 1081
1626870 1088
1626880 1101
1626890 1101
1626900 1112
1626910 1128
1626920 1135
1626930 1135
1626940 1137
1626950 1131
1626960 1131
1626970 1124
1626980 1118
1626990 1118
1627000 1111
1627010 1101
1627020 1101
1627030 1093
1627040 1090
1627050 1089
1627060 1089
1627070 1088
1627080 1083
1627090 1083
1627100 1079
1627110 1076
1627120 1076
1627130 1074
1627140 1060
1627150 1060
1627160 1044
1627170 1040
1627180 1040
1627190 1038
1627200 1044
1627210 1055
1627220 1055
1627230 1058
1627240 1057
1627250 1057
1627260 1054
1627270 1048
1627280 1048
1627290 1043
1627300 1037
1627310 1037
1627320 1035
1627330 1034
1627340 1030
1627350 1030
1627360 1029
1627370 1026
1627380 1026
1627390 1024
1627400 1026
1627410 1026
1627420 1025
1627430 1025
1627440 1025
1627450 1023
1627460 1021
1627470 1021
1627480 1021
1627490 1023
1627500 1022
1627510 1022
1627520 1024
1627530 1024
1627540 1024
1627550 1024
1627560 1023
1627570 1023
1627580 1021
1627590 1020
1627600 1020
1627610 1018
1627620 1016
1627630 1009
1627640 1009
1627650 1000
1627660 991
1627670 991
1627680 989
1627690 989
1627700 989
1627710 990
1627720 990
1627730 990
1627740 990
1627750 989
1627760 989
1627770 988
1627780 985
1627790 980
1627800 980
1627810 974
1627820 970
1627830 970
1627840 967
1627850 966
1627860 966
1627870 964
1627880 963
1627890 963
1627900 964
1627910 965
1627920 968
1627930 968
1627940 972
1627950 977
1627960 977
1627970 982
1627980 981
1627990 981
1628000 983
1628010 987
1628020 987
1628030 992
1628040 996
1628050 999
1628060 999
1628070 1002
1628080 1004
1628090 1004
1628100 1004
1628110 1004
1628120 1004
1628130 1002
1628140 1001
1628150 1001
1628160 1004
1628170 1007
1628180 1007
1628190 1009
1628200 1009
1628210 1010
1628220 1010
1628230 1010
1628240 1011
1628250 1011
1628260 1013
1628270 1012
1628280 1012
1628290 1010
1628300 1008
1628310 1008
1628320 1010
1628330 1014
1628340 1019
1628350 1019
1628360 1023
1628370 1028
1628380 1028
1628390 1029
1628400 1028
1628410 1028
1628420 1028
1628430 1029
1628440 1029
1628450 1029
1628460 1030
1628470 1030
1628480 1030
1628490 1031
1628500 1031
1628510 1031
1628520 1032
1628530 1035
1628540 1035
1628550 1037
1628560 1038
1628570 1038
1628580 1041
1628590 1044
1628600 1044
1628610 1047
1628620 1049
1628630 1052
1628640 1052
1628650 1055
1628660 1056
1628670 1056
1628680 1060
1628690 1067
1628700 1067
1628710 1072
1628720 1078
1628730 1078
1628740 1079
1628750 1081
1628760 1081
1628770 1088
1628780 1094
1628790 1101
1628800 1101
1628810 1108
1628820 1115
1628830 1115
1628840 1122
1628850 1128
1628860 1129
1628870 1136
1628880 1142
1628890 1142
1628900 1151
1628910 1158
1628920 1164
1628930 1164
1628940 1168
1628950 1169
1628960 1169
1628970 1163
1628980 1156
1628990 1156
1629000 1148
1629010 1142
1629020 1142
1629030 1137
1629040 1135
1629050 1134
1629060 1134
1629070 1133
1629080 1138
1629090 1138
1629100 1145
1629110 1150
1629120 1150
1629130 1151
1629140 1147
1629150 1147
1629160 1141
1629170 1143
1629180 1143
1629190 1146
1629200 1140
1629210 1135
1629220 1135
1629230 1140
1629240 1143
1629250 1143
1629260 1147
1629270 1150
1629280 1150
1629290 1155
1629300 1160
1629310 1160
1629320 1164
1629330 1162
1629340 1153
1629350 1153
1629360 1144
1629370 1137
1629380 1137
1629390 1129
1629400 1121
1629410 1121
1629420 1115
1629430 1113
1629440 1113
1629450 1111
1629460 1110
1629470 1110
1629480 1109
1629490 1108
1629500 1108
1629510 1108
1629520 1111
1629530 1113
1629540 1113
1629550 1113
1629560 1112
1629570 1112
1629580 1113
1629590 1111
1629600 1111
1629610 1111
1629620 1114
1629630 1116
1629640 1116
1629650 1119
1629660 1125
1629670 1125
1629680 1129
1629690 1130
1629700 1130
1629710 1130
1629720 1120
1629730 1120
1629740 1118
1629750 1118
1629760 1118
1629770 1122
1629780 1125
1629790 1129
1629800 1129
1629810 1136
1629820 1144
1629830 1144
1629840 1153
1629850 1160
1629860 1160
1629870 1168
1629880 1179
1629890 1179
1629900 1189
1629910 1196
1629920 1202
1629930 1202
1629940 1207
1629950 1214
1629960 1214
1629970 1221
1629980 1224
1629990 1224
1630000 1223
1630010 1220
1630020 1220
1630030 1217
1630040 1213
1630050 1213
1630060 1210
1630070 1206
1630080 1202
1630090 1202
1630100 1198
1630110 1193
1630120 1193
1630130 1188
1630140 1183
1630150 1183
1630160 1177
1630170 1171
1630180 1171
1630190 1166
1630200 1163
1630210 1161
1630220 1161
1630230 1160
1630240 1160
1630250 1160
1630260 1161
1630270 1161
1630280 1161
1630290 1161
1630300 1162
1630310 1162
1630320 1163
1630330 1163
1630340 1163
1630350 1163
1630360 1163
1630370 1164
1630380 1164
1630390 1165
1630400 1168
1630410 1168
1630420 1169
1630430 1168
1630440 1168
1630450 1164
1630460 1159
1630470 1159
1630480 1159
1630490 1159
1630500 1159
1630510 1159
1630520 1159
1630530 1164
1630540 1164
1630550 1166
1630560 1168
1630570 1168
1630580 1166
1630590 1168
1630600 1168
1630610 1169
1630620 1167
1630630 1166
1630640 1166
1630650 1167
1630660 1169
1630670 1169
1630680 1171
1630690 1172
1630700 1172
1630710 1174
1630720 1176
1630730 1176
1630740 1181
1630750 1182
1630760 1182
1630770 1188
1630780 1195
1630790 1197
1630800 1197
1630810 1199
1630820 1202
1630830 1202
1630840 1206
1630850 1208
1630860 1208
1630870 1207
1630880 1210
1630890 1210
1630900 1214
1630910 1220
1630920 1224
1630930 1224
1630940 1227
1630950 1230
1630960 1230
1630970 1233
1630980 1236
1630990 1236
1631000 1238
1631010 1237
1631020 1237
1631030 1237
1631040 1239
1631050 1239
1631060 1242
1631070 1248
1631080 1255
1631090 1255
1631100 1262
1631110 1268
1631120 1268
1631130 1273
1631140 1276
1631150 1276
1631160 1279
1631170 1282
1631180 1282
1631190 1285
1631200 1288
1631210 1293
1631220 1293
1631230 1297
1631240 1300
1631250 1300
1631260 1302
1631270 1301
1631280 1301
1631290 1299
1631300 1298
1631310 1298
1631320 1297
1631330 1291
1631340 1286
1631350 1286
1631360 1284
1631370 1281
1631380 1281
1631390 1276
1631400 1270
1631410 1270
1631420 1264
1631430 1257
1631440 1261
1631450 1253
1631460 1247
1631470 1247
1631480 1239
1631490 1230
1631500 1222
1631510 1222
1631520 1229
1631530 1233
1631540 1233
1631550 1235
1631560 1234
1631570 1234
1631580 1237
1631590 1243
1631600 1243
1631610 1248
1631620 1252
1631630 1257
1631640 1257
1631650 1263
1631660 1270
1631670 1270
1631680 1277
1631690 1283
1631700 1283
1631710 1290
1631720 1300
1631730 1300
1631740 1312
1631750 1321
1631760 1321
1631770 1333
1631780 1348
1631790 1362
1631800 1362
1631810 1373
1631820 1376
1631830 1376
1631840 1379
1631850 1378
1631860 1378
1631870 1379
1631880 1383
1631890 1383
1631900 1389
1631910 1405
1631920 1414
1631930 1414
1631940 1421
1631950 1420
1631960 1420
1631970 1427
1631980 1422
1631990 1422
1632000 1412
1632010 1404
1632020 1404
1632030 1399
1632040 1398
1632050 1398
1632060 1401
1632070 1401
1632080 1406
1632090 1406
1632100 1409
1632110 1413
1632120 1413
1632130 1416
1632140 1420
1632150 1420
1632160 1424
1632170 1432
1632180 1432
1632190 1441
1632200 1449
1632210 1449
1632220 1449
1632230 1438
1632240 1435
1632250 1435
1632260 1435
1632270 1435
1632280 1435
1632290 1429
1632300 1429
1632310 1429
1632320 1432
1632330 1438
1632340 1445
1632350 1445
1632360 1451
1632370 1457
1632380 1457
1632390 1462
1632400 1467
1632410 1467
1632420 1474
1632430 1480
1632440 1480
1632450 1486
1632460 1492
1632470 1492
1632480 1499
1632490 1506
1632500 1513
1632510 1513
1632520 1520
1632530 1528
1632540 1528
1632550 1536
1632560 1543
1632570 1543
1632580 1551
1632590 1558
1632600 1558
1632610 1566
1632620 1575
1632630 1583
1632640 1583
1632650 1588
1632660 1593
1632670 1593
1632680 1599
1632690 1605
1632700 1605
1632710 1612
1632720 1622
1632730 1622
1632740 1632
1632750 1638
1632760 1638
1632770 1645
1632780 1657
1632790 1667
1632800 1667
1632810 1681
1632820 1692
1632830 1692
1632840 1696
1632850 1704
1632860 1704
1632870 1713
1632880 1720
1632890 1720
1632900 1733
1632910 1754
1632920 1768
1632930 1768
1632940 1788
1632950 1794
1632960 1794
1632970 1791
1632980 1790
1632990 1790
1633000 1795
1633010 1798
1633020 1798
1633030 1802
1633040 1807
1633050 1807
1633060 1802
1633070 1794
1633080 1794
1633090 1794
1633100 1802
1633110 1810
1633120 1810
1633130 1797
1633140 1801
1633150 1801
1633160 1811
1633170 1819
1633180 1819
1633190 1821
1633200 1814
1633210 1801
1633220 1801
1633230 1794
1633240 1787
1633250 1787
1633260 1778
1633270 1769
1633280 1769
1633290 1761
1633300 1754
1633310 1754
1633320 1746
1633330 1739
1633340 1739
1633350 1736
1633360 1735
1633370 1733
1633380 1733
1633390 1731
1633400 1731
1633410 1731
1633420 1734
1633430 1737
1633440 1737
1633450 1740
1633460 1745
1633470 1745
1633480 1755
1633490 1767
1633500 1777
1633510 1777
1633520 1784
1633530 1789
1633540 1789
1633550 1800
1633560 1813
1633570 1813
1633580 1820
1633590 1825
1633600 1825
1633610 1830
1633620 1831
1633630 1829
1633640 1829
1633650 1824
1633660 1819
1633670 1819
1633680 1806
1633690 1793
1633700 1793
1633710 1786
1633720 1781
1633730 1781
1633740 1774
1633750 1771
1633760 1771
1633770 1768
1633780 1764
1633790 1762
1633800 1762
1633810 1759
1633820 1755
1633830 1755
1633840 1749
1633850 1740
1633860 1740
