1620000 1259
1620010 1254
1620020 1248
1620030 1248
1620040 1243
1620050 1242
1620060 1242
1620070 1240
1620080 1236
1620090 1236
1620100 1235
1620110 1236
1620120 1240
1620130 1240
1620140 1243
1620150 1246
1620160 1246
1620170 1246
1620180 1245
1620190 1245
1620200 1241
1620210 1238
1620220 1238
1620230 1237
1620240 1237
1620250 1237
1620260 1236
1620270 1235
1620280 1236
1620290 1236
1620300 1239
1620310 1240
1620320 1240
1620330 1240
1620340 1241
1620350 1241
1620360 1244
1620370 1246
1620380 1246
1620390 1246
1620400 1244
1620410 1243
1620420 1243
1620430 1244
1620440 1245
1620450 1245
1620460 1248
1620470 1251
1620480 1251
1620490 1253
1620500 1255
1620510 1255
1620520 1256
1620530 1258
1620540 1258
1620550 1254
1620560 1257
1620570 1260
1620580 1260
1620590 1262
1620600 1264
1620610 1264
1620620 1265
1620630 1265
1620640 1265
1620650 1263
1620660 1260
1620670 1260
1620680 1254
1620690 1247
1620700 1240
1620710 1240
1620720 1234
1620730 1230
1620740 1230
1620750 1226
1620760 1222
1620770 1222
1620780 1217
1620790 1214
1620800 1214
1620810 1214
1620820 1214
1620830 1214
1620840 1214
1620850 1214
1620860 1214
1620870 1214
1620880 1212
1620890 1208
1620900 1208
1620910 1204
1620920 1204
1620930 1204
1620940 1203
1620950 1199
1620960 1199
1620970 1192
1620980 1184
1620990 1176
1621000 1176
1621010 1169
1621020 1165
1621030 1165
1621040 1161
1621050 1160
1621060 1160
1621070 1160
1621080 1160
1621090 1160
1621100 1160
1621110 1160
1621120 1160
1621130 1158
1621140 1155
1621150 1153
1621160 1153
1621170 1155
1621180 1159
1621190 1159
1621200 1160
1621210 1157
1621220 1157
1621230 1153
1621240 1149
1621250 1149
1621260 1149
1621270 1148
1621280 1146
1621290 1146
1621300 1146
1621310 1146
1621320 1146
1621330 1148
1621340 1151
1621350 1151
1621360 1153
1621370 1157
1621380 1157
1621390 1162
1621400 1166
1621410 1166
1621420 1168
1621430 1172
1621440 1174
1621450 1174
1621460 1175
1621470 1173
1621480 1173
1621490 1174
1621500 1175
1621510 1175
1621520 1176
1621530 1177
1621540 1177
1621550 1177
1621560 1177
1621570 1177
1621580 1177
1621590 1176
1621600 1174
1621610 1174
1621620 1172
1621630 1170
1621640 1170
1621650 1168
1621660 1166
1621670 1166
1621680 1164
1621690 1161
1621700 1160
1621710 1160
1621720 1159
1621730 1159
1621740 1159
1621750 1157
1621760 1155
1621770 1155
1621780 1151
1621790 1148
1621800 1148
1621810 1145
1621820 1142
1621830 1142
1621840 1139
1621850 1137
1621860 1136
1621870 1136
1621880 1135
1621890 1135
1621900 1135
1621910 1135
1621920 1134
1621930 1134
1621940 1134
1621950 1133
1621960 1133
1621970 1133
1621980 1132
1621990 1132
1622000 1132
1622010 1130
1622020 1129
1622030 1129
1622040 1129
1622050 1128
1622060 1128
1622070 1127
1622080 1126
1622090 1126
1622100 1126
1622110 1126
1622120 1126
1622130 1127
1622140 1130
1622150 1132
1622160 1132
1622170 1134
1622180 1135
1622190 1135
1622200 1135
1622210 1134
1622220 1134
1622230 1133
1622240 1131
1622250 1131
1622260 1129
1622270 1125
1622280 1119
1622290 1119
1622300 1112
1622310 1105
1622320 1105
1622330 1099
1622340 1093
1622350 1093
1622360 1085
1622370 1078
1622380 1074
1622390 1068
1622400 1061
1622410 1061
1622420 1054
1622430 1048
1622440 1041
1622450 1041
1622460 1035
1622470 1028
1622480 1028
1622490 1022
1622500 1016
1622510 1016
1622520 1010
1622530 1005
1622540 1005
1622550 998
1622560 992
1622570 987
1622580 987
1622590 982
1622600 977
1622610 977
1622620 972
1622630 968
1622640 968
1622650 964
1622660 960
1622670 960
1622680 957
1622690 953
1622700 953
1622710 948
1622720 942
1622730 936
1622740 936
1622750 931
1622760 926
1622770 926
1622780 922
1622790 918
1622800 918
1622810 913
1622820 908
1622830 908
1622840 902
1622850 897
1622860 892
1622870 892
1622880 887
1622890 882
1622900 882
1622910 877
1622920 872
1622930 872
1622940 866
1622950 860
1622960 860
1622970 854
1622980 848
1622990 848
1623000 845
1623010 839
1623020 834
1623030 834
1623040 828
1623050 821
1623060 821
1623070 817
1623080 812
1623090 812
1623100 806
1623110 801
1623120 801
1623130 795
1623140 789
1623150 783
1623160 783
1623170 778
1623180 772
1623190 772
1623200 765
1623210 760
1623220 760
1623230 761
1623240 762
1623250 762
1623260 761
1623270 758
1623280 758
1623290 758
1623300 754
1623310 750
1623320 750
1623330 747
1623340 743
1623350 743
1623360 738
1623370 733
1623380 733
1623390 728
1623400 723
1623410 723
1623420 719
1623430 713
1623440 707
1623450 707
1623460 703
1623470 705
1623480 705
1623490 707
1623500 707
1623510 707
1623520 706
1623530 704
1623540 704
1623550 702
1623560 699
1623570 696
1623580 696
1623590 690
1623600 685
1623610 685
1623620 680
1623630 675
1623640 675
1623650 671
1623660 667
1623670 667
1623680 661
1623690 655
1623700 655
1623710 651
1623720 649
1623730 647
1623740 647
1623750 644
1623760 640
1623770 640
1623780 636
1623790 631
1623800 631
1623810 626
1623820 619
1623830 619
1623840 612
1623850 607
1623860 609
1623870 609
1623880 610
1623890 610
1623900 610
1623910 611
1623920 617
1623930 617
1623940 624
1623950 632
1623960 632
1623970 639
1623980 645
1623990 645
1624000 648
1624010 651
1624020 654
1624030 654
1624040 655
1624050 655
1624060 655
1624070 657
1624080 659
1624090 659
1624100 659
1624110 659
1624120 659
1624130 659
1624140 660
1624150 661
1624160 661
1624170 658
1624180 653
1624190 651
1624200 661
1624210 672
1624220 672
1624230 681
1624240 686
1624250 686
1624260 689
1624270 694
1624280 694
1624290 701
1624300 707
1624310 713
1624320 713
1624330 719
1624340 726
1624350 726
1624360 731
1624370 736
1624380 736
1624390 742
1624400 750
1624410 750
1624420 757
1624430 764
1624440 773
1624450 773
1624460 785
1624470 793
1624480 793
1624490 794
1624500 797
1624510 797
1624520 799
1624530 801
1624540 801
1624550 803
1624560 806
1624570 806
1624580 809
1624590 811
1624600 813
1624610 813
1624620 814
1624630 819
1624640 819
1624650 825
1624660 832
1624670 832
1624680 838
1624690 844
1624700 844
1624710 852
1624720 858
1624730 865
1624740 865
1624750 870
1624760 876
1624770 876
1624780 882
1624790 885
1624800 885
1624810 889
1624820 892
1624830 892
1624840 890
1624850 888
1624860 888
1624870 885
1624880 885
1624890 886
1624900 886
1624910 887
1624920 890
1624930 890
1624940 894
1624950 896
1624960 896
1624970 898
1624980 899
1624990 899
1625000 899
1625010 899
1625020 900
1625030 900
1625040 906
1625050 914
1625060 914
1625070 922
1625080 929
1625090 929
1625100 937
1625110 944
1625120 944
1625130 949
1625140 951
1625150 951
1625160 950
1625170 949
1625180 948
1625190 948
1625200 948
1625210 950
1625220 950
1625230 952
1625240 955
1625250 955
1625260 960
1625270 968
1625280 968
1625290 977
1625300 987
1625310 995
1625320 995
1625330 1001
1625340 1007
1625350 1007
1625360 1012
1625370 1017
1625380 1017
1625390 1023
1625400 1030
1625410 1030
1625420 1036
1625430 1042
1625440 1042
1625450 1042
1625460 1038
1625470 1033
1625480 1033
1625490 1027
1625500 1022
1625510 1022
1625520 1020
1625530 1021
1625540 1021
1625550 1021
1625560 1021
1625570 1021
1625580 1023
1625590 1026
1625600 1029
1625610 1029
1625620 1032
1625630 1035
1625640 1035
1625650 1037
1625660 1040
1625670 1040
1625680 1042
1625690 1040
1625700 1040
1625710 1033
1625720 1026
1625730 1019
1625740 1019
1625750 1014
1625760 1010
1625770 1010
1625780 1006
1625790 1001
1625800 1001
1625810 996
1625820 990
1625830 990
1625840 983
1625850 977
1625860 977
1625870 973
1625880 968
1625890 963
1625900 963
1625910 957
1625920 953
1625930 953
1625940 950
1625950 947
1625960 947
1625970 943
1625980 939
1625990 939
1626000 937
1626010 935
1626020 928
1626030 928
1626040 922
1626050 917
1626060 917
1626070 914
1626080 912
1626090 912
1626100 910
1626110 909
1626120 909
1626130 909
1626140 907
1626150 907
1626160 904
1626170 902
1626180 901
1626190 901
1626200 900
1626210 899
1626220 899
1626230 898
1626240 896
1626250 896
1626260 896
1626270 896
1626280 896
1626290 894
1626300 893
1626310 892
1626320 892
1626330 892
1626340 891
1626350 891
1626360 887
1626370 882
1626380 882
1626390 879
1626400 876
1626410 876
1626420 873
1626430 869
1626440 869
1626450 864
1626460 860
1626470 853
1626480 853
1626490 848
1626500 845
1626510 845
1626520 842
1626530 837
1626540 837
1626550 829
1626560 821
1626570 821
1626580 813
1626590 806
1626600 799
1626610 799
1626620 792
1626630 787
1626640 787
1626650 781
1626660 774
1626670 774
1626680 767
1626690 759
1626700 759
1626710 753
1626720 746
1626730 746
1626740 742
1626750 738
1626760 732
1626770 732
1626780 724
1626790 717
1626800 717
1626810 721
1626820 732
1626830 732
1626840 745
1626850 755
1626860 752
1626870 760
1626880 768
1626890 776
1626900 776
1626910 785
1626920 790
1626930 790
1626940 788
1626950 786
1626960 786
1626970 784
1626980 783
1626990 783
1627000 782
1627010 777
1627020 777
1627030 773
1627040 768
1627050 762
1627060 762
1627070 757
1627080 752
1627090 752
1627100 746
1627110 741
1627120 741
1627130 735
1627140 730
1627150 730
1627160 725
1627170 720
1627180 716
1627190 716
1627200 711
1627210 709
1627220 709
1627230 706
1627240 704
1627250 704
1627260 701
1627270 698
1627280 698
1627290 698
1627300 702
1627310 702
1627320 708
1627330 720
1627340 730
1627350 730
1627360 739
1627370 746
1627380 746
1627390 753
1627400 760
1627410 760
1627420 767
1627430 773
1627440 773
1627450 777
1627460 782
1627470 789
1627480 789
1627490 797
1627500 805
1627510 805
1627520 813
1627530 824
1627540 824
1627550 841
1627560 859
1627570 859
1627580 872
1627590 880
1627600 888
1627610 888
1627620 897
1627630 904
1627640 904
1627650 909
1627660 910
1627670 910
1627680 910
1627690 910
1627700 910
1627710 906
1627720 903
1627730 903
1627740 886
1627750 885
1627760 883
1627770 883
1627780 882
1627790 882
1627800 882
1627810 883
1627820 884
1627830 884
1627840 885
1627850 887
1627860 887
1627870 890
1627880 894
1627890 898
1627900 898
1627910 899
1627920 899
1627930 899
1627940 896
1627950 891
1627960 891
1627970 886
1627980 882
1627990 882
1628000 878
1628010 875
1628020 875
1628030 875
1628040 874
1628050 876
1628060 876
1628070 879
1628080 881
1628090 881
1628100 881
1628110 880
1628120 880
1628130 880
1628140 881
1628150 881
1628160 884
1628170 890
1628180 897
1628190 897
1628200 902
1628210 907
1628220 907
1628230 914
1628240 920
1628250 920
1628260 925
1628270 931
1628280 931
1628290 936
1628300 943
1628310 943
1628320 948
1628330 951
1628340 951
1628350 951
1628360 948
1628370 945
1628380 945
1628390 941
1628400 936
1628410 936
1628420 931
1628430 926
1628440 926
1628450 924
1628460 921
1628470 919
1628480 919
1628490 916
1628500 912
1628510 912
1628520 906
1628530 899
1628540 899
1628550 892
1628560 887
1628570 887
1628580 889
1628590 898
1628600 898
1628610 897
1628620 904
1628630 911
1628640 911
1628650 918
1628660 925
1628670 925
1628680 931
1628690 935
1628700 935
1628710 940
1628720 946
1628730 946
1628740 953
1628750 958
1628760 962
1628770 962
1628780 961
1628790 954
1628800 954
1628810 948
1628820 944
1628830 944
1628840 946
1628850 949
1628860 949
1628870 952
1628880 956
1628890 956
1628900 959
1628910 959
1628920 959
1628930 959
1628940 959
1628950 961
1628960 961
1628970 963
1628980 968
1628990 968
1629000 975
1629010 980
1629020 980
1629030 985
1629040 990
1629050 995
1629060 995
1629070 1001
1629080 1007
1629090 1007
1629100 1013
1629110 1019
1629120 1019
1629130 1023
1629140 1024
1629150 1024
1629160 1019
1629170 1013
1629180 1013
1629190 1008
1629200 1001
1629210 994
1629220 994
1629230 987
1629240 979
1629250 979
1629260 972
1629270 966
1629280 966
1629290 960
1629300 956
1629310 956
1629320 951
1629330 946
1629340 939
1629350 939
1629360 933
1629370 926
1629380 926
1629390 921
1629400 914
1629410 914
1629420 908
1629430 902
1629440 902
1629450 896
1629460 891
1629470 885
1629480 891
1629490 887
1629500 883
1629510 883
1629520 878
1629530 873
1629540 873
1629550 867
1629560 859
1629570 859
1629580 850
1629590 842
1629600 842
1629610 834
1629620 827
1629630 820
1629640 820
1629650 812
1629660 803
1629670 803
1629680 795
1629690 788
1629700 788
1629710 780
1629720 773
1629730 773
1629740 770
1629750 767
1629760 771
1629770 771
1629780 776
1629790 789
1629800 789
1629810 801
1629820 807
1629830 807
1629840 812
1629850 817
1629860 817
1629870 823
1629880 830
1629890 830
1629900 837
1629910 842
1629920 847
1629930 847
1629940 850
1629950 853
1629960 853
1629970 855
1629980 857
1629990 857
1630000 859
1630010 860
1630020 860
1630030 863
1630040 867
1630050 872
1630060 872
1630070 878
1630080 884
1630090 884
1630100 889
1630110 895
1630120 895
1630130 900
1630140 905
1630150 905
1630160 907
1630170 907
1630180 907
1630190 906
1630200 905
1630210 903
1630220 903
1630230 900
1630240 897
1630250 897
1630260 893
1630270 889
1630280 889
1630290 886
1630300 887
1630310 887
1630320 888
1630330 886
1630340 879
1630350 879
1630360 875
1630370 872
1630380 872
1630390 870
1630400 869
1630410 869
1630420 868
1630430 867
1630440 867
1630450 867
1630460 867
1630470 867
1630480 866
1630490 865
1630500 863
1630510 863
1630520 860
1630530 858
1630540 858
1630550 857
1630560 856
1630570 856
1630580 855
1630590 854
1630600 854
1630610 851
1630620 850
1630630 850
1630640 850
1630650 849
1630660 849
1630670 849
1630680 848
1630690 848
1630700 848
1630710 847
1630720 846
1630730 846
1630740 846
1630750 846
1630760 846
1630770 846
1630780 847
1630790 848
1630800 848
1630810 847
1630820 846
1630830 846
1630840 845
1630850 844
1630860 844
1630870 840
1630880 839
1630890 839
1630900 839
1630910 838
1630920 838
1630930 838
1630940 837
1630950 836
1630960 836
1630970 835
1630980 833
1630990 833
1631000 831
1631010 828
1631020 828
1631030 824
1631040 820
1631050 820
1631060 816
1631070 813
1631080 810
1631090 810
1631100 808
1631110 809
1631120 809
1631130 809
1631140 811
1631150 811
1631160 811
1631170 811
1631180 811
1631190 812
1631200 814
1631210 816
1631220 816
1631230 818
1631240 820
1631250 820
1631260 822
1631270 824
1631280 824
1631290 827
1631300 830
1631310 830
1631320 832
1631330 835
1631340 835
1631350 838
1631360 840
1631370 845
1631380 845
1631390 849
1631400 853
1631410 853
1631420 856
1631430 858
1631440 858
1631450 859
1631460 859
1631470 859
1631480 860
1631490 861
1631500 859
1631510 859
1631520 856
1631530 855
1631540 855
1631550 855
1631560 855
1631570 855
1631580 858
1631590 861
1631600 861
1631610 867
1631620 874
1631630 881
1631640 881
1631650 888
1631660 895
1631670 895
1631680 902
1631690 906
1631700 906
1631710 908
1631720 911
1631730 911
1631740 912
1631750 911
1631760 911
1631770 912
1631780 916
1631790 921
1631800 921
1631810 927
1631820 932
1631830 932
1631840 938
1631850 943
1631860 943
1631870 948
1631880 951
1631890 951
1631900 954
1631910 953
1631920 953
1631930 953
1631940 953
1631950 954
1631960 954
1631970 956
1631980 958
1631990 958
1632000 961
1632010 964
1632020 964
1632030 967
1632040 969
1632050 974
1632060 977
1632070 981
1632080 985
1632090 985
1632100 989
1632110 994
1632120 994
1632130 999
1632140 1003
1632150 1003
1632160 1007
1632170 1010
1632180 1010
1632190 1016
1632200 1023
1632210 1028
1632220 1028
1632230 1031
1632240 1033
1632250 1033
1632260 1034
1632270 1035
1632280 1035
1632290 1036
1632300 1036
1632310 1036
1632320 1036
1632330 1036
1632340 1036
1632350 1035
1632360 1034
1632370 1034
1632380 1034
1632390 1032
1632400 1030
1632410 1030
1632420 1027
1632430 1025
1632440 1025
1632450 1023
1632460 1022
1632470 1022
1632480 1020
1632490 1017
1632500 1015
1632510 1015
1632520 1013
1632530 1007
1632540 1007
1632550 1001
1632560 995
1632570 995
1632580 986
1632590 978
1632600 978
1632610 970
1632620 967
1632630 967
1632640 973
1632650 982
1632660 991
1632670 991
1632680 1000
1632690 1010
1632700 1010
1632710 1019
1632720 1027
1632730 1027
1632740 1033
1632750 1039
1632760 1039
1632770 1046
1632780 1052
1632790 1060
1632800 1060
1632810 1066
1632820 1070
1632830 1070
1632840 1074
1632850 1079
1632860 1079
1632870 1083
1632880 1086
1632890 1086
1632900 1093
1632910 1094
1632920 1094
1632930 1094
1632940 1095
1632950 1097
1632960 1097
1632970 1099
1632980 1101
1632990 1101
1633000 1103
1633010 1105
1633020 1105
1633030 1107
1633040 1107
1633050 1107
1633060 1107
1633070 1107
1633080 1107
1633090 1107
1633100 1107
1633110 1110
1633120 1110
1633130 1115
1633140 1119
1633150 1119
1633160 1123
1633170 1125
1633180 1125
1633190 1125
1633200 1124
1633210 1124
1633220 1122
1633230 1119
1633240 1115
1633250 1115
1633260 1111
1633270 1107
1633280 1107
1633290 1103
1633300 1096
1633310 1096
1633320 1092
1633330 1095
1633340 1095
1633350 1100
1633360 1108
1633370 1116
1633380 1116
1633390 1123
1633400 1130
1633410 1130
1633420 1134
1633430 1136
1633440 1136
1633450 1139
1633460 1143
1633470 1143
1633480 1148
1633490 1152
1633500 1152
1633510 1154
1633520 1156
1633530 1156
1633540 1156
1633550 1155
1633560 1156
1633570 1156
1633580 1156
1633590 1158
1633600 1158
1633610 1161
1633620 1165
1633630 1165
1633640 1168
1633650 1172
1633660 1176
1633670 1176
1633680 1182
1633690 1185
1633700 1185
1633710 1187
1633720 1188
1633730 1188
1633740 1197
1633750 1194
1633760 1194
1633770 1192
1633780 1188
1633790 1186
1633800 1186
1633810 1187
1633820 1189
1633830 1189
1633840 1191
1633850 1192
1633860 1192
1633870 1194
1633880 1196
1633890 1196
1633900 1198
1633910 1200
1633920 1200
1633930 1201
1633940 1199
1633950 1196
1633960 1196
1633970 1199
1633980 1201
1633990 1201
1634000 1205
1634010 1208
1634020 1208
1634030 1211
1634040 1217
1634050 1217
1634060 1221
1634070 1226
1634080 1233
1634090 1233
1634100 1240
1634110 1247
1634120 1247
1634130 1255
1634140 1264
1634150 1264
1634160 1272
1634170 1278
1634180 1278
1634190 1282
1634200 1286
1634210 1286
1634220 1289
1634230 1292
1635490 1368
1635500 1368
1635510 1366
1635520 1365
1635530 1363
1635540 1363
1635550 1360
1635560 1357
1635570 1357
1635580 1354
1635590 1351
1635600 1351
1635610 1350
1635620 1348
1635630 1348
1635640 1347
1635650 1345
1635660 1345
1635670 1343
1635680 1340
1635690 1337
1635700 1337
1635710 1334
1635720 1331
1635730 1331
1635740 1329
1635750 1326
1635760 1326
1635770 1324
1635780 1322
1635790 1322
1635800 1320
1635810 1320
1635820 1319
1635830 1319
1635840 1318
1635850 1317
1635860 1317
1635870 1316
1635880 1315
1635890 1315
1636190 1292
1636200 1290
1636210 1290
1636220 1289
1636230 1287
1636240 1286
1636250 1286
1636260 1284
1636270 1282
1636280 1282
1636290 1281
1636300 1279
1636310 1279
1636320 1278
1636330 1276
1636340 1276
1636350 1275
1636360 1273
1636370 1273
1636380 1272
1636390 1270
1636400 1268
1636410 1268
1636420 1266
1636430 1264
1636440 1264
1636450 1261
1636460 1259
1636470 1259
