1620000 1433
1620010 1433
1620020 1429
1620030 1429
1620040 1429
1620050 1428
1620060 1428
1620070 1428
1620080 1430
1620090 1435
1620100 1440
1620110 1440
1620120 1446
1620130 1452
1620140 1452
1620150 1457
1620160 1454
1620170 1454
1620180 1449
1620190 1449
1620200 1449
1620210 1454
1620220 1456
1620230 1456
1620240 1449
1620250 1446
1620260 1447
1620270 1447
1620280 1440
1620290 1432
1620300 1432
1620310 1430
1620320 1430
1620330 1422
1620340 1425
1620350 1429
1620360 1429
1620370 1431
1620380 1436
1620390 1441
1620400 1441
1620410 1438
1620420 1438
1620430 1438
1620440 1441
1620450 1446
1620460 1446
1620470 1449
1620480 1455
1620490 1455
1620500 1457
1620510 1455
1620520 1455
1620530 1452
1620540 1449
1620550 1444
1620560 1444
1620570 1439
1620580 1434
1620590 1434
1620600 1430
1620610 1427
1620620 1427
1620630 1423
1620640 1418
1620650 1418
1620660 1410
1620670 1402
1620680 1393
1620690 1393
1620700 1385
1620710 1379
1620720 1379
1620730 1372
1620740 1365
1620750 1365
1620760 1359
1620770 1352
1620780 1352
1620790 1345
1620800 1337
1620810 1337
1620820 1327
1620830 1320
1620840 1314
1620850 1314
1620860 1309
1620870 1303
1620880 1303
1620890 1295
1620900 1289
1620910 1289
1620920 1283
1620930 1277
1620940 1277
1620950 1274
1620960 1273
1620970 1272
1620980 1272
1620990 1269
1621000 1264
1621010 1264
1621020 1259
1621030 1253
1621040 1253
1621050 1246
1621060 1238
1621070 1238
1621080 1230
1621090 1224
1621100 1218
1621110 1218
1621120 1212
1621130 1204
1621140 1204
1621150 1194
1621160 1184
1621170 1184
1621180 1177
1621190 1169
1621200 1169
1621210 1161
1621220 1157
1621230 1157
1621240 1157
1621250 1167
1621260 1169
1621270 1169
1621280 1173
1621290 1177
1621300 1177
1621310 1181
1621320 1186
1621330 1186
1621340 1189
1621350 1189
1621360 1189
1621370 1184
1621380 1176
1621390 1168
1621400 1168
1621410 1161
1621420 1154
1621430 1154
1621440 1147
1621450 1141
1621460 1141
1621470 1134
1621480 1129
1621490 1129
1621500 1123
1621510 1116
1621520 1116
1621530 1112
1621540 1108
1621550 1105
1621560 1105
1621570 1102
1621580 1098
1621590 1098
1621600 1094
1621610 1091
1621620 1091
1621630 1087
1621640 1084
1621650 1084
1621660 1080
1621670 1077
1621680 1074
1621690 1074
1621700 1070
1621710 1067
1621720 1067
1621730 1065
1621740 1063
1621750 1063
1621760 1062
1621770 1059
1621780 1059
1621790 1055
1621800 1048
1621810 1048
1621820 1042
1621830 1037
1621840 1030
1621850 1030
1621860 1024
1621870 1019
1621880 1019
1621890 1016
1621900 1014
1621910 1014
1621920 1010
1621930 1005
1621940 1005
1621950 1002
1621960 999
1621970 997
1621980 997
1621990 994
1622000 991
1622010 991
1622020 986
1622030 980
1622040 980
1622050 975
1622060 971
1622070 971
1622080 968
1622090 962
1622100 962
1622110 956
1622120 955
1622130 954
1622140 954
1622150 953
1622160 960
1622170 960
1622180 958
1622190 957
1622200 957
1622210 957
1622220 957
1622230 957
1622240 957
1622250 954
1622260 953
1622270 953
1622280 951
1622290 949
1622300 949
1622310 950
1622320 950
1622330 950
1622340 950
1622350 948
1622360 948
1622370 943
1622380 942
1622390 942
1622400 943
1622410 941
1622420 940
1622430 940
1622440 938
1622450 935
1622460 935
1622470 934
1622480 932
1622490 932
1622500 931
1622510 932
1622520 932
1622530 932
1622540 932
1622550 931
1622560 931
1622570 931
1622580 930
1622590 930
1622600 930
1622610 929
1622620 929
1622630 930
1622640 932
1622650 932
1622660 932
1622670 935
1622680 938
1622690 938
1622700 940
1622710 940
1622720 940
1622730 939
1622740 940
1622750 940
1622760 940
1622770 940
1622780 940
1622790 940
1622800 938
1622810 938
1622820 937
1622830 935
1622840 936
1622850 936
1622860 936
1622870 933
1622880 933
1622890 929
1622900 924
1622910 924
1622920 919
1622930 911
1622940 911
1622950 905
1622960 900
1622970 899
1622980 899
1622990 886
1623000 874
1623010 874
1623020 866
1623030 859
1623040 859
1623050 854
1623060 850
1623070 850
1623080 843
1623090 838
1623100 838
1623110 834
1623120 831
1623130 829
1623140 829
1623150 827
1623160 823
1623170 823
1623180 818
1623190 814
1623200 814
1623210 811
1623220 807
1623230 807
1623240 803
1623250 800
1623260 798
1623270 798
1623280 796
1623290 794
1623300 794
1623310 790
1623320 785
1623330 785
1623340 780
1623350 773
1623360 773
1623370 766
1623380 759
1623390 759
1623400 751
1623410 743
1623420 735
1623430 735
1623440 728
1623450 721
1623460 721
1623470 713
1623480 706
1623490 706
1623500 699
1623510 692
1623520 692
1623530 685
1623540 678
1623550 672
1623560 672
1623570 666
1623580 660
1623590 660
1623600 653
1623610 647
1623620 647
1623630 642
1623640 636
1623650 636
1623660 626
1623670 622
1623680 622
1623690 619
1623700 619
1623710 621
1623720 621
1623730 626
1623740 633
1623750 633
1623760 640
1623770 648
1623780 648
1623790 657
1623800 665
1623810 665
1623820 674
1623830 683
1623840 693
1623850 693
1623860 701
1623870 709
1623880 709
1623890 717
1623900 727
1623910 727
1623920 736
1623930 742
1623940 742
1623950 748
1623960 754
1623970 750
1623980 757
1623990 764
1624000 771
1624010 771
1624020 777
1624030 783
1624040 783
1624050 789
1624060 795
1624070 795
1624080 800
1624090 804
1624100 804
1624110 809
1624120 811
1624130 813
1624140 813
1624150 815
1624160 817
1624170 817
1624180 818
1624190 820
1624200 820
1624210 820
1624220 819
1624230 819
1624240 816
1624250 814
1624260 814
1624270 816
1624280 817
1624290 818
1624300 818
1624310 820
1624320 824
1624330 824
1624340 829
1624350 833
1624360 833
1624370 837
1624380 841
1624390 841
1624400 844
1624410 847
1624420 851
1624430 851
1624440 854
1624450 854
1624460 854
1624470 854
1624480 855
1624490 855
1624500 858
1624510 862
1624520 862
1624530 867
1624540 872
1624550 877
1624560 877
1624570 881
1624580 885
1624590 885
1624600 889
1624610 894
1624620 894
1624630 899
1624640 904
1624650 904
1624660 908
1624670 913
1624680 913
1624690 917
1624700 918
1624710 917
1624720 917
1624730 921
1624740 925
1624750 925
1624760 931
1624770 935
1624780 935
1624790 939
1624800 944
1624810 944
1624820 948
1624830 952
1624840 957
1624850 957
1624860 955
1624870 959
1624880 959
1624890 965
1624900 970
1624910 970
1624920 976
1624930 981
1624940 981
1624950 986
1624960 992
1624970 992
1624980 995
1624990 997
1625000 999
1625010 999
1625020 1002
1625030 1005
1625040 1005
1625050 1008
1625060 1010
1625070 1010
1625080 1012
1625090 1015
1625100 1015
1625110 1017
1625120 1018
1625130 1021
1625140 1021
1625150 1027
1625160 1033
1625170 1033
1625180 1038
1625190 1043
1625200 1043
1625210 1049
1625220 1054
1625230 1054
1625240 1058
1625250 1062
1625260 1062
1625270 1066
1625280 1070
1625290 1075
1625300 1075
1625310 1079
1625320 1084
1625330 1084
1625340 1087
1625350 1091
1625360 1091
1625370 1094
1625380 1097
1625390 1097
1625400 1100
1625410 1102
1625420 1102
1625430 1102
1625440 1100
1625450 1093
1625460 1093
1625470 1087
1625480 1082
1625490 1082
1625500 1078
1625510 1073
1625520 1073
1625530 1070
1625540 1068
1625550 1068
1625560 1066
1625570 1065
1625580 1065
1625590 1065
1625600 1065
1625610 1063
1625620 1063
1625630 1060
1625640 1056
1625650 1056
1625660 1052
1625670 1047
1625680 1047
1625690 1043
1625700 1039
1625710 1035
1625720 1035
1625730 1030
1625740 1025
1625750 1025
1625760 1020
1625770 1012
1625780 1012
1625790 1004
1625800 995
1625810 995
1625820 986
1625830 978
1625840 978
1625850 974
1625860 971
1625870 967
1625880 967
1625890 962
1625900 957
1625910 957
1625920 952
1625930 947
1625940 947
1625950 942
1625960 936
1625970 936
1625980 930
1625990 923
1626000 917
1626010 917
1626020 912
1626030 904
1626040 904
1626050 898
1626060 894
1626070 894
1626080 890
1626090 887
1626100 887
1626110 886
1626120 889
1626130 891
1626140 891
1626150 891
1626160 890
1626170 890
1626180 886
1626190 883
1626200 883
1626210 884
1626220 883
1626230 883
1626240 881
1626250 879
1626260 879
1626270 877
1626280 875
1626290 871
1626300 871
1626310 865
1626320 859
1626330 859
1626340 852
1626350 847
1626360 847
1626370 842
1626380 838
1626390 838
1626400 835
1626410 833
1626420 832
1626430 832
1626440 829
1626450 825
1626460 825
1626470 824
1626480 820
1626490 820
1626500 814
1626510 808
1626520 808
1626530 800
1626540 789
1626550 789
1626560 781
1626570 773
1626580 764
1626590 764
1626600 765
1626610 773
1626620 773
1626630 784
1626640 800
1626650 800
1626660 810
1626670 819
1626680 819
1626690 827
1626700 835
1626710 844
1626720 844
1626730 852
1626740 858
1626750 858
1626760 864
1626770 870
1626780 870
1626790 877
1626800 884
1626810 884
1626820 891
1626830 896
1626840 896
1626850 902
1626860 906
1626870 910
1626880 910
1626890 914
1626900 916
1626910 916
1626920 918
1626930 921
1626940 921
1626950 923
1626960 922
1626970 922
1626980 917
1626990 915
1627000 911
1627010 911
1627020 911
1627030 911
1627040 911
1627050 912
1627060 912
1627070 912
1627080 908
1627090 904
1627100 904
1627110 899
1627120 894
1627130 894
1627140 889
1627150 883
1627160 877
1627170 877
1627180 872
1627190 865
1627200 865
1627210 858
1627220 851
1627230 851
1627240 845
1627250 840
1627260 840
1627270 835
1627280 830
1627290 823
1627300 823
1627310 815
1627320 808
1627330 808
1627340 800
1627350 792
1627360 792
1627370 784
1627380 776
1627390 776
1627400 766
1627410 762
1627420 762
1627430 761
1627440 761
1627450 760
1627460 760
1627470 759
1627480 756
1627490 756
1627500 753
1627510 756
1627520 750
1627530 757
1627540 775
1627550 775
1627560 789
1627570 799
1627580 805
1627590 805
1627600 812
1627610 818
1627620 818
1627630 823
1627640 828
1627650 828
1627660 832
1627670 836
1627680 836
1627690 837
1627700 840
1627710 844
1627720 844
1627730 848
1627740 854
1627750 854
1627760 860
1627770 867
1627780 867
1627790 873
1627800 880
1627810 880
1627820 887
1627830 895
1627840 895
1627850 902
1627860 910
1627870 919
1627880 919
1627890 928
1627900 936
1627910 936
1627920 944
1627930 952
1627940 952
1627950 959
1627960 969
1627970 969
1627980 977
1627990 983
1628000 987
1628010 987
1628020 992
1628030 997
1628040 997
1628050 1003
1628060 1008
1628070 1008
1628080 1013
1628090 1019
1628100 1019
1628110 1029
1628120 1036
1628130 1036
1628140 1041
1628150 1047
1628160 1053
1628170 1053
1628180 1060
1628190 1066
1628200 1066
1628210 1072
1628220 1077
1628230 1077
1628240 1082
1628250 1085
1628260 1085
1628270 1088
1628280 1090
1628290 1092
1628300 1092
1628310 1097
1628320 1102
1628330 1102
1628340 1106
1628350 1111
1628360 1111
1628370 1115
1628380 1118
1628390 1118
1628400 1113
1628410 1112
1628420 1112
1628430 1112
1628440 1110
1628450 1105
1628460 1105
1628470 1097
1628480 1089
1628490 1089
1628500 1082
1628510 1076
1628520 1076
1628530 1073
1628540 1070
1628550 1070
1628560 1066
1628570 1061
1628580 1059
1628590 1059
1628600 1056
1628610 1056
1628620 1056
1628630 1061
1628640 1067
1628650 1067
1628660 1076
1628670 1082
1628680 1082
1628690 1087
1628700 1089
1628710 1089
1628720 1090
1628730 1092
1628740 1097
1628750 1097
1628760 1103
1628770 1108
1628780 1108
1628790 1112
1628800 1114
1628810 1114
1628820 1116
1628830 1118
1628840 1118
1628850 1120
1628860 1123
1628870 1127
1628880 1127
1628890 1130
1628900 1133
1628910 1133
1628920 1137
1628930 1139
1628940 1139
1628950 1140
1628960 1139
1628970 1139
1628980 1138
1628990 1138
1629000 1138
1629010 1139
1629020 1140
1629030 1141
1629040 1141
1629050 1140
1629060 1136
1629070 1136
1629080 1131
1629090 1123
1629100 1123
1629110 1113
1629120 1105
1629130 1105
1629140 1098
1629150 1089
1629160 1079
1629170 1079
1629180 1070
1629190 1061
1629200 1061
1629210 1053
1629220 1045
1629230 1045
1629240 1037
1629250 1029
1629260 1029
1629270 1019
1629280 1012
1629290 1012
1629300 1005
1629310 997
1629320 992
1629330 992
1629340 985
1629350 980
1629360 980
1629370 975
1629380 971
1629390 971
1629400 966
1629410 961
1629420 961
1629430 955
1629440 949
1629450 943
1629460 943
1629470 934
1629480 924
1629490 924
1629500 914
1629510 906
1629520 906
1629530 898
1629540 889
1629550 889
1629560 880
1629570 871
1629580 859
1629590 859
1629600 849
1629610 841
1629620 841
1629630 837
1629640 835
1629650 835
1629660 827
1629670 812
1629680 812
1629690 815
1629700 826
1629710 826
1629720 838
1629730 848
1629740 856
1629750 856
1629760 866
1629770 877
1629780 877
1629790 887
1629800 895
1629810 895
1629820 902
1629830 910
1629840 910
1629850 918
1629860 926
1629870 934
1629880 934
1629890 941
1629900 949
1629910 949
1629920 957
1629930 963
1629940 963
1629950 971
1629960 980
1629970 980
1629980 988
1629990 997
1630000 997
1630010 1006
1630020 1014
1630030 1023
1630040 1023
1630050 1031
1630060 1039
1630070 1039
1630080 1048
1630090 1054
1630100 1054
1630110 1059
1630120 1062
1630130 1054
1630140 1059
1630150 1066
1630160 1071
1630170 1071
1630180 1076
1630190 1075
1630200 1075
1630210 1069
1630220 1064
1630230 1064
1630240 1060
1630250 1057
1630260 1057
1630270 1058
1630280 1059
1630290 1059
1630300 1056
1630310 1049
1630320 1045
1630330 1045
1630340 1042
1630350 1042
1630360 1042
1630370 1044
1630380 1049
1630390 1049
1630400 1054
1630410 1055
1630420 1055
1630430 1051
1630440 1047
1630450 1046
1630460 1046
1630470 1045
1630480 1041
1630490 1041
1630500 1036
1630510 1028
1630520 1028
1630530 1020
1630540 1014
1630550 1014
1630560 1012
1630570 1014
1630580 1014
1630590 1018
1630600 1023
1630610 1029
1630620 1029
1630630 1032
1630640 1031
1630650 1031
1630660 1029
1630670 1028
1630680 1028
1630690 1025
1630700 1021
1630710 1021
1630720 1019
1630730 1016
1630740 1012
1630750 1012
1630760 1007
1630770 1001
1630780 1001
1630790 995
1630800 989
1630810 989
1630820 983
1630830 978
1630840 978
1630850 975
1630860 972
1630870 972
1630880 970
1630890 970
1630900 971
1630910 971
1630920 973
1630930 975
1630940 975
1630950 975
1630960 976
1630970 976
1630980 978
1630990 966
1631000 966
1631010 964
1631020 966
1631030 967
1631040 967
1631050 964
1631060 964
1631070 964
1631080 962
1631090 959
1631100 959
1631110 953
1631120 951
1631130 951
1631140 950
1631150 947
1631160 946
1631170 946
1631180 946
1631190 944
1631200 944
1631210 943
1631220 941
1631230 941
1631240 939
1631250 936
1631260 936
1631270 935
1631280 934
1631290 934
1631300 933
1631310 933
1631320 932
1631330 932
1631340 929
1631350 927
1631360 927
1631370 925
1631380 923
1631390 923
1631400 923
1631410 922
1631420 922
1631430 920
1631440 917
1631450 914
1631460 914
1631470 910
1631480 905
1631490 905
1631500 901
1631510 898
1631520 898
1631530 894
1631540 890
1631550 890
1631560 888
1631570 886
1631580 886
1631590 885
1631600 884
1631610 881
1631620 881
1631630 877
1631640 873
1631650 873
1631660 870
1631670 870
1631680 870
1631690 871
1631700 872
1631710 872
1631720 872
1631730 872
1631740 872
1631750 872
1631760 869
1631770 868
1631780 868
1631790 867
1631800 868
1631810 868
1631820 868
1631830 869
1631840 868
1631850 870
1631860 870
1631870 870
1631880 872
1631890 873
1631900 874
1631910 874
1631920 875
1631930 876
1631940 876
1631950 877
1631960 878
1631970 878
1631980 878
1631990 880
1632000 880
1632010 883
1632020 887
1632030 892
1632040 892
1632050 897
1632060 903
1632070 903
1632080 907
1632090 911
1632100 911
1632110 914
1632120 916
1632130 916
1632140 919
1632150 921
1632160 921
1632170 924
1632180 926
1632190 929
1632200 929
1632210 933
1632220 936
1632230 936
1632240 938
1632250 937
1632260 937
1632270 937
1632280 943
1632290 943
1632300 947
1632310 947
1632320 947
1632330 947
1632340 950
1632350 952
1632360 952
1632370 954
1632380 949
1632390 949
1632400 946
1632410 953
1632420 953
1632430 964
1632440 973
1632450 973
1632460 979
1632470 982
1632480 984
1632490 984
1632500 986
1632510 989
1632520 989
1632530 992
1632540 996
1632550 996
1632560 999
1632570 1003
1632580 1003
1632590 1009
1632600 1014
1632610 1017
1632620 1017
1632630 1015
1632640 1011
1632650 1011
1632660 1007
1632670 1006
1632680 1006
1632690 1004
1632700 1007
1632710 1007
1632720 1008
1632730 1010
1632740 1010
1632750 1012
1632760 1013
1632770 1015
1632780 1015
1632790 1018
1632800 1021
1632810 1021
1632820 1024
1632830 1030
1632840 1030
1632850 1037
1632860 1043
1632870 1043
1632880 1048
1632890 1053
1632900 1058
1632910 1058
1632920 1060
1632930 1062
1632940 1062
1632950 1065
1632960 1069
1632970 1069
1632980 1073
1632990 1078
1633000 1078
1633010 1082
1633020 1085
1633030 1090
1633040 1090
1633050 1094
1633060 1097
1633070 1097
1633080 1100
1633090 1103
1633100 1103
1633110 1103
1633120 1102
1633130 1102
1633140 1097
1633150 1091
1633160 1091
1633170 1088
1633180 1091
1633190 1097
1633200 1097
1633210 1105
1633220 1113
1633230 1113
1633240 1121
1633250 1130
1633260 1130
1633270 1138
1633280 1143
1633290 1143
1633300 1147
1633310 1150
1633320 1151
1633330 1151
1633340 1152
1633350 1152
1633360 1152
1633370 1153
1633380 1153
1633390 1153
1633400 1153
1633410 1152
1633420 1152
1633430 1151
1633440 1151
1633450 1151
1633460 1153
1633470 1156
1633480 1160
1633490 1160
1633500 1164
1633510 1167
1633520 1167
1633530 1167
1633540 1169
1633550 1169
1633560 1171
1633570 1173
1633580 1173
1633590 1176
1633600 1179
1633610 1184
1633620 1184
1633630 1189
1633640 1194
1633650 1194
1633660 1199
1633670 1204
1633680 1204
1633690 1209
1633700 1213
1633710 1213
1633720 1216
1633730 1219
1633740 1219
1633750 1222
1633760 1224
1633770 1224
1633780 1224
1633790 1223
1633800 1222
1633810 1222
1633820 1220
1633830 1219
1633840 1219
1633850 1218
1633860 1217
1633870 1217
1633880 1217
1633890 1219
1633900 1220
1633910 1220
1633920 1221
1633930 1223
1633940 1223
1633950 1226
1633960 1229
1633970 1229
1633980 1232
1633990 1234
1634000 1234
1634010 1237
1634020 1240
1634030 1240
1634040 1243
1634050 1246
