1620000 975
1620010 970
1620020 965
1620030 965
1620040 960
1620050 953
1620060 953
1620070 945
1620080 938
1620090 932
1620100 932
1620110 928
1620120 928
1620130 928
1620140 926
1620150 922
1620160 922
1620170 916
1620180 911
1620190 911
1620200 918
1620210 925
1620220 931
1620230 931
1620240 935
1620250 933
1620260 933
1620270 927
1620280 920
1620290 920
1620300 916
1620310 916
1620320 916
1620330 918
1620340 924
1620350 924
1620360 931
1620370 938
1620380 945
1620390 945
1620400 952
1620410 958
1620420 958
1620430 965
1620440 972
1620450 972
1620460 979
1620470 986
1620480 986
1620490 993
1620500 999
1620510 1004
1620520 1004
1620530 1009
1620540 1012
1620550 1012
1620560 1013
1620570 1013
1620580 1013
1620590 1010
1620600 1006
1620610 1006
1620620 1002
1620630 998
1620640 994
1620650 994
1620660 989
1620670 984
1620680 984
1620690 979
1620700 974
1620710 974
1620720 971
1620730 969
1620740 969
1620750 968
1620760 968
1620770 968
1620780 966
1620790 965
1620800 963
1620810 963
1620820 961
1620830 953
1620840 953
1620850 951
1620860 948
1620870 948
1620880 945
1620890 939
1620900 939
1620910 932
1620920 927
1620930 924
1620940 924
1620950 923
1620960 922
1620970 922
1620980 922
1620990 922
1621000 922
1621010 922
1621020 920
1621030 920
1621040 915
1621050 909
1621060 909
1621070 903
1621080 895
1621090 887
1621100 887
1621110 879
1621120 871
1621130 871
1621140 863
1621150 855
1621160 855
1621170 847
1621180 839
1621190 839
1621200 831
1621210 825
1621220 823
1621230 823
1621240 823
1621250 825
1621260 825
1621270 828
1621280 832
1621290 832
1621300 836
1621310 841
1621320 841
1621330 845
1621340 850
1621350 850
1621360 854
1621370 858
1621380 859
1621390 859
1621400 858
1621410 854
1621420 854
1621430 848
1621440 841
1621450 841
1621460 835
1621470 827
1621480 827
1621490 820
1621500 816
1621510 822
1621520 822
1621530 830
1621540 837
1621550 837
1621560 844
1621570 852
1621580 852
1621590 859
1621600 866
1621610 866
1621620 873
1621630 880
1621640 880
1621650 887
1621660 894
1621670 901
1621680 901
1621690 908
1621700 915
1621710 915
1621720 922
1621730 928
1621740 928
1621750 933
1621760 938
1621770 938
1621780 943
1621790 947
1621800 951
1621810 951
1621820 954
1621830 957
1621840 957
1621850 959
1621860 960
1621870 960
1621880 963
1621890 966
1621900 966
1621910 969
1621920 970
1621930 970
1621940 968
1621950 966
1621960 967
1621970 967
1621980 968
1621990 968
1622000 968
1622010 969
1622020 970
1622030 970
1622040 971
1622050 971
1622060 971
1622070 971
1622080 970
1622090 970
1622100 970
1622110 971
1622120 972
1622130 972
1622140 973
1622150 973
1622160 973
1622170 971
1622180 968
1622190 968
1622200 964
1622210 961
1622220 961
1622230 958
1622240 955
1622250 953
1622260 953
1622270 951
1622280 950
1622290 950
1622300 949
1622310 948
1622320 948
1622330 946
1622340 946
1622350 946
1622360 945
1622370 943
1622380 940
1622390 940
1622400 938
1622410 936
1622420 936
1622430 937
1622440 939
1622450 939
1622460 939
1622470 942
1622480 942
1622490 945
1622500 947
1622510 947
1622520 948
1622530 950
1622540 952
1622550 952
1622560 953
1622570 954
1622580 954
1622590 954
1622600 954
1622610 954
1622620 955
1622630 956
1622640 956
1622650 959
1622660 957
1622670 961
1622680 961
1622690 966
1622700 969
1622710 969
1622720 973
1622730 976
1622740 976
1622750 978
1622760 981
1622770 981
1622780 983
1622790 984
1622800 984
1622810 985
1622820 986
1622830 986
1622840 986
1622850 986
1622860 984
1622870 984
1622880 983
1622890 981
1622900 981
1622910 980
1622920 980
1622930 980
1622940 980
1622950 978
1622960 977
1622970 977
1622980 976
1622990 976
1623000 976
1623010 975
1623020 975
1623030 975
1623040 975
1623050 974
1623060 974
1623070 973
1623080 972
1623090 972
1623100 971
1623110 969
1623120 966
1623130 966
1623140 964
1623150 962
1623160 962
1623170 959
1623180 956
1623190 956
1623200 953
1623210 950
1623220 950
1623230 946
1623240 943
1623250 940
1623260 940
1623270 937
1623280 933
1623290 933
1623300 929
1623310 925
1623320 925
1623330 921
1623340 916
1623350 916
1623360 911
1623370 906
1623380 906
1623390 901
1623400 895
1623410 888
1623420 888
1623430 881
1623440 875
1623450 875
1623460 872
1623470 869
1623480 869
1623490 865
1623500 862
1623510 862
1623520 858
1623530 855
1623540 852
1623550 852
1623560 852
1623570 848
1623580 848
1623590 845
1623600 842
1623610 842
1623620 839
1623630 836
1623640 836
1623650 832
1623660 828
1623670 822
1623680 822
1623690 815
1623700 808
1623710 808
1623720 803
1623730 797
1623740 797
1623750 795
1623760 794
1623770 794
1623780 791
1623790 788
1623800 788
1623810 783
1623820 778
1623830 772
1623840 772
1623850 767
1623860 762
1623870 762
1623880 757
1623890 752
1623900 752
1623910 747
1623920 743
1623930 743
1623940 738
1623950 735
1623960 732
1623970 732
1623980 729
1623990 725
1624000 725
1624010 720
1624020 716
1624030 716
1624040 710
1624050 706
1624060 706
1624070 703
1624080 699
1624090 699
1624100 695
1624110 692
1624120 688
1624130 688
1624140 685
1624150 682
1624160 682
1624170 676
1624180 672
1624190 672
1624200 669
1624210 665
1624220 665
1624230 662
1624240 658
1624250 654
1624260 654
1624270 650
1624280 648
1624290 648
1624300 644
1624310 638
1624320 638
1624330 630
1624340 622
1624350 622
1624360 616
1624370 612
1624380 612
1624390 608
1624400 600
1624410 593
1624420 593
1624430 590
1624440 589
1624450 589
1624460 588
1624470 590
1624480 590
1624490 595
1624500 602
1624510 602
1624520 607
1624530 612
1624540 619
1624550 619
1624560 626
1624570 631
1624580 631
1624590 636
1624600 641
1624610 641
1624620 645
1624630 650
1624640 650
1624650 657
1624660 664
1624670 664
1624680 668
1624690 673
1624700 680
1624710 680
1624720 686
1624730 692
1624740 692
1624750 696
1624760 701
1624770 701
1624780 706
1624790 711
1624800 711
1624810 717
1624820 723
1624830 728
1624840 728
1624850 734
1624860 739
1624870 739
1624880 744
1624890 749
1624900 749
1624910 754
1624920 759
1624930 759
1624940 765
1624950 771
1624960 771
1624970 777
1624980 783
1624990 788
1625000 788
1625010 793
1625020 798
1625030 798
1625040 803
1625050 809
1625060 809
1625070 815
1625080 818
1625090 818
1625100 819
1625110 818
1625120 818
1625130 818
1625140 818
1625150 817
1625160 817
1625170 815
1625180 813
1625190 813
1625200 811
1625210 808
1625220 808
1625230 809
1625240 810
1625250 810
1625260 809
1625270 805
1625280 800
1625290 800
1625300 799
1625310 799
1625320 799
1625330 797
1625340 795
1625350 789
1625360 787
1625370 786
1625380 786
1625390 787
1625400 788
1625410 789
1625420 789
1625430 789
1625440 787
1625450 787
1625460 782
1625470 778
1625480 778
1625490 773
1625500 768
1625510 768
1625520 764
1625530 759
1625540 759
1625550 753
1625560 746
1625570 740
1625580 740
1625590 733
1625600 725
1625610 725
1625620 718
1625630 711
1625640 711
1625650 705
1625660 696
1625670 696
1625680 696
1625690 706
1625700 715
1625710 715
1625720 721
1625730 726
1625740 726
1625750 730
1625760 734
1625770 734
1625780 739
1625790 745
1625800 745
1625810 752
1625820 760
1625830 760
1625840 765
1625850 772
1625860 777
1625870 777
1625880 778
1625890 775
1625900 775
1625910 769
1625920 762
1625930 762
1625940 755
1625950 752
1625960 752
1625970 750
1625980 749
1625990 747
1626000 747
1626010 748
1626020 751
1626030 751
1626040 753
1626050 756
1626060 756
1626070 762
1626080 768
1626090 768
1626100 775
1626110 782
1626120 782
1626130 786
1626140 789
1626150 790
1626160 790
1626170 791
1626180 788
1626190 788
1626200 784
1626210 782
1626220 782
1626230 781
1626240 775
1626250 775
1626260 774
1626270 775
1626280 777
1626290 777
1626300 778
1626310 779
1626320 779
1626330 779
1626340 778
1626350 778
1626360 774
1626370 768
1626380 768
1626390 762
1626400 758
1626410 758
1626420 755
1626430 754
1626440 755
1626450 755
1626460 756
1626470 757
1626480 757
1626490 760
1626500 764
1626510 764
1626520 767
1626530 770
1626540 770
1626550 772
1626560 773
1626570 773
1626580 773
1626590 772
1626600 771
1626610 771
1626620 770
1626630 768
1626640 768
1626650 766
1626660 764
1626670 764
1626680 762
1626690 760
1626700 755
1626710 755
1626720 750
1626730 744
1626740 744
1626750 738
1626760 732
1626770 732
1626780 728
1626790 725
1626800 725
1626810 723
1626820 721
1626830 721
1626840 717
1626850 712
1626860 706
1626870 706
1626880 698
1626890 693
1626900 693
1626910 689
1626920 682
1626930 682
1626940 674
1626950 666
1626960 666
1626970 659
1626980 651
1626990 644
1627000 644
1627010 642
1627020 642
1627030 642
1627040 642
1627050 642
1627060 642
1627070 642
1627080 642
1627090 642
1627100 645
1627110 651
1627120 646
1627130 653
1627140 661
1627150 666
1627160 666
1627170 666
1627180 666
1627190 666
1627200 666
1627210 667
1627220 667
1627230 667
1627240 667
1627250 667
1627260 662
1627270 655
1627280 648
1627290 648
1627300 642
1627310 641
1627320 641
1627330 641
1627340 641
1627350 641
1627360 642
1627370 643
1627380 643
1627390 643
1627400 645
1627410 645
1627420 651
1627430 659
1627440 668
1627450 668
1627460 676
1627470 685
1627480 685
1627490 693
1627500 699
1627510 699
1627520 704
1627530 707
1627540 707
1627550 710
1627560 714
1627570 718
1627580 718
1627590 722
1627600 727
1627610 727
1627620 732
1627630 734
1627640 734
1627650 734
1627660 733
1627670 733
1627680 732
1627690 735
1627700 735
1627710 740
1627720 747
1627730 752
1627740 752
1627750 756
1627760 760
1627770 760
1627780 764
1627790 767
1627800 767
1627810 769
1627820 769
1627830 769
1627840 768
1627850 766
1627860 764
1627870 764
1627880 763
1627890 762
1627900 762
1627910 762
1627920 760
1627930 760
1627940 759
1627950 755
1627960 755
1627970 750
1627980 742
1627990 742
1628000 734
1628010 726
1628020 728
1628030 728
1628040 734
1628050 737
1628060 737
1628070 740
1628080 743
1628090 743
1628100 747
1628110 748
1628120 748
1628130 748
1628140 747
1628150 745
1628160 745
1628170 742
1628180 739
1628190 739
1628200 739
1628210 743
1628220 743
1628230 749
1628240 752
1628250 752
1628260 756
1628270 759
1628280 759
1628290 759
1628300 757
1628310 754
1628320 754
1628330 751
1628340 747
1628350 747
1628360 744
1628370 741
1628380 741
1628390 738
1628400 734
1628410 734
1628420 730
1628430 726
1628440 721
1628450 721
1628460 717
1628470 713
1628480 713
1628490 710
1628500 707
1628510 707
1628520 706
1628530 703
1628540 703
1628550 701
1628560 698
1628570 698
1628580 694
1628590 691
1628600 690
1628610 690
1628620 690
1628630 689
1628640 689
1628650 689
1628660 689
1628670 689
1628680 689
1628690 689
1628700 689
1628710 689
1628720 689
1628730 690
1628740 690
1628750 691
1628760 693
1628770 693
1628780 695
1628790 697
1628800 697
1628810 699
1628820 699
1628830 699
1628840 698
1628850 699
1628860 699
1628870 696
1628880 697
1628890 698
1628900 698
1628910 703
1628920 710
1628930 710
1628940 717
1628950 722
1628960 722
1628970 727
1628980 731
1628990 731
1629000 733
1629010 732
1629020 724
1629030 724
1629040 717
1629050 725
1629060 725
1629070 733
1629080 739
1629090 739
1629100 740
1629110 741
1629120 741
1629130 743
1629140 746
1629150 746
1629160 748
1629170 745
1629180 742
1629190 742
1629200 740
1629210 739
1629220 739
1629230 740
1629240 740
1629250 740
1629260 739
1629270 736
1629280 736
1629290 732
1629300 731
1629310 730
1629320 730
1629330 730
1629340 727
1629350 727
1629360 723
1629370 719
1629380 719
1629390 715
1629400 713
1629410 713
1629420 713
1629430 715
1629440 715
1629450 715
1629460 715
1629470 715
1629480 715
1629490 716
1629500 717
1629510 717
1629520 718
1629530 720
1629540 720
1629550 722
1629560 726
1629570 726
1629580 732
1629590 738
1629600 744
1629610 744
1629620 747
1629630 747
1629640 747
1629650 746
1629660 743
1629670 743
1629680 742
1629690 744
1629700 744
1629710 747
1629720 752
1629730 758
1629740 761
1629750 768
1629760 774
1629770 774
1629780 780
1629790 785
1629800 785
1629810 790
1629820 795
1629830 795
1629840 800
1629850 804
1629860 804
1629870 809
1629880 812
1629890 816
1629900 816
1629910 818
1629920 820
1629930 820
1629940 822
1629950 823
1629960 823
1629970 823
1629980 823
1629990 823
1630000 820
1630010 818
1630020 815
1630030 815
1630040 811
1630050 806
1630060 806
1630070 801
1630080 798
1630090 798
1630100 798
1630110 799
1630120 799
1630130 800
1630140 800
1630150 800
1630160 800
1630170 801
1630180 803
1630190 803
1630200 807
1630210 809
1630220 809
1630230 808
1630240 812
1630250 812
1630260 818
1630270 821
1630280 821
1630290 825
1630300 833
1630310 838
1630320 838
1630330 844
1630340 853
1630350 853
1630360 864
1630370 875
1630380 875
1630390 883
1630400 889
1630410 889
1630420 893
1630430 896
1630440 896
1630450 897
1630460 899
1630470 902
1630480 902
1630490 905
1630500 910
1630510 910
1630520 914
1630530 917
1630540 917
1630550 921
1630560 925
1630570 925
1630580 931
1630590 937
1630600 948
1630610 948
1630620 956
1630630 962
1630640 962
1630650 967
1630660 970
1630670 970
1630680 970
1630690 968
1630700 968
1630710 964
1630720 957
1630730 957
1630740 950
1630750 943
1630760 939
1630770 939
1630780 937
1630790 936
1630800 936
1630810 936
1630820 935
1630830 935
1630840 933
1630850 935
1630860 935
1630870 943
1630880 951
1630890 959
1630900 959
1630910 967
1630920 974
1630930 974
1630940 981
1630950 987
1630960 987
1630970 992
1630980 998
1630990 998
1631000 1004
1631010 1009
1631020 1009
1631030 1014
1631040 1019
1631050 1024
1631060 1024
1631070 1029
1631080 1032
1631090 1032
1631100 1035
1631110 1038
1631120 1038
1631130 1039
1631140 1039
1631150 1039
1631160 1038
1631170 1032
1631180 1026
1631190 1026
1631200 1019
1631210 1012
1631220 1012
1631230 1008
1631240 1006
1631250 1006
1631260 1001
1631270 997
1631280 997
1631290 994
1631300 992
1631310 992
1631320 991
1631330 988
1631340 987
1631350 987
1631360 986
1631370 984
1631380 984
1631390 981
1631400 977
1631410 977
1631420 972
1631430 967
1631440 967
1631450 961
1631460 966
1631470 967
1631480 967
1631490 973
1631500 981
1631510 981
1631520 989
1631530 997
1631540 997
1631550 1004
1631560 1010
1631570 1010
1631580 1017
1631590 1025
1631600 1025
1631610 1032
1631620 1040
1631630 1048
1631640 1048
1631650 1054
1631660 1058
1631670 1058
1631680 1062
1631690 1063
1631700 1063
1631710 1064
1631720 1064
1631730 1064
1631740 1065
1631750 1065
1631760 1064
1631770 1064
1631780 1063
1631790 1062
1631800 1062
1631810 1063
1631820 1064
1631830 1064
1631840 1064
1631850 1064
1631860 1064
1631870 1064
1631880 1065
1631890 1065
1631900 1066
1631910 1067
1631920 1068
1631930 1068
1631940 1070
1631950 1072
1631960 1072
1631970 1074
1631980 1074
1631990 1074
1632000 1074
1632010 1074
1632020 1074
1632030 1079
1632040 1083
1632050 1086
1632060 1086
1632070 1087
1632080 1089
1632090 1089
1632100 1094
1632110 1097
1632120 1097
1632130 1099
1632140 1101
1632150 1101
1632160 1104
1632170 1107
1632180 1107
1632190 1109
1632200 1109
1632210 1108
1632220 1108
1632230 1105
1632240 1109
1632250 1109
1632260 1119
1632270 1126
1632280 1126
1632290 1132
1632300 1137
1632310 1140
1632320 1145
1632330 1151
1632340 1158
1632350 1158
1632360 1165
1632370 1172
1632380 1172
1632390 1179
1632400 1185
1632410 1185
1632420 1191
1632430 1196
1632440 1196
1632450 1199
1632460 1202
1632470 1202
1632480 1204
1632490 1206
1632500 1206
1632510 1206
1632520 1205
1632530 1205
1632540 1205
1632550 1204
1632560 1201
1632570 1201
1632580 1198
1632590 1192
1632600 1192
1632610 1187
1632620 1182
1632630 1178
1632640 1178
1632650 1173
1632660 1169
1632670 1169
1632680 1164
1632690 1156
1632700 1156
1632710 1150
1632720 1144
1632730 1144
1632740 1138
1632750 1131
1632760 1131
1632770 1122
1632780 1124
1632790 1132
1632800 1132
1632810 1141
1632820 1150
1632830 1150
1632840 1157
1632850 1166
1632860 1166
1632870 1174
1632880 1181
1632890 1181
1632900 1186
1632910 1189
1632920 1194
1632930 1194
1632940 1199
1632950 1205
1632960 1205
1632970 1210
1632980 1217
1632990 1217
1633000 1222
1633010 1226
1633020 1226
1633030 1229
1633040 1232
1633050 1232
1633060 1235
1633070 1238
1633080 1242
1633090 1242
1633100 1247
1633110 1251
1633120 1251
1633130 1254
1633140 1261
1633150 1261
1633160 1271
1633170 1279
1633180 1279
1633190 1278
1633200 1273
1633210 1268
1633220 1268
1633230 1263
1633240 1258
1633250 1258
1633260 1253
1633270 1250
1633280 1250
1633290 1250
1633300 1255
1633310 1255
1633320 1260
1633330 1266
1633340 1271
1633350 1271
1633360 1276
1633370 1281
1633380 1281
1633390 1285
1633400 1291
1633410 1291
1633420 1297
1633430 1302
1633440 1302
1633450 1306
1633460 1311
1633470 1311
1633480 1315
1633490 1321
1633500 1326
1633510 1326
1633520 1331
1633530 1336
1633540 1336
1633550 1342
1633560 1346
1633570 1346
1633580 1351
1633590 1355
1633600 1355
1633610 1359
1633620 1362
1633630 1363
1633640 1363
1633650 1363
1633660 1362
1633670 1362
1633680 1359
1633690 1356
1633700 1356
1633710 1354
1633720 1353
1633730 1353
1633740 1354
1633750 1356
1633760 1356
1633770 1359
1633780 1362
1633790 1366
1633800 1366
1633810 1371
1633820 1375
1633830 1375
1633840 1378
1633850 1382
1633860 1382
1633870 1385
1633880 1388
1633890 1388
1633900 1394
1633910 1399
1633920 1404
1633930 1404
1633940 1407
1633950 1410
1633960 1410
1633970 1412
1633980 1414
1633990 1414
1634000 1418
1634010 1419
1634020 1419
1634030 1421
1634040 1422
1634050 1422
1634060 1423
1634070 1424
1634080 1425
1634090 1425
1634100 1426
1634110 1425
1634120 1425
1634130 1423
1634140 1420
1634150 1420
1634160 1416
1634170 1414
1634180 1414
1634190 1413
1634200 1415
1634210 1419
1634220 1419
1634230 1423
1634240 1427
1634250 1427
1634260 1432
1634270 1436
1634280 1436
1634290 1441
1634300 1444
1634310 1444
1634320 1448
1634330 1451
1634340 1451
1634350 1455
1634360 1458
1634370 1461
1634380 1461
1634390 1464
1634400 1467
1634410 1467
1634420 1469
1634430 1472
1634440 1472
1634450 1474
1634460 1476
1634470 1476
1634480 1478
1634490 1479
1634500 1481
1634510 1481
1634520 1482
1634530 1482
1634540 1482
1634550 1483
1634560 1483
1634570 1483
1634580 1483
1634590 1482
1634600 1482
1634610 1481
1634620 1478
1634630 1478
1634640 1473
1634650 1468
1634660 1462
1634670 1462
1634680 1456
1634690 1450
1634700 1450
1634710 1444
1634720 1439
1634730 1439
1634740 1434
1634750 1429
1634760 1429
1634770 1424
1634780 1419
1634790 1414
1634800 1414
1634810 1409
1634820 1403
1634830 1401
1634840 1396
1634850 1391
1634860 1391
1634870 1386
1634880 1381
1634890 1381
1634900 1376
1634910 1371
1634920 1371
1634930 1366
1634940 1362
1634950 1358
1634960 1358
1634970 1354
1634980 1350
1634990 1350
1635000 1346
1635010 1342
1635020 1342
1635030 1338
1635040 1336
1635050 1336
1635060 1337
1635070 1338
1635080 1339
1635090 1339
1635100 1341
1635110 1342
1635120 1342
1635130 1343
1635140 1344
1635150 1344
1635160 1344
1635170 1344
1635180 1344
1635190 1344
1635200 1345
1635210 1345
1635220 1344
1635230 1344
1635240 1343
1635250 1343
1635260 1341
1635270 1340
1635280 1340
1635290 1339
1635300 1338
1635310 1338
1635320 1336
1635330 1336
1635340 1336
1635350 1335
1635360 1333
1635370 1331
1635380 1331
1635390 1329
1635400 1328
1635410 1328
1635420 1328
1635430 1328
1635440 1328
1635450 1328
1635460 1330
1635470 1330
1635480 1334
1635490 1337
1635500 1337
1635510 1339
1635520 1342
1635530 1345
1635540 1345
1635550 1347
1635560 1351
1635570 1351
1635580 1354
1635590 1357
1635600 1357
1635610 1360
1635620 1362
1635630 1362
1635640 1364
1635650 1366
1635660 1367
1635670 1372
1635680 1372
1635690 1371
1635700 1371
1635710 1368
1635720 1364
1635730 1364
1635740 1359
1635750 1354
1635760 1354
1635770 1349
1635780 1347
1635790 1347
1635800 1346
1635810 1345
1635820 1344
1635830 1344
1635840 1343
1635850 1341
1635860 1341
1635870 1339
1635880 1336
1635890 1336
1635900 1334
1635910 1331
1635920 1331
1635930 1329
1635940 1328
1635950 1327
1635960 1327
1635970 1328
1635980 1331
1635990 1331
1636000 1334
1636010 1340
1636020 1340
1636030 1345
1636040 1351
1636050 1351
1636060 1356
1636070 1361
1636080 1361
1636090 1367
1636100 1372
1636110 1378
1636120 1378
1636130 1383
1636140 1387
1636150 1387
1636160 1391
1636170 1395
1636180 1395
1636190 1398
1636200 1401
1636210 1401
1636220 1404
1636230 1406
1636240 1408
1636250 1408
1636260 1410
1636270 1411
1636280 1411
1636290 1413
1636300 1415
1636310 1415
1636320 1415
1636330 1414
1636340 1414
1636350 1412
1636360 1413
1636370 1413
1636380 1418
1636390 1423
1636400 1428
1636410 1428
1636420 1433
1636430 1438
1636440 1438
1636450 1443
1636460 1448
1636470 1448
1636480 1453
1636490 1459
1636500 1459
1636510 1463
1636520 1467
1636530 1470
1636540 1470
1636550 1473
1636560 1476
1636570 1476
1636580 1479
1636590 1482
1636600 1482
1636610 1484
1636620 1486
1636630 1486
1636640 1486
1636650 1483
1636660 1483
1636670 1479
1636680 1474
1636690 1468
1636700 1468
1636710 1463
1636720 1458
1636730 1458
1636740 1453
1636750 1448
1636760 1448
1636770 1443
1636780 1439
1636790 1439
1636800 1434
1636810 1429
1636820 1423
1636830 1423
1636840 1419
1636850 1416
1636860 1416
1636870 1414
1636880 1412
1636890 1412
1636900 1410
