1620000 881
1620010 879
1620020 876
1620030 876
1620040 873
1620050 866
1620060 866
1620070 861
1620080 857
1620090 850
1620100 850
1620110 841
1620120 834
1620130 834
1620140 826
1620150 819
1620160 819
1620170 812
1620180 804
1620190 804
1620200 797
1620210 790
1620220 790
1620230 784
1620240 778
1620250 772
1620260 772
1620270 765
1620280 757
1620290 757
1620300 751
1620310 745
1620320 745
1620330 741
1620340 737
1620350 737
1620360 728
1620370 720
1620380 712
1620390 712
1620400 709
1620410 711
1620420 711
1620430 713
1620440 715
1620450 715
1620460 718
1620470 721
1620480 721
1620490 725
1620500 730
1620510 730
1620520 736
1620530 743
1620540 750
1620550 750
1620560 757
1620570 758
1620580 758
1620590 758
1620600 757
1620610 757
1620620 751
1620630 744
1620640 744
1620650 737
1620660 730
1620670 723
1620680 723
1620690 716
1620700 709
1620710 709
1620720 702
1620730 695
1620740 695
1620750 687
1620760 681
1620770 681
1620780 686
1620790 692
1620800 692
1620810 697
1620820 701
1620830 707
1620840 707
1620850 713
1620860 719
1620870 719
1620880 725
1620890 730
1620900 730
1620910 735
1620920 740
1620930 740
1620940 742
1620950 746
1620960 749
1620970 749
1620980 752
1620990 755
1621000 755
1621010 757
1621020 759
1621030 759
1621040 763
1621050 765
1621060 765
1621070 766
1621080 766
1621090 766
1621100 767
1621110 766
1621120 765
1621130 765
1621140 765
1621150 765
1621160 765
1621170 763
1621180 760
1621190 760
1621200 758
1621210 757
1621220 757
1621230 756
1621240 757
1621250 758
1621260 758
1621270 758
1621280 758
1621290 758
1621300 758
1621310 759
1621320 759
1621330 760
1621340 760
1621350 760
1621360 759
1621370 757
1621380 757
1621390 755
1621400 754
1621410 754
1621420 754
1621430 756
1621440 757
1621450 757
1621460 758
1621470 759
1621480 759
1621490 759
1621500 757
1621510 757
1621520 754
1621530 753
1621540 754
1621550 754
1621560 757
1621570 759
1621580 759
1621590 760
1621600 761
1621610 761
1621620 763
1621630 766
1621640 766
1621650 769
1621660 772
1621670 772
1621680 773
1621690 773
1621700 774
1621710 774
1621720 775
1621730 775
1621740 775
1621750 775
1621760 776
1621770 776
1621780 776
1621790 774
1621800 774
1621810 772
1621820 769
1621830 769
1621840 764
1621850 759
1621860 755
1621870 755
1621880 752
1621890 749
1621900 749
1621910 745
1621920 743
1621930 743
1621940 739
1621950 735
1621960 735
1621970 731
1621980 726
1621990 723
1622000 723
1622010 720
1622020 718
1622030 718
1622040 715
1622050 712
1622060 712
1622070 710
1622080 707
1622090 707
1622100 705
1622110 701
1622120 701
1622130 697
1622140 692
1622150 688
1622160 688
1622170 685
1622180 684
1622190 684
1622200 681
1622210 676
1622220 676
1622230 672
1622240 668
1622250 668
1622260 664
1622270 660
1622280 657
1622290 657
1622300 654
1622310 650
1622320 650
1622330 645
1622340 645
1622350 645
1622360 651
1622370 653
1622380 653
1622390 652
1622400 653
1622410 653
1622420 653
1622430 653
1622440 653
1622450 653
1622460 653
1622470 653
1622480 653
1622490 653
1622500 653
1622510 653
1622520 650
1622530 644
1622540 644
1622550 637
1622560 631
1622570 634
1622580 634
1622590 638
1622600 639
1622610 639
1622620 638
1622630 635
1622640 635
1622650 636
1622660 639
1622670 639
1622680 638
1622690 634
1622700 634
1622710 628
1622720 626
1622730 627
1622740 627
1622750 626
1622760 626
1622770 626
1622780 623
1622790 618
1622800 618
1622810 619
1622820 618
1622830 618
1622840 620
1622850 624
1622860 626
1622870 626
1622880 625
1622890 625
1622900 625
1622910 625
1622920 621
1622930 621
1622940 614
1622950 609
1622960 609
1622970 604
1622980 598
1622990 598
1623000 592
1623010 585
1623020 581
1623030 581
1623040 577
1623050 572
1623060 572
1623070 564
1623080 559
1623090 559
1623100 556
1623110 554
1623120 554
1623130 554
1623140 553
1623150 554
1623160 554
1623170 554
1623180 554
1623190 554
1623200 554
1623210 553
1623220 553
1623230 550
1623240 552
1623250 552
1623260 554
1623270 554
1623280 554
1623290 555
1623300 561
1623310 568
1623320 568
1623330 572
1623340 575
1623350 575
1623360 579
1623370 585
1623380 585
1623390 590
1623400 595
1623410 595
1623420 601
1623430 606
1623440 614
1623450 614
1623460 621
1623470 628
1623480 628
1623490 634
1623500 641
1623510 641
1623520 649
1623530 657
1623540 657
1623550 666
1623560 675
1623570 675
1623580 683
1623590 690
1623600 695
1623610 695
1623620 698
1623630 701
1623640 701
1623650 704
1623660 707
1623670 707
1623680 709
1623690 712
1623700 712
1623710 715
1623720 718
1623730 721
1623740 721
1623750 725
1623760 728
1623770 728
1623780 731
1623790 734
1623800 734
1623810 737
1623820 739
1623830 739
1623840 741
1623850 741
1623860 741
1623870 740
1623880 737
1623890 733
1623900 733
1623910 728
1623920 724
1623930 724
1623940 719
1623950 714
1623960 714
1623970 712
1623980 706
1623990 706
1624000 699
1624010 693
1624020 689
1624030 689
1624040 685
1624050 681
1624060 681
1624070 678
1624080 675
1624090 675
1624100 672
1624110 667
1624120 667
1624130 663
1624140 660
1624150 660
1624160 655
1624170 650
1624180 644
1624190 644
1624200 638
1624210 633
1624220 633
1624230 628
1624240 622
1624250 622
1624260 616
1624270 611
1624280 611
1624290 606
1624300 601
1624310 596
1624320 596
1624330 587
1624340 578
1624350 578
1624360 570
1624370 564
1624380 564
1624390 559
1624400 556
1624410 556
1624420 554
1624430 553
1624440 553
1624450 554
1624460 554
1624470 555
1624480 555
1624490 555
1624500 555
1624510 555
1624520 555
1624530 555
1624540 555
1624550 555
1624560 555
1624570 555
1624580 557
1624590 560
1624600 563
1624610 563
1624620 568
1624630 576
1624640 576
1624650 584
1624660 592
1624670 592
1624680 599
1624690 606
1624700 606
1624710 612
1624720 619
1624730 619
1624740 624
1624750 627
1624760 628
1624770 628
1624780 630
1624790 633
1624800 633
1624810 635
1624820 637
1624830 637
1624840 640
1624850 642
1624860 639
1624870 642
1624880 645
1624890 645
1624900 648
1624910 650
1624920 653
1624930 653
1624940 656
1624950 660
1624960 660
1624970 664
1624980 669
1624990 669
1625000 674
1625010 679
1625020 679
1625030 683
1625040 687
1625050 691
1625060 691
1625070 696
1625080 701
1625090 701
1625100 707
1625110 711
1625120 711
1625130 712
1625140 711
1625150 711
1625160 713
1625170 717
1625180 717
1625190 719
1625200 721
1625210 722
1625220 722
1625230 724
1625240 726
1625250 726
1625260 728
1625270 729
1625280 729
1625290 730
1625300 732
1625310 732
1625320 733
1625330 735
1625340 736
1625350 736
1625360 738
1625370 740
1625380 740
1625390 741
1625400 744
1625410 744
1625420 747
1625430 752
1625440 752
1625450 755
1625460 759
1625470 759
1625480 763
1625490 769
1625500 772
1625510 772
1625520 775
1625530 778
1625540 778
1625550 779
1625560 780
1625570 780
1625580 782
1625590 783
1625600 783
1625610 783
1625620 785
1625630 786
1625640 786
1625650 787
1625660 788
1625670 788
1625680 789
1625690 791
1625700 791
1625710 793
1625720 795
1625730 795
1625740 797
1625750 791
1625760 791
1625770 793
1625780 795
1625790 797
1625800 797
1625810 799
1625820 802
1625830 802
1625840 806
1625850 808
1625860 808
1625870 809
1625880 809
1625890 809
1625900 809
1625910 809
1625920 811
1625930 811
1625940 811
1625950 814
1625960 814
1625970 817
1625980 819
1625990 819
1626000 821
1626010 826
1626020 826
1626030 831
1626040 842
1626050 842
1626060 849
1626070 853
1626080 856
1626090 856
1626100 859
1626110 861
1626120 861
1626130 862
1626140 866
1626150 866
1626160 871
1626170 878
1626180 878
1626190 883
1626200 881
1626210 879
1626220 879
1626230 881
1626240 876
1626250 876
1626260 872
1626270 874
1626280 874
1626290 877
1626300 881
1626310 881
1626320 884
1626330 888
1626340 888
1626350 890
1626360 892
1626370 898
1626380 898
1626390 905
1626400 905
1626410 905
1626420 908
1626430 914
1626440 914
1626450 922
1626460 931
1626470 931
1626480 939
1626490 941
1626500 942
1626510 942
1626520 945
1626530 948
1626540 948
1626550 953
1626560 957
1626570 957
1626580 962
1626590 969
1626600 969
1626610 976
1626620 983
1626630 983
1626640 984
1626650 991
1626660 995
1626670 995
1626680 1000
1626690 1004
1626700 1004
1626710 1007
1626720 1009
1626730 1009
1626740 1012
1626750 1015
1626760 1015
1626770 1017
1626780 1018
1626790 1021
1626800 1021
1626810 1023
1626820 1025
1626830 1025
1626840 1028
1626850 1030
1626860 1030
1626870 1032
1626880 1035
1626890 1035
1626900 1036
1626910 1037
1626920 1037
1626930 1037
1626940 1038
1626950 1039
1626960 1039
1626970 1041
1626980 1043
1626990 1043
1627000 1045
1627010 1048
1627020 1048
1627030 1052
1627040 1055
1627050 1055
1627060 1057
1627070 1059
1627080 1060
1627090 1060
1627100 1062
1627110 1064
1627120 1064
1627130 1066
1627140 1068
1627150 1068
1627160 1070
1627170 1072
1627180 1072
1627190 1074
1627200 1075
1627210 1075
1627220 1077
1627230 1078
1627240 1079
1627250 1079
1627260 1080
1627270 1081
1627280 1081
1627290 1081
1627300 1082
1627310 1082
1627320 1081
1627330 1081
1627340 1081
1627350 1081
1627360 1081
1627370 1080
1627380 1080
1627390 1078
1627400 1075
1627410 1075
1627420 1073
1627430 1073
1627440 1073
1627450 1072
1627460 1072
1627470 1072
1627480 1071
1627490 1071
1627500 1071
1627510 1069
1627520 1070
1627530 1068
1627540 1068
1627550 1065
1627560 1063
1627570 1063
1627580 1061
1627590 1061
1627600 1061
1627610 1063
1627620 1065
1627630 1065
1627640 1066
1627650 1067
1627660 1069
1627670 1069
1627680 1070
1627690 1071
1627700 1071
1627710 1072
1627720 1074
1627730 1074
1627740 1075
1627750 1076
1627760 1076
1627770 1076
1627780 1076
1627790 1076
1627800 1075
1627810 1074
1627820 1073
1627830 1073
1627840 1072
1627850 1072
1627860 1072
1627870 1072
1627880 1072
1627890 1072
1627900 1073
1627910 1073
1627920 1073
1627930 1075
1627940 1076
1627950 1076
1627960 1077
1627970 1078
1627980 1079
1627990 1079
1628000 1080
1628010 1081
1628020 1081
1628030 1082
1628040 1083
1628050 1083
1628060 1084
1628070 1084
1628080 1084
1628090 1085
1628100 1087
1628110 1089
1628120 1089
1628130 1090
1628140 1092
1628150 1092
1628160 1093
1628170 1094
1628180 1094
1628190 1094
1628200 1095
1628210 1095
1628220 1096
1628230 1098
1628240 1098
1628250 1100
1628260 1102
1628270 1104
1628280 1104
1628290 1106
1628300 1108
1628310 1108
1628320 1111
1628330 1113
1628340 1113
1628350 1115
1628360 1117
1628370 1117
1628380 1118
1628390 1119
1628400 1122
1628410 1122
1628420 1122
1628430 1123
1628440 1123
1628450 1124
1628460 1125
1628470 1125
1628480 1127
1628490 1128
1628500 1128
1628510 1128
1628520 1128
1628530 1128
1628540 1125
1628550 1121
1628560 1118
1628570 1118
1628580 1115
1628590 1112
1628600 1112
1628610 1107
1628620 1099
1628630 1099
1628640 1091
1628650 1084
1628660 1084
1628670 1079
1628680 1073
1628690 1068
1628700 1068
1628710 1064
1628720 1061
1628730 1061
1628740 1059
1628750 1055
1628760 1055
1628770 1050
1628780 1043
1628790 1043
1628800 1037
1628810 1032
1628820 1032
1628830 1029
1628840 1025
1628850 1023
1628860 1023
1628870 1021
1628880 1020
1628890 1020
1628900 1017
1628910 1013
1628920 1013
1628930 1008
1628940 1000
1628950 1000
1628960 991
1628970 983
1628980 978
1628990 978
1629000 973
1629010 968
1629020 968
1629030 964
1629040 957
1629050 957
1629060 950
1629070 946
1629080 946
1629090 946
1629100 947
1629110 947
1629120 945
1629130 942
1629140 939
1629150 939
1629160 937
1629170 935
1629180 935
1629190 935
1629200 935
1629210 935
1629220 931
1629230 929
1629240 929
1629250 928
1629260 926
1629270 928
1629280 928
1629290 925
1629300 922
1629310 922
1629320 920
1629330 918
1629340 918
1629350 919
1629360 921
1629370 921
1629380 923
1629390 926
1629400 926
1629410 929
1629420 932
1629430 934
1629440 934
1629450 935
1629460 934
1629470 934
1629480 932
1629490 930
1629500 930
1629510 930
1629520 930
1629530 930
1629540 929
1629550 927
1629560 926
1629570 926
1629580 927
1629590 930
1629600 930
1629610 932
1629620 933
1629630 933
1629640 932
1629650 928
1629660 928
1629670 922
1629680 913
1629690 913
1629700 902
1629710 893
1629720 885
1629730 885
1629740 878
1629750 871
1629760 871
1629770 863
1629780 856
1629790 856
1629800 849
1629810 841
1629820 841
1629830 833
1629840 828
1629850 828
1629860 828
1629870 831
1629880 835
1629890 835
1629900 836
1629910 834
1629920 834
1629930 835
1629940 838
1629950 838
1629960 844
1629970 846
1629980 846
1629990 846
1630000 843
1630010 838
1630020 838
1630030 830
1630040 827
1630050 827
1630060 828
1630070 824
1630080 824
1630090 815
1630100 813
1630110 813
1630120 821
1630130 828
1630140 832
1630150 832
1630160 829
1630170 824
1630180 824
1630190 819
1630200 815
1630210 815
1630220 814
1630230 814
1630240 814
1630250 813
1630260 812
1630270 812
1630280 810
1630290 806
1630300 802
1630310 802
1630320 795
1630330 794
1630340 794
1630350 800
1630360 806
1630370 806
1630380 808
1630390 803
1630400 803
1630410 795
1630420 788
1630430 784
1630440 784
1630450 780
1630460 779
1630470 779
1630480 778
1630490 778
1630500 778
1630510 779
1630520 783
1630530 783
1630540 786
1630550 788
1630560 788
1630570 789
1630580 788
1630590 786
1630600 786
1630610 784
1630620 783
1630630 783
1630640 780
1630650 777
1630660 777
1630670 781
1630680 783
1630690 783
1630700 782
1630710 778
1630720 778
1630730 772
1630740 766
1630750 761
1630760 761
1630770 756
1630780 752
1630790 752
1630800 748
1630810 746
1630820 746
1630830 746
1630840 746
1630850 746
1630860 747
1630870 748
1630880 748
1630890 748
1630900 748
1630910 748
1630920 748
1630930 748
1630940 748
1630950 748
1630960 747
1630970 745
1630980 745
1630990 746
1631000 744
1631010 744
1631020 742
1631030 739
1631040 736
1631050 736
1631060 734
1631070 733
1631080 733
1631090 733
1631100 732
1631110 732
1631120 732
1631130 733
1631140 733
1631150 733
1631160 734
1631170 739
1631180 739
1631190 748
1631200 756
1631210 756
1631220 761
1631230 761
1631240 761
1631250 758
1631260 757
1631270 757
1631280 757
1631290 757
1631300 757
1631310 757
1631320 756
1631330 756
1631340 756
1631350 759
1631360 765
1631370 765
1631380 772
1631390 779
1631400 779
1631410 785
1631420 790
1631430 790
1631440 792
1631450 794
1631460 795
1631470 795
1631480 798
1631490 801
1631500 801
1631510 803
1631520 806
1631530 806
1631540 809
1631550 812
1631560 812
1631570 814
1631580 818
1631590 818
1631600 820
1631610 822
1631620 823
1631630 823
1631640 822
1631650 819
1631660 819
1631670 815
1631680 817
1631690 817
1631700 825
1631710 831
1631720 831
1631730 835
1631740 838
1631750 839
1631760 839
1631770 840
1631780 841
1631790 841
1631800 842
1631810 844
1631820 844
1631830 848
1631840 853
1631850 848
1631860 854
1631870 858
1631880 858
1631890 862
1631900 865
1631910 869
1631920 869
1631930 872
1631940 873
1631950 873
1631960 874
1631970 872
1631980 872
1631990 869
1632000 864
1632010 864
1632020 859
1632030 853
1632040 847
1632050 847
1632060 839
1632070 832
1632080 832
1632090 826
1632100 821
1632110 821
1632120 826
1632130 836
1632140 836
1632150 840
1632160 843
1632170 843
1632180 847
1632190 851
1632200 855
1632210 855
1632220 859
1632230 863
1632240 863
1632250 868
1632260 873
1632270 873
1632280 878
1632290 882
1632300 882
1632310 888
1632320 895
1632330 902
1632340 902
1632350 909
1632360 915
1632370 915
1632380 921
1632390 927
1632400 927
1632410 932
1632420 937
1632430 937
1632440 941
1632450 943
1632460 943
1632470 944
1632480 942
1632490 939
1632500 939
1632510 936
1632520 934
1632530 934
1632540 932
1632550 930
1632560 930
1632570 927
1632580 924
1632590 924
1632600 919
1632610 914
1632620 908
1632630 908
1632640 904
1632650 905
1632660 905
1632670 904
1632680 902
1632690 902
1632700 889
1632710 883
1632720 883
1632730 878
1632740 876
1632750 876
1632760 881
1632770 887
1632780 891
1632790 891
1632800 895
1632810 900
1632820 900
1632830 905
1632840 909
1632850 909
1632860 914
1632870 921
1632880 921
1632890 929
1632900 937
1632910 943
1632920 943
1632930 949
1632940 955
1632950 955
1632960 960
1632970 965
1632980 965
1632990 969
1633000 973
1633010 973
1633020 978
1633030 983
1633040 983
1633050 989
1633060 993
1633070 998
1633080 998
1633090 1004
1633100 1009
1633110 1009
1633120 1013
1633130 1020
1633140 1020
1633150 1026
1633160 1029
1633170 1029
1633180 1030
1633190 1025
1633200 1025
1633210 1020
1633220 1014
1633230 1009
1633240 1009
1633250 1004
1633260 999
1633270 999
1633280 994
1633290 989
1633300 989
1633310 987
1633320 983
1633330 983
1633340 982
1633350 981
1633360 980
1633370 980
1633380 979
1633390 978
1633400 978
1633410 976
1633420 972
1633430 972
1633440 964
1633450 955
1633460 955
1633470 948
1633480 942
1633490 942
1633500 938
1633510 935
1633520 930
1633530 930
1633540 924
1633550 920
1633560 920
1633570 915
1633580 917
1633590 917
1633600 926
1633610 930
1633620 930
1633630 934
1633640 939
1633650 946
1633660 946
1633670 951
1633680 959
1633690 959
1633700 966
1633710 973
1633720 973
1633730 977
1633740 981
1633750 981
1633760 986
1633770 992
1633780 992
1633790 998
1633800 1005
1633810 1012
1633820 1012
1633830 1019
1633840 1027
1633850 1027
1633860 1034
1633870 1041
1633880 1041
1633890 1047
1633900 1053
1633910 1053
1633920 1058
1633930 1059
1633940 1060
1633950 1060
1633960 1059
1633970 1057
1633980 1057
1633990 1056
1634000 1053
1634010 1053
1634020 1048
1634030 1041
1634040 1041
1634050 1034
1634060 1028
1634070 1028
1634080 1022
1634090 1016
1634100 1010
1634110 1010
1634120 1004
1634130 1000
1634140 1000
1634150 998
1634160 998
1634170 998
1634180 999
1634190 1002
1634200 1002
1634210 1004
1634220 1006
1634230 1006
1634240 1006
1634250 1008
1634260 1009
1634270 1009
1634280 1010
1634290 1009
1634300 1009
1634310 1007
1634320 1001
1634330 1001
1634340 995
1634350 989
1634360 989
1634370 983
1634380 973
1634390 967
1634400 967
1634410 961
1634420 955
1634430 955
1634440 949
1634450 942
1634460 942
1634470 940
1634480 939
1634490 939
1634500 937
1634510 937
1634520 940
1634530 940
1634540 943
1634550 951
1634560 951
1634570 958
1634580 964
1634590 964
1634600 968
1634610 968
1634620 968
1634630 966
1634640 961
1634650 961
1634660 955
1634670 949
1634680 943
1634690 943
1634700 941
1634710 941
1634720 941
1634730 942
1634740 942
1634750 942
1634760 943
1634770 944
1634780 944
1634790 945
1634800 946
1634810 948
1634820 948
1634830 949
1634840 950
1634850 950
1634860 951
1634870 952
1634880 952
1634890 952
1634900 954
1634910 954
1634920 955
1634930 957
1634940 957
1634950 959
1634960 959
1634970 955
1634980 955
1634990 955
1635000 962
1635010 962
1635020 970
1635030 977
1635040 977
1635050 984
1635060 989
1635070 989
1635080 992
1635090 995
1635100 998
1635110 998
1635120 1002
1635130 1008
1635140 1008
1635150 1013
1635160 1016
1635170 1016
1635180 1018
1635190 1021
1635200 1021
1635210 1026
1635220 1030
1635230 1030
1635240 1035
1635250 1040
1635260 1045
1635270 1045
1635280 1051
1635290 1058
1635300 1058
1635310 1065
1635320 1073
1635330 1073
1635340 1080
1635350 1086
1635360 1086
1635370 1091
1635380 1097
1635390 1102
1635400 1102
1635410 1106
1635420 1112
1635430 1112
1635440 1117
1635450 1126
1635460 1126
1635470 1134
1635480 1139
1635490 1139
1635500 1143
1635510 1146
1635520 1146
1635530 1148
1635540 1153
1635550 1158
1635560 1158
1635570 1164
1635580 1169
1635590 1169
1635600 1174
1635610 1179
1635620 1179
1635630 1182
1635640 1186
1635650 1186
1635660 1189
1635670 1191
1635680 1193
1635690 1193
1635700 1192
1635710 1191
1635720 1191
1635730 1187
1635740 1182
1635750 1182
1635760 1178
1635770 1182
1635780 1182
1635790 1189
1635800 1193
1635810 1193
1635820 1197
1635830 1199
1635840 1199
1635850 1199
1635860 1197
1635870 1194
1635880 1194
1635890 1191
1635900 1187
1635910 1187
1635920 1184
1635930 1183
1635940 1183
1635950 1183
1635960 1183
1635970 1183
1635980 1179
1635990 1173
1636000 1167
1636010 1167
1636020 1158
1636030 1156
1636040 1150
1636050 1146
1636060 1149
1636070 1149
1636080 1158
1636090 1166
1636100 1166
1636110 1171
1636120 1171
1636130 1166
1636140 1166
1636150 1159
1636160 1162
1636170 1162
1636180 1169
1636190 1174
1636200 1174
1636210 1179
1636220 1184
1636230 1184
1636240 1188
1636250 1192
1636260 1192
1636270 1197
1636280 1204
1636290 1211
1636300 1211
1636310 1220
1636320 1228
1636330 1228
1636340 1233
1636350 1233
1636360 1233
1636370 1232
1636380 1231
1636390 1231
1636400 1230
1636410 1228
1636420 1225
1636430 1225
1636440 1220
1636450 1215
1636460 1215
1636470 1210
1636480 1205
1636490 1205
1636500 1202
1636510 1201
1636520 1201
1636530 1204
1636540 1206
1636550 1206
1636560 1206
1636570 1205
1636580 1202
1636590 1202
1636600 1197
1636610 1192
1636620 1192
1636630 1187
1636640 1183
1636650 1183
1636660 1191
1636670 1200
1636680 1200
1636690 1207
1636700 1214
1636710 1220
1636720 1220
1636730 1228
1636740 1234
1636750 1234
1636760 1237
1636770 1241
1636780 1241
1636790 1247
1636800 1254
1636810 1254
1636820 1261
1636830 1269
1636840 1269
1636850 1276
1636860 1282
1636870 1283
1636880 1283
1636890 1287
1636900 1290
1636910 1290
1636920 1295
1636930 1300
1636940 1300
1636950 1303
1636960 1307
1636970 1307
1636980 1311
1636990 1316
1637000 1323
1637010 1323
1637020 1327
1637030 1330
1637040 1330
1637050 1334
1637060 1337
1637070 1337
1637080 1341
1637090 1346
1637100 1346
1637110 1352
1637120 1357
1637130 1357
1637140 1363
1637150 1367
1637160 1370
1637170 1370
1637180 1375
1637190 1378
1637200 1378
1637210 1381
1637220 1385
1637230 1385
1637240 1389
1637250 1393
1637260 1393
1637270 1397
1637280 1399
1637290 1402
1637300 1402
1637310 1407
1637320 1412
1637330 1412
1637340 1416
1637350 1420
1637360 1420
1637370 1424
1637380 1429
1637390 1429
1637400 1435
1637410 1442
1637420 1442
1637430 1448
1637440 1454
1637450 1459
1637460 1459
1637470 1465
1637480 1471
1637490 1471
1637500 1476
1637510 1481
1637520 1481
1637530 1485
1637540 1487
1637550 1487
1637560 1488
1637570 1488
1637580 1487
1637590 1487
1637600 1485
1637610 1480
1637620 1480
1637630 1476
1637640 1473
1637650 1473
1637660 1471
1637670 1469
1637680 1469
1637690 1469
1637700 1467
1637710 1467
1637720 1464
1637730 1462
1637740 1459
1637750 1459
1637760 1455
1637770 1452
1637780 1452
1637790 1449
