1620000 616
1620010 616
1620020 616
1620030 615
1620040 615
1620050 615
1620060 615
1620070 615
1620080 611
1620090 611
1620100 611
1620110 611
1620120 611
1620130 611
1620140 611
1620150 611
1620160 612
1620170 612
1620180 612
1620190 610
1620200 610
1620210 610
1620220 610
1620230 610
1620240 610
1620250 610
1620260 611
1620270 612
1620280 612
1620290 612
1620300 612
1620310 612
1620320 611
1620330 610
1620340 610
1620350 609
1620360 607
1620370 607
1620380 606
1620390 605
1620400 605
1620410 604
1620420 604
1620430 603
1620440 603
1620450 603
1620460 603
1620470 603
1620480 603
1620490 602
1620500 602
1620510 602
1620520 600
1620530 600
1620540 598
1620550 595
1620560 595
1620570 593
1620580 590
1620590 587
1620600 587
1620610 583
1620620 581
1620630 581
1620640 581
1620650 583
1620660 583
1620670 586
1620680 589
1620690 589
1620700 591
1620710 593
1620720 595
1620730 595
1620740 596
1620750 597
1620760 597
1620770 597
1620780 596
1620790 596
1620800 595
1620810 594
1620820 594
1620830 594
1620840 594
1620850 594
1620860 595
1620870 597
1620880 599
1620890 599
1620900 602
1620910 603
1620920 603
1620930 604
1620940 606
1620950 606
1620960 606
1620970 605
1620980 605
1620990 606
1621000 605
1621010 605
1621020 605
1621030 605
1621040 604
1621050 604
1621060 602
1621070 600
1621080 600
1621090 599
1621100 597
1621110 597
1621120 595
1621130 594
1621140 594
1621150 593
1621160 590
1621170 588
1621180 588
1621190 589
1621200 590
1621210 590
1621220 591
1621230 592
1621240 592
1621250 594
1621260 593
1621270 593
1621280 591
1621290 589
1621300 589
1621310 588
1621320 588
1621330 587
1621340 587
1621350 585
1621360 582
1621370 582
1621380 580
1621390 578
1621400 578
1621410 576
1621420 574
1621430 574
1621440 574
1621450 573
1621460 573
1621470 572
1621480 572
1621490 572
1621500 572
1621510 572
1621520 572
1621530 572
1621540 572
1621550 572
1621560 572
1621570 573
1621580 574
1621590 574
1621600 576
1621610 577
1621620 578
1621630 578
1621640 580
1621650 581
1621660 581
1621670 582
1621680 583
1621690 583
1621700 585
1621710 585
1621720 585
1621730 585
1621740 584
1621750 584
1621760 583
1621770 581
1621780 579
1621790 579
1621800 579
1621810 578
1621820 578
1621830 577
1621840 575
1621850 575
1621860 573
1621870 570
1621880 570
1621890 567
1621900 564
1621910 564
1621920 556
1621930 553
1621940 550
1621950 550
1621960 548
1621970 546
1621980 546
1621990 543
1622000 540
1622010 540
1622020 539
1622030 538
1622040 538
1622050 536
1622060 535
1622070 535
1622080 535
1622090 535
1622100 535
1622110 535
1622120 534
1622130 535
1622140 535
1622150 535
1622160 535
1622170 535
1622180 536
1622190 538
1622200 538
1622210 538
1622220 539
1622230 543
1622240 543
1622250 546
1622260 549
1622270 549
1622280 552
1622290 554
1622300 554
1622310 554
1622320 554
1622330 554
1622340 555
1622350 554
1622360 554
1622370 554
1622380 553
1622390 552
1622400 552
1622410 551
1622420 549
1622430 549
1622440 547
1622450 545
1622460 545
1622470 542
1622480 539
1622490 539
1622500 536
1622510 534
1622520 531
1622530 531
1622540 528
1622550 525
1622560 525
1622570 521
1622580 517
1622590 517
1622600 514
1622610 511
1622620 511
1622630 510
1622640 509
1622650 509
1622660 508
1622670 508
1622680 508
1622690 508
1622700 508
1622710 508
1622720 508
1622730 508
1622740 508
1622750 508
1622760 508
1622770 508
1622780 508
1622790 508
1622800 508
1622810 508
1622820 508
1622830 507
1622840 507
1622850 507
1622860 507
1622870 507
1622880 507
1622890 507
1622900 507
1622910 507
1622920 507
1622930 507
1622940 507
1622950 507
1622960 506
1622970 506
1622980 506
1622990 506
1623000 506
1623010 506
1623020 506
1623030 506
1623040 506
1623050 506
1623060 506
1623070 506
1623080 506
1623090 507
1623100 507
1623110 507
1623120 507
1623130 508
1623140 508
1623150 508
1623160 508
1623170 508
1623180 507
1623190 507
1623200 507
1623210 507
1623220 508
1623230 508
1623240 508
1623250 508
1623260 508
1623270 508
1623280 508
1623290 508
1623300 508
1623310 508
1623320 508
1623330 508
1623340 508
1623350 507
1623360 507
1623370 507
1623380 507
1623390 507
1623400 507
1623410 507
1623420 507
1623430 507
1623440 507
1623450 507
1623460 507
1623470 507
1623480 508
1623490 508
1623500 508
1623510 508
1623520 508
1623530 508
1623540 508
1623550 508
1623560 508
1623570 508
1623580 508
1623590 508
1623600 508
1623610 508
1623620 508
1623630 508
1623640 508
1623650 508
1623660 508
1623670 508
1623680 508
1623690 508
1623700 507
1623710 507
1623720 507
1623730 507
1623740 507
1623750 507
1623760 507
1623770 507
1623780 507
1623790 507
1623800 507
1623810 507
1623820 507
1623830 507
1623840 507
1623850 507
1623860 508
1623870 508
1623880 508
1623890 508
1623900 509
1623910 509
1623920 509
1623930 509
1623940 509
1623950 509
1623960 510
1623970 510
1623980 510
1623990 510
1624000 510
1624010 510
1624020 509
1624030 505
1624040 505
1624050 500
1624060 495
1624070 495
1624080 492
1624090 491
1624100 491
1624110 491
1624120 491
1624130 491
1624140 491
1624150 491
1624160 491
1624170 491
1624180 491
1624190 491
1624200 491
1624210 491
1624220 491
1624230 491
1624240 491
1624250 491
1624260 491
1624270 491
1624280 491
1624290 491
1624300 491
1624310 490
1624320 489
1624330 489
1624340 488
1624350 488
1624360 488
1624370 488
1624380 487
1624390 487
1624400 488
1624410 488
1624420 488
1624430 488
1624440 488
1624450 488
1624460 488
1624470 488
1624480 486
1624490 486
1624500 480
1624510 474
1624520 474
1624530 471
1624540 466
1624550 466
1624560 462
1624570 462
1624580 462
1624590 463
1624600 464
1624610 464
1624620 464
1624630 466
1624640 473
1624650 473
1624660 477
1624670 477
1624680 477
1624690 477
1624700 477
1624710 477
1624720 477
1624730 476
1624740 476
1624750 478
1624760 479
1624770 484
1624780 484
1624790 487
1624800 493
1624810 493
1624820 500
1624830 507
1624840 507
1624850 514
1624860 519
1624870 519
1624880 519
1624890 519
1624900 519
1624910 519
1624920 519
1624930 518
1624940 518
1624950 518
1624960 518
1624970 518
1624980 518
1624990 518
1625000 518
1625010 518
1625020 518
1625030 518
1625040 519
1625050 521
1625060 521
1625070 523
1625080 525
1625090 528
1625100 528
1625110 529
1625120 530
1625130 530
1625140 530
1625150 530
1625160 530
1625170 530
1625180 530
1625190 530
1625200 530
1625210 530
1625220 530
1625230 530
1625240 530
1625250 530
1625260 530
1625270 530
1625280 530
1625290 530
1625300 530
1625310 530
1625320 530
1625330 530
1625340 530
1625350 530
1625360 530
1625370 530
1625380 530
1625390 530
1625400 530
1625410 531
1625420 531
1625430 531
1625440 531
1625450 531
1625460 530
1625470 530
1625480 530
1625490 531
1625500 531
1625510 531
1625520 532
1625530 531
1625540 530
1625550 530
1625560 530
1625570 530
1625580 530
1625590 530
1625600 531
1625610 531
1625620 530
1625630 530
1625640 530
1625650 530
1625660 530
1625670 530
1625680 530
1625690 531
1625700 532
1625710 532
1625720 535
1625730 537
1625740 537
1625750 540
1625760 543
1625770 543
1625780 547
1625790 551
1625800 551
1625810 555
1625820 558
1625830 561
1625840 561
1625850 562
1625860 562
1625870 562
1625880 561
1625890 561
1625900 561
1625910 563
1625920 565
1625930 565
1625940 568
1625950 570
1625960 570
1625970 572
1625980 576
1625990 581
1626000 581
1626010 586
1626020 590
1626030 590
1626040 591
1626050 590
1626060 590
1626070 588
1626080 591
1626090 591
1626100 596
1626110 602
1626120 607
1626130 607
1626140 609
1626150 611
1626160 611
1626170 612
1626180 612
1626190 612
1626200 614
1626210 615
1626220 615
1626230 614
1626240 615
1626250 615
1626260 615
1626270 615
1626280 615
1626290 615
1626300 615
1626310 617
1626320 617
1626330 619
1626340 621
1626350 621
1626360 625
1626370 628
1626380 628
1626390 631
1626400 634
1626410 631
1626420 634
1626430 637
1626440 642
1626450 642
1626460 647
1626470 652
1626480 652
1626490 659
1626500 665
1626510 665
1626520 672
1626530 678
1626540 678
1626550 682
1626560 687
1626570 690
1626580 690
1626590 692
1626600 696
1626610 696
1626620 701
1626630 707
1626640 707
1626650 708
1626660 712
1626670 712
1626680 719
1626690 724
1626700 724
1626710 728
1626720 732
1626730 737
1626740 737
1626750 741
1626760 745
1626770 745
1626780 752
1626790 759
1626800 759
1626810 765
1626820 769
1626830 769
1626840 775
1626850 781
1626860 781
1626870 784
1626880 785
1626890 786
1626900 786
1626910 786
1626920 786
1626930 786
1626940 786
1626950 786
1626960 786
1626970 787
1626980 787
1626990 787
1627000 787
1627010 788
1627020 790
1627030 790
1627040 792
1627050 793
1627060 793
1627070 795
1627080 796
1627090 796
1627100 796
1627110 797
1627120 797
1627130 797
1627140 797
1627150 797
1627160 795
1627170 794
1627180 795
1627190 795
1627200 796
1627210 797
1627220 797
1627230 799
1627240 802
1627250 802
1627260 804
1627270 803
1627280 803
1627290 797
1627300 798
1627310 798
1627320 800
1627330 802
1627340 802
1627350 802
1627360 803
1627370 802
1627380 802
1627390 801
1627400 799
1627410 799
1627420 797
1627430 794
1627440 794
1627450 792
1627460 792
1627470 792
1627480 792
1627490 790
1627500 789
1627510 789
1627520 788
1627530 787
1627540 787
1627550 784
1627560 781
1627570 781
1627580 779
1627590 777
1627600 777
1627610 776
1627620 775
1627630 774
1627640 774
1627650 772
1627660 771
1627670 771
1627680 771
1627690 770
1627700 770
1627710 767
1627720 764
1627730 764
1627740 761
1627750 758
1627760 757
1627770 757
1627780 758
1627790 759
1627800 759
1627810 759
1627820 759
1627830 759
1627840 759
1627850 758
1627860 758
1627870 756
1627880 753
1627890 753
1627900 747
1627910 743
1627920 739
1627930 739
1627940 744
1627950 747
1627960 747
1627970 751
1627980 755
1627990 755
1628000 758
1628010 761
1628020 761
1628030 761
1628040 760
1628050 760
1628060 758
1628070 756
1628080 755
1628090 755
1628100 753
1628110 752
1628120 752
1628130 751
1628140 750
1628150 750
1628160 748
1628170 742
1628180 742
1628190 741
1628200 740
1628210 741
1628220 741
1628230 743
1628240 745
1628250 745
1628260 746
1628270 746
1628280 746
1628290 747
1628300 747
1628310 747
1628320 746
1628330 745
1628340 745
1628350 744
1628360 742
1628370 740
1628380 740
1628390 738
1628400 736
1628410 736
1628420 734
1628430 733
1628440 733
1628450 733
1628460 733
1628470 733
1628480 732
1628490 731
1628500 731
1628510 730
1628520 730
1628530 730
1628540 730
1628550 730
1628560 731
1628570 731
1628580 730
1628590 728
1628600 728
1628610 727
1628620 725
1628630 725
1628640 724
1628650 722
1628660 724
1628670 724
1628680 726
1628690 728
1628700 728
1628710 731
1628720 733
1628730 733
1628740 735
1628750 737
1628760 737
1628770 739
1628780 740
1628790 740
1628800 740
1628810 739
1628820 737
1628830 737
1628840 732
1628850 725
1628860 725
1628870 719
1628880 715
1628890 715
1628900 713
1628910 710
1628920 710
1628930 707
1628940 705
1628950 705
1628960 704
1628970 702
1628980 701
1628990 701
1629000 700
1629010 699
1629020 699
1629030 697
1629040 690
1629050 690
1629060 681
1629070 673
1629080 673
1629090 667
1629100 661
1629110 656
1629120 656
1629130 652
1629140 649
1629150 649
1629160 647
1629170 646
1629180 646
1629190 646
1629200 645
1629210 645
1629220 645
1629230 644
1629240 644
1629250 645
1629260 647
1629270 648
1629280 648
1629290 648
1629300 649
1629310 649
1629320 649
1629330 650
1629340 650
1629350 650
1629360 651
1629370 651
1629380 651
1629390 651
1629400 651
1629410 652
1629420 652
1629430 651
1629440 651
1629450 650
1629460 652
1629470 652
1629480 654
1629490 655
1629500 655
1629510 655
1629520 656
1629530 656
1629540 656
1629550 655
1629560 653
1629570 653
1629580 654
1629590 656
1629600 656
1629610 658
1629620 662
1629630 662
1629640 667
1629650 673
1629660 673
1629670 679
1629680 685
1629690 685
1629700 692
1629710 696
1629720 705
1629730 705
1629740 712
1629750 717
1629760 717
1629770 722
1629780 727
1629790 727
1629800 732
1629810 734
1629820 734
1629830 735
1629840 734
1629850 734
1629860 732
1629870 731
1629880 730
1629890 730
1629900 727
1629910 723
1629920 723
1629930 722
1629940 725
1629950 725
1629960 726
1629970 725
1629980 725
1629990 726
1630000 728
1630010 730
1630020 730
1630030 730
1630040 730
1630050 730
1630060 729
1630070 726
1630080 726
1630090 722
1630100 717
1630110 717
1630120 713
1630130 712
1630140 712
1630150 712
1630160 713
1630170 713
1630180 713
1630190 711
1630200 708
1630210 708
1630220 706
1630230 705
1630240 705
1630250 707
1630260 708
1630270 708
1630280 710
1630290 713
1630300 713
1630310 714
1630320 716
1630330 717
1630340 717
1630350 715
1630360 715
1630370 715
1630380 714
1630390 714
1630400 714
1630410 714
1630420 714
1630430 714
1630440 716
1630450 720
1630460 724
1630470 724
1630480 729
1630490 735
1630500 735
1630510 741
1630520 746
1630530 746
1630540 747
1630550 749
1630560 749
1630570 750
1630580 751
1630590 751
1630600 753
1630610 754
1630620 756
1630630 756
1630640 759
1630650 761
1630660 761
1630670 762
1630680 764
1630690 764
1630700 767
1630710 770
1630720 770
1630730 775
1630740 781
1630750 781
1630760 787
1630770 789
1630780 792
1630790 792
1630800 794
1630810 797
1630820 797
1630830 801
1630840 806
1630850 806
1630860 811
1630870 817
1630880 817
1630890 821
1630900 825
1630910 829
1630920 829
1630930 833
1630940 838
1630950 838
1630960 842
1630970 847
1630980 847
1630990 851
1631000 855
1631010 855
1631020 859
1631030 863
1631040 863
1631050 867
1631060 871
1631070 874
1631080 874
1631090 878
1631100 880
1631110 880
1631120 882
1631130 883
1631140 883
1631150 881
1631160 879
1631170 879
1631180 876
1631190 871
1631200 871
1631210 869
1631220 872
1631230 876
1631240 876
1631250 879
1631260 883
1631270 883
1631280 887
1631290 890
1631300 890
1631310 894
1631320 897
1631330 897
1631340 900
1631350 902
1631360 904
1631370 904
1631380 905
1631390 905
1631400 905
1631410 903
1631420 898
1631430 898
1631440 893
1631450 889
1631460 889
1631470 886
1631480 883
1631490 883
1631500 879
1631510 880
1631520 883
1631530 883
1631540 887
1631550 891
1631560 891
1631570 894
1631580 897
1631590 897
1631600 899
1631610 902
1631620 902
1631630 900
1631640 903
1631650 903
1631660 906
1631670 906
1631680 900
1631690 900
1631700 895
1631710 888
1631720 888
1631730 882
1631740 875
1631750 875
1631760 870
1631770 864
1631780 864
1631790 859
1631800 856
1631810 856
1631820 856
1631830 858
1631840 861
1631850 861
1631860 863
1631870 863
1631880 863
1631890 864
1631900 864
1631910 864
1631920 865
1631930 864
1631940 864
1631950 864
1631960 864
1631970 863
1631980 863
1631990 862
1632000 863
1632010 863
1632020 864
1632030 865
1632040 865
1632050 867
1632060 867
1632070 867
1632080 866
1632090 865
1632100 865
1632110 865
1632120 866
1632130 866
1632140 866
1632150 866
1632160 867
1632170 867
1632180 868
1632190 868
1632200 868
1632210 869
1632220 869
1632230 869
1632240 871
1632250 871
1632260 872
1632270 872
1632280 871
1632290 870
1632300 870
1632310 870
1632320 871
1632330 871
1632340 873
1632350 874
1632360 874
1632370 875
1632380 875
1632390 875
1632400 878
1632410 881
1632420 883
1632430 883
1632440 885
1632450 886
1632460 886
1632470 887
1632480 885
1632490 885
1632500 884
1632510 883
1632520 883
1632530 882
1632540 880
1632550 880
1632560 878
1632570 877
1632580 878
1632590 878
1632600 877
1632610 877
1632620 877
1632630 878
1632640 880
1632650 880
1632660 882
1632670 884
1632680 884
1632690 886
1632700 886
1632710 887
1632720 887
1632730 891
1632740 894
1632750 894
1632760 897
1632770 899
1632780 899
1632790 901
1632800 904
1632810 904
1632820 905
1632830 906
1632840 906
1632850 908
1632860 910
1632870 912
1632880 912
1632890 915
1632900 918
1632910 918
1632920 920
1632930 922
1632940 922
1632950 923
1632960 924
1632970 924
1632980 923
1632990 923
1633000 923
1633010 923
1633020 923
1633030 923
1633040 923
1633050 922
1633060 919
1633070 919
1633080 916
1633090 914
1633100 914
1633110 915
1633120 917
1633130 917
1633140 920
1633150 924
1633160 928
1633170 928
1633180 931
1633190 935
1633200 935
1633210 940
1633220 944
1633230 944
1633240 949
1633250 953
1633260 953
1633270 956
1633280 959
1633290 959
1633300 962
1633310 964
1633320 967
1633330 967
1633340 970
1633350 974
1633360 974
1633370 978
1633380 982
1633390 982
1633400 985
1633410 988
1633420 988
1633430 990
1633440 988
1633450 988
1633460 983
1633470 979
1633480 975
1633490 975
1633500 970
1633510 966
1633520 966
1633530 962
1633540 959
1633550 959
1633560 956
1633570 952
1633580 952
1633590 949
1633600 947
1633610 944
1633620 944
1633630 941
1633640 937
1633650 937
1633660 935
1633670 933
1633680 933
1633690 930
1633700 925
1633710 925
1633720 921
1633730 917
1633740 917
1633750 913
1633760 906
1633770 899
1633780 899
1633790 895
1633800 890
1633810 890
1633820 885
1633830 880
1633840 880
1633850 876
1633860 874
1633870 874
1633880 874
1633890 878
1633900 878
1633910 880
1633920 881
1633930 883
1633940 883
1633950 885
1633960 888
1633970 888
1633980 889
1633990 891
1634000 891
1634010 894
1634020 896
1634030 896
1634040 897
1634050 898
1634060 901
1634070 901
1634080 904
1634090 905
1634100 905
1634110 906
1634120 906
1634130 906
1634140 906
1634150 909
1634160 909
1634170 908
1634180 910
1634190 910
1634200 911
1634210 911
1634220 911
1634230 911
1634240 910
1634250 911
1634260 911
1634270 915
1634280 921
1634290 921
1634300 927
1634310 931
1634320 931
1634330 935
1634340 940
1634350 940
1634360 946
1634370 954
1634380 960
1634390 960
1634400 957
1634410 954
1634420 954
1634430 954
1634440 956
1634450 956
1634460 960
1634470 964
1634480 964
1634490 966
1634500 968
1634510 970
1634520 970
1634530 970
1634540 969
1634550 969
1634560 969
1634570 970
1634580 970
1634590 971
1634600 971
1634610 971
1634620 972
1634630 974
1634640 974
1634650 976
1634660 977
1634670 979
1634680 979
1634690 981
1634700 983
1634710 983
1634720 984
1634730 984
1634740 984
1634750 982
1634760 981
1634770 981
1634780 979
1634790 978
1634800 978
1634810 978
1634820 979
1634830 979
1634840 979
1634850 978
1634860 975
1634870 975
1634880 970
1634890 965
1634900 965
1634910 959
1634920 954
1634930 954
1634940 949
1634950 945
1634960 941
1634970 941
1634980 935
1634990 926
1635000 926
1635010 918
1635020 911
1635030 911
1635040 905
1635050 899
1635060 899
1635070 895
1635080 890
1635090 890
1635100 888
1635110 887
1635120 885
1635130 885
1635140 882
1635150 880
1635160 880
1635170 879
1635180 876
1635190 876
1635200 873
1635210 869
1635220 869
1635230 865
1635240 858
1635250 858
1635260 854
1635270 850
1635280 849
1635290 849
1635300 848
1635310 847
1635320 847
1635330 848
1635340 851
1635350 851
1635360 854
1635370 858
1635380 858
1635390 861
1635400 863
1635410 864
1635420 864
1635430 864
1635440 862
1635450 862
1635460 860
1635470 855
1635480 855
1635490 850
1635500 846
1635510 846
1635520 845
1635530 846
1635540 846
1635550 848
1635560 849
1635570 849
1635580 849
1635590 850
1635600 851
1635610 851
1635620 852
1635630 854
1635640 854
1635650 856
1635660 859
1635670 859
1635680 860
1635690 859
1635700 859
1635710 859
1635720 860
1635730 862
1635740 862
1635750 863
1635760 865
1635770 865
1635780 867
1635790 869
1635800 869
1635810 871
1635820 873
1635830 873
1635840 882
1635850 883
1635860 883
1635870 883
1635880 884
1635890 885
1635900 885
1635910 887
1635920 888
1635930 888
1635940 891
1635950 891
1635960 891
1635970 891
1635980 894
1635990 894
1636000 897
1636010 900
1636020 902
1636030 902
1636040 903
1636050 904
1636060 904
1636070 904
1636080 904
1636090 904
1636100 904
1636110 904
1636120 904
1636130 904
1636140 903
1636150 903
1636160 902
1636170 901
1636180 899
1636190 899
1636200 894
1636210 886
1636220 886
1636230 872
1636240 859
1636250 859
1636260 851
1636270 843
1636280 843
1636290 836
1636300 829
1636310 821
1636320 821
1636330 814
1636340 806
1636350 806
1636360 799
1636370 792
1636380 792
1636390 786
1636400 780
1636410 780
1636420 774
1636430 769
1636440 769
1636450 764
1636460 760
1636470 756
1636480 756
1636490 752
1636500 749
1636510 749
1636520 744
1636530 740
1636540 740
1636550 737
1636560 734
1636570 734
1636580 733
1636590 731
1636600 731
1636610 728
1636620 725
1636630 723
1636640 723
1636650 722
1636660 718
1636670 718
1636680 717
1636690 716
1636700 716
1636710 711
1636720 706
1636730 706
1636740 699
1636750 693
1636760 687
1636770 687
1636780 683
1636790 680
1636800 680
1636810 676
1636820 671
1636830 671
1636840 668
1636850 665
1636860 665
1636870 654
1636880 647
1636890 647
1636900 652
1636910 654
1636920 658
1636930 658
1636940 662
1636950 665
1636960 665
1636970 669
1636980 671
1636990 671
1637000 670
1637010 668
1637020 668
1637030 668
1637040 668
1637050 668
1637060 666
1637070 663
1637080 662
1637090 662
1637100 663
1637110 667
1637120 667
1637130 670
1637140 674
1637150 674
1637160 677
1637170 681
1637180 681
1637190 684
1637200 688
1637210 692
1637220 692
1637230 696
1637240 702
1637250 702
1637260 708
1637270 712
1637280 712
1637290 716
1637300 721
1637310 721
1637320 727
1637330 732
1637340 732
1637350 738
1637360 744
1637370 750
1637380 750
1637390 757
1637400 763
1637410 763
1637420 770
1637430 776
1637440 776
1637450 783
1637460 789
1637470 789
1637480 795
1637490 799
1637500 799
1637510 804
1637520 809
1637530 815
1637540 815
1637550 820
1637560 825
1637570 825
1637580 830
1637590 835
1637600 835
1637610 840
1637620 845
1637630 845
1637640 849
1637650 854
1637660 857
1637670 857
1637680 859
1637690 864
1637700 864
1637710 869
1637720 873
1637730 873
1637740 881
1637750 889
1637760 889
1637770 894
1637780 900
1637790 900
1637800 903
1637810 907
1637820 908
1637830 908
1637840 911
1637850 917
1637860 917
1637870 921
1637880 924
1637890 924
1637900 928
1637910 932
1637920 932
1637930 938
1637940 944
1637950 944
1637960 950
1637970 958
1637980 965
1637990 965
1638000 971
1638010 976
1638020 976
1638030 982
1638040 989
1638050 989
1638060 995
1638070 1002
1638080 1002
1638090 1009
1638100 1015
1638110 1022
1638120 1022
1638130 1029
1638140 1033
1638150 1033
1638160 1037
1638170 1040
1638180 1040
1638190 1043
1638200 1045
1638210 1045
1638220 1048
1638230 1050
1638240 1050
1638250 1051
1638260 1052
1638270 1052
1638280 1052
1638290 1051
1638300 1051
1638310 1043
1638320 1043
1638330 1043
1638340 1043
1638350 1044
1638360 1044
1638370 1044
1638380 1041
1638390 1036
1638400 1036
1638410 1030
1638420 1024
1638430 1021
1638440 1021
1638450 1017
1638460 1016
1638470 1016
1638480 1021
1638490 1025
1638500 1025
1638510 1031
1638520 1037
1638530 1037
1638540 1040
1638550 1040
1638560 1039
1638570 1039
1638580 1038
1638590 1036
1638600 1036
1638610 1033
1638620 1032
1638630 1032
1638640 1034
1638650 1036
1638660 1036
1638670 1037
1638680 1035
1638690 1035
1638700 1036
1638710 1037
1638720 1039
1638730 1039
1638740 1043
1638750 1047
1638760 1047
1638770 1048
1638780 1049
1638790 1049
1638800 1051
1638810 1055
1638820 1055
1638830 1062
1638840 1069
1638850 1069
1638860 1075
1638870 1081
1638880 1087
1638890 1087
1638900 1093
1638910 1100
1638920 1100
1638930 1107
1638940 1115
1638950 1115
1638960 1124
1638970 1131
1638980 1131
1638990 1139
1639000 1147
1639010 1155
1639020 1155
1639030 1163
1639040 1171
1639050 1171
1639060 1179
1639070 1186
1639080 1186
1639090 1194
1639100 1203
1639110 1203
1639120 1208
1639130 1213
1639140 1213
1639150 1220
1639160 1226
1639170 1233
1639180 1233
1639190 1241
1639200 1248
1639210 1248
1639220 1254
1639230 1259
1639240 1259
1639250 1265
1639260 1270
1639270 1270
1639280 1276
1639290 1279
1639300 1279
1639310 1283
1639320 1287
1639330 1285
1639340 1285
1639350 1279
1639360 1274
1639370 1274
1639380 1268
1639390 1263
1639400 1263
1639410 1257
1639420 1252
1639430 1252
1639440 1246
1639450 1240
1639460 1234
1639470 1234
1639480 1228
1639490 1221
1639500 1221
1639510 1215
1639520 1209
1639530 1209
1639540 1204
1639550 1198
1639560 1198
1639570 1191
1639580 1183
1639590 1183
1639600 1175
1639610 1168
1639620 1162
1639630 1162
1639640 1156
1639650 1149
1639660 1149
1639670 1141
1639680 1135
1639690 1135
1639700 1129
1639710 1123
1639720 1123
1639730 1117
1639740 1111
1639750 1111
1639760 1107
1639770 1103
1639780 1097
1639790 1097
1639800 1094
1639810 1093
1639820 1093
1639830 1095
1639840 1100
1639850 1100
1639860 1105
1639870 1112
1639880 1112
1639890 1118
1639900 1124
1639910 1129
1639920 1129
1639930 1125
1639940 1128
1639950 1128
1639960 1133
1639970 1138
1639980 1138
1639990 1144
