1620000 487
1620010 487
1620020 487
1620030 487
1620040 487
1620050 487
1620060 486
1620070 485
1620080 485
1620090 485
1620100 484
1620110 484
1620120 485
1620130 485
1620140 485
1620150 485
1620160 484
1620170 484
1620180 484
1620190 484
1620200 484
1620210 484
1620220 484
1620230 484
1620240 484
1620250 484
1620260 485
1620270 485
1620280 485
1620290 486
1620300 486
1620310 486
1620320 486
1620330 485
1620340 485
1620350 485
1620360 485
1620370 485
1620380 485
1620390 484
1620400 484
1620410 484
1620420 484
1620430 484
1620440 484
1620450 484
1620460 484
1620470 484
1620480 483
1620490 483
1620500 483
1620510 484
1620520 485
1620530 485
1620540 486
1620550 486
1620560 486
1620570 487
1620580 487
1620590 487
1620600 488
1620610 487
1620620 487
1620630 487
1620640 486
1620650 486
1620660 486
1620670 486
1620680 487
1620690 487
1620700 487
1620710 489
1620720 489
1620730 489
1620740 489
1620750 489
1620760 489
1620770 489
1620780 489
1620790 489
1620800 489
1620810 490
1620820 490
1620830 490
1620840 490
1620850 490
1620860 490
1620870 489
1620880 489
1620890 489
1620900 489
1620910 489
1620920 489
1620930 489
1620940 489
1620950 489
1620960 489
1620970 489
1620980 489
1620990 489
1621000 489
1621010 489
1621020 489
1621030 489
1621040 489
1621050 488
1621060 488
1621070 488
1621080 488
1621090 488
1621100 489
1621110 489
1621120 488
1621130 488
1621140 488
1621150 488
1621160 489
1621170 489
1621180 488
1621190 488
1621200 488
1621210 488
1621220 488
1621230 488
1621240 488
1621250 488
1621260 488
1621270 488
1621280 488
1621290 488
1621300 488
1621310 488
1621320 488
1621330 488
1621340 488
1621350 488
1621360 488
1621370 488
1621380 488
1621390 488
1621400 488
1621410 487
1621420 487
1621430 487
1621440 487
1621450 486
1621460 486
1621470 485
1621480 482
1621490 482
1621500 481
1621510 479
1621520 479
1621530 479
1621540 478
1621550 478
1621560 478
1621570 477
1621580 476
1621590 476
1621600 477
1621610 478
1621620 478
1621630 479
1621640 480
1621650 480
1621660 480
1621670 480
1621680 479
1621690 479
1621700 477
1621710 475
1621720 475
1621730 474
1621740 473
1621750 473
1621760 472
1621770 472
1621780 472
1621790 471
1621800 472
1621810 472
1621820 472
1621830 472
1621840 473
1621850 473
1621860 474
1621870 476
1621880 476
1621890 478
1621900 479
1621910 479
1621920 479
1621930 479
1621940 479
1621950 479
1621960 479
1621970 479
1621980 479
1621990 478
1622000 478
1622010 478
1622020 478
1622030 478
1622040 478
1622050 478
1622060 478
1622070 478
1622080 478
1622090 478
1622100 478
1622110 478
1622120 477
1622130 476
1622140 476
1622150 474
1622160 472
1622170 472
1622180 471
1622190 471
1622200 471
1622210 471
1622220 473
1622230 473
1622240 474
1622250 476
1622260 476
1622270 477
1622280 477
1622290 477
1622300 477
1622310 477
1622320 478
1622330 478
1622340 479
1622350 480
1622360 480
1622370 481
1622380 482
1622390 482
1622400 482
1622410 482
1622420 482
1622430 482
1622440 482
1622450 482
1622460 482
1622470 482
1622480 483
1622490 483
1622500 483
1622510 484
1622520 484
1622530 484
1622540 484
1622550 484
1622560 484
1622570 484
1622580 483
1622590 483
1622600 483
1622610 483
1622620 483
1622630 482
1622640 482
1622650 482
1622660 482
1622670 482
1622680 482
1622690 482
1622700 482
1622710 482
1622720 482
1622730 482
1622740 482
1622750 482
1622760 482
1622770 481
1622780 481
1622790 481
1622800 481
1622810 481
1622820 480
1622830 480
1622840 480
1622850 479
1622860 479
1622870 478
1622880 478
1622890 477
1622900 477
1622910 477
1622920 476
1622930 476
1622940 476
1622950 476
1622960 476
1622970 476
1622980 476
1622990 476
1623000 476
1623010 475
1623020 476
1623030 476
1623040 476
1623050 477
1623060 478
1623070 478
1623080 478
1623090 479
1623100 479
1623110 480
1623120 480
1623130 480
1623140 480
1623150 479
1623160 479
1623170 478
1623180 478
1623190 477
1623200 477
1623210 478
1623220 478
1623230 478
1623240 479
1623250 480
1623260 480
1623270 481
1623280 482
1623290 482
1623300 481
1623310 476
1623320 470
1623330 470
1623340 466
1623350 465
1623360 465
1623370 465
1623380 466
1623390 466
1623400 466
1623410 466
1623420 466
1623430 466
1623440 466
1623450 466
1623460 466
1623470 464
1623480 459
1623490 459
1623500 458
1623510 458
1623520 458
1623530 458
1623540 458
1623550 458
1623560 455
1623570 453
1623580 453
1623590 454
1623600 455
1623610 455
1623620 455
1623630 455
1623640 455
1623650 455
1623660 455
1623670 455
1623680 455
1623690 455
1623700 455
1623710 455
1623720 455
1623730 455
1623740 455
1623750 455
1623760 455
1623770 455
1623780 455
1623790 456
1623800 456
1623810 456
1623820 456
1623830 456
1623840 456
1623850 456
1623860 456
1623870 456
1623880 456
1623890 456
1623900 456
1623910 456
1623920 456
1623930 456
1623940 456
1623950 457
1623960 457
1623970 457
1623980 457
1623990 457
1624000 457
1624010 457
1624020 457
1624030 457
1624040 457
1624050 457
1624060 457
1624070 458
1624080 458
1624090 458
1624100 458
1624110 458
1624120 458
1624130 458
1624140 458
1624150 458
1624160 458
1624170 458
1624180 459
1624190 459
1624200 461
1624210 463
1624220 465
1624230 465
1624240 467
1624250 469
1624260 469
1624270 469
1624280 468
1624290 468
1624300 467
1624310 477
1624320 477
1624330 473
1624340 470
1624350 470
1624360 468
1624370 466
1624380 464
1624390 464
1624400 464
1624410 463
1624420 463
1624430 463
1624440 463
1624450 463
1624460 465
1624470 467
1624480 467
1624490 468
1624500 468
1624510 468
1624520 468
1624530 468
1624540 468
1624550 468
1624560 469
1624570 469
1624580 469
1624590 469
1624600 470
1624610 470
1624620 470
1624630 470
1624640 470
1624650 470
1624660 470
1624670 470
1624680 470
1624690 470
1624700 470
1624710 470
1624720 470
1624730 471
1624740 471
1624750 471
1624760 471
1624770 471
1624780 471
1624790 471
1624800 471
1624810 471
1624820 471
1624830 471
1624840 471
1624850 471
1624860 471
1624870 471
1624880 472
1624890 472
1624900 472
1624910 472
1624920 473
1624930 473
1624940 473
1624950 473
1624960 473
1624970 473
1624980 474
1624990 475
1625000 475
1625010 479
1625020 480
1625030 480
1625040 482
1625050 484
1625060 484
1625070 484
1625080 484
1625090 484
1625100 484
1625110 484
1625120 484
1625130 484
1625140 484
1625150 485
1625160 485
1625170 488
1625180 494
1625190 494
1625200 500
1625210 500
1625220 500
1625230 502
1625240 504
1625250 504
1625260 504
1625270 504
1625280 504
1625290 504
1625300 504
1625310 504
1625320 504
1625330 504
1625340 504
1625350 504
1625360 504
1625370 504
1625380 504
1625390 504
1625400 504
1625410 504
1625420 504
1625430 504
1625440 504
1625450 504
1625460 504
1625470 505
1625480 505
1625490 506
1625500 508
1625510 508
1625520 510
1625530 512
1625540 512
1625550 514
1625560 514
1625570 514
1625580 514
1625590 515
1625600 515
1625610 515
1625620 516
1625630 516
1625640 516
1625650 517
1625660 517
1625670 517
1625680 517
1625690 518
1625700 518
1625710 518
1625720 518
1625730 518
1625740 518
1625750 518
1625760 518
1625770 518
1625780 518
1625790 518
1625800 518
1625810 518
1625820 518
1625830 518
1625840 518
1625850 519
1625860 519
1625870 519
1625880 519
1625890 519
1625900 519
1625910 519
1625920 518
1625930 518
1625940 518
1625950 518
1625960 518
1625970 518
1625980 518
1625990 518
1626000 518
1626010 518
1626020 518
1626030 518
1626040 517
1626050 517
1626060 517
1626070 517
1626080 517
1626090 517
1626100 516
1626110 516
1626120 516
1626130 516
1626140 516
1626150 516
1626160 516
1626170 516
1626180 516
1626190 516
1626200 516
1626210 517
1626220 517
1626230 517
1626240 518
1626250 518
1626260 518
1626270 518
1626280 518
1626290 518
1626300 517
1626310 517
1626320 516
1626330 515
1626340 515
1626350 515
1626360 515
1626370 517
1626380 517
1626390 519
1626400 520
1626410 520
1626420 521
1626430 523
1626440 523
1626450 524
1626460 524
1626470 524
1626480 524
1626490 524
1626500 523
1626510 523
1626520 523
1626530 523
1626540 523
1626550 524
1626560 524
1626570 524
1626580 524
1626590 524
1626600 524
1626610 524
1626620 524
1626630 524
1626640 524
1626650 524
1626660 525
1626670 525
1626680 525
1626690 525
1626700 525
1626710 526
1626720 526
1626730 526
1626740 526
1626750 527
1626760 527
1626770 527
1626780 527
1626790 527
1626800 527
1626810 528
1626820 528
1626830 528
1626840 529
1626850 529
1626860 529
1626870 530
1626880 530
1626890 530
1626900 531
1626910 532
1626920 532
1626930 532
1626940 533
1626950 534
1626960 534
1626970 534
1626980 534
1626990 534
1627000 534
1627010 534
1627020 534
1627030 535
1627040 535
1627050 535
1627060 535
1627070 536
1627080 536
1627090 536
1627100 537
1627110 537
1627120 537
1627130 537
1627140 537
1627150 537
1627160 538
1627170 538
1627180 538
1627190 538
1627200 538
1627210 538
1627220 539
1627230 540
1627240 542
1627250 542
1627260 544
1627270 545
1627280 545
1627290 546
1627300 548
1627310 548
1627320 551
1627330 554
1627340 554
1627350 557
1627360 559
1627370 559
1627380 561
1627390 564
1627400 566
1627410 566
1627420 569
1627430 572
1627440 572
1627450 573
1627460 575
1627470 575
1627480 576
1627490 578
1627500 578
1627510 579
1627520 580
1627530 582
1627540 582
1627550 582
1627560 582
1627570 582
1627580 583
1627590 584
1627600 584
1627610 584
1627620 584
1627630 584
1627640 584
1627650 581
1627660 581
1627670 578
1627680 582
1627690 585
1627700 585
1627710 591
1627720 596
1627730 596
1627740 602
1627750 604
1627760 604
1627770 600
1627780 592
1627790 592
1627800 585
1627810 580
1627820 580
1627830 583
1627840 588
1627850 594
1627860 591
1627870 596
1627880 598
1627890 598
1627900 600
1627910 601
1627920 601
1627930 603
1627940 606
1627950 606
1627960 610
1627970 613
1627980 615
1627990 615
1628000 615
1628010 615
1628020 615
1628030 613
1628040 610
1628050 610
1628060 608
1628070 607
1628080 607
1628090 603
1628100 602
1628110 602
1628120 601
1628130 599
1628140 598
1628150 598
1628160 596
1628170 595
1628180 595
1628190 592
1628200 589
1628210 589
1628220 587
1628230 585
1628240 585
1628250 582
1628260 582
1628270 582
1628280 583
1628290 583
1628300 581
1628310 581
1628320 579
1628330 579
1628340 579
1628350 578
1628360 578
1628370 578
1628380 578
1628390 578
1628400 578
1628410 577
1628420 576
1628430 576
1628440 576
1628450 578
1628460 578
1628470 578
1628480 575
1628490 572
1628500 572
1628510 571
1628520 570
1628530 570
1628540 572
1628550 576
1628560 576
1628570 581
1628580 586
1628590 590
1628600 590
1628610 594
1628620 596
1628630 596
1628640 598
1628650 601
1628660 601
1628670 603
1628680 607
1628690 607
1628700 609
1628710 611
1628720 611
1628730 616
1628740 619
1628750 621
1628760 621
1628770 624
1628780 627
1628790 627
1628800 630
1628810 632
1628820 632
1628830 635
1628840 637
1628850 637
1628860 640
1628870 643
1628880 647
1628890 647
1628900 651
1628910 653
1628920 653
1628930 657
1628940 662
1628950 662
1628960 667
1628970 672
1628980 672
1628990 677
1629000 682
1629010 682
1629020 687
1629030 692
1629040 695
1629050 695
1629060 697
1629070 701
1629080 701
1629090 706
1629100 711
1629110 711
1629120 716
1629130 719
1629140 719
1629150 723
1629160 727
1629170 727
1629180 732
1629190 736
1629200 740
1629210 740
1629220 743
1629230 740
1629240 740
1629250 735
1629260 730
1629270 730
1629280 726
1629290 722
1629300 722
1629310 718
1629320 711
1629330 711
1629340 705
1629350 698
1629360 694
1629370 694
1629380 689
1629390 683
1629400 683
1629410 677
1629420 672
1629430 672
1629440 666
1629450 660
1629460 660
1629470 655
1629480 648
1629490 643
1629500 643
1629510 637
1629520 629
1629530 629
1629540 622
1629550 616
1629560 616
1629570 611
1629580 607
1629590 607
1629600 606
1629610 605
1629620 605
1629630 611
1629640 614
1629650 613
1629660 613
1629670 613
1629680 613
1629690 613
1629700 613
1629710 613
1629720 613
1629730 613
1629740 613
1629750 613
1629760 612
1629770 612
1629780 612
1629790 612
1629800 611
1629810 611
1629820 611
1629830 610
1629840 609
1629850 609
1629860 601
1629870 597
1629880 597
1629890 598
1629900 600
1629910 600
1629920 605
1629930 609
1629940 609
1629950 609
1629960 609
1629970 611
1629980 611
1629990 613
1630000 616
1630010 616
1630020 621
1630030 627
1630040 627
1630050 634
1630060 639
1630070 639
1630080 646
1630090 649
1630100 650
1630110 650
1630120 650
1630130 653
1630140 653
1630150 657
1630160 661
1630170 661
1630180 666
1630190 671
1630200 671
1630210 674
1630220 676
1630230 676
1630240 677
1630250 677
1630260 677
1630270 677
1630280 675
1630290 672
1630300 672
1630310 667
1630320 662
1630330 662
1630340 655
1630350 648
1630360 648
1630370 643
1630380 643
1630390 648
1630400 648
1630410 655
1630420 659
1630430 659
1630440 663
1630450 666
1630460 666
1630470 671
1630480 675
1630490 675
1630500 679
1630510 682
1630520 682
1630530 685
1630540 687
1630550 687
1630560 687
1630570 688
1630580 690
1630590 690
1630600 692
1630610 694
1630620 694
1630630 696
1630640 700
1630650 700
1630660 703
1630670 706
1630680 706
1630690 708
1630700 709
1630710 709
1630720 709
1630730 708
1630740 706
1630750 706
1630760 703
1630770 699
1630780 699
1630790 694
1630800 690
1630810 690
1630820 687
1630830 684
1630840 680
1630850 680
1630860 672
1630870 665
1630880 665
1630890 659
1630900 654
1630910 654
1630920 649
1630930 646
1630940 646
1630950 643
1630960 641
1630970 641
1630980 637
1630990 631
1631000 628
1631010 628
1631020 630
1631030 632
1631040 632
1631050 638
1631060 642
1631070 642
1631080 644
1631090 646
1631100 646
1631110 647
1631120 648
1631130 648
1631140 648
1631150 649
1631160 651
1631170 651
1631180 650
1631190 648
1631200 648
1631210 647
1631220 649
1631230 649
1631240 653
1631250 659
1631260 659
1631270 666
1631280 675
1631290 683
1631300 683
1631310 687
1631320 692
1631330 692
1631340 693
1631350 694
1631360 694
1631370 694
1631380 695
1631390 695
1631400 696
1631410 696
1631420 696
1631430 696
1631440 697
1631450 699
1631460 699
1631470 700
1631480 703
1631490 703
1631500 704
1631510 706
1631520 706
1631530 709
1631540 712
1631550 712
1631560 714
1631570 716
1631580 716
1631590 719
1631600 722
1631610 724
1631620 724
1631630 725
1631640 724
1631650 724
1631660 720
1631670 720
1631680 720
1631690 721
1631700 721
1631710 721
1631720 721
1631730 723
1631740 724
1631750 724
1631760 726
1631770 729
1631780 729
1631790 732
1631800 734
1631810 734
1631820 736
1631830 738
1631840 738
1631850 740
1631860 742
1631870 742
1631880 743
1631890 745
1631900 745
1631910 745
1631920 745
1631930 745
1631940 745
1631950 743
1631960 739
1631970 739
1631980 739
1631990 743
1632000 743
1632010 745
1632020 747
1632030 747
1632040 749
1632050 751
1632060 754
1632070 754
1632080 756
1632090 758
1632100 758
1632110 760
1632120 762
1632130 762
1632140 765
1632150 767
1632160 767
1632170 769
1632180 770
1632190 772
1632200 772
1632210 773
1632220 775
1632230 775
1632240 777
1632250 778
1632260 778
1632270 779
1632280 781
1632290 781
1632300 783
1632310 785
1632320 785
1632330 788
1632340 791
1632350 793
1632360 793
1632370 794
1632380 796
1632390 796
1632400 797
1632410 798
1632420 798
1632430 799
1632440 801
1632450 801
1632460 803
1632470 805
1632480 805
1632490 808
1632500 811
1632510 814
1632520 814
1632530 816
1632540 818
1632550 818
1632560 820
1632570 822
1632580 822
1632590 825
1632600 828
1632610 828
1632620 830
1632630 831
1632640 833
1632650 833
1632660 835
1632670 837
1632680 837
1632690 838
1632700 839
1632710 839
1632720 838
1632730 836
1632740 836
1632750 837
1632760 840
1632770 840
1632780 843
1632790 846
1632800 848
1632810 848
1632820 849
1632830 850
1632840 850
1632850 851
1632860 852
1632870 852
1632880 853
1632890 853
1632900 853
1632910 851
1632920 848
1632930 848
1632940 845
1632950 842
1632960 836
1632970 836
1632980 833
1632990 833
1633000 833
1633010 835
1633020 836
1633030 830
1633040 830
1633050 831
1633060 831
1633070 834
1633080 838
1633090 838
1633100 843
1633110 849
1633120 854
1633130 854
1633140 859
1633150 864
1633160 864
1633170 867
1633180 869
1633190 869
1633200 870
1633210 871
1633220 871
1633230 871
1633240 872
1633250 872
1633260 872
1633270 872
1633280 872
1633290 872
1633300 871
1633310 870
1633320 870
1633330 870
1633340 870
1633350 870
1633360 870
1633370 870
1633380 870
1633390 870
1633400 869
1633410 869
1633420 869
1633430 868
1633440 867
1633450 867
1633460 864
1633470 860
1633480 860
1633490 856
1633500 852
1633510 852
1633520 848
1633530 845
1633540 845
1633550 841
1633560 838
1633570 834
1633580 834
1633590 830
1633600 826
1633610 826
1633620 823
1633630 820
1633640 820
1633650 818
1633660 816
1633670 816
1633680 814
1633690 813
1633700 813
1633710 813
1633720 812
1633730 810
1633740 810
1633750 807
1633760 804
1633770 804
1633780 803
1633790 801
1633800 801
1633810 801
1633820 802
1633830 802
1633840 803
1633850 804
1633860 805
1633870 799
1633880 799
1633890 798
1633900 798
1633910 797
1633920 796
1633930 796
1633940 794
1633950 791
1633960 791
1633970 787
1633980 784
1633990 784
1634000 782
1634010 779
1634020 778
1634030 778
1634040 775
1634050 773
1634060 773
1634070 772
1634080 769
1634090 769
1634100 766
1634110 764
1634120 764
1634130 760
1634140 754
1634150 747
1634160 747
1634170 742
1634180 738
1634190 738
1634200 735
1634210 732
1634220 732
1634230 730
1634240 733
1634250 733
1634260 738
1634270 746
1634280 746
1634290 754
1634300 761
1634310 767
1634320 767
1634330 773
1634340 779
1634350 779
1634360 783
1634370 785
1634380 785
1634390 783
1634400 780
1634410 780
1634420 776
1634430 773
1634440 773
1634450 769
1634460 769
1634470 771
1634480 771
1634490 775
1634500 778
1634510 778
1634520 782
1634530 786
1634540 786
1634550 791
1634560 795
1634570 795
1634580 798
1634590 803
1634600 807
1634610 807
1634620 811
1634630 816
1634640 816
1634650 820
1634660 825
1634670 825
1634680 830
1634690 835
1634700 835
1634710 839
1634720 840
1634730 840
1634740 842
1634750 843
1634760 846
1634770 846
1634780 850
1634790 853
1634800 853
1634810 856
1634820 859
1634830 859
1634840 863
1634850 867
1634860 867
1634870 872
1634880 877
1634890 877
1634900 881
1634910 887
1634920 892
1634930 892
1634940 897
1634950 903
1634960 903
1634970 908
1634980 912
1634990 912
1635000 917
1635010 923
1635020 923
1635030 929
1635040 935
1635050 940
1635060 940
1635070 946
1635080 952
1635090 952
1635100 959
1635110 965
1635120 965
1635130 972
1635140 978
1635150 978
1635160 984
1635170 989
1635180 989
1635190 994
1635200 999
1635210 1004
1635220 1004
1635230 1010
1635240 1015
1635250 1015
1635260 1019
1635270 1024
1635280 1024
1635290 1028
1635300 1030
1635310 1030
1635320 1031
1635330 1032
1635340 1032
1635350 1032
1635360 1031
1635370 1031
1635380 1031
1635390 1032
1635400 1033
1635410 1033
1635420 1034
1635430 1035
1635440 1035
1635450 1035
1635460 1035
1635470 1035
1635480 1034
1635490 1035
1635500 1035
1635510 1035
1635520 1032
1635530 1028
1635540 1024
1635550 1020
1635560 1017
1635570 1017
1635580 1014
1635590 1012
1635600 1012
1635610 1007
1635620 1001
1635630 1001
1635640 996
1635650 991
1635660 988
1635670 988
1635680 983
1635690 976
1635700 976
1635710 966
1635720 956
1635730 956
1635740 947
1635750 940
1635760 940
1635770 932
1635780 925
1635790 925
1635800 920
1635810 916
1635820 911
1635830 911
1635840 906
1635850 900
1635860 900
1635870 894
1635880 888
1635890 888
1635900 882
1635910 877
1635920 877
1635930 872
1635940 868
1635950 868
1635960 866
1635970 865
1635980 864
1635990 864
1636000 864
1636010 863
1636020 863
1636030 862
1636040 861
1636050 861
1636060 858
1636070 856
1636080 856
1636090 854
1636100 852
1636110 849
1636120 849
1636130 846
1636140 843
1636150 843
1636160 839
1636170 835
1636180 835
1636190 832
1636200 829
1636210 829
1636220 827
1636230 825
1636240 825
1636250 824
1636260 822
1636270 819
1636280 819
1636290 816
1636300 814
1636310 814
1636320 812
1636330 810
1636340 810
1636350 808
1636360 806
1636370 805
1636380 802
1636390 800
1636400 800
1636410 798
1636420 797
1636430 795
1636440 795
1636450 793
1636460 790
1636470 790
1636480 786
1636490 782
1636500 782
1636510 778
1636520 774
1636530 774
1636540 771
1636550 769
1636560 769
1636570 769
1636580 768
1636590 766
1636600 766
1636610 764
1636620 763
1636630 763
1636640 762
1636650 760
1636660 760
1636670 757
1636680 753
1636690 753
1636700 749
1636710 747
1636720 744
1636730 744
1636740 739
1636750 735
1636760 735
1636770 732
1636780 731
1636790 731
1636800 730
1636810 729
1636820 729
1636830 729
1636840 728
1636850 728
1636860 727
1636870 726
1636880 725
1636890 725
1636900 724
1636910 723
1636920 723
1636930 723
1636940 723
1636950 723
1636960 722
1636970 721
1636980 721
1636990 718
1637000 715
1637010 710
1637020 710
1637030 701
1637040 692
1637050 692
1637060 685
1637070 679
1637080 679
1637090 673
1637100 663
1637110 663
1637120 645
1637130 632
1637140 632
1637150 626
1637160 619
1637170 612
1637180 612
1637190 607
1637200 603
1637210 603
1637220 600
1637230 598
1637240 598
1637250 597
1637260 596
1637270 596
1637280 594
1637290 597
1637300 597
1637310 599
1637320 601
1637330 603
1637340 603
1637350 604
1637360 604
1637370 604
1637380 605
1637390 607
1637400 607
1637410 611
1637420 617
1637430 617
1637440 623
1637450 629
1637460 637
1637470 637
1637480 649
1637490 656
1637500 656
1637510 657
1637520 658
1637530 658
1637540 662
1637550 669
1637560 669
1637570 677
1637580 680
1637590 680
1637600 684
1637610 690
1637620 698
1637630 698
1637640 702
1637650 703
1637660 703
1637670 702
1637680 700
1637690 700
1637700 698
1637710 697
1637720 697
1637730 697
1637740 697
1637750 697
1637760 698
1637770 698
1637780 700
1637790 700
1637800 702
1637810 704
1637820 704
1637830 705
1637840 707
1637850 707
1637860 708
1637870 708
1637880 708
1637890 710
1637900 713
1637910 718
1637920 718
1637930 721
1637940 727
1637950 727
1637960 732
1637970 735
1637980 735
1637990 739
1638000 743
1638010 743
1638020 747
1638030 751
1638040 751
1638050 756
1638060 761
1638070 766
1638080 766
1638090 771
1638100 775
1638110 775
1638120 781
1638130 789
1638140 789
1638150 796
1638160 803
1638170 803
1638180 810
1638190 817
1638200 817
1638210 823
1638220 831
1638230 841
1638240 841
1638250 848
1638260 856
1638270 856
1638280 863
1638290 870
1638300 870
1638310 877
1638320 883
1638330 883
1638340 890
1638350 897
1638360 903
1638370 903
1638380 909
1638390 915
1638400 915
1638410 922
1638420 928
1638430 928
1638440 935
1638450 942
1638460 942
1638470 948
1638480 955
1638490 955
1638500 961
1638510 968
1638520 975
1638530 975
1638540 982
1638550 989
1638560 989
1638570 996
1638580 1002
1638590 1002
1638600 1008
1638610 1013
1638620 1013
1638630 1017
1638640 1021
1638650 1021
1638660 1023
1638670 1021
1638680 1018
1638690 1018
1638700 1016
1638710 1013
1638720 1013
1638730 1011
1638740 1009
1638750 1009
1638760 1003
1638770 993
1638780 993
1638790 987
1638800 982
1638810 982
1638820 977
1638830 973
1638840 964
1638850 964
1638860 961
1638870 959
1638880 959
1638890 957
1638900 956
1638910 956
1638920 954
1638930 954
1638940 954
1638950 955
1638960 954
1638970 953
1638980 953
1638990 952
1639000 951
1639010 951
1639020 953
1639030 954
1639040 954
1639050 954
1639060 954
1639070 954
1639080 953
1639090 951
1639100 951
1639110 950
1639120 950
1639130 951
1639140 951
1639150 953
1639160 953
1639170 953
1639180 953
1639190 952
1639200 952
1639210 950
1639220 949
1639230 949
1639240 948
1639250 948
1639260 948
1639270 947
1639280 946
1639290 947
1639300 947
1639310 952
1639320 957
1639330 957
1639340 962
1639350 967
1639360 967
1639370 972
1639380 978
1639390 978
1639400 983
1639410 984
1639420 985
1639430 985
1639440 986
1639450 986
1639460 986
1639470 986
1639480 985
1639490 985
1639500 985
1639510 984
1639520 984
1639530 983
1639540 982
1639550 982
1639560 980
1639570 979
1639580 978
1639590 978
1639600 977
1639610 976
1639620 976
1639630 974
1639640 975
1639650 965
1639660 963
1639670 960
1639680 960
1639690 957
1639700 955
1639710 955
1639720 951
1639730 948
1639740 945
1639750 945
1639760 941
1639770 938
1639780 938
1639790 937
1639800 939
1639810 939
1639820 936
1639830 930
1639840 930
1639850 926
1639860 923
1639870 920
1639880 920
1639890 915
1639900 909
1639910 909
1639920 904
1639930 899
1639940 899
1639950 895
1639960 892
1639970 892
1639980 888
1639990 883
