1620000 472
1620010 472
1620020 472
1620030 472
1620040 473
1620050 473
1620060 473
1620070 475
1620080 475
1620090 476
1620100 478
1620110 478
1620120 479
1620130 481
1620140 481
1620150 482
1620160 483
1620170 483
1620180 483
1620190 484
1620200 483
1620210 483
1620220 483
1620230 483
1620240 483
1620250 485
1620260 485
1620270 485
1620280 486
1620290 486
1620300 486
1620310 487
1620320 486
1620330 486
1620340 485
1620350 484
1620360 483
1620370 483
1620380 481
1620390 480
1620400 480
1620410 479
1620420 479
1620430 479
1620440 478
1620450 478
1620460 478
1620470 477
1620480 476
1620490 476
1620500 476
1620510 476
1620520 476
1620530 476
1620540 477
1620550 478
1620560 478
1620570 476
1620580 476
1620590 476
1620600 476
1620610 477
1620620 477
1620630 479
1620640 483
1620650 482
1620660 482
1620670 483
1620680 485
1620690 485
1620700 487
1620710 488
1620720 488
1620730 489
1620740 489
1620750 489
1620760 489
1620770 490
1620780 490
1620790 490
1620800 490
1620810 490
1620820 490
1620830 489
1620840 489
1620850 489
1620860 489
1620870 489
1620880 489
1620890 489
1620900 489
1620910 489
1620920 489
1620930 489
1620940 489
1620950 489
1620960 489
1620970 489
1620980 489
1620990 489
1621000 489
1621010 489
1621020 489
1621030 489
1621040 489
1621050 489
1621060 488
1621070 488
1621080 488
1621090 488
1621100 488
1621110 488
1621120 488
1621130 488
1621140 488
1621150 488
1621160 488
1621170 488
1621180 488
1621190 488
1621200 488
1621210 488
1621220 488
1621230 488
1621240 488
1621250 488
1621260 488
1621270 488
1621280 488
1621290 487
1621300 487
1621310 487
1621320 487
1621330 487
1621340 487
1621350 487
1621360 487
1621370 487
1621380 488
1621390 487
1621400 487
1621410 487
1621420 487
1621430 487
1621440 487
1621450 487
1621460 487
1621470 486
1621480 486
1621490 486
1621500 485
1621510 485
1621520 485
1621530 484
1621540 484
1621550 484
1621560 484
1621570 483
1621580 482
1621590 482
1621600 482
1621610 481
1621620 481
1621630 479
1621640 477
1621650 477
1621660 476
1621670 475
1621680 475
1621690 475
1621700 474
1621710 473
1621720 473
1621730 472
1621740 471
1621750 471
1621760 471
1621770 470
1621780 470
1621790 470
1621800 471
1621810 471
1621820 471
1621830 472
1621840 473
1621850 473
1621860 474
1621870 475
1621880 475
1621890 477
1621900 478
1621910 478
1621920 478
1621930 478
1621940 478
1621950 477
1621960 476
1621970 476
1621980 475
1621990 475
1622000 475
1622010 475
1622020 475
1622030 475
1622040 475
1622050 475
1622060 474
1622070 474
1622080 474
1622090 474
1622100 474
1622110 473
1622120 473
1622130 473
1622140 472
1622150 471
1622160 471
1622170 471
1622180 471
1622190 471
1622200 471
1622210 471
1622220 472
1622230 472
1622240 473
1622250 474
1622260 474
1622270 475
1622280 475
1622290 475
1622300 475
1622310 476
1622320 477
1622330 477
1622340 479
1622350 481
1622360 481
1622370 482
1622380 483
1622390 483
1622400 483
1622410 483
1622420 483
1622430 482
1622440 482
1622450 482
1622460 482
1622470 482
1622480 482
1622490 482
1622500 483
1622510 483
1622520 483
1622530 484
1622540 484
1622550 484
1622560 484
1622570 483
1622580 483
1622590 483
1622600 482
1622610 482
1622620 482
1622630 481
1622640 481
1622650 481
1622660 481
1622670 482
1622680 482
1622690 482
1622700 482
1622710 482
1622720 482
1622730 481
1622740 481
1622750 481
1622760 481
1622770 480
1622780 480
1622790 480
1622800 480
1622810 480
1622820 480
1622830 480
1622840 480
1622850 480
1622860 480
1622870 480
1622880 479
1622890 479
1622900 479
1622910 479
1622920 478
1622930 478
1622940 478
1622950 477
1622960 476
1622970 476
1622980 475
1622990 474
1623000 474
1623010 473
1623020 472
1623030 472
1623040 472
1623050 471
1623060 471
1623070 471
1623080 472
1623090 473
1623100 473
1623110 474
1623120 476
1623130 476
1623140 477
1623150 478
1623160 478
1623170 479
1623180 479
1623190 479
1623200 479
1623210 478
1623220 475
1623230 475
1623240 472
1623250 469
1623260 469
1623270 467
1623280 466
1623290 466
1623300 465
1623310 465
1623320 465
1623330 465
1623340 465
1623350 465
1623360 465
1623370 465
1623380 465
1623390 465
1623400 465
1623410 466
1623420 466
1623430 466
1623440 466
1623450 466
1623460 464
1623470 460
1623480 460
1623490 458
1623500 458
1623510 458
1623520 458
1623530 458
1623540 457
1623550 457
1623560 454
1623570 453
1623580 453
1623590 454
1623600 455
1623610 455
1623620 455
1623630 455
1623640 455
1623650 455
1623660 455
1623670 455
1623680 455
1623690 455
1623700 455
1623710 455
1623720 455
1623730 455
1623740 455
1623750 455
1623760 455
1623770 455
1623780 455
1623790 455
1623800 455
1623810 455
1623820 455
1623830 455
1623840 455
1623850 456
1623860 456
1623870 456
1623880 456
1623890 456
1623900 456
1623910 456
1623920 456
1623930 456
1623940 456
1623950 457
1623960 457
1623970 457
1623980 457
1623990 457
1624000 457
1624010 457
1624020 457
1624030 457
1624040 457
1624050 457
1624060 457
1624070 457
1624080 458
1624090 458
1624100 459
1624110 462
1624120 467
1624130 467
1624140 473
1624150 476
1624160 476
1624170 476
1624180 476
1624190 476
1624200 476
1624210 478
1624220 478
1624230 479
1624240 479
1624250 480
1624260 480
1624270 480
1624280 480
1624290 480
1624300 480
1624310 480
1624320 480
1624330 480
1624340 480
1624350 480
1624360 480
1624370 480
1624380 480
1624390 481
1624400 480
1624410 480
1624420 480
1624430 480
1624440 479
1624450 479
1624460 478
1624470 475
1624480 475
1624490 472
1624500 470
1624510 470
1624520 469
1624530 469
1624540 469
1624550 469
1624560 469
1624570 469
1624580 469
1624590 470
1624600 470
1624610 470
1624620 469
1624630 470
1624640 470
1624650 470
1624660 470
1624670 470
1624680 470
1624690 471
1624700 471
1624710 471
1624720 471
1624730 471
1624740 471
1624750 471
1624760 472
1624770 472
1624780 472
1624790 471
1624800 471
1624810 472
1624820 472
1624830 472
1624840 472
1624850 473
1624860 473
1624870 473
1624880 474
1624890 474
1624900 474
1624910 475
1624920 477
1624930 477
1624940 481
1624950 483
1624960 483
1624970 483
1624980 483
1624990 483
1625000 482
1625010 482
1625020 481
1625030 481
1625040 483
1625050 483
1625060 483
1625070 483
1625080 483
1625090 483
1625100 483
1625110 483
1625120 483
1625130 483
1625140 484
1625150 484
1625160 484
1625170 486
1625180 489
1625190 489
1625200 495
1625210 502
1625220 502
1625230 504
1625240 504
1625250 504
1625260 504
1625270 504
1625280 504
1625290 504
1625300 503
1625310 503
1625320 503
1625330 503
1625340 503
1625350 503
1625360 503
1625370 503
1625380 503
1625390 503
1625400 503
1625410 503
1625420 503
1625430 503
1625440 503
1625450 503
1625460 503
1625470 503
1625480 503
1625490 503
1625500 503
1625510 503
1625520 503
1625530 503
1625540 503
1625550 504
1625560 506
1625570 506
1625580 510
1625590 513
1625600 513
1625610 514
1625620 515
1625630 515
1625640 515
1625650 515
1625660 516
1625670 516
1625680 516
1625690 517
1625700 517
1625710 517
1625720 517
1625730 517
1625740 517
1625750 517
1625760 516
1625770 516
1625780 516
1625790 516
1625800 516
1625810 517
1625820 517
1625830 517
1625840 517
1625850 517
1625860 517
1625870 517
1625880 517
1625890 517
1625900 517
1625910 517
1625920 518
1625930 518
1625940 517
1625950 518
1625960 518
1625970 518
1625980 518
1625990 518
1626000 518
1626010 517
1626020 517
1626030 517
1626040 517
1626050 517
1626060 517
1626070 517
1626080 517
1626090 517
1626100 517
1626110 517
1626120 517
1626130 516
1626140 516
1626150 516
1626160 516
1626170 516
1626180 516
1626190 516
1626200 516
1626210 517
1626220 517
1626230 517
1626240 517
1626250 517
1626260 517
1626270 518
1626280 518
1626290 517
1626300 517
1626310 517
1626320 517
1626330 516
1626340 516
1626350 515
1626360 513
1626370 513
1626380 513
1626390 515
1626400 517
1626410 517
1626420 518
1626430 520
1626440 520
1626450 521
1626460 522
1626470 522
1626480 523
1626490 523
1626500 523
1626510 523
1626520 523
1626530 523
1626540 523
1626550 523
1626560 523
1626570 523
1626580 523
1626590 523
1626600 523
1626610 523
1626620 523
1626630 523
1626640 524
1626650 524
1626660 524
1626670 524
1626680 524
1626690 525
1626700 525
1626710 525
1626720 525
1626730 525
1626740 525
1626750 525
1626760 525
1626770 525
1626780 525
1626790 525
1626800 526
1626810 526
1626820 526
1626830 526
1626840 527
1626850 527
1626860 527
1626870 527
1626880 527
1626890 527
1626900 527
1626910 528
1626920 528
1626930 529
1626940 529
1626950 529
1626960 530
1626970 530
1626980 530
1626990 530
1627000 531
1627010 531
1627020 531
1627030 531
1627040 532
1627050 532
1627060 532
1627070 532
1627080 532
1627090 532
1627100 532
1627110 533
1627120 533
1627130 533
1627140 533
1627150 533
1627160 534
1627170 534
1627180 534
1627190 534
1627200 534
1627210 534
1627220 534
1627230 535
1627240 535
1627250 535
1627260 535
1627270 536
1627280 536
1627290 537
1627300 540
1627310 540
1627320 541
1627330 543
1627340 543
1627350 544
1627360 546
1627370 546
1627380 547
1627390 549
1627400 549
1627410 551
1627420 552
1627430 553
1627440 553
1627450 554
1627460 555
1627470 555
1627480 556
1627490 557
1627500 557
1627510 558
1627520 560
1627530 560
1627540 562
1627550 564
1627560 564
1627570 564
1627580 563
1627590 563
1627600 563
1627610 564
1627620 565
1627630 565
1627640 565
1627650 565
1627660 565
1627670 567
1627680 571
1627690 571
1627700 576
1627710 580
1627720 584
1627730 584
1627740 588
1627750 590
1627760 587
1627770 584
1627780 579
1627790 579
1627800 572
1627810 572
1627820 572
1627830 574
1627840 578
1627850 578
1627860 583
1627870 587
1627880 590
1627890 590
1627900 592
1627910 594
1627920 594
1627930 597
1627940 601
1627950 601
1627960 604
1627970 607
1627980 607
1627990 607
1628000 606
1628010 602
1628020 602
1628030 598
1628040 595
1628050 595
1628060 593
1628070 592
1628080 592
1628090 591
1628100 591
1628110 591
1628120 589
1628130 587
1628140 587
1628150 587
1628160 585
1628170 583
1628180 583
1628190 582
1628200 581
1628210 581
1628220 578
1628230 576
1628240 576
1628250 574
1628260 572
1628270 572
1628280 569
1628290 570
1628300 570
1628310 570
1628320 571
1628330 570
1628340 570
1628350 567
1628360 566
1628370 566
1628380 566
1628390 566
1628400 566
1628410 565
1628420 566
1628430 566
1628440 566
1628450 566
1628460 566
1628470 566
1628480 566
1628490 567
1628500 567
1628510 569
1628520 573
1628530 573
1628540 577
1628550 582
1628560 582
1628570 587
1628580 591
1628590 591
1628600 595
1628610 599
1628620 602
1628630 604
1628640 606
1628650 609
1628660 609
1628670 612
1628680 615
1628690 615
1628700 619
1628710 623
1628720 623
1628730 626
1628740 629
1628750 629
1628760 632
1628770 636
1628780 638
1628790 638
1628800 641
1628810 644
1628820 644
1628830 648
1628840 651
1628850 651
1628860 653
1628870 656
1628880 656
1628890 659
1628900 662
1628910 662
1628920 664
1628930 666
1628940 670
1628950 670
1628960 674
1628970 678
1628980 678
1628990 682
1629000 687
1629010 687
1629020 691
1629030 695
1629040 695
1629050 697
1629060 700
1629070 704
1629080 704
1629090 709
1629100 714
1629110 714
1629120 718
1629130 722
1629140 722
1629150 726
1629160 731
1629170 731
1629180 736
1629190 740
1629200 740
1629210 740
1629220 736
1629230 730
1629240 730
1629250 724
1629260 718
1629270 718
1629280 711
1629290 705
1629300 705
1629310 700
1629320 696
1629330 696
1629340 693
1629350 692
1629360 692
1629370 690
1629380 682
1629390 673
1629400 673
1629410 666
1629420 659
1629430 659
1629440 653
1629450 647
1629460 647
1629470 641
1629480 636
1629490 636
1629500 630
1629510 626
1629520 621
1629530 621
1629540 616
1629550 611
1629560 611
1629570 606
1629580 603
1629590 603
1629600 604
1629610 606
1629620 606
1629630 610
1629640 611
1629650 611
1629660 611
1629670 611
1629680 611
1629690 611
1629700 611
1629710 611
1629720 611
1629730 610
1629740 610
1629750 610
1629760 610
1629770 610
1629780 610
1629790 610
1629800 610
1629810 610
1629820 609
1629830 609
1629840 606
1629850 606
1629860 600
1629870 597
1629880 597
1629890 596
1629900 599
1629910 599
1629920 602
1629930 605
1629940 605
1629950 606
1629960 609
1629970 611
1629980 611
1629990 613
1630000 617
1630010 617
1630020 621
1630030 626
1630040 626
1630050 632
1630060 637
1630070 637
1630080 640
1630090 643
1630100 643
1630110 646
1630120 649
1630130 655
1630140 655
1630150 662
1630160 668
1630170 668
1630180 671
1630190 673
1630200 673
1630210 673
1630220 674
1630230 674
1630240 673
1630250 672
1630260 672
1630270 671
1630280 669
1630290 664
1630300 664
1630310 660
1630320 655
1630330 655
1630340 650
1630350 640
1630360 636
1630370 634
1630380 643
1630390 643
1630400 651
1630410 655
1630420 660
1630430 660
1630440 665
1630450 668
1630460 668
1630470 671
1630480 673
1630490 673
1630500 675
1630510 677
1630520 677
1630530 679
1630540 680
1630550 680
1630560 682
1630570 683
1630580 685
1630590 685
1630600 687
1630610 690
1630620 690
1630630 693
1630640 696
1630650 696
1630660 699
1630670 700
1630680 700
1630690 702
1630700 703
1630710 703
1630720 703
1630730 702
1630740 701
1630750 701
1630760 698
1630770 694
1630780 694
1630790 688
1630800 681
1630810 681
1630820 674
1630830 670
1630840 670
1630850 665
1630860 661
1630870 655
1630880 655
1630890 649
1630900 643
1630910 643
1630920 639
1630930 635
1630940 635
1630950 634
1630960 631
1630970 631
1630980 630
1630990 626
1631000 626
1631010 622
1631020 625
1631030 625
1631040 625
1631050 627
1631060 626
1631070 626
1631080 628
1631090 632
1631100 632
1631110 637
1631120 640
1631130 640
1631140 644
1631150 646
1631160 646
1631170 649
1631180 652
1631190 657
1631200 657
1631210 663
1631220 672
1631230 672
1631240 677
1631250 681
1631260 681
1631270 684
1631280 686
1631290 686
1631300 687
1631310 687
1631320 688
1631330 688
1631340 688
1631350 689
1631360 689
1631370 690
1631380 691
1631390 691
1631400 692
1631410 692
1631420 692
1631430 693
1631440 694
1631450 694
1631460 696
1631470 698
1631480 698
1631490 698
1631500 700
1631510 702
1631520 702
1631530 705
1631540 708
1631550 708
1631560 712
1631570 715
1631580 715
1631590 717
1631600 715
1631610 715
1631620 713
1631630 712
1631640 715
1631650 715
1631660 716
1631670 716
1631680 716
1631690 716
1631700 716
1631710 716
1631720 714
1631730 715
1631740 715
1631750 715
1631760 714
1631770 716
1631780 716
1631790 719
1631800 723
1631810 723
1631820 728
1631830 731
1631840 731
1631850 734
1631860 735
1631870 735
1631880 734
1631890 732
1631900 732
1631910 730
1631920 730
1631930 732
1631940 732
1631950 736
1631960 741
1631970 741
1631980 745
1631990 747
1632000 747
1632010 749
1632020 750
1632030 750
1632040 751
1632050 752
1632060 752
1632070 755
1632080 756
1632090 757
1632100 757
1632110 759
1632120 760
1632130 760
1632140 762
1632150 764
1632160 764
1632170 766
1632180 768
1632190 768
1632200 769
1632210 770
1632220 771
1632230 771
1632240 774
1632250 775
1632260 775
1632270 777
1632280 778
1632290 778
1632300 780
1632310 782
1632320 782
1632330 784
1632340 785
1632350 785
1632360 787
1632370 789
1632380 790
1632390 790
1632400 792
1632410 794
1632420 794
1632430 796
1632440 798
1632450 798
1632460 799
1632470 801
1632480 801
1632490 803
1632500 805
1632510 805
1632520 807
1632530 809
1632540 811
1632550 811
1632560 814
1632570 816
1632580 816
1632590 818
1632600 820
1632610 820
1632620 821
1632630 823
1632640 823
1632650 823
1632660 824
1632670 824
1632680 824
1632690 825
1632700 825
1632710 825
1632720 824
1632730 823
1632740 823
1632750 824
1632760 825
1632770 825
1632780 827
1632790 828
1632800 828
1632810 830
1632820 832
1632830 833
1632840 833
1632850 834
1632860 834
1632870 834
1632880 832
1632890 830
1632900 830
1632910 827
1632920 818
1632930 818
1632940 816
1632950 813
1632960 813
1632970 811
1632980 811
1632990 812
1633000 812
1633010 814
1633020 817
1633030 817
1633040 821
1633050 827
1633060 827
1633070 833
1633080 839
1633090 839
1633100 844
1633110 849
1633120 849
1633130 854
1633140 859
1633150 862
1633160 862
1633170 865
1633180 866
1633190 866
1633200 867
1633210 868
1633220 868
1633230 868
1633240 868
1633250 868
1633260 868
1633270 867
1633280 866
1633290 866
1633300 865
1633310 863
1633320 863
1633330 862
1633340 862
1633350 862
1633360 862
1633370 862
1633380 862
1633390 862
1633400 863
1633410 863
1633420 864
1633430 866
1633440 867
1633450 867
1633460 867
1633470 866
1633480 866
1633490 865
1633500 864
1633510 864
1633520 861
1633530 858
1633540 858
1633550 854
1633560 850
1633570 850
1633580 846
1633590 842
1633600 838
1633610 838
1633620 835
1633630 832
1633640 832
1633650 829
1633660 825
1633670 825
1633680 822
1633690 818
1633700 818
1633710 814
1633720 811
1633730 807
1633740 807
1633750 804
1633760 800
1633770 804
1633780 800
1633790 796
1633800 796
1633810 791
1633820 786
1633830 786
1633840 782
1633850 778
1633860 778
1633870 776
1633880 775
1633890 774
1633900 774
1633910 773
1633920 773
1633930 773
1633940 772
1633950 772
1633960 772
1633970 769
1633980 765
1633990 765
1634000 760
1634010 756
1634020 756
1634030 753
1634040 751
1634050 750
1634060 750
1634070 749
1634080 749
1634090 749
1634100 749
1634110 748
1634120 748
1634130 747
1634140 745
1634150 745
1634160 741
1634170 737
1634180 733
1634190 733
1634200 730
1634210 729
1634220 729
1634230 726
1634240 727
1634250 727
1634260 734
1634270 741
1634280 741
1634290 747
1634300 751
1634310 751
1634320 753
1634330 755
1634340 756
1634350 756
1634360 756
1634370 755
1634380 755
1634390 753
1634400 753
1634410 753
1634420 755
1634430 760
1634440 760
1634450 766
1634460 771
1634470 771
1634480 776
1634490 780
1634500 786
1634510 786
1634520 791
1634530 798
1634540 798
1634550 803
1634560 809
1634570 809
1634580 815
1634590 821
1634600 821
1634610 826
1634620 828
1634630 831
1634640 831
1634650 835
1634660 837
1634670 837
1634680 839
1634690 841
1634700 841
1634710 844
1634720 847
1634730 847
1634740 850
1634750 853
1634760 853
1634770 854
1634780 856
1634790 859
1634800 859
1634810 861
1634820 863
1634830 863
1634840 866
1634850 870
1634860 870
1634870 875
1634880 879
1634890 879
1634900 884
1634910 888
1634920 888
1634930 893
1634940 897
1634950 902
1634960 902
1634970 907
1634980 912
1634990 912
1635000 917
1635010 923
1635020 923
1635030 927
1635040 932
1635050 932
1635060 937
1635070 942
1635080 947
1635090 947
1635100 952
1635110 957
1635120 957
1635130 963
1635140 968
1635150 968
1635160 973
1635170 977
1635180 977
1635190 982
1635200 985
1635210 985
1635220 989
1635230 994
1635240 998
1635250 998
1635260 1002
1635270 1005
1635280 1005
1635290 1006
1635300 1008
1635310 1008
1635320 1010
1635330 1011
1635340 1011
1635350 1010
1635360 1011
1635370 1011
1635380 1012
1635390 1013
1635400 1015
1635410 1015
1635420 1016
1635430 1018
1635440 1011
1635450 1012
1635460 1012
1635470 1012
1635480 1012
1635490 1009
1635500 1009
1635510 1006
1635520 1002
1635530 1002
1635540 997
1635550 992
1635560 987
1635570 987
1635580 982
1635590 977
1635600 977
1635610 974
1635620 971
1635630 971
1635640 968
1635650 965
1635660 965
1635670 961
1635680 956
1635690 945
1635700 945
1635710 936
1635720 932
1635730 932
1635740 927
1635750 920
1635760 920
1635770 913
1635780 907
1635790 907
1635800 901
1635810 895
1635820 895
1635830 889
1635840 883
1635850 877
1635860 877
1635870 872
1635880 868
1635890 868
1635900 864
1635910 863
1635920 863
1635930 862
1635940 862
1635950 862
1635960 862
1635970 860
1635980 860
1635990 858
1636000 856
1636010 854
1636020 854
1636030 851
1636040 849
1636050 849
1636060 847
1636070 846
1636080 846
1636090 844
1636100 842
1636110 842
1636120 839
1636130 836
1636140 834
1636150 834
1636160 832
1636170 830
1636180 830
1636190 828
1636200 825
1636210 825
1636220 823
1636230 822
1636240 822
1636250 819
1636260 816
1636270 816
1636280 812
1636290 810
1636300 807
1636310 807
1636320 805
1636330 803
1636340 803
1636350 801
1636360 798
1636370 798
1636380 796
1636390 794
1636400 794
1636410 792
1636420 788
1636430 788
1636440 783
1636450 776
1636460 770
1636470 770
1636480 764
1636490 759
1636500 759
1636510 755
1636520 753
1636530 753
1636540 751
1636550 750
1636560 750
1636570 747
1636580 746
1636590 744
1636600 744
1636610 742
1636620 741
1636630 741
1636640 740
1636650 740
1636660 740
1636670 739
1636680 738
1636690 738
1636700 736
1636710 733
1636720 733
1636730 730
1636740 728
1636750 725
1636760 725
1636770 718
1636780 715
1636790 715
1636800 716
1636810 718
1636820 718
1636830 719
1636840 720
1636850 720
1636860 721
1636870 721
1636880 721
1636890 723
1636900 725
1636910 727
1636920 727
1636930 728
1636940 729
1636950 729
1636960 729
1636970 726
1636980 726
1636990 722
1637000 718
1637010 718
1637020 713
1637030 706
1637040 701
1637050 701
1637060 696
1637070 690
1637080 690
1637090 684
1637100 679
1637110 679
1637120 663
1637130 650
1637140 650
1637150 637
1637160 629
1637170 629
1637180 622
1637190 616
1637200 610
1637210 610
1637220 604
1637230 599
1637240 599
1637250 596
1637260 594
1637270 594
1637280 593
1637290 594
1637300 594
1637310 595
1637320 596
1637330 596
1637340 597
1637350 598
1637360 598
1637370 598
1637380 599
1637390 601
1637400 601
1637410 604
1637420 609
1637430 609
1637440 614
1637450 620
1637460 620
1637470 626
1637480 631
1637490 637
1637500 637
1637510 645
1637520 669
1637530 669
1637540 683
1637550 687
1637560 687
1637570 690
1637580 695
1637590 695
1637600 701
1637610 707
1637620 707
1637630 711
1637640 716
1637650 717
1637660 717
1637670 716
1637680 714
1637690 714
1637700 711
1637710 709
1637720 709
1637730 707
1637740 706
1637750 706
1637760 707
1637770 709
1637780 709
1637790 712
1637800 714
1637810 716
1637820 716
1637830 716
1637840 717
1637850 717
1637860 717
1637870 719
1637880 719
1637890 721
1637900 724
1637910 724
1637920 731
1637930 732
1637940 733
1637950 733
1637960 734
1637970 735
1637980 735
1637990 737
1638000 741
1638010 741
1638020 746
1638030 751
1638040 751
1638050 756
1638060 762
1638070 762
1638080 768
1638090 773
1638100 778
1638110 778
1638120 783
1638130 789
1638140 789
1638150 796
1638160 804
1638170 804
1638180 810
1638190 816
1638200 816
1638210 824
1638220 832
1638230 832
1638240 841
1638250 850
1638260 859
1638270 859
1638280 868
1638290 877
1638300 877
1638310 885
1638320 893
1638330 893
1638340 900
1638350 907
1638360 907
1638370 912
1638380 918
1638390 918
1638400 924
1638410 930
1638420 936
1638430 936
1638440 941
1638450 947
1638460 947
1638470 953
1638480 959
1638490 959
1638500 966
1638510 972
1638520 972
1638530 978
1638540 984
1638550 989
1638560 989
1638570 993
1638580 997
1638590 997
1638600 999
1638610 1000
1638620 1000
1638630 1000
1638640 1000
1638650 1000
1638660 1000
1638670 999
1638680 999
1638690 996
1638700 993
1638710 989
1638720 989
1638730 985
1638740 975
1638750 975
1638760 971
1638770 966
1638780 966
1638790 962
1638800 958
1638810 958
1638820 953
1638830 949
1638840 949
1638850 944
1638860 940
1638870 936
1638880 936
1638890 934
1638900 931
1638910 931
1638920 929
1638930 929
1638940 929
1638950 929
1638960 929
1638970 929
1638980 928
1638990 927
1639000 925
1639010 925
1639020 927
1639030 928
1639040 928
1639050 928
1639060 928
1639070 928
1639080 927
1639090 926
1639100 926
1639110 924
1639120 924
1639130 924
1639140 926
1639150 928
1639160 930
1639170 930
1639180 930
1639190 929
1639200 929
1639210 928
1639220 926
1639230 926
1639240 925
1639250 925
1639260 925
1639270 925
1639280 925
1639290 925
1639300 927
1639310 931
1639320 935
1639330 935
1639340 938
1639350 941
1639360 941
1639370 946
1639380 949
1639390 949
1639400 952
1639410 954
1639420 954
1639430 956
1639440 957
1639450 958
1639460 958
1639470 959
1639480 959
1639490 959
1639500 959
1639510 957
1639520 957
1639530 956
1639540 955
1639550 948
1639560 946
1639570 944
1639580 944
1639590 942
1639600 941
1639610 939
1639620 939
1639630 938
1639640 936
1639650 936
1639660 936
1639670 935
1639680 935
1639690 933
1639700 931
1639710 931
1639720 928
1639730 925
1639740 925
1639750 921
1639760 916
1639770 910
1639780 910
1639790 906
1639800 904
1639810 904
1639820 902
1639830 900
1639840 900
1639850 898
1639860 895
1639870 895
1639880 891
1639890 888
1639900 885
1639910 885
1639920 881
1639930 876
1639940 876
1639950 872
1639960 867
1639970 867
1639980 861
1639990 855
