1620000 472
1620010 472
1620020 472
1620030 472
1620040 472
1620050 472
1620060 472
1620070 472
1620080 472
1620090 472
1620100 471
1620110 471
1620120 471
1620130 471
1620140 471
1620150 471
1620160 471
1620170 471
1620180 471
1620190 470
1620200 470
1620210 470
1620220 470
1620230 470
1620240 470
1620250 470
1620260 470
1620270 470
1620280 470
1620290 470
1620300 470
1620310 470
1620320 470
1620330 470
1620340 470
1620350 470
1620360 470
1620370 470
1620380 470
1620390 470
1620400 470
1620410 470
1620420 469
1620430 469
1620440 469
1620450 469
1620460 469
1620470 469
1620480 469
1620490 469
1620500 469
1620510 469
1620520 469
1620530 469
1620540 469
1620550 469
1620560 469
1620570 469
1620580 469
1620590 469
1620600 469
1620610 469
1620620 469
1620630 469
1620640 469
1620650 469
1620660 469
1620670 469
1620680 469
1620690 469
1620700 469
1620710 468
1620720 468
1620730 468
1620740 468
1620750 468
1620760 468
1620770 468
1620780 469
1620790 469
1620800 469
1620810 469
1620820 469
1620830 469
1620840 469
1620850 469
1620860 470
1620870 471
1620880 471
1620890 471
1620900 472
1620910 472
1620920 472
1620930 472
1620940 473
1620950 473
1620960 472
1620970 472
1620980 472
1620990 472
1621000 472
1621010 472
1621020 472
1621030 472
1621040 472
1621050 472
1621060 472
1621070 472
1621080 472
1621090 472
1621100 473
1621110 473
1621120 472
1621130 472
1621140 472
1621150 472
1621160 472
1621170 472
1621180 472
1621190 472
1621200 472
1621210 472
1621220 472
1621230 472
1621240 472
1621250 472
1621260 472
1621270 472
1621280 472
1621290 471
1621300 471
1621310 471
1621320 471
1621330 471
1621340 472
1621350 471
1621360 471
1621370 471
1621380 471
1621390 471
1621400 471
1621410 471
1621420 471
1621430 471
1621440 471
1621450 471
1621460 471
1621470 471
1621480 471
1621490 471
1621500 471
1621510 471
1621520 471
1621530 471
1621540 471
1621550 471
1621560 471
1621570 471
1621580 471
1621590 471
1621600 471
1621610 471
1621620 471
1621630 471
1621640 471
1621650 471
1621660 471
1621670 471
1621680 471
1621690 471
1621700 471
1621710 471
1621720 471
1621730 471
1621740 472
1621750 472
1621760 472
1621770 472
1621780 472
1621790 472
1621800 472
1621810 472
1621820 472
1621830 472
1621840 472
1621850 472
1621860 472
1621870 472
1621880 472
1621890 472
1621900 473
1621910 473
1621920 473
1621930 473
1621940 473
1621950 472
1621960 472
1621970 472
1621980 472
1621990 473
1622000 473
1622010 473
1622020 474
1622030 474
1622040 474
1622050 475
1622060 477
1622070 477
1622080 478
1622090 479
1622100 479
1622110 481
1622120 483
1622130 487
1622140 487
1622150 490
1622160 494
1622170 494
1622180 499
1622190 503
1622200 503
1622210 507
1622220 510
1622230 510
1622240 510
1622250 509
1622260 509
1622270 508
1622280 502
1622290 495
1622300 495
1622310 488
1622320 483
1622330 483
1622340 480
1622350 476
1622360 476
1622370 471
1622380 466
1622390 466
1622400 460
1622410 458
1622420 456
1622430 456
1622440 455
1622450 455
1622460 455
1622470 455
1622480 454
1622490 454
1622500 454
1622510 454
1622520 454
1622530 454
1622540 454
1622550 454
1622560 454
1622570 455
1622580 455
1622590 455
1622600 455
1622610 455
1622620 455
1622630 456
1622640 456
1622650 456
1622660 456
1622670 456
1622680 456
1622690 456
1622700 456
1622710 456
1622720 457
1622730 457
1622740 457
1622750 457
1622760 457
1622770 457
1622780 457
1622790 457
1622800 457
1622810 457
1622820 457
1622830 457
1622840 457
1622850 457
1622860 457
1622870 457
1622880 457
1622890 458
1622900 458
1622910 458
1622920 458
1622930 455
1622940 455
1622950 451
1622960 449
1622970 449
1622980 449
1622990 449
1623000 449
1623010 449
1623020 449
1623030 449
1623040 449
1623050 449
1623060 449
1623070 449
1623080 449
1623090 450
1623100 450
1623110 450
1623120 450
1623130 450
1623140 450
1623150 450
1623160 450
1623170 450
1623180 450
1623190 450
1623200 450
1623210 450
1623220 450
1623230 450
1623240 450
1623250 450
1623260 450
1623270 450
1623280 450
1623290 450
1623300 450
1623310 450
1623320 450
1623330 449
1623340 447
1623350 447
1623360 447
1623370 448
1623380 449
1623390 449
1623400 450
1623410 450
1623420 450
1623430 450
1623440 450
1623450 450
1623460 451
1623470 451
1623480 451
1623490 451
1623500 451
1623510 451
1623520 451
1623530 451
1623540 451
1623550 451
1623560 451
1623570 451
1623580 451
1623590 451
1623600 450
1623610 450
1623620 450
1623630 451
1623640 451
1623650 451
1623660 452
1623670 452
1623680 452
1623690 452
1623700 452
1623710 452
1623720 452
1623730 452
1623740 452
1623750 452
1623760 452
1623770 452
1623780 453
1623790 453
1623800 453
1623810 453
1623820 453
1623830 453
1623840 453
1623850 453
1623860 453
1623870 453
1623880 453
1623890 453
1623900 453
1623910 453
1623920 454
1623930 455
1623940 455
1623950 460
1623960 465
1623970 465
1623980 472
1623990 475
1624000 475
1624010 475
1624020 475
1624030 475
1624040 475
1624050 475
1624060 475
1624070 475
1624080 475
1624090 475
1624100 475
1624110 475
1624120 475
1624130 475
1624140 475
1624150 475
1624160 475
1624170 476
1624180 476
1624190 476
1624200 476
1624210 476
1624220 476
1624230 476
1624240 476
1624250 476
1624260 476
1624270 476
1624280 476
1624290 476
1624300 476
1624310 476
1624320 476
1624330 476
1624340 476
1624350 476
1624360 476
1624370 476
1624380 476
1624390 476
1624400 476
1624410 476
1624420 476
1624430 476
1624440 476
1624450 476
1624460 476
1624470 476
1624480 476
1624490 477
1624500 477
1624510 477
1624520 477
1624530 478
1624540 479
1624550 479
1624560 479
1624570 479
1624580 479
1624590 479
1624600 479
1624610 479
1624620 479
1624630 479
1624640 479
1624650 479
1624660 479
1624670 479
1624680 479
1624690 479
1624700 479
1624710 479
1624720 479
1624730 479
1624740 479
1624750 479
1624760 479
1624770 479
1624780 479
1624790 479
1624800 479
1624810 479
1624820 479
1624830 479
1624840 479
1624850 479
1624860 479
1624870 479
1624880 479
1624890 479
1624900 479
1624910 479
1624920 479
1624930 479
1624940 479
1624950 479
1624960 479
1624970 479
1624980 479
1624990 479
1625000 479
1625010 479
1625020 479
1625030 479
1625040 479
1625050 479
1625060 479
1625070 479
1625080 478
1625090 478
1625100 478
1625110 478
1625120 478
1625130 478
1625140 478
1625150 478
1625160 478
1625170 478
1625180 478
1625190 478
1625200 479
1625210 478
1625220 478
1625230 478
1625240 478
1625250 478
1625260 478
1625270 478
1625280 478
1625290 478
1625300 478
1625310 478
1625320 478
1625330 478
1625340 478
1625350 478
1625360 478
1625370 478
1625380 478
1625390 478
1625400 478
1625410 478
1625420 478
1625430 478
1625440 478
1625450 478
1625460 479
1625470 478
1625480 478
1625490 479
1625500 479
1625510 479
1625520 479
1625530 479
1625540 479
1625550 478
1625560 477
1625570 477
1625580 477
1625590 477
1625600 477
1625610 477
1625620 477
1625630 477
1625640 477
1625650 477
1625660 477
1625670 477
1625680 477
1625690 477
1625700 477
1625710 477
1625720 477
1625730 477
1625740 477
1625750 477
1625760 478
1625770 478
1625780 479
1625790 481
1625800 481
1625810 485
1625820 489
1625830 489
1625840 492
1625850 494
1625860 494
1625870 493
1625880 491
1625890 491
1625900 488
1625910 485
1625920 482
1625930 482
1625940 481
1625950 480
1625960 480
1625970 480
1625980 480
1625990 480
1626000 480
1626010 480
1626020 480
1626030 480
1626040 480
1626050 480
1626060 480
1626070 480
1626080 480
1626090 480
1626100 480
1626110 479
1626120 479
1626130 480
1626140 481
1626150 481
1626160 481
1626170 482
1626180 482
1626190 483
1626200 484
1626210 484
1626220 484
1626230 484
1626240 484
1626250 484
1626260 486
1626270 488
1626280 488
1626290 491
1626300 492
1626310 492
1626320 494
1626330 495
1626340 495
1626350 498
1626360 502
1626370 506
1626380 506
1626390 510
1626400 515
1626410 515
1626420 517
1626430 518
1626440 518
1626450 517
1626460 515
1626470 515
1626480 516
1626490 518
1626500 519
1626510 519
1626520 519
1626530 519
1626540 519
1626550 519
1626560 519
1626570 519
1626580 519
1626590 520
1626600 520
1626610 520
1626620 521
1626630 521
1626640 522
1626650 523
1626660 524
1626670 524
1626680 524
1626690 524
1626700 524
1626710 524
1626720 524
1626730 524
1626740 524
1626750 524
1626760 524
1626770 525
1626780 525
1626790 525
1626800 526
1626810 526
1626820 526
1626830 526
1626840 527
1626850 527
1626860 527
1626870 528
1626880 528
1626890 528
1626900 529
1626910 530
1626920 530
1626930 530
1626940 531
1626950 531
1626960 531
1626970 532
1626980 532
1626990 532
1627000 535
1627010 537
1627020 537
1627030 537
1627040 537
1627050 537
1627060 534
1627070 532
1627080 532
1627090 532
1627100 532
1627110 533
1627120 533
1627130 534
1627140 535
1627150 535
1627160 536
1627170 537
1627180 537
1627190 537
1627200 538
1627210 538
1627220 539
1627230 539
1627240 539
1627250 540
1627260 541
1627270 542
1627280 542
1627290 543
1627300 547
1627310 547
1627320 550
1627330 551
1627340 551
1627350 551
1627360 551
1627370 551
1627380 550
1627390 550
1627400 550
1627410 550
1627420 549
1627430 548
1627440 548
1627450 547
1627460 548
1627470 548
1627480 548
1627490 548
1627500 548
1627510 549
1627520 550
1627530 550
1627540 551
1627550 552
1627560 552
1627570 552
1627580 552
1627590 553
1627600 553
1627610 554
1627620 554
1627630 554
1627640 554
1627650 555
1627660 555
1627670 555
1627680 554
1627690 554
1627700 554
1627710 554
1627720 554
1627730 554
1627740 554
1627750 554
1627760 554
1627770 554
1627780 554
1627790 554
1627800 554
1627810 554
1627820 554
1627830 554
1627840 555
1627850 555
1627860 555
1627870 555
1627880 555
1627890 555
1627900 555
1627910 555
1627920 555
1627930 554
1627940 554
1627950 554
1627960 554
1627970 554
1627980 554
1627990 554
1628000 554
1628010 554
1628020 554
1628030 553
1628040 553
1628050 553
1628060 553
1628070 553
1628080 553
1628090 554
1628100 553
1628110 553
1628120 554
1628130 554
1628140 554
1628150 553
1628160 553
1628170 553
1628180 553
1628190 552
1628200 552
1628210 552
1628220 552
1628230 552
1628240 552
1628250 552
1628260 552
1628270 552
1628280 551
1628290 551
1628300 551
1628310 551
1628320 551
1628330 551
1628340 551
1628350 551
1628360 552
1628370 552
1628380 548
1628390 542
1628400 542
1628410 540
1628420 539
1628430 539
1628440 540
1628450 541
1628460 542
1628470 542
1628480 543
1628490 545
1628500 545
1628510 546
1628520 548
1628530 548
1628540 550
1628550 551
1628560 551
1628570 553
1628580 555
1628590 555
1628600 557
1628610 560
1628620 563
1628630 563
1628640 566
1628650 569
1628660 569
1628670 573
1628680 578
1628690 578
1628700 583
1628710 589
1628720 589
1628730 594
1628740 599
1628750 599
1628760 604
1628770 610
1628780 615
1628790 615
1628800 619
1628810 622
1628820 622
1628830 626
1628840 631
1628850 631
1628860 636
1628870 643
1628880 643
1628890 649
1628900 655
1628910 661
1628920 661
1628930 668
1628940 673
1628950 673
1628960 676
1628970 678
1628980 678
1628990 678
1629000 678
1629010 678
1629020 679
1629030 681
1629040 681
1629050 682
1629060 684
1629070 687
1629080 687
1629090 690
1629100 693
1629110 693
1629120 696
1629130 700
1629140 700
1629150 703
1629160 706
1629170 706
1629180 710
1629190 713
1629200 713
1629210 716
1629220 717
1629230 717
1629240 717
1629250 714
1629260 711
1629270 711
1629280 706
1629290 701
1629300 701
1629310 695
1629320 689
1629330 689
1629340 683
1629350 676
1629360 676
1629370 670
1629380 664
1629390 658
1629400 658
1629410 652
1629420 646
1629430 646
1629440 641
1629450 635
1629460 635
1629470 628
1629480 623
1629490 623
1629500 617
1629510 613
1629520 609
1629530 609
1629540 605
1629550 602
1629560 602
1629570 598
1629580 595
1629590 595
1629600 593
1629610 590
1629620 590
1629630 589
1629640 588
1629650 588
1629660 588
1629670 588
1629680 587
1629690 587
1629700 587
1629710 587
1629720 587
1629730 587
1629740 586
1629750 586
1629760 586
1629770 586
1629780 586
1629790 586
1629800 586
1629810 586
1629820 586
1629830 586
1629840 586
1629850 586
1629860 586
1629870 586
1629880 586
1629890 586
1629900 586
1629910 586
1629920 586
1629930 585
1629940 585
1629950 585
1629960 585
1629970 585
1629980 585
1629990 585
1630000 585
1630010 585
1630020 584
1630030 584
1630040 584
1630050 583
1630060 583
1630070 583
1630080 581
1630090 580
1630100 580
1630110 579
1630120 577
1630130 576
1630140 576
1630150 575
1630160 575
1630170 575
1630180 575
1630190 575
1630200 575
1630210 575
1630220 575
1630230 575
1630240 575
1630250 575
1630260 575
1630270 576
1630280 579
1630290 583
1630300 583
1630310 587
1630320 591
1630330 591
1630340 595
1630350 599
1630360 599
1630370 603
1630380 607
1630390 607
1630400 613
1630410 619
1630420 624
1630430 624
1630440 628
1630450 633
1630460 633
1630470 635
1630480 635
1630490 635
1630500 636
1630510 636
1630520 636
1630530 637
1630540 638
1630550 638
1630560 638
1630570 638
1630580 639
1630590 640
1630600 640
1630610 639
1630620 639
1630630 638
1630640 637
1630650 637
1630660 637
1630670 636
1630680 636
1630690 636
1630700 636
1630710 636
1630720 637
1630730 638
1630740 638
1630750 638
1630760 639
1630770 640
1630780 640
1630790 641
1630800 639
1630810 639
1630820 637
1630830 635
1630840 635
1630850 633
1630860 632
1630870 632
1630880 632
1630890 633
1630900 637
1630910 637
1630920 641
1630930 645
1630940 645
1630950 650
1630960 654
1630970 654
1630980 658
1630990 662
1631000 662
1631010 666
1631020 671
1631030 675
1631040 675
1631050 677
1631060 678
1631070 678
1631080 680
1631090 683
1631100 683
1631110 685
1631120 688
1631130 688
1631140 690
1631150 692
1631160 692
1631170 694
1631180 696
1631190 699
1631200 699
1631210 700
1631220 703
1631230 703
1631240 705
1631250 705
1631260 705
1631270 705
1631280 704
1631290 704
1631300 704
1631310 703
1631320 703
1631330 702
1631340 702
1631350 702
1631360 702
1631370 702
1631380 702
1631390 702
1631400 703
1631410 703
1631420 703
1631430 702
1631440 702
1631450 704
1631460 704
1631470 704
1631480 704
1631490 704
1631500 704
1631510 702
1631520 702
1631530 699
1631540 698
1631550 698
1631560 698
1631570 701
1631580 701
1631590 703
1631600 704
1631610 704
1631620 706
1631630 708
1631640 711
1631650 711
1631660 714
1631670 718
1631680 718
1631690 721
1631700 725
1631710 725
1631720 729
1631730 732
1631740 732
1631750 735
1631760 739
1631770 739
1631780 742
1631790 746
1631800 751
1631810 751
1631820 756
1631830 760
1631840 760
1631850 764
1631860 768
1631870 768
1631880 773
1631890 777
1631900 777
1631910 781
1631920 784
1631930 788
1631940 788
1631950 792
1631960 796
1631970 796
1631980 797
1631990 797
1632000 797
1632010 797
1632020 796
1632030 796
1632040 792
1632050 786
1632060 786
1632070 781
1632080 777
1632090 774
1632100 774
1632110 771
1632120 770
1632130 770
1632140 769
1632150 768
1632160 768
1632170 767
1632180 765
1632190 765
1632200 763
1632210 760
1632220 760
1632230 758
1632240 756
1632250 754
1632260 754
1632270 752
1632280 751
1632290 751
1632300 755
1632310 754
1632320 754
1632330 754
1632340 753
1632350 753
1632360 753
1632370 752
1632380 750
1632390 750
1632400 748
1632410 745
1632420 745
1632430 743
1632440 742
1632450 742
1632460 740
1632470 739
1632480 739
1632490 735
1632500 731
1632510 731
1632520 730
1632530 728
1632540 726
1632550 726
1632560 722
1632570 719
1632580 719
1632590 716
1632600 710
1632610 710
1632620 704
1632630 698
1632640 698
1632650 693
1632660 688
1632670 688
1632680 689
1632690 696
1632700 701
1632710 701
1632720 705
1632730 708
1632740 708
1632750 712
1632760 716
1632770 716
1632780 718
1632790 721
1632800 721
1632810 723
1632820 725
1632830 725
1632840 726
1632850 726
1632860 725
1632870 725
1632880 724
1632890 724
1632900 724
1632910 725
1632920 727
1632930 727
1632940 730
1632950 733
1632960 733
1632970 736
1632980 739
1632990 742
1633000 742
1633010 745
1633020 749
1633030 749
1633040 752
1633050 756
1633060 756
1633070 760
1633080 762
1633090 762
1633100 764
1633110 766
1633120 766
1633130 767
1633140 768
1633150 769
1633160 769
1633170 769
1633180 770
1633190 770
1633200 772
1633210 773
1633220 773
1633230 775
1633240 777
1633250 777
1633260 778
1633270 780
1633280 780
1633290 780
1633300 781
1633310 781
1633320 781
1633330 780
1633340 779
1633350 779
1633360 777
1633370 775
1633380 775
1633390 771
1633400 767
1633410 767
1633420 763
1633430 759
1633440 755
1633450 755
1633460 753
1633470 755
1633480 755
1633490 759
1633500 762
1633510 762
1633520 766
1633530 769
1633540 769
1633550 772
1633560 775
1633570 775
1633580 777
1633590 780
1633600 782
1633610 782
1633620 784
1633630 786
1633640 786
1633650 788
1633660 790
1633670 790
1633680 791
1633690 793
1633700 793
1633710 795
1633720 798
1633730 798
1633740 799
1633750 800
1633760 800
1633770 800
1633780 800
1633790 800
1633800 800
1633810 798
1633820 794
1633830 794
1633840 790
1633850 785
1633860 785
1633870 781
1633880 775
1633890 759
1633900 759
1633910 745
1633920 736
1633930 736
1633940 729
1633950 724
1633960 724
1633970 721
1633980 717
1633990 718
1634000 713
1634010 707
1634020 707
1634030 703
1634040 700
1634050 697
1634060 697
1634070 695
1634080 693
1634090 693
1634100 691
1634110 690
1634120 690
1634130 689
1634140 688
1634150 688
1634160 687
1634170 686
1634180 686
1634190 685
1634200 684
1634210 682
1634220 682
1634230 681
1634240 681
1634250 681
1634260 678
1634270 675
1634280 675
1634290 672
1634300 669
1634310 669
1634320 665
1634330 662
1634340 662
1634350 661
1634360 660
1634370 657
1634380 657
1634390 655
1634400 652
1634410 652
1634420 650
1634430 649
1634440 649
1634450 647
1634460 646
1634470 646
1634480 643
1634490 642
1634500 640
1634510 640
1634520 640
1634530 638
1634540 638
1634550 637
1634560 637
1634570 637
1634580 639
1634590 642
1634600 642
1634610 644
1634620 646
1634630 646
1634640 649
1634650 652
1634660 656
1634670 656
1634680 661
1634690 665
1634700 665
1634710 671
1634720 676
1634730 676
1634740 678
1634750 680
1634760 680
1634770 684
1634780 687
1634790 687
1634800 693
1634810 699
1634820 703
1634830 703
1634840 707
1634850 710
1634860 710
1634870 713
1634880 716
1634890 716
1634900 720
1634910 724
1634920 724
1634930 727
1634940 731
1634950 735
1634960 735
1634970 738
1634980 742
1634990 742
1635000 746
1635010 749
1635020 749
1635030 752
1635040 755
1635050 755
1635060 758
1635070 762
1635080 762
1635090 764
1635100 763
1635110 760
1635120 760
1635130 757
1635140 755
1635150 755
1635160 753
1635170 751
1635180 751
1635190 750
1635200 749
1635210 749
1635220 748
1635230 747
1635240 747
1635250 746
1635260 745
1635270 744
1635280 744
1635290 742
1635300 740
1635310 740
1635320 739
1635330 738
1635340 738
1635350 736
1635360 732
1635370 732
1635380 730
1635390 729
1635400 728
1635410 728
1635420 728
1635430 728
1635440 728
1635450 728
1635460 729
1635470 729
1635480 730
1635490 732
1635500 732
1635510 734
1635520 736
1635530 736
1635540 739
1635550 741
1635560 744
1635570 744
1635580 748
1635590 753
1635600 753
1635610 758
1635620 762
1635630 762
1635640 765
1635650 768
1635660 765
1635670 767
1635680 770
1635690 770
1635700 775
1635710 779
1635720 782
1635730 782
1635740 784
1635750 785
1635760 785
1635770 785
1635780 785
1635790 785
1635800 784
1635810 784
1635820 784
1635830 783
1635840 781
1635850 781
1635860 777
1635870 773
1635880 770
1635890 770
1635900 767
1635910 762
1635920 762
1635930 757
1635940 753
1635950 753
1635960 751
1635970 751
1635980 751
1635990 755
1636000 758
1636010 760
1636020 760
1636030 756
1636040 752
1636050 752
1636060 747
1636070 744
1636080 744
1636090 742
1636100 743
1636110 743
1636120 745
1636130 745
1636140 745
1636150 743
1636160 741
1636170 739
1636180 739
1636190 736
1636200 732
1636210 732
1636220 728
1636230 722
1636240 722
1636250 716
1636260 710
1636270 710
1636280 705
1636290 700
1636300 700
1636310 694
1636320 689
1636330 683
1636340 683
1636350 678
1636360 673
1636370 673
1636380 667
1636390 660
1636400 660
1636410 655
1636420 652
1636430 652
1636440 647
1636450 641
1636460 635
1636470 635
1636480 632
1636490 630
1636500 630
1636510 624
1636520 619
1636530 619
1636540 613
1636550 609
1636560 609
1636570 605
1636580 601
1636590 601
1636600 598
1636610 596
1636620 593
1636630 593
1636640 591
1636650 589
1636660 589
1636670 588
1636680 586
1636690 586
1636700 585
1636710 583
1636720 583
1636730 582
1636740 580
1636750 580
1636760 579
1636770 578
1636780 577
1636790 577
1636800 576
1636810 575
1636820 575
1636830 574
1636840 573
1636850 573
1636860 572
1636870 572
1636880 572
1636890 571
1636900 571
1636910 571
1636920 571
1636930 571
1636940 571
1636950 571
1636960 571
1636970 572
1636980 572
1636990 572
1637000 572
1637010 572
1637020 572
1637030 572
1637040 572
1637050 572
1637060 572
1637070 572
1637080 572
1637090 572
1637100 572
1637110 572
1637120 572
1637130 572
1637140 572
1637150 572
1637160 572
1637170 572
1637180 572
1637190 573
1637200 573
1637210 572
1637220 572
1637230 573
1637240 573
1637250 573
1637260 573
1637270 573
1637280 574
1637290 575
1637300 575
1637310 575
1637320 576
1637330 576
1637340 577
1637350 581
1637360 581
1637370 584
1637380 586
1637390 589
1637400 589
1637410 590
1637420 590
1637430 590
1637440 591
1637450 594
1637460 594
1637470 597
1637480 600
1637490 600
1637500 604
1637510 607
1637520 609
1637530 609
1637540 610
1637550 609
1637560 609
1637570 609
1637580 610
1637590 610
1637600 611
1637610 613
1637620 613
1637630 613
1637640 614
1637650 614
1637660 614
1637670 616
1637680 619
1637690 619
1637700 621
1637710 622
1637720 622
1637730 619
1637740 616
1637750 616
1637760 616
1637770 619
1637780 619
1637790 621
1637800 623
1637810 623
1637820 625
1637830 628
1637840 631
1637850 631
1637860 634
1637870 637
1637880 637
1637890 639
1637900 642
1637910 642
1637920 644
1637930 647
1637940 647
1637950 649
1637960 652
1637970 654
1637980 654
1637990 656
1638000 659
1638010 659
1638020 661
1638030 664
1638040 664
1638050 666
1638060 668
1638070 668
1638080 670
1638090 671
1638100 671
1638110 672
1638120 672
1638130 673
1638140 671
1638150 673
1638160 674
1638170 674
1638180 676
1638190 678
1638200 678
1638210 679
1638220 681
1638230 681
1638240 682
1638250 685
1638260 685
1638270 689
1638280 694
1638290 697
1638300 697
1638310 701
1638320 704
1638330 704
1638340 706
1638350 709
1638360 709
1638370 712
1638380 715
1638390 715
1638400 718
1638410 721
1638420 721
1638430 722
1638440 724
1638450 725
1638460 725
1638470 725
1638480 724
1638490 724
1638500 723
1638510 722
1638520 722
1638530 720
1638540 719
1638550 719
1638560 716
1638570 714
1638580 712
1638590 712
1638600 709
1638610 706
1638620 706
1638630 704
1638640 703
1638650 703
1638660 701
1638670 697
1638680 697
1638690 693
1638700 689
1638710 689
1638720 685
1638730 682
1638740 680
1638750 680
1638760 679
1638770 677
1638780 677
1638790 675
1638800 673
1638810 673
1638820 670
1638830 668
1638840 668
1638850 666
1638860 665
1638870 665
1638880 666
1638890 666
1638900 664
1638910 664
1638920 661
1638930 657
1638940 657
1638950 653
1638960 651
1638970 651
1638980 647
1638990 645
1639000 645
1639010 642
1639020 640
1639030 639
1639040 639
1639050 639
1639060 638
1639070 638
1639080 637
1639090 636
1639100 636
1639110 630
1639120 632
1639130 632
1639140 635
1639150 637
1639160 637
1639170 640
1639180 644
1639190 647
1639200 647
1639210 649
1639220 652
1639230 652
1639240 654
1639250 656
1639260 656
1639270 658
1639280 659
1639290 659
1639300 658
1639310 660
1639320 660
1639330 661
1639340 660
1639350 659
1639360 659
1639370 658
1639380 657
1639390 657
1639400 659
1639410 660
1639420 660
1639430 662
1639440 665
1639450 665
1639460 667
1639470 669
1639480 670
1639490 670
1639500 671
1639510 673
1639520 673
1639530 674
1639540 676
1639550 676
1639560 676
1639570 676
1639580 676
1639590 676
1639600 676
1639610 676
1639620 676
1639630 676
1639640 676
1639650 676
1639660 677
1639670 677
1639680 677
1639690 676
1639700 673
1639710 673
1639720 671
1639730 669
1639740 669
1639750 667
1639760 666
1639770 664
1639780 662
1639790 660
1639800 659
1639810 659
1639820 658
1639830 656
1639840 656
1639850 655
1639860 654
1639870 654
1639880 652
1639890 651
1639900 651
1639910 651
1639920 650
1639930 650
1639940 648
1639950 646
1639960 644
1639970 644
1639980 641
1639990 640
