1620000 474
1620010 474
1620020 474
1620030 474
1620040 474
1620050 474
1620060 474
1620070 474
1620080 473
1620090 473
1620100 473
1620110 473
1620120 473
1620130 472
1620140 472
1620150 472
1620160 472
1620170 472
1620180 472
1620190 472
1620200 472
1620210 472
1620220 472
1620230 472
1620240 472
1620250 472
1620260 470
1620270 470
1620280 470
1620290 469
1620300 469
1620310 469
1620320 469
1620330 469
1620340 469
1620350 469
1620360 468
1620370 468
1620380 468
1620390 468
1620400 468
1620410 467
1620420 467
1620430 467
1620440 467
1620450 467
1620460 467
1620470 467
1620480 467
1620490 467
1620500 467
1620510 467
1620520 467
1620530 468
1620540 468
1620550 468
1620560 468
1620570 468
1620580 468
1620590 468
1620600 468
1620610 468
1620620 468
1620630 468
1620640 468
1620650 467
1620660 467
1620670 467
1620680 467
1620690 467
1620700 467
1620710 467
1620720 467
1620730 467
1620740 467
1620750 467
1620760 467
1620770 466
1620780 466
1620790 466
1620800 466
1620810 466
1620820 466
1620830 466
1620840 466
1620850 465
1620860 465
1620870 460
1620880 456
1620890 456
1620900 453
1620910 452
1620920 452
1620930 455
1620940 461
1620950 461
1620960 464
1620970 464
1620980 464
1620990 464
1621000 463
1621010 461
1621020 461
1621030 460
1621040 458
1621050 458
1621060 455
1621070 452
1621080 452
1621090 449
1621100 447
1621110 447
1621120 447
1621130 446
1621140 446
1621150 446
1621160 446
1621170 446
1621180 446
1621190 446
1621200 446
1621210 446
1621220 447
1621230 447
1621240 447
1621250 447
1621260 447
1621270 447
1621280 447
1621290 447
1621300 447
1621310 447
1621320 447
1621330 447
1621340 447
1621350 447
1621360 447
1621370 447
1621380 447
1621390 447
1621400 447
1621410 447
1621420 447
1621430 447
1621440 447
1621450 447
1621460 447
1621470 447
1621480 447
1621490 447
1621500 447
1621510 447
1621520 447
1621530 447
1621540 448
1621550 448
1621560 448
1621570 448
1621580 448
1621590 448
1621600 448
1621610 448
1621620 448
1621630 448
1621640 449
1621650 449
1621660 449
1621670 449
1621680 449
1621690 449
1621700 449
1621710 449
1621720 449
1621730 449
1621740 450
1621750 450
1621760 450
1621770 450
1621780 450
1621790 450
1621800 450
1621810 450
1621820 450
1621830 450
1621840 450
1621850 450
1621860 450
1621870 450
1621880 450
1621890 450
1621900 450
1621910 450
1621920 450
1621930 450
1621940 450
1621950 450
1621960 450
1621970 450
1621980 450
1621990 450
1622000 450
1622010 450
1622020 449
1622030 448
1622040 447
1622050 447
1622060 445
1622070 444
1622080 444
1622090 443
1622100 442
1622110 442
1622120 442
1622130 442
1622140 442
1622150 442
1622160 442
1622170 442
1622180 443
1622190 442
1622200 441
1622210 441
1622220 441
1622230 441
1622240 441
1622250 441
1622260 441
1622270 441
1622280 441
1622290 442
1622300 442
1622310 442
1622320 442
1622330 442
1622340 442
1622350 442
1622360 442
1622370 442
1622380 443
1622390 442
1622400 442
1622410 442
1622420 442
1622430 442
1622440 443
1622450 442
1622460 442
1622470 442
1622480 443
1622490 442
1622500 442
1622510 442
1622520 442
1622530 442
1622540 442
1622550 442
1622560 442
1622570 442
1622580 442
1622590 442
1622600 443
1622610 443
1622620 443
1622630 442
1622640 442
1622650 443
1622660 443
1622670 443
1622680 443
1622690 443
1622700 442
1622710 443
1622720 443
1622730 443
1622740 443
1622750 443
1622760 443
1622770 443
1622780 443
1622790 443
1622800 443
1622810 443
1622820 443
1622830 443
1622840 444
1622850 444
1622860 444
1622870 445
1622880 445
1622890 445
1622900 445
1622910 445
1622920 445
1622930 445
1622940 445
1622950 445
1622960 445
1622970 445
1622980 445
1622990 445
1623000 446
1623010 446
1623020 446
1623030 445
1623040 445
1623050 445
1623060 445
1623070 445
1623080 445
1623090 445
1623100 445
1623110 445
1623120 445
1623130 446
1623140 446
1623150 453
1623160 456
1623170 456
1623180 458
1623190 458
1623200 458
1623210 456
1623220 454
1623230 454
1623240 453
1623250 453
1623260 455
1623270 455
1623280 456
1623290 458
1623300 458
1623310 460
1623320 462
1623330 462
1623340 465
1623350 467
1623360 467
1623370 469
1623380 469
1623390 469
1623400 469
1623410 469
1623420 470
1623430 470
1623440 470
1623450 470
1623460 470
1623470 470
1623480 470
1623490 470
1623500 470
1623510 471
1623520 471
1623530 471
1623540 471
1623550 471
1623560 471
1623570 471
1623580 471
1623590 471
1623600 471
1623610 471
1623620 471
1623630 471
1623640 471
1623650 471
1623660 471
1623670 471
1623680 471
1623690 471
1623700 471
1623710 471
1623720 471
1623730 471
1623740 471
1623750 471
1623760 471
1623770 472
1623780 472
1623790 472
1623800 472
1623810 472
1623820 472
1623830 472
1623840 472
1623850 472
1623860 473
1623870 474
1623880 474
1623890 474
1623900 477
1623910 477
1623920 480
1623930 484
1623940 484
1623950 488
1623960 491
1623970 491
1623980 495
1623990 501
1624000 507
1624010 507
1624020 509
1624030 509
1624040 509
1624050 508
1624060 512
1624070 512
1624080 513
1624090 515
1624100 515
1624110 518
1624120 522
1624130 522
1624140 526
1624150 530
1624160 534
1624170 534
1624180 538
1624190 543
1624200 543
1624210 549
1624220 554
1624230 554
1624240 560
1624250 566
1624260 566
1624270 572
1624280 577
1624290 577
1624300 581
1624310 586
1624320 591
1624330 591
1624340 596
1624350 601
1624360 601
1624370 605
1624380 608
1624390 608
1624400 609
1624410 607
1624420 607
1624430 604
1624440 600
1624450 596
1624460 596
1624470 591
1624480 586
1624490 586
1624500 582
1624510 577
1624520 577
1624530 572
1624540 567
1624550 567
1624560 563
1624570 560
1624580 560
1624590 555
1624600 551
1624610 547
1624620 547
1624630 542
1624640 542
1624650 542
1624660 543
1624670 545
1624680 545
1624690 546
1624700 545
1624710 545
1624720 543
1624730 540
1624740 540
1624750 536
1624760 530
1624770 522
1624780 522
1624790 515
1624800 514
1624810 514
1624820 514
1624830 514
1624840 514
1624850 513
1624860 513
1624870 513
1624880 513
1624890 512
1624900 512
1624910 512
1624920 511
1624930 509
1624940 509
1624950 512
1624960 511
1624970 511
1624980 510
1624990 509
1625000 509
1625010 512
1625020 516
1625030 516
1625040 519
1625050 522
1625060 524
1625070 524
1625080 526
1625090 525
1625100 525
1625110 525
1625120 526
1625130 526
1625140 528
1625150 530
1625160 530
1625170 532
1625180 535
1625190 535
1625200 539
1625210 539
1625220 538
1625230 538
1625240 538
1625250 540
1625260 540
1625270 542
1625280 542
1625290 542
1625300 539
1625310 536
1625320 536
1625330 533
1625340 531
1625350 531
1625360 530
1625370 529
1625380 528
1625390 528
1625400 528
1625410 528
1625420 528
1625430 529
1625440 531
1625450 531
1625460 534
1625470 534
1625480 534
1625490 533
1625500 532
1625510 531
1625520 531
1625530 530
1625540 529
1625550 529
1625560 530
1625570 531
1625580 531
1625590 534
1625600 537
1625610 537
1625620 539
1625630 538
1625640 538
1625650 537
1625660 537
1625670 535
1625680 535
1625690 532
1625700 529
1625710 529
1625720 526
1625730 524
1625740 524
1625750 521
1625760 517
1625770 517
1625780 515
1625790 512
1625800 512
1625810 509
1625820 506
1625830 504
1625840 504
1625850 507
1625860 504
1625870 504
1625880 501
1625890 499
1625900 499
1625910 497
1625920 494
1625930 494
1625940 492
1625950 490
1625960 488
1625970 488
1625980 486
1625990 485
1626000 485
1626010 483
1626020 482
1626030 482
1626040 481
1626050 480
1626060 480
1626070 479
1626080 479
1626090 479
1626100 478
1626110 476
1626120 475
1626130 475
1626140 474
1626150 475
1626160 475
1626170 475
1626180 473
1626190 473
1626200 473
1626210 473
1626220 473
1626230 473
1626240 472
1626250 472
1626260 472
1626270 472
1626280 472
1626290 472
1626300 472
1626310 472
1626320 472
1626330 472
1626340 472
1626350 472
1626360 472
1626370 472
1626380 472
1626390 472
1626400 472
1626410 472
1626420 472
1626430 473
1626440 474
1626450 474
1626460 475
1626470 477
1626480 477
1626490 479
1626500 481
1626510 481
1626520 482
1626530 483
1626540 483
1626550 483
1626560 484
1626570 485
1626580 485
1626590 487
1626600 488
1626610 488
1626620 491
1626630 495
1626640 495
1626650 499
1626660 501
1626670 501
1626680 501
1626690 503
1626700 503
1626710 508
1626720 514
1626730 519
1626740 519
1626750 524
1626760 525
1626770 525
1626780 525
1626790 525
1626800 525
1626810 526
1626820 526
1626830 526
1626840 526
1626850 525
1626860 525
1626870 520
1626880 516
1626890 517
1626900 517
1626910 524
1626920 527
1626930 527
1626940 528
1626950 529
1626960 529
1626970 529
1626980 529
1626990 529
1627000 530
1627010 530
1627020 531
1627030 531
1627040 533
1627050 535
1627060 535
1627070 537
1627080 538
1627090 538
1627100 538
1627110 538
1627120 538
1627130 539
1627140 539
1627150 539
1627160 539
1627170 539
1627180 539
1627190 539
1627200 538
1627210 538
1627220 538
1627230 538
1627240 538
1627250 538
1627260 538
1627270 538
1627280 538
1627290 538
1627300 538
1627310 538
1627320 537
1627330 537
1627340 537
1627350 537
1627360 537
1627370 537
1627380 537
1627390 537
1627400 536
1627410 536
1627420 536
1627430 535
1627440 535
1627450 535
1627460 535
1627470 535
1627480 535
1627490 535
1627500 535
1627510 535
1627520 535
1627530 535
1627540 535
1627550 535
1627560 535
1627570 535
1627580 535
1627590 535
1627600 535
1627610 534
1627620 535
1627630 535
1627640 535
1627650 535
1627660 535
1627670 535
1627680 535
1627690 534
1627700 534
1627710 534
1627720 534
1627730 534
1627740 534
1627750 534
1627760 534
1627770 534
1627780 534
1627790 535
1627800 535
1627810 535
1627820 536
1627830 536
1627840 536
1627850 536
1627860 536
1627870 536
1627880 536
1627890 536
1627900 536
1627910 536
1627920 536
1627930 536
1627940 536
1627950 537
1627960 537
1627970 538
1627980 539
1627990 539
1628000 542
1628010 546
1628020 546
1628030 549
1628040 549
1628050 549
1628060 548
1628070 548
1628080 548
1628090 548
1628100 548
1628110 548
1628120 548
1628130 548
1628140 547
1628150 547
1628160 546
1628170 546
1628180 546
1628190 546
1628200 546
1628210 546
1628220 547
1628230 549
1628240 552
1628250 552
1628260 556
1628270 559
1628280 559
1628290 562
1628300 562
1628310 562
1628320 561
1628330 559
1628340 559
1628350 558
1628360 557
1628370 557
1628380 556
1628390 556
1628400 555
1628410 555
1628420 554
1628430 552
1628440 552
1628450 548
1628460 544
1628470 544
1628480 540
1628490 536
1628500 536
1628510 534
1628520 535
1628530 535
1628540 535
1628550 535
1628560 535
1628570 535
1628580 535
1628590 535
1628600 535
1628610 535
1628620 535
1628630 535
1628640 535
1628650 535
1628660 535
1628670 535
1628680 536
1628690 536
1628700 536
1628710 536
1628720 536
1628730 536
1628740 538
1628750 540
1628760 540
1628770 543
1628780 548
1628790 548
1628800 551
1628810 554
1628820 554
1628830 554
1628840 555
1628850 556
1628860 556
1628870 556
1628880 557
1628890 557
1628900 557
1628910 558
1628920 558
1628930 559
1628940 559
1628950 559
1628960 560
1628970 561
1628980 561
1628990 562
1629000 562
1629010 563
1629020 563
1629030 564
1629040 565
1629050 565
1629060 566
1629070 569
1629080 569
1629090 574
1629100 577
1629110 577
1629120 581
1629130 585
1629140 589
1629150 589
1629160 591
1629170 594
1629180 594
1629190 596
1629200 599
1629210 599
1629220 601
1629230 603
1629240 603
1629250 605
1629260 608
1629270 608
1629280 610
1629290 614
1629300 616
1629310 616
1629320 620
1629330 622
1629340 622
1629350 619
1629360 621
1629370 621
1629380 623
1629390 625
1629400 625
1629410 628
1629420 630
1629430 630
1629440 632
1629450 632
1629460 633
1629470 633
1629480 634
1629490 635
1629500 635
1629510 635
1629520 635
1629530 635
1629540 634
1629550 633
1629560 633
1629570 631
1629580 629
1629590 625
1629600 625
1629610 622
1629620 619
1629630 619
1629640 618
1629650 617
1629660 617
1629670 615
1629680 611
1629690 611
1629700 608
1629710 605
1629720 605
1629730 601
1629740 597
1629750 594
1629760 594
1629770 590
1629780 584
1629790 584
1629800 578
1629810 575
1629820 575
1629830 572
1629840 570
1629850 570
1629860 569
1629870 569
1629880 569
1629890 569
1629900 569
1629910 569
1629920 569
1629930 569
1629940 568
1629950 568
1629960 568
1629970 568
1629980 568
1629990 568
1630000 568
1630010 568
1630020 568
1630030 568
1630040 568
1630050 568
1630060 568
1630070 568
1630080 568
1630090 568
1630100 568
1630110 568
1630120 568
1630130 568
1630140 568
1630150 568
1630160 568
1630170 568
1630180 568
1630190 568
1630200 567
1630210 567
1630220 567
1630230 567
1630240 567
1630250 567
1630260 567
1630270 567
1630280 567
1630290 567
1630300 567
1630310 567
1630320 567
1630330 567
1630340 567
1630350 567
1630360 567
1630370 567
1630380 565
1630390 564
1630400 564
1630410 563
1630420 562
1630430 562
1630440 562
1630450 562
1630460 562
1630470 560
1630480 559
1630490 559
1630500 559
1630510 559
1630520 558
1630530 558
1630540 558
1630550 558
1630560 558
1630570 560
1630580 563
1630590 563
1630600 563
1630610 563
1630620 563
1630630 563
1630640 563
1630650 563
1630660 563
1630670 563
1630680 563
1630690 563
1630700 563
1630710 563
1630720 563
1630730 564
1630740 564
1630750 564
1630760 565
1630770 566
1630780 566
1630790 567
1630800 568
1630810 569
1630820 569
1630830 571
1630840 572
1630850 572
1630860 574
1630870 576
1630880 576
1630890 577
1630900 579
1630910 579
1630920 582
1630930 585
1630940 585
1630950 589
1630960 592
1630970 597
1630980 597
1630990 602
1631000 608
1631010 608
1631020 614
1631030 621
1631040 621
1631050 627
1631060 632
1631070 632
1631080 634
1631090 638
1631100 641
1631110 641
1631120 645
1631130 650
1631140 650
1631150 656
1631160 662
1631170 662
1631180 669
1631190 675
1631200 675
1631210 681
1631220 686
1631230 686
1631240 690
1631250 693
1631260 697
1631270 697
1631280 701
1631290 705
1631300 705
1631310 708
1631320 711
1631330 711
1631340 713
1631350 715
1631360 715
1631370 718
1631380 720
1631390 720
1631400 721
1631410 722
1631420 723
1631430 723
1631440 723
1631450 723
1631460 723
1631470 723
1631480 722
1631490 722
1631500 720
1631510 718
1631520 718
1631530 718
1631540 718
1631550 718
1631560 718
1631570 718
1631580 720
1631590 720
1631600 721
1631610 724
1631620 724
1631630 727
1631640 730
1631650 730
1631660 733
1631670 737
1631680 737
1631690 741
1631700 744
1631710 746
1631720 746
1631730 747
1631740 748
1631750 748
1631760 750
1631770 750
1631780 750
1631790 750
1631800 751
1631810 751
1631820 752
1631830 752
1631840 752
1631850 754
1631860 756
1631870 757
1631880 757
1631890 758
1631900 759
1631910 759
1631920 761
1631930 759
1631940 759
1631950 762
1631960 766
1631970 766
1631980 769
1631990 773
1632000 773
1632010 777
1632020 781
1632030 785
1632040 785
1632050 788
1632060 791
1632070 791
1632080 794
1632090 797
1632100 797
1632110 800
1632120 803
1632130 803
1632140 806
1632150 808
1632160 810
1632170 810
1632180 812
1632190 813
1632200 813
1632210 814
1632220 814
1632230 814
1632240 813
1632250 812
1632260 812
1632270 810
1632280 808
1632290 808
1632300 807
1632310 804
1632320 803
1632330 803
1632340 799
1632350 796
1632360 796
1632370 793
1632380 790
1632390 790
1632400 786
1632410 781
1632420 781
1632430 777
1632440 774
1632450 774
1632460 771
1632470 767
1632480 762
1632490 762
1632500 759
1632510 753
1632520 753
1632530 749
1632540 746
1632550 746
1632560 743
1632570 740
1632580 740
1632590 737
1632600 735
1632610 735
1632620 734
1632630 733
1632640 732
1632650 732
1632660 731
1632670 730
1632680 730
1632690 727
1632700 724
1632710 724
1632720 721
1632730 720
1632740 720
1632750 719
1632760 718
1632770 719
1632780 725
1632790 730
1632800 731
1632810 731
1632820 731
1632830 732
1632840 732
1632850 732
1632860 731
1632870 731
1632880 733
1632890 734
1632900 734
1632910 735
1632920 736
1632930 737
1632940 737
1632950 737
1632960 738
1632970 738
1632980 738
1632990 737
1633000 737
1633010 737
1633020 735
1633030 735
1633040 733
1633050 732
1633060 732
1633070 731
1633080 731
1633090 732
1633100 732
1633110 734
1633120 735
1633130 735
1633140 734
1633150 733
1633160 733
1633170 730
1633180 727
1633190 727
1633200 724
1633210 721
1633220 718
1633230 718
1633240 715
1633250 712
1633260 712
1633270 709
1633280 706
1633290 706
1633300 703
1633310 699
1633320 699
1633330 696
1633340 693
1633350 693
1633360 690
1633370 688
1633380 685
1633390 685
1633400 682
1633410 680
1633420 680
1633430 681
1633440 681
1633450 681
1633460 679
1633470 677
1633480 677
1633490 674
1633500 670
1633510 670
1633520 665
1633530 660
1633540 656
1633550 656
1633560 652
1633570 649
1633580 649
1633590 643
1633600 635
1633610 635
1633620 629
1633630 627
1633640 627
1633650 622
1633660 620
1633670 620
1633680 622
1633690 625
1633700 629
1633710 629
1633720 632
1633730 633
1633740 633
1633750 638
1633760 641
1633770 641
1633780 643
1633790 645
1633800 645
1633810 646
1633820 648
1633830 648
1633840 648
1633850 649
1633860 651
1633870 651
1633880 651
1633890 650
1633900 650
1633910 648
1633920 645
1633930 645
1633940 643
1633950 640
1633960 640
1633970 634
1633980 627
1633990 623
1634000 623
1634010 620
1634020 618
1634030 618
1634040 615
1634050 611
1634060 611
1634070 610
1634080 608
1634090 608
1634100 606
1634110 604
1634120 604
1634130 603
1634140 603
1634150 603
1634160 603
1634170 603
1634180 603
1634190 603
1634200 602
1634210 601
1634220 601
1634230 601
1634240 600
1634250 600
1634260 601
1634270 600
1634280 600
1634290 600
1634300 602
1634310 603
1634320 603
1634330 604
1634340 605
1634350 605
1634360 605
1634370 606
1634380 606
1634390 608
1634400 610
1634410 610
1634420 612
1634430 615
1634440 618
1634450 618
1634460 621
1634470 620
1634480 620
1634490 622
1634500 624
1634510 624
1634520 626
1634530 629
1634540 629
1634550 632
1634560 634
1634570 634
1634580 636
1634590 638
1634600 640
1634610 640
1634620 639
1634630 637
1634640 637
1634650 633
1634660 628
1634670 628
1634680 624
1634690 620
1634700 620
1634710 615
1634720 608
1634730 608
1634740 602
1634750 596
1634760 589
1634770 589
1634780 584
1634790 583
1634800 583
1634810 585
1634820 588
1634830 588
1634840 592
1634850 597
1634860 597
1634870 603
1634880 608
1634890 613
1634900 613
1634910 618
1634920 624
1634930 624
1634940 628
1634950 633
1634960 633
1634970 637
1634980 642
1634990 642
1635000 649
1635010 658
1635020 658
1635030 662
1635040 664
1635050 665
1635060 665
1635070 665
1635080 664
1635090 664
1635100 662
1635110 658
1635120 658
1635130 654
1635140 648
1635150 648
1635160 643
1635170 636
1635180 636
1635190 629
1635200 624
1635210 618
1635220 618
1635230 613
1635240 608
1635250 608
1635260 603
1635270 599
1635280 599
1635290 596
1635300 595
1635310 593
1635320 592
1635330 592
1635340 591
1635350 591
1635360 590
1635370 591
1635380 591
1635390 591
1635400 591
1635410 591
1635420 589
1635430 586
1635440 586
1635450 588
1635460 589
1635470 589
1635480 589
1635490 590
1635500 593
1635510 593
1635520 596
1635530 601
1635540 601
1635550 606
1635560 611
1635570 611
1635580 616
1635590 621
1635600 621
1635610 625
1635620 627
1635630 627
1635640 628
1635650 628
1635660 627
1635670 627
1635680 626
1635690 625
1635700 625
1635710 622
1635720 618
1635730 618
1635740 615
1635750 612
1635760 612
1635770 608
1635780 605
1635790 605
1635800 603
1635810 602
1635820 600
1635830 600
1635840 598
1635850 595
1635860 595
1635870 593
1635880 591
1635890 591
1635900 588
1635910 586
1635920 586
1635930 585
1635940 583
1635950 582
1635960 582
1635970 583
1635980 583
1635990 583
1636000 583
1636010 584
1636020 584
1636030 584
1636040 583
1636050 583
1636060 581
1636070 579
1636080 579
1636090 577
1636100 577
1636110 577
1636120 577
1636130 581
1636140 582
1636150 582
1636160 584
1636170 586
1636180 586
1636190 589
1636200 590
1636210 590
1636220 592
1636230 593
1636240 593
1636250 595
1636260 597
1636270 598
1636280 598
1636290 598
1636300 599
1636310 599
1636320 599
1636330 599
1636340 599
1636350 598
1636360 597
1636370 597
1636380 595
1636390 593
1636400 591
1636410 591
1636420 589
1636430 587
1636440 587
1636450 584
1636460 580
1636470 580
1636480 575
1636490 571
1636500 571
1636510 567
1636520 563
1636530 563
1636540 559
1636550 558
1636560 558
1636570 558
1636580 558
1636590 558
1636600 558
1636610 558
1636620 558
1636630 558
1636640 559
1636650 558
1636660 558
1636670 559
1636680 559
1636690 559
1636700 559
1636710 559
1636720 559
1636730 559
1636740 559
1636750 559
1636760 559
1636770 559
1636780 559
1636790 559
1636800 559
1636810 559
1636820 559
1636830 559
1636840 559
1636850 559
1636860 559
1636870 559
1636880 559
1636890 559
1636900 558
1636910 558
1636920 558
1636930 558
1636940 558
1636950 558
1636960 558
1636970 559
1636980 559
1636990 559
1637000 559
1637010 560
1637020 560
1637030 559
1637040 559
1637050 559
1637060 559
1637070 559
1637080 559
1637090 559
1637100 559
1637110 559
1637120 559
1637130 560
1637140 560
1637150 560
1637160 563
1637170 568
1637180 568
1637190 572
1637200 576
1637210 576
1637220 581
1637230 586
1637240 586
1637250 589
1637260 593
1637270 593
1637280 598
1637290 602
1637300 602
1637310 606
1637320 610
1637330 613
1637340 613
1637350 617
1637360 620
1637370 620
1637380 624
1637390 628
1637400 628
1637410 632
1637420 635
1637430 635
1637440 639
1637450 643
1637460 647
1637470 647
1637480 653
1637490 661
1637500 661
1637510 663
1637520 666
1637530 666
1637540 670
1637550 672
1637560 672
1637570 673
1637580 675
1637590 675
1637600 677
1637610 679
1637620 681
1637630 681
1637640 683
1637650 685
1637660 685
1637670 687
1637680 689
1637690 689
1637700 691
1637710 693
1637720 693
1637730 695
1637740 697
1637750 697
1637760 698
1637770 699
1637780 700
1637790 697
1637800 698
1637810 694
1637820 694
1637830 690
1637840 688
1637850 688
1637860 685
1637870 684
1637880 684
1637890 682
1637900 680
1637910 680
1637920 678
1637930 677
1637940 676
1637950 676
1637960 675
1637970 674
1637980 674
1637990 672
1638000 671
1638010 671
1638020 670
1638030 667
1638040 667
1638050 666
1638060 664
1638070 663
1638080 663
1638090 661
1638100 660
1638110 660
1638120 658
1638130 657
1638140 657
1638150 655
1638160 653
1638170 653
1638180 651
1638190 649
1638200 649
1638210 647
1638220 645
1638230 643
1638240 643
1638250 642
1638260 641
1638270 641
1638280 639
1638290 636
1638300 636
1638310 634
1638320 633
1638330 633
1638340 632
1638350 632
1638360 632
1638370 632
1638380 632
1638390 632
1638400 632
1638410 632
1638420 632
1638430 632
1638440 633
1638450 633
1638460 633
1638470 633
1638480 633
1638490 633
1638500 633
1638510 633
1638520 633
1638530 633
1638540 634
1638550 633
1638560 633
1638570 629
1638580 620
1638590 620
1638600 612
1638610 609
1638620 609
1638630 606
1638640 604
1638650 604
1638660 603
1638670 600
1638680 597
1638690 597
1638700 595
1638710 593
1638720 593
1638730 591
1638740 589
1638750 589
1638760 587
1638770 584
1638780 584
1638790 582
1638800 581
1638810 581
1638820 578
1638830 576
1638840 574
1638850 574
1638860 573
1638870 572
1638880 572
1638890 569
1638900 567
1638910 567
1638920 566
1638930 566
1638940 566
1638950 565
1638960 564
1638970 564
1638980 563
1638990 562
1639000 560
1639010 560
1639020 558
1639030 558
1639040 558
1639050 557
1639060 557
1639070 557
1639080 558
1639090 557
1639100 557
1639110 557
1639120 557
1639130 557
1639140 557
1639150 556
1639160 557
1639170 557
1639180 557
1639190 557
1639200 557
1639210 557
1639220 557
1639230 557
1639240 557
1639250 558
1639260 558
1639270 558
1639280 558
1639290 558
1639300 558
1639310 558
1639320 558
1639330 558
1639340 559
1639350 559
1639360 559
1639370 559
1639380 560
1639390 560
1639400 560
1639410 561
1639420 561
1639430 561
1639440 562
1639450 563
1639460 563
1639470 563
1639480 564
1639490 564
1639500 564
1639510 565
1639520 565
1639530 566
1639540 566
1639550 566
1639560 567
1639570 568
1639580 569
1639590 569
1639600 570
1639610 571
1639620 571
1639630 571
1639640 572
1639650 572
1639660 572
1639670 573
1639680 573
1639690 573
1639700 574
1639710 574
1639720 575
1639730 576
1639740 576
1639750 576
1639760 576
1639770 576
1639780 576
1639790 576
1639800 575
1639810 575
1639820 574
1639830 573
1639840 573
1639850 572
1639860 570
1639870 570
1639880 569
1639890 568
1639900 567
1639910 567
1639920 566
1639930 566
1639940 566
1639950 566
1639960 566
1639970 566
1639980 566
1639990 565
