1620000 451
1620010 451
1620020 451
1620030 451
1620040 451
1620050 451
1620060 451
1620070 451
1620080 451
1620090 451
1620100 451
1620110 451
1620120 451
1620130 451
1620140 451
1620150 451
1620160 451
1620170 451
1620180 451
1620190 451
1620200 451
1620210 451
1620220 451
1620230 451
1620240 451
1620250 451
1620260 451
1620270 451
1620280 451
1620290 451
1620300 451
1620310 451
1620320 451
1620330 451
1620340 451
1620350 451
1620360 451
1620370 451
1620380 451
1620390 451
1620400 451
1620410 451
1620420 451
1620430 451
1620440 449
1620450 444
1620460 444
1620470 440
1620480 439
1620490 439
1620500 440
1620510 440
1620520 440
1620530 440
1620540 440
1620550 440
1620560 440
1620570 440
1620580 440
1620590 440
1620600 440
1620610 440
1620620 440
1620630 441
1620640 441
1620650 441
1620660 441
1620670 441
1620680 441
1620690 441
1620700 442
1620710 442
1620720 442
1620730 442
1620740 442
1620750 442
1620760 442
1620770 442
1620780 442
1620790 440
1620800 435
1620810 435
1620820 434
1620830 434
1620840 434
1620850 434
1620860 434
1620870 434
1620880 434
1620890 434
1620900 434
1620910 434
1620920 434
1620930 434
1620940 434
1620950 434
1620960 435
1620970 435
1620980 435
1620990 436
1621000 436
1621010 436
1621020 435
1621030 435
1621040 435
1621050 435
1621060 435
1621070 435
1621080 435
1621090 435
1621100 435
1621110 435
1621120 435
1621130 435
1621140 435
1621150 435
1621160 436
1621170 436
1621180 436
1621190 435
1621200 435
1621210 436
1621220 436
1621230 436
1621240 436
1621250 435
1621260 435
1621270 435
1621280 436
1621290 436
1621300 436
1621310 436
1621320 436
1621330 436
1621340 436
1621350 436
1621360 436
1621370 435
1621380 435
1621390 435
1621400 435
1621410 435
1621420 435
1621430 435
1621440 435
1621450 435
1621460 435
1621470 436
1621480 436
1621490 436
1621500 436
1621510 437
1621520 437
1621530 437
1621540 437
1621550 437
1621560 437
1621570 437
1621580 437
1621590 437
1621600 437
1621610 437
1621620 437
1621630 437
1621640 438
1621650 438
1621660 438
1621670 438
1621680 438
1621690 438
1621700 438
1621710 438
1621720 438
1621730 438
1621740 438
1621750 438
1621760 438
1621770 438
1621780 438
1621790 438
1621800 438
1621810 438
1621820 439
1621830 439
1621840 439
1621850 439
1621860 438
1621870 438
1621880 438
1621890 438
1621900 438
1621910 439
1621920 439
1621930 439
1621940 439
1621950 439
1621960 439
1621970 439
1621980 439
1621990 439
1622000 439
1622010 439
1622020 439
1622030 439
1622040 439
1622050 440
1622060 440
1622070 439
1622080 439
1622090 440
1622100 440
1622110 440
1622120 440
1622130 440
1622140 440
1622150 440
1622160 440
1622170 440
1622180 441
1622190 441
1622200 441
1622210 440
1622220 441
1622230 441
1622240 441
1622250 441
1622260 441
1622270 441
1622280 441
1622290 441
1622300 441
1622310 441
1622320 441
1622330 441
1622340 441
1622350 441
1622360 441
1622370 441
1622380 442
1622390 442
1622400 442
1622410 442
1622420 442
1622430 442
1622440 442
1622450 442
1622460 443
1622470 443
1622480 443
1622490 443
1622500 443
1622510 443
1622520 443
1622530 444
1622540 444
1622550 444
1622560 444
1622570 444
1622580 444
1622590 444
1622600 444
1622610 444
1622620 444
1622630 445
1622640 445
1622650 445
1622660 448
1622670 453
1622680 453
1622690 458
1622700 462
1622710 462
1622720 464
1622730 464
1622740 464
1622750 464
1622760 464
1622770 464
1622780 464
1622790 464
1622800 464
1622810 465
1622820 465
1622830 465
1622840 465
1622850 465
1622860 466
1622870 466
1622880 466
1622890 466
1622900 466
1622910 466
1622920 466
1622930 466
1622940 466
1622950 466
1622960 466
1622970 466
1622980 466
1622990 467
1623000 467
1623010 467
1623020 467
1623030 467
1623040 468
1623050 468
1623060 468
1623070 468
1623080 468
1623090 468
1623100 468
1623110 468
1623120 468
1623130 468
1623140 468
1623150 468
1623160 468
1623170 468
1623180 468
1623190 468
1623200 469
1623210 469
1623220 469
1623230 469
1623240 469
1623250 469
1623260 469
1623270 470
1623280 470
1623290 470
1623300 470
1623310 470
1623320 470
1623330 471
1623340 471
1623350 471
1623360 471
1623370 472
1623380 472
1623390 472
1623400 472
1623410 472
1623420 472
1623430 473
1623440 473
1623450 473
1623460 473
1623470 473
1623480 473
1623490 473
1623500 473
1623510 473
1623520 473
1623530 473
1623540 473
1623550 473
1623560 474
1623570 474
1623580 474
1623590 474
1623600 474
1623610 474
1623620 474
1623630 475
1623640 475
1623650 477
1623660 478
1623670 478
1623680 480
1623690 484
1623700 484
1623710 489
1623720 495
1623730 495
1623740 498
1623750 500
1623760 503
1623770 503
1623780 507
1623790 511
1623800 511
1623810 517
1623820 522
1623830 522
1623840 527
1623850 532
1623860 532
1623870 537
1623880 540
1623890 542
1623900 542
1623910 543
1623920 545
1623930 545
1623940 547
1623950 549
1623960 549
1623970 551
1623980 553
1623990 553
1624000 553
1624010 553
1624020 553
1624030 553
1624040 552
1624050 553
1624060 553
1624070 553
1624080 554
1624090 554
1624100 555
1624110 555
1624120 555
1624130 556
1624140 557
1624150 557
1624160 558
1624170 559
1624180 559
1624190 559
1624200 558
1624210 557
1624220 557
1624230 557
1624240 556
1624250 556
1624260 555
1624270 555
1624280 555
1624290 555
1624300 554
1624310 554
1624320 553
1624330 552
1624340 551
1624350 551
1624360 551
1624370 553
1624380 553
1624390 554
1624400 555
1624410 555
1624420 556
1624430 557
1624440 557
1624450 558
1624460 560
1624470 560
1624480 561
1624490 562
1624500 564
1624510 564
1624520 566
1624530 567
1624540 567
1624550 569
1624560 572
1624570 572
1624580 574
1624590 576
1624600 576
1624610 578
1624620 580
1624630 580
1624640 582
1624650 583
1624660 585
1624670 585
1624680 587
1624690 589
1624700 589
1624710 592
1624720 595
1624730 595
1624740 598
1624750 600
1624760 600
1624770 602
1624780 604
1624790 604
1624800 608
1624810 613
1624820 616
1624830 616
1624840 619
1624850 623
1624860 623
1624870 625
1624880 626
1624890 626
1624900 627
1624910 628
1624920 628
1624930 629
1624940 631
1624950 632
1624960 632
1624970 633
1624980 633
1624990 633
1625000 632
1625010 631
1625020 631
1625030 629
1625040 627
1625050 627
1625060 626
1625070 626
1625080 626
1625090 626
1625100 626
1625110 628
1625120 628
1625130 630
1625140 634
1625150 634
1625160 641
1625170 644
1625180 644
1625190 647
1625200 652
1625210 652
1625220 657
1625230 661
1625240 661
1625250 665
1625260 669
1625270 674
1625280 674
1625290 679
1625300 682
1625310 682
1625320 686
1625330 688
1625340 688
1625350 689
1625360 690
1625370 690
1625380 691
1625390 692
1625400 691
1625410 691
1625420 689
1625430 686
1625440 686
1625450 684
1625460 684
1625470 684
1625480 683
1625490 680
1625500 680
1625510 678
1625520 677
1625530 677
1625540 678
1625550 681
1625560 684
1625570 684
1625580 685
1625590 683
1625600 683
1625610 680
1625620 677
1625630 677
1625640 673
1625650 670
1625660 670
1625670 667
1625680 663
1625690 663
1625700 660
1625710 656
1625720 653
1625730 653
1625740 651
1625750 649
1625760 649
1625770 648
1625780 645
1625790 645
1625800 642
1625810 640
1625820 640
1625830 637
1625840 635
1625850 635
1625860 631
1625870 627
1625880 623
1625890 623
1625900 619
1625910 615
1625920 615
1625930 611
1625940 607
1625950 607
1625960 602
1625970 597
1625980 597
1625990 593
1626000 588
1626010 583
1626020 583
1626030 578
1626040 574
1626050 578
1626060 572
1626070 566
1626080 566
1626090 559
1626100 552
1626110 552
1626120 545
1626130 540
1626140 540
1626150 535
1626160 529
1626170 524
1626180 524
1626190 519
1626200 514
1626210 514
1626220 510
1626230 505
1626240 505
1626250 501
1626260 498
1626270 498
1626280 495
1626290 492
1626300 492
1626310 489
1626320 487
1626330 485
1626340 485
1626350 483
1626360 482
1626370 482
1626380 480
1626390 478
1626400 478
1626410 477
1626420 475
1626430 475
1626440 474
1626450 474
1626460 475
1626470 475
1626480 477
1626490 480
1626500 480
1626510 484
1626520 488
1626530 488
1626540 492
1626550 498
1626560 498
1626570 503
1626580 507
1626590 507
1626600 511
1626610 514
1626620 518
1626630 518
1626640 522
1626650 528
1626660 528
1626670 534
1626680 540
1626690 540
1626700 544
1626710 547
1626720 547
1626730 548
1626740 549
1626750 549
1626760 549
1626770 549
1626780 548
1626790 548
1626800 548
1626810 548
1626820 548
1626830 548
1626840 547
1626850 547
1626860 547
1626870 547
1626880 547
1626890 547
1626900 546
1626910 546
1626920 545
1626930 543
1626940 542
1626950 542
1626960 541
1626970 541
1626980 541
1626990 540
1627000 540
1627010 540
1627020 540
1627030 540
1627040 540
1627050 540
1627060 540
1627070 539
1627080 539
1627090 539
1627100 539
1627110 539
1627120 539
1627130 539
1627140 539
1627150 539
1627160 538
1627170 538
1627180 538
1627190 538
1627200 538
1627210 538
1627220 538
1627230 538
1627240 538
1627250 538
1627260 538
1627270 538
1627280 538
1627290 538
1627300 538
1627310 539
1627320 539
1627330 539
1627340 539
1627350 539
1627360 539
1627370 539
1627380 539
1627390 538
1627400 538
1627410 538
1627420 538
1627430 538
1627440 538
1627450 538
1627460 538
1627470 539
1627480 539
1627490 539
1627500 539
1627510 539
1627520 539
1627530 539
1627540 539
1627550 539
1627560 539
1627570 539
1627580 539
1627590 539
1627600 539
1627610 539
1627620 539
1627630 539
1627640 539
1627650 539
1627660 539
1627670 539
1627680 539
1627690 539
1627700 539
1627710 539
1627720 539
1627730 539
1627740 539
1627750 539
1627760 539
1627770 539
1627780 539
1627790 539
1627800 539
1627810 539
1627820 539
1627830 539
1627840 539
1627850 539
1627860 539
1627870 539
1627880 539
1627890 539
1627900 539
1627910 539
1627920 538
1627930 538
1627940 538
1627950 536
1627960 535
1627970 535
1627980 533
1627990 532
1628000 532
1628010 532
1628020 532
1628030 532
1628040 532
1628050 532
1628060 531
1628070 531
1628080 531
1628090 531
1628100 531
1628110 531
1628120 531
1628130 532
1628140 532
1628150 533
1628160 537
1628170 537
1628180 539
1628190 539
1628200 539
1628210 539
1628220 539
1628230 539
1628240 539
1628250 539
1628260 539
1628270 539
1628280 539
1628290 539
1628300 539
1628310 538
1628320 538
1628330 538
1628340 538
1628350 538
1628360 538
1628370 538
1628380 538
1628390 538
1628400 538
1628410 537
1628420 537
1628430 536
1628440 535
1628450 533
1628460 533
1628470 533
1628480 533
1628490 533
1628500 533
1628510 533
1628520 533
1628530 533
1628540 533
1628550 533
1628560 533
1628570 533
1628580 533
1628590 533
1628600 533
1628610 533
1628620 533
1628630 533
1628640 533
1628650 533
1628660 533
1628670 533
1628680 533
1628690 533
1628700 533
1628710 533
1628720 533
1628730 533
1628740 533
1628750 533
1628760 533
1628770 535
1628780 535
1628790 537
1628800 538
1628810 538
1628820 538
1628830 538
1628840 538
1628850 540
1628860 542
1628870 542
1628880 542
1628890 543
1628900 545
1628910 545
1628920 546
1628930 547
1628940 547
1628950 549
1628960 550
1628970 550
1628980 550
1628990 551
1629000 551
1629010 551
1629020 552
1629030 552
1629040 552
1629050 552
1629060 552
1629070 552
1629080 552
1629090 552
1629100 552
1629110 553
1629120 553
1629130 553
1629140 553
1629150 553
1629160 553
1629170 554
1629180 554
1629190 554
1629200 554
1629210 554
1629220 555
1629230 555
1629240 555
1629250 555
1629260 555
1629270 555
1629280 555
1629290 555
1629300 555
1629310 555
1629320 555
1629330 555
1629340 556
1629350 556
1629360 556
1629370 556
1629380 556
1629390 556
1629400 556
1629410 557
1629420 557
1629430 557
1629440 557
1629450 557
1629460 557
1629470 558
1629480 558
1629490 558
1629500 558
1629510 558
1629520 558
1629530 558
1629540 558
1629550 558
1629560 558
1629570 558
1629580 558
1629590 559
1629600 559
1629610 559
1629620 559
1629630 559
1629640 559
1629650 559
1629660 559
1629670 559
1629680 559
1629690 559
1629700 560
1629710 560
1629720 560
1629730 560
1629740 560
1629750 560
1629760 560
1629770 560
1629780 560
1629790 560
1629800 560
1629810 560
1629820 561
1629830 560
1629840 560
1629850 560
1629860 560
1629870 560
1629880 560
1629890 560
1629900 560
1629910 560
1629920 560
1629930 560
1629940 560
1629950 560
1629960 560
1629970 560
1629980 560
1629990 560
1630000 560
1630010 560
1630020 560
1630030 560
1630040 560
1630050 560
1630060 560
1630070 560
1630080 561
1630090 561
1630100 561
1630110 561
1630120 562
1630130 562
1630140 564
1630150 566
1630160 566
1630170 568
1630180 572
1630190 572
1630200 575
1630210 580
1630220 580
1630230 586
1630240 590
1630250 593
1630260 593
1630270 596
1630280 598
1630290 598
1630300 602
1630310 608
1630320 608
1630330 612
1630340 613
1630350 613
1630360 612
1630370 610
1630380 610
1630390 609
1630400 608
1630410 605
1630420 605
1630430 604
1630440 601
1630450 601
1630460 598
1630470 594
1630480 594
1630490 591
1630500 587
1630510 587
1630520 585
1630530 583
1630540 583
1630550 580
1630560 579
1630570 576
1630580 576
1630590 572
1630600 568
1630610 568
1630620 564
1630630 560
1630640 560
1630650 556
1630660 554
1630670 554
1630680 550
1630690 550
1630700 551
1630710 551
1630720 551
1630730 551
1630740 551
1630750 553
1630760 553
1630770 553
1630780 553
1630790 553
1630800 553
1630810 553
1630820 554
1630830 554
1630840 555
1630850 555
1630860 556
1630870 556
1630880 556
1630890 557
1630900 557
1630910 557
1630920 557
1630930 557
1630940 558
1630950 561
1630960 561
1630970 565
1630980 571
1630990 571
1631000 576
1631010 582
1631020 589
1631030 589
1631040 595
1631050 601
1631060 601
1631070 607
1631080 615
1631090 615
1631100 621
1631110 623
1631120 623
1631130 621
1631140 619
1631150 619
1631160 618
1631170 618
1631180 617
1631190 617
1631200 616
1631210 614
1631220 614
1631230 614
1631240 617
1631250 617
1631260 618
1631270 615
1631280 615
1631290 615
1631300 614
1631310 614
1631320 614
1631330 614
1631340 612
1631350 612
1631360 613
1631370 612
1631380 612
1631390 615
1631400 616
1631410 616
1631420 617
1631430 617
1631440 617
1631450 617
1631460 620
1631470 625
1631480 625
1631490 626
1631500 628
1631510 628
1631520 633
1631530 636
1631540 636
1631550 640
1631560 644
1631570 644
1631580 648
1631590 653
1631600 653
1631610 657
1631620 658
1631630 660
1631640 660
1631650 663
1631660 668
1631670 668
1631680 671
1631690 673
1631700 673
1631710 677
1631720 683
1631730 683
1631740 688
1631750 693
1631760 697
1631770 697
1631780 702
1631790 706
1631800 706
1631810 711
1631820 715
1631830 715
1631840 717
1631850 720
1631860 720
1631870 723
1631880 727
1631890 727
1631900 732
1631910 737
1631920 742
1631930 742
1631940 747
1631950 752
1631960 752
1631970 756
1631980 759
1631990 759
1632000 761
1632010 764
1632020 764
1632030 766
1632040 768
1632050 768
1632060 768
1632070 767
1632080 765
1632090 765
1632100 761
1632110 759
1632120 759
1632130 753
1632140 750
1632150 750
1632160 747
1632170 744
1632180 744
1632190 741
1632200 739
1632210 739
1632220 737
1632230 736
1632240 737
1632250 737
1632260 739
1632270 739
1632280 739
1632290 741
1632300 742
1632310 742
1632320 744
1632330 747
1632340 747
1632350 751
1632360 753
1632370 756
1632380 756
1632390 759
1632400 762
1632410 762
1632420 765
1632430 769
1632440 769
1632450 772
1632460 775
1632470 775
1632480 779
1632490 782
1632500 782
1632510 784
1632520 787
1632530 790
1632540 790
1632550 793
1632560 796
1632570 796
1632580 800
1632590 804
1632600 804
1632610 809
1632620 815
1632630 815
1632640 820
1632650 821
1632660 821
1632670 821
1632680 821
1632690 821
1632700 821
1632710 822
1632720 823
1632730 823
1632740 824
1632750 824
1632760 824
1632770 825
1632780 824
1632790 824
1632800 825
1632810 826
1632820 826
1632830 826
1632840 826
1632850 826
1632860 826
1632870 826
1632880 826
1632890 826
1632900 826
1632910 827
1632920 827
1632930 829
1632940 828
1632950 828
1632960 827
1632970 826
1632980 828
1632990 828
1633000 829
1633010 828
1633020 828
1633030 827
1633040 825
1633050 825
1633060 824
1633070 822
1633080 822
1633090 816
1633100 806
1633110 806
1633120 798
1633130 792
1633140 788
1633150 788
1633160 785
1633170 782
1633180 782
1633190 779
1633200 776
1633210 776
1633220 773
1633230 769
1633240 769
1633250 766
1633260 764
1633270 764
1633280 762
1633290 761
1633300 759
1633310 759
1633320 759
1633330 758
1633340 758
1633350 758
1633360 756
1633370 756
1633380 755
1633390 754
1633400 754
1633410 753
1633420 752
1633430 751
1633440 751
1633450 750
1633460 749
1633470 749
1633480 748
1633490 746
1633500 746
1633510 745
1633520 743
1633530 743
1633540 741
1633550 739
1633560 739
1633570 737
1633580 735
1633590 731
1633600 731
1633610 728
1633620 726
1633630 726
1633640 723
1633650 720
1633660 720
1633670 718
1633680 716
1633690 716
1633700 714
1633710 712
1633720 712
1633730 710
1633740 710
1633750 709
1633760 709
1633770 709
1633780 708
1633790 708
1633800 706
1633810 705
1633820 710
1633830 709
1633840 708
1633850 708
1633860 708
1633870 707
1633880 707
1633890 706
1633900 705
1633910 703
1633920 703
1633930 700
1633940 697
1633950 697
1633960 695
1633970 693
1633980 693
1633990 692
1634000 690
1634010 690
1634020 689
1634030 689
1634040 689
1634050 689
1634060 691
1634070 695
1634080 695
1634090 698
1634100 701
1634110 701
1634120 703
1634130 705
1634140 705
1634150 706
1634160 705
1634170 705
1634180 704
1634190 700
1634200 696
1634210 696
1634220 691
1634230 686
1634240 686
1634250 681
1634260 677
1634270 677
1634280 672
1634290 669
1634300 669
1634310 665
1634320 662
1634330 662
1634340 660
1634350 657
1634360 652
1634370 652
1634380 646
1634390 639
1634400 639
1634410 633
1634420 627
1634430 627
1634440 621
1634450 617
1634460 617
1634470 614
1634480 614
1634490 614
1634500 614
1634510 615
1634520 616
1634530 616
1634540 615
1634550 612
1634560 612
1634570 607
1634580 603
1634590 603
1634600 600
1634610 598
1634620 598
1634630 596
1634640 593
1634650 590
1634660 594
1634670 592
1634680 590
1634690 590
1634700 589
1634710 587
1634720 587
1634730 585
1634740 583
1634750 583
1634760 581
1634770 580
1634780 580
1634790 580
1634800 580
1634810 579
1634820 579
1634830 576
1634840 573
1634850 573
1634860 572
1634870 571
1634880 571
1634890 571
1634900 570
1634910 570
1634920 570
1634930 570
1634940 570
1634950 569
1634960 569
1634970 569
1634980 569
1634990 569
1635000 568
1635010 568
1635020 568
1635030 568
1635040 568
1635050 568
1635060 567
1635070 567
1635080 567
1635090 567
1635100 566
1635110 566
1635120 566
1635130 566
1635140 566
1635150 566
1635160 565
1635170 565
1635180 565
1635190 564
1635200 564
1635210 564
1635220 564
1635230 564
1635240 564
1635250 564
1635260 564
1635270 564
1635280 564
1635290 564
1635300 564
1635310 562
1635320 561
1635330 561
1635340 561
1635350 561
1635360 561
1635370 561
1635380 560
1635390 560
1635400 560
1635410 560
1635420 560
1635430 560
1635440 560
1635450 559
1635460 559
1635470 559
1635480 559
1635490 559
1635500 559
1635510 559
1635520 559
1635530 558
1635540 558
1635550 558
1635560 558
1635570 558
1635580 557
1635590 557
1635600 557
1635610 557
1635620 557
1635630 557
1635640 556
1635650 556
1635660 556
1635670 556
1635680 556
1635690 556
1635700 555
1635710 555
1635720 555
1635730 555
1635740 555
1635750 555
1635760 554
1635770 554
1635780 554
1635790 554
1635800 554
1635810 554
1635820 554
1635830 553
1635840 553
1635850 553
1635860 553
1635870 553
1635880 553
1635890 552
1635900 552
1635910 552
1635920 552
1635930 552
1635940 552
1635950 552
1635960 551
1635970 551
1635980 551
1635990 551
1636000 551
1636010 551
1636020 551
1636030 550
1636040 550
1636050 550
1636060 550
1636070 550
1636080 550
1636090 550
1636100 550
1636110 550
1636120 550
1636130 550
1636140 550
1636150 550
1636160 549
1636170 549
1636180 549
1636190 549
1636200 549
1636210 550
1636220 550
1636230 550
1636240 550
1636250 550
1636260 550
1636270 550
1636280 550
1636290 550
1636300 550
1636310 551
1636320 551
1636330 551
1636340 551
1636350 551
1636360 551
1636370 551
1636380 551
1636390 551
1636400 551
1636410 551
1636420 551
1636430 551
1636440 551
1636450 551
1636460 552
1636470 552
1636480 552
1636490 552
1636500 552
1636510 552
1636520 552
1636530 552
1636540 552
1636550 552
1636560 552
1636570 552
1636580 552
1636590 552
1636600 552
1636610 552
1636620 552
1636630 552
1636640 552
1636650 552
1636660 552
1636670 552
1636680 552
1636690 552
1636700 551
1636710 551
1636720 552
1636730 553
1636740 553
1636750 553
1636760 553
1636770 553
1636780 553
1636790 553
1636800 553
1636810 553
1636820 553
1636830 553
1636840 553
1636850 553
1636860 553
1636870 553
1636880 553
1636890 553
1636900 553
1636910 553
1636920 552
1636930 552
1636940 552
1636950 553
1636960 553
1636970 553
1636980 553
1636990 553
1637000 553
1637010 553
1637020 553
1637030 553
1637040 553
1637050 553
1637060 553
1637070 553
1637080 553
1637090 553
1637100 553
1637110 553
1637120 553
1637130 553
1637140 553
1637150 552
1637160 552
1637170 553
1637180 553
1637190 553
1637200 553
1637210 553
1637220 554
1637230 554
1637240 554
1637250 554
1637260 554
1637270 555
1637280 557
1637290 557
1637300 560
1637310 563
1637320 563
1637330 566
1637340 569
1637350 569
1637360 571
1637370 574
1637380 576
1637390 576
1637400 577
1637410 579
1637420 579
1637430 580
1637440 581
1637450 581
1637460 583
1637470 583
1637480 583
1637490 584
1637500 584
1637510 584
1637520 585
1637530 587
1637540 590
1637550 590
1637560 591
1637570 592
1637580 592
1637590 594
1637600 594
1637610 594
1637620 595
1637630 596
1637640 596
1637650 597
1637660 598
1637670 598
1637680 599
1637690 599
1637700 599
1637710 599
1637720 598
1637730 598
1637740 598
1637750 598
1637760 598
1637770 598
1637780 598
1637790 598
1637800 598
1637810 599
1637820 600
1637830 601
1637840 601
1637850 601
1637860 602
1637870 602
1637880 602
1637890 602
1637900 602
1637910 600
1637920 598
1637930 598
1637940 598
1637950 597
1637960 597
1637970 596
1637980 596
1637990 595
1638000 595
1638010 593
1638020 592
1638030 592
1638040 591
1638050 591
1638060 591
1638070 592
1638080 591
1638090 591
1638100 591
1638110 590
1638120 590
1638130 590
1638140 591
1638150 591
1638160 591
1638170 591
1638180 591
1638190 591
1638200 591
1638210 591
1638220 591
1638230 591
1638240 590
1638250 590
1638260 589
1638270 590
1638280 590
1638290 590
1638300 591
1638310 591
1638320 591
1638330 591
1638340 592
1638350 592
1638360 593
1638370 595
1638380 595
1638390 597
1638400 597
1638410 597
1638420 596
1638430 590
1638440 583
1638450 583
1638460 578
1638470 575
1638480 575
1638490 572
1638500 570
1638510 570
1638520 569
1638530 569
1638540 569
1638550 568
1638560 567
1638570 567
1638580 566
1638590 564
1638600 562
1638610 562
1638620 560
1638630 559
1638640 559
1638650 557
1638660 555
1638670 555
1638680 553
1638690 551
1638700 551
1638710 550
1638720 548
1638730 548
1638740 547
1638750 545
1638760 544
1638770 544
1638780 543
1638790 542
1638800 542
1638810 541
1638820 541
1638830 541
1638840 542
1638850 542
1638860 542
1638870 542
1638880 542
1638890 542
1638900 542
1638910 542
1638920 542
1638930 542
1638940 542
1638950 542
1638960 542
1638970 542
1638980 542
1638990 542
1639000 542
1639010 542
1639020 542
1639030 543
1639040 543
1639050 544
1639060 544
1639070 544
1639080 544
1639090 544
1639100 544
1639110 544
1639120 544
1639130 544
1639140 545
1639150 545
1639160 545
1639170 545
1639180 545
1639190 545
1639200 545
1639210 546
1639220 546
1639230 546
1639240 547
1639250 547
1639260 547
1639270 548
1639280 548
1639290 549
1639300 549
1639310 549
1639320 548
1639330 548
1639340 548
1639350 548
1639360 549
1639370 549
1639380 549
1639390 549
1639400 549
1639410 549
1639420 549
1639430 550
1639440 550
1639450 550
1639460 550
1639470 550
1639480 550
1639490 551
1639500 551
1639510 551
1639520 551
1639530 551
1639540 551
1639550 551
1639560 552
1639570 552
1639580 552
1639590 552
1639600 552
1639610 552
1639620 552
1639630 552
1639640 552
1639650 552
1639660 552
1639670 552
1639680 552
1639690 552
1639700 552
1639710 552
1639720 552
1639730 552
1639740 552
1639750 552
1639760 552
1639770 551
1639780 550
1639790 550
1639800 549
1639810 549
1639820 548
1639830 548
1639840 548
1639850 548
1639860 548
1639870 547
1639880 547
1639890 547
1639900 547
1639910 547
1639920 547
1639930 547
1639940 547
1639950 548
1639960 548
1639970 548
1639980 548
1639990 548
