1620000 552
1620010 554
1620020 555
1620030 555
1620040 555
1620050 555
1620060 555
1620070 555
1620080 555
1620090 555
1620100 555
1620110 555
1620120 555
1620130 555
1620140 555
1620150 555
1620160 555
1620170 554
1620180 554
1620190 554
1620200 554
1620210 553
1620220 553
1620230 553
1620240 552
1620250 552
1620260 552
1620270 552
1620280 552
1620290 551
1620300 551
1620310 551
1620320 551
1620330 551
1620340 551
1620350 551
1620360 551
1620370 551
1620380 551
1620390 551
1620400 551
1620410 551
1620420 550
1620430 550
1620440 550
1620450 552
1620460 552
1620470 552
1620480 552
1620490 551
1620500 551
1620510 551
1620520 551
1620530 551
1620540 551
1620550 551
1620560 551
1620570 551
1620580 551
1620590 551
1620600 551
1620610 550
1620620 550
1620630 550
1620640 550
1620650 550
1620660 550
1620670 550
1620680 549
1620690 549
1620700 549
1620710 549
1620720 549
1620730 549
1620740 549
1620750 550
1620760 550
1620770 550
1620780 550
1620790 550
1620800 550
1620810 550
1620820 550
1620830 550
1620840 550
1620850 549
1620860 549
1620870 549
1620880 549
1620890 549
1620900 548
1620910 548
1620920 547
1620930 547
1620940 547
1620950 547
1620960 547
1620970 546
1620980 546
1620990 546
1621000 546
1621010 546
1621020 546
1621030 546
1621040 545
1621050 545
1621060 545
1621070 544
1621080 544
1621090 544
1621100 544
1621110 543
1621120 543
1621130 543
1621140 543
1621150 543
1621160 542
1621170 542
1621180 542
1621190 540
1621200 539
1621210 539
1621220 539
1621230 539
1621240 539
1621250 539
1621260 539
1621270 538
1621280 538
1621290 538
1621300 537
1621310 537
1621320 537
1621330 537
1621340 537
1621350 537
1621360 536
1621370 537
1621380 536
1621390 536
1621400 536
1621410 536
1621420 535
1621430 535
1621440 535
1621450 535
1621460 535
1621470 535
1621480 535
1621490 535
1621500 535
1621510 534
1621520 534
1621530 534
1621540 534
1621550 534
1621560 534
1621570 534
1621580 534
1621590 534
1621600 534
1621610 533
1621620 533
1621630 533
1621640 533
1621650 533
1621660 533
1621670 532
1621680 532
1621690 532
1621700 532
1621710 531
1621720 531
1621730 531
1621740 530
1621750 529
1621760 529
1621770 528
1621780 527
1621790 527
1621800 526
1621810 526
1621820 526
1621830 524
1621840 524
1621850 523
1621860 523
1621870 523
1621880 522
1621890 522
1621900 522
1621910 522
1621920 522
1621930 522
1621940 522
1621950 522
1621960 521
1621970 521
1621980 521
1621990 521
1622000 521
1622010 521
1622020 521
1622030 521
1622040 522
1622050 522
1622060 522
1622070 522
1622080 522
1622090 522
1622100 522
1622110 522
1622120 522
1622130 522
1622140 523
1622150 523
1622160 523
1622170 523
1622180 523
1622190 523
1622200 523
1622210 523
1622220 524
1622230 524
1622240 524
1622250 524
1622260 524
1622270 524
1622280 525
1622290 525
1622300 526
1622310 526
1622320 526
1622330 526
1622340 526
1622350 527
1622360 527
1622370 527
1622380 528
1622390 528
1622400 528
1622410 529
1622420 530
1622430 530
1622440 530
1622450 531
1622460 532
1622470 532
1622480 534
1622490 538
1622500 538
1622510 536
1622520 534
1622530 534
1622540 535
1622550 535
1622560 535
1622570 535
1622580 535
1622590 535
1622600 535
1622610 536
1622620 536
1622630 536
1622640 535
1622650 535
1622660 535
1622670 534
1622680 534
1622690 534
1622700 534
1622710 533
1622720 533
1622730 533
1622740 534
1622750 534
1622760 534
1622770 534
1622780 533
1622790 533
1622800 533
1622810 533
1622820 533
1622830 534
1622840 535
1622850 535
1622860 536
1622870 538
1622880 538
1622890 538
1622900 539
1622910 539
1622920 539
1622930 537
1622940 536
1622950 536
1622960 534
1622970 533
1622980 533
1622990 533
1623000 533
1623010 533
1623020 534
1623030 535
1623040 535
1623050 535
1623060 535
1623070 534
1623080 534
1623090 534
1623100 534
1623110 534
1623120 534
1623130 536
1623140 536
1623150 538
1623160 538
1623170 538
1623180 538
1623190 537
1623200 537
1623210 537
1623220 538
1623230 538
1623240 538
1623250 539
1623260 539
1623270 539
1623280 539
1623290 540
1623300 540
1623310 540
1623320 540
1623330 540
1623340 541
1623350 541
1623360 541
1623370 541
1623380 541
1623390 541
1623400 541
1623410 541
1623420 541
1623430 541
1623440 542
1623450 542
1623460 542
1623470 542
1623480 543
1623490 543
1623500 543
1623510 543
1623520 543
1623530 543
1623540 543
1623550 542
1623560 542
1623570 542
1623580 542
1623590 542
1623600 542
1623610 542
1623620 542
1623630 542
1623640 542
1623650 542
1623660 542
1623670 543
1623680 543
1623690 543
1623700 543
1623710 544
1623720 544
1623730 544
1623740 544
1623750 544
1623760 545
1623770 545
1623780 545
1623790 545
1623800 544
1623810 544
1623820 544
1623830 544
1623840 543
1623850 543
1623860 543
1623870 542
1623880 542
1623890 542
1623900 542
1623910 542
1623920 541
1623930 540
1623940 540
1623950 538
1623960 535
1623970 535
1623980 533
1623990 531
1624000 531
1624010 531
1624020 531
1624030 532
1624040 532
1624050 536
1624060 540
1624070 540
1624080 541
1624090 541
1624100 541
1624110 541
1624120 541
1624130 541
1624140 541
1624150 541
1624160 541
1624170 541
1624180 541
1624190 541
1624200 541
1624210 541
1624220 541
1624230 541
1624240 541
1624250 541
1624260 541
1624270 541
1624280 541
1624290 540
1624300 540
1624310 539
1624320 539
1624330 539
1624340 538
1624350 538
1624360 538
1624370 538
1624380 537
1624390 537
1624400 537
1624410 536
1624420 536
1624430 536
1624440 535
1624450 535
1624460 535
1624470 535
1624480 535
1624490 535
1624500 536
1624510 537
1624520 537
1624530 538
1624540 539
1624550 539
1624560 540
1624570 540
1624580 540
1624590 540
1624600 540
1624610 539
1624620 539
1624630 535
1624640 529
1624650 529
1624660 524
1624670 522
1624680 522
1624690 522
1624700 524
1624710 524
1624720 527
1624730 530
1624740 533
1624750 533
1624760 536
1624770 538
1624780 538
1624790 538
1624800 539
1624810 539
1624820 539
1624830 539
1624840 539
1624850 539
1624860 539
1624870 539
1624880 539
1624890 540
1624900 540
1624910 540
1624920 540
1624930 540
1624940 540
1624950 539
1624960 539
1624970 539
1624980 539
1624990 540
1625000 540
1625010 540
1625020 540
1625030 540
1625040 539
1625050 539
1625060 539
1625070 539
1625080 538
1625090 538
1625100 538
1625110 538
1625120 538
1625130 538
1625140 538
1625150 538
1625160 538
1625170 539
1625180 542
1625190 542
1625200 546
1625210 550
1625220 554
1625230 554
1625240 557
1625250 559
1625260 559
1625270 562
1625280 565
1625290 565
1625300 567
1625310 568
1625320 568
1625330 568
1625340 568
1625350 568
1625360 568
1625370 568
1625380 567
1625390 567
1625400 566
1625410 566
1625420 566
1625430 566
1625440 566
1625450 566
1625460 568
1625470 569
1625480 569
1625490 568
1625500 567
1625510 565
1625520 565
1625530 563
1625540 559
1625550 559
1625560 556
1625570 552
1625580 552
1625590 548
1625600 545
1625610 545
1625620 541
1625630 538
1625640 538
1625650 536
1625660 534
1625670 532
1625680 532
1625690 531
1625700 530
1625710 530
1625720 529
1625730 528
1625740 528
1625750 528
1625760 528
1625770 528
1625780 527
1625790 527
1625800 527
1625810 527
1625820 526
1625830 526
1625840 526
1625850 526
1625860 526
1625870 526
1625880 526
1625890 525
1625900 525
1625910 525
1625920 525
1625930 525
1625940 525
1625950 525
1625960 524
1625970 524
1625980 524
1625990 524
1626000 524
1626010 524
1626020 523
1626030 523
1626040 523
1626050 523
1626060 523
1626070 523
1626080 523
1626090 523
1626100 522
1626110 522
1626120 522
1626130 522
1626140 521
1626150 520
1626160 520
1626170 520
1626180 519
1626190 519
1626200 519
1626210 519
1626220 519
1626230 519
1626240 519
1626250 519
1626260 519
1626270 520
1626280 519
1626290 519
1626300 519
1626310 519
1626320 519
1626330 519
1626340 519
1626350 519
1626360 519
1626370 519
1626380 519
1626390 519
1626400 520
1626410 520
1626420 520
1626430 520
1626440 520
1626450 520
1626460 520
1626470 520
1626480 520
1626490 520
1626500 521
1626510 521
1626520 522
1626530 522
1626540 522
1626550 522
1626560 522
1626570 522
1626580 522
1626590 522
1626600 522
1626610 522
1626620 522
1626630 523
1626640 523
1626650 523
1626660 525
1626670 525
1626680 527
1626690 529
1626700 529
1626710 530
1626720 531
1626730 530
1626740 530
1626750 529
1626760 529
1626770 529
1626780 528
1626790 529
1626800 529
1626810 529
1626820 530
1626830 530
1626840 531
1626850 531
1626860 531
1626870 531
1626880 531
1626890 531
1626900 531
1626910 530
1626920 530
1626930 530
1626940 530
1626950 530
1626960 530
1626970 530
1626980 530
1626990 530
1627000 529
1627010 527
1627020 527
1627030 521
1627040 515
1627050 508
1627060 508
1627070 503
1627080 497
1627090 497
1627100 493
1627110 489
1627120 489
1627130 487
1627140 485
1627150 485
1627160 483
1627170 482
1627180 481
1627190 481
1627200 480
1627210 479
1627220 479
1627230 479
1627240 479
1627250 479
1627260 479
1627270 479
1627280 479
1627290 479
1627300 480
1627310 480
1627320 480
1627330 480
1627340 480
1627350 480
1627360 480
1627370 479
1627380 479
1627390 479
1627400 478
1627410 478
1627420 477
1627430 476
1627440 476
1627450 475
1627460 473
1627470 473
1627480 472
1627490 470
1627500 469
1627510 469
1627520 469
1627530 469
1627540 469
1627550 468
1627560 468
1627570 468
1627580 468
1627590 468
1627600 468
1627610 468
1627620 468
1627630 468
1627640 468
1627650 468
1627660 468
1627670 468
1627680 468
1627690 468
1627700 468
1627710 468
1627720 468
1627730 468
1627740 468
1627750 468
1627760 468
1627770 468
1627780 468
1627790 468
1627800 468
1627810 468
1627820 468
1627830 468
1627840 468
1627850 468
1627860 468
1627870 468
1627880 468
1627890 468
1627900 468
1627910 468
1627920 468
1627930 468
1627940 468
1627950 468
1627960 468
1627970 468
1627980 468
1627990 468
1628000 468
1628010 468
1628020 468
1628030 468
1628040 468
1628050 468
1628060 468
1628070 468
1628080 468
1628090 468
1628100 468
1628110 468
1628120 468
1628130 468
1628140 468
1628150 468
1628160 468
1628170 469
1628180 469
1628190 469
1628200 468
1628210 468
1628220 468
1628230 468
1628240 468
1628250 468
1628260 468
1628270 468
1628280 468
1628290 468
1628300 468
1628310 468
1628320 469
1628330 469
1628340 469
1628350 469
1628360 469
1628370 469
1628380 469
1628390 469
1628400 469
1628410 469
1628420 469
1628430 469
1628440 469
1628450 469
1628460 469
1628470 469
1628480 469
1628490 469
1628500 469
1628510 469
1628520 469
1628530 469
1628540 469
1628550 469
1628560 469
1628570 469
1628580 469
1628590 469
1628600 469
1628610 469
1628620 469
1628630 469
1628640 469
1628650 469
1628660 469
1628670 470
1628680 471
1628690 471
1628700 472
1628710 475
1628720 480
1628730 480
1628740 484
1628750 488
1628760 488
1628770 493
1628780 496
1628790 496
1628800 500
1628810 504
1628820 504
1628830 510
1628840 514
1628850 514
1628860 515
1628870 516
1628880 517
1628890 517
1628900 518
1628910 519
1628920 519
1628930 521
1628940 523
1628950 523
1628960 524
1628970 525
1628980 525
1628990 527
1629000 528
1629010 528
1629020 529
1629030 529
1629040 529
1629050 529
1629060 529
1629070 528
1629080 528
1629090 528
1629100 529
1629110 529
1629120 530
1629130 531
1629140 531
1629150 531
1629160 532
1629170 534
1629180 534
1629190 535
1629200 537
1629210 537
1629220 538
1629230 540
1629240 540
1629250 542
1629260 543
1629270 543
1629280 544
1629290 546
1629300 546
1629310 546
1629320 547
1629330 546
1629340 546
1629350 545
1629360 543
1629370 543
1629380 541
1629390 539
1629400 539
1629410 538
1629420 537
1629430 537
1629440 536
1629450 534
1629460 534
1629470 535
1629480 535
1629490 536
1629500 536
1629510 537
1629520 538
1629530 538
1629540 541
1629550 543
1629560 543
1629570 544
1629580 544
1629590 544
1629600 544
1629610 545
1629620 545
1629630 546
1629640 546
1629650 547
1629660 547
1629670 547
1629680 547
1629690 547
1629700 546
1629710 545
1629720 545
1629730 544
1629740 543
1629750 543
1629760 543
1629770 543
1629780 542
1629790 542
1629800 542
1629810 541
1629820 541
1629830 541
1629840 540
1629850 540
1629860 538
1629870 536
1629880 536
1629890 533
1629900 530
1629910 530
1629920 529
1629930 528
1629940 527
1629950 527
1629960 526
1629970 524
1629980 524
1629990 523
1630000 521
1630010 521
1630020 520
1630030 518
1630040 518
1630050 517
1630060 516
1630070 516
1630080 514
1630090 513
1630100 512
1630110 512
1630120 511
1630130 510
1630140 510
1630150 509
1630160 510
1630170 510
1630180 509
1630190 510
1630200 510
1630210 510
1630220 510
1630230 510
1630240 510
1630250 510
1630260 510
1630270 510
1630280 510
1630290 510
1630300 510
1630310 510
1630320 509
1630330 509
1630340 510
1630350 511
1630360 511
1630370 511
1630380 511
1630390 512
1630400 512
1630410 512
1630420 512
1630430 512
1630440 512
1630450 512
1630460 512
1630470 512
1630480 512
1630490 512
1630500 513
1630510 513
1630520 513
1630530 513
1630540 513
1630550 513
1630560 513
1630570 513
1630580 513
1630590 513
1630600 514
1630610 514
1630620 514
1630630 514
1630640 514
1630650 514
1630660 514
1630670 515
1630680 515
1630690 515
1630700 515
1630710 515
1630720 515
1630730 515
1630740 515
1630750 515
1630760 515
1630770 515
1630780 515
1630790 515
1630800 515
1630810 515
1630820 515
1630830 515
1630840 515
1630850 515
1630860 515
1630870 515
1630880 515
1630890 515
1630900 515
1630910 515
1630920 515
1630930 515
1630940 515
1630950 515
1630960 515
1630970 515
1630980 515
1630990 515
1631000 515
1631010 515
1631020 515
1631030 515
1631040 515
1631050 515
1631060 515
1631070 515
1631080 515
1631090 515
1631100 515
1631110 515
1631120 515
1631130 515
1631140 515
1631150 514
1631160 514
1631170 514
1631180 514
1631190 514
1631200 514
1631210 514
1631220 514
1631230 514
1631240 514
1631250 514
1631260 514
1631270 514
1631280 514
1631290 514
1631300 514
1631310 514
1631320 514
1631330 514
1631340 514
1631350 514
1631360 514
1631370 514
1631380 514
1631390 514
1631400 514
1631410 514
1631420 514
1631430 514
1631440 514
1631450 514
1631460 514
1631470 514
1631480 514
1631490 514
1631500 514
1631510 514
1631520 514
1631530 514
1631540 514
1631550 514
1631560 514
1631570 514
1631580 514
1631590 514
1631600 514
1631610 514
1631620 514
1631630 514
1631640 514
1631650 514
1631660 514
1631670 514
1631680 514
1631690 514
1631700 514
1631710 514
1631720 514
1631730 514
1631740 514
1631750 514
1631760 515
1631770 515
1631780 515
1631790 515
1631800 515
1631810 515
1631820 515
1631830 516
1631840 516
1631850 516
1631860 515
1631870 515
1631880 515
1631890 515
1631900 515
1631910 515
1631920 515
1631930 515
1631940 515
1631950 515
1631960 515
1631970 515
1631980 516
1631990 516
1632000 516
1632010 516
1632020 517
1632030 517
1632040 517
1632050 517
1632060 517
1632070 517
1632080 517
1632090 517
1632100 517
1632110 516
1632120 516
1632130 516
1632140 516
1632150 516
1632160 516
1632170 516
1632180 516
1632190 516
1632200 517
1632210 517
1632220 517
1632230 517
1632240 518
1632250 518
1632260 518
1632270 519
1632280 520
1632290 520
1632300 521
1632310 523
1632320 523
1632330 526
1632340 527
1632350 527
1632360 529
1632370 531
1632380 532
1632390 532
1632400 534
1632410 536
1632420 536
1632430 538
1632440 539
1632450 539
1632460 540
1632470 539
1632480 539
1632490 537
1632500 535
1632510 535
1632520 534
1632530 533
1632540 532
1632550 532
1632560 531
1632570 531
1632580 531
1632590 530
1632600 530
1632610 530
1632620 529
1632630 529
1632640 529
1632650 528
1632660 528
1632670 528
1632680 528
1632690 527
1632700 527
1632710 527
1632720 527
1632730 527
1632740 527
1632750 527
1632760 527
1632770 527
1632780 527
1632790 527
1632800 527
1632810 527
1632820 527
1632830 527
1632840 527
1632850 526
1632860 526
1632870 526
1632880 527
1632890 527
1632900 527
1632910 526
1632920 526
1632930 526
1632940 526
1632950 526
1632960 526
1632970 526
1632980 527
1632990 527
1633000 527
1633010 527
1633020 527
1633030 527
1633040 526
1633050 526
1633060 526
1633070 526
1633080 526
1633090 526
1633100 525
1633110 525
1633120 525
1633130 525
1633140 525
1633150 525
1633160 525
1633170 525
1633180 525
1633190 525
1633200 525
1633210 525
1633220 525
1633230 525
1633240 525
1633250 525
1633260 525
1633270 525
1633280 525
1633290 525
1633300 525
1633310 525
1633320 525
1633330 525
1633340 524
1633350 524
1633360 524
1633370 524
1633380 524
1633390 524
1633400 523
1633410 523
1633420 523
1633430 523
1633440 523
1633450 522
1633460 522
1633470 522
1633480 522
1633490 522
1633500 522
1633510 522
1633520 521
1633530 519
1633540 519
1633550 518
1633560 518
1633570 518
1633580 518
1633590 518
1633600 518
1633610 518
1633620 518
1633630 518
1633640 518
1633650 517
1633660 517
1633670 517
1633680 517
1633690 517
1633700 517
1633710 517
1633720 518
1633730 518
1633740 518
1633750 518
1633760 518
1633770 518
1633780 518
1633790 518
1633800 518
1633810 518
1633820 518
1633830 518
1633840 518
1633850 518
1633860 518
1633870 518
1633880 518
1633890 518
1633900 518
1633910 518
1633920 518
1633930 518
1633940 518
1633950 518
1633960 518
1633970 518
1633980 518
1633990 518
1634000 518
1634010 518
1634020 518
1634030 518
1634040 518
1634050 518
1634060 518
1634070 518
1634080 518
1634090 518
1634100 518
1634110 518
1634120 518
1634130 518
1634140 518
1634150 518
1634160 518
1634170 518
1634180 518
1634190 517
1634200 517
1634210 517
1634220 517
1634230 517
1634240 517
1634250 517
1634260 517
1634270 516
1634280 516
1634290 516
1634300 516
1634310 516
1634320 516
1634330 516
1634340 516
1634350 515
1634360 515
1634370 515
1634380 515
1634390 515
1634400 514
1634410 514
1634420 514
1634430 514
1634440 514
1634450 514
1634460 514
1634470 514
1634480 514
1634490 514
1634500 514
1634510 514
1634520 514
1634530 513
1634540 513
1634550 513
1634560 514
1634570 514
1634580 514
1634590 514
1634600 514
1634610 515
1634620 515
1634630 515
1634640 516
1634650 517
1634660 517
1634670 518
1634680 519
1634690 520
1634700 520
1634710 521
1634720 521
1634730 521
1634740 521
1634750 522
1634760 522
1634770 523
1634780 523
1634790 523
1634800 523
1634810 522
1634820 521
1634830 521
1634840 520
1634850 519
1634860 519
1634870 519
1634880 519
1634890 519
1634900 519
1634910 519
1634920 519
1634930 519
1634940 518
1634950 518
1634960 518
1634970 518
1634980 518
1634990 518
1635000 518
1635010 518
1635020 518
1635030 518
1635040 518
1635050 518
1635060 518
1635070 518
1635080 518
1635090 517
1635100 517
1635110 517
1635120 517
1635130 517
1635140 518
1635150 518
1635160 518
1635170 518
1635180 518
1635190 518
1635200 518
1635210 518
1635220 519
1635230 519
1635240 519
1635250 520
1635260 520
1635270 520
1635280 521
1635290 524
1635300 525
1635310 525
1635320 529
1635330 534
1635340 531
1635350 537
1635360 543
1635370 543
1635380 548
1635390 552
1635400 552
1635410 554
1635420 554
1635430 554
1635440 554
1635450 553
1635460 551
1635470 551
1635480 548
1635490 546
1635500 546
1635510 544
1635520 543
1635530 543
1635540 541
1635550 540
1635560 540
1635570 538
1635580 537
1635590 537
1635600 537
1635610 536
1635620 534
1635630 534
1635640 533
1635650 531
1635660 531
1635670 530
1635680 530
1635690 530
1635700 530
1635710 530
1635720 530
1635730 530
1635740 530
1635750 530
1635760 530
1635770 531
1635780 534
1635790 534
1635800 539
1635810 545
1635820 545
1635830 550
1635840 552
1635850 552
1635860 550
1635870 545
1635880 545
1635890 542
1635900 538
1635910 534
1635920 534
1635930 530
1635940 527
1635950 527
1635960 527
1635970 527
1635980 527
1635990 527
1636000 527
1636010 527
1636020 527
1636030 527
1636040 527
1636050 526
1636060 526
1636070 526
1636080 526
1636090 526
1636100 526
1636110 526
1636120 526
1636130 526
1636140 526
1636150 526
1636160 526
1636170 526
1636180 526
1636190 526
1636200 526
1636210 526
1636220 526
1636230 527
1636240 527
1636250 528
1636260 533
1636270 533
1636280 542
1636290 549
1636300 549
1636310 555
1636320 560
1636330 560
1636340 560
1636350 560
1636360 559
1636370 559
1636380 558
1636390 558
1636400 558
1636410 558
1636420 558
1636430 558
1636440 558
1636450 558
1636460 558
1636470 558
1636480 558
1636490 558
1636500 559
1636510 559
1636520 558
1636530 558
1636540 556
1636550 554
1636560 554
1636570 551
1636580 548
1636590 548
1636600 545
1636610 541
1636620 541
1636630 539
1636640 537
1636650 537
1636660 535
1636670 534
1636680 533
1636690 533
1636700 532
1636710 532
1636720 532
1636730 532
1636740 531
1636750 531
1636760 531
1636770 531
1636780 531
1636790 531
1636800 531
1636810 530
1636820 530
1636830 530
1636840 529
1636850 529
1636860 528
1636870 527
1636880 527
1636890 526
1636900 530
1636910 530
1636920 532
1636930 529
1636940 529
1636950 526
1636960 524
1636970 524
1636980 524
1636990 524
1637000 524
1637010 524
1637020 524
1637030 524
1637040 524
1637050 524
1637060 524
1637070 524
1637080 524
1637090 524
1637100 524
1637110 524
1637120 524
1637130 524
1637140 524
1637150 526
1637160 531
1637170 531
1637180 529
1637190 523
1637200 523
1637210 523
1637220 523
1637230 523
1637240 523
1637250 523
1637260 523
1637270 523
1637280 523
1637290 523
1637300 523
1637310 523
1637320 523
1637330 523
1637340 523
1637350 523
1637360 523
1637370 523
1637380 523
1637390 523
1637400 522
1637410 522
1637420 522
1637430 522
1637440 522
1637450 522
1637460 522
1637470 522
1637480 522
1637490 522
1637500 522
1637510 522
1637520 522
1637530 522
1637540 522
1637550 522
1637560 521
1637570 521
1637580 521
1637590 521
1637600 521
1637610 521
1637620 521
1637630 521
1637640 521
1637650 521
1637660 521
1637670 521
1637680 521
1637690 520
1637700 520
1637710 520
1637720 520
1637730 520
1637740 520
1637750 520
1637760 520
1637770 520
1637780 520
1637790 520
1637800 520
1637810 520
1637820 520
1637830 520
1637840 520
1637850 520
1637860 520
1637870 520
1637880 520
1637890 519
1637900 519
1637910 519
1637920 520
1637930 522
1637940 522
1637950 525
1637960 528
1637970 528
1637980 532
1637990 535
1638000 535
1638010 536
1638020 538
1638030 538
1638040 540
1638050 542
1638060 544
1638070 544
1638080 545
1638090 547
1638100 547
1638110 548
1638120 548
1638130 548
1638140 548
1638150 548
1638160 548
1638170 547
1638180 546
1638190 545
1638200 545
1638210 543
1638220 542
1638230 542
1638240 540
1638250 538
1638260 538
1638270 535
1638280 533
1638290 533
1638300 530
1638310 527
1638320 527
1638330 524
1638340 521
1638350 517
1638360 517
1638370 516
1638380 515
1638390 515
1638400 515
1638410 515
1638420 515
1638430 515
1638440 515
1638450 515
1638460 515
1638470 515
1638480 515
1638490 515
1638500 515
1638510 515
1638520 515
1638530 515
1638540 515
1638550 515
1638560 514
1638570 514
1638580 514
1638590 515
1638600 515
1638610 515
1638620 514
1638630 514
1638640 514
1638650 514
1638660 514
1638670 514
1638680 514
1638690 513
1638700 513
1638710 513
1638720 514
1638730 514
1638740 514
1638750 513
1638760 513
1638770 513
1638780 513
1638790 513
1638800 513
1638810 513
1638820 513
1638830 513
1638840 513
1638850 513
1638860 513
1638870 513
1638880 513
1638890 513
1638900 513
1638910 512
1638920 512
1638930 512
1638940 512
1638950 512
1638960 512
1638970 512
1638980 512
1638990 512
1639000 512
1639010 512
1639020 512
1639030 512
1639040 512
1639050 512
1639060 512
1639070 512
1639080 512
1639090 512
1639100 512
1639110 512
1639120 512
1639130 512
1639140 512
1639150 512
1639160 512
1639170 512
1639180 512
1639190 512
1639200 512
1639210 512
1639220 512
1639230 512
1639240 512
1639250 512
1639260 512
1639270 511
1639280 511
1639290 511
1639300 511
1639310 511
1639320 511
1639330 511
1639340 511
1639350 511
1639360 511
1639370 510
1639380 510
1639390 510
1639400 510
1639410 510
1639420 510
1639430 510
1639440 510
1639450 510
1639460 510
1639470 510
1639480 510
1639490 510
1639500 510
1639510 510
1639520 510
1639530 509
1639540 509
1639550 509
1639560 509
1639570 509
1639580 509
1639590 509
1639600 509
1639610 509
1639620 509
1639630 509
1639640 509
1639650 509
1639660 509
1639670 509
1639680 509
1639690 509
1639700 509
1639710 509
1639720 509
1639730 509
1639740 509
1639750 509
1639760 508
1639770 508
1639780 508
1639790 508
1639800 508
1639810 508
1639820 508
1639830 508
1639840 508
1639850 508
1639860 508
1639870 508
1639880 508
1639890 508
1639900 508
1639910 508
1639920 508
1639930 508
1639940 508
1639950 508
1639960 508
1639970 507
1639980 507
1639990 507
