1620000 453
1620010 453
1620020 453
1620030 453
1620040 453
1620050 453
1620060 453
1620070 453
1620080 452
1620090 452
1620100 452
1620110 452
1620120 452
1620130 452
1620140 452
1620150 452
1620160 452
1620170 452
1620180 452
1620190 452
1620200 452
1620210 452
1620220 452
1620230 452
1620240 452
1620250 452
1620260 452
1620270 452
1620280 453
1620290 453
1620300 453
1620310 452
1620320 452
1620330 452
1620340 452
1620350 452
1620360 452
1620370 452
1620380 452
1620390 452
1620400 452
1620410 452
1620420 452
1620430 452
1620440 452
1620450 452
1620460 452
1620470 452
1620480 452
1620490 452
1620500 452
1620510 452
1620520 452
1620530 452
1620540 452
1620550 452
1620560 451
1620570 451
1620580 451
1620590 451
1620600 451
1620610 451
1620620 451
1620630 451
1620640 451
1620650 451
1620660 451
1620670 451
1620680 451
1620690 451
1620700 451
1620710 451
1620720 451
1620730 451
1620740 451
1620750 451
1620760 451
1620770 451
1620780 451
1620790 451
1620800 452
1620810 452
1620820 452
1620830 452
1620840 452
1620850 452
1620860 452
1620870 452
1620880 452
1620890 452
1620900 452
1620910 452
1620920 451
1620930 451
1620940 451
1620950 451
1620960 451
1620970 451
1620980 451
1620990 451
1621000 451
1621010 451
1621020 451
1621030 451
1621040 450
1621050 450
1621060 450
1621070 450
1621080 450
1621090 450
1621100 450
1621110 450
1621120 450
1621130 450
1621140 451
1621150 452
1621160 452
1621170 450
1621180 449
1621190 449
1621200 449
1621210 449
1621220 449
1621230 449
1621240 449
1621250 449
1621260 449
1621270 450
1621280 449
1621290 449
1621300 449
1621310 449
1621320 449
1621330 449
1621340 450
1621350 450
1621360 451
1621370 451
1621380 452
1621390 452
1621400 452
1621410 452
1621420 452
1621430 453
1621440 454
1621450 454
1621460 454
1621470 453
1621480 453
1621490 453
1621500 454
1621510 454
1621520 455
1621530 455
1621540 456
1621550 456
1621560 457
1621570 458
1621580 458
1621590 459
1621600 460
1621610 460
1621620 461
1621630 461
1621640 461
1621650 460
1621660 460
1621670 460
1621680 459
1621690 458
1621700 458
1621710 458
1621720 456
1621730 456
1621740 456
1621750 455
1621760 451
1621770 451
1621780 451
1621790 451
1621800 451
1621810 451
1621820 450
1621830 450
1621840 450
1621850 450
1621860 450
1621870 450
1621880 450
1621890 450
1621900 450
1621910 450
1621920 450
1621930 450
1621940 450
1621950 450
1621960 450
1621970 450
1621980 450
1621990 450
1622000 450
1622010 449
1622020 449
1622030 449
1622040 449
1622050 450
1622060 450
1622070 450
1622080 449
1622090 449
1622100 449
1622110 449
1622120 449
1622130 449
1622140 449
1622150 449
1622160 449
1622170 448
1622180 446
1622190 446
1622200 446
1622210 446
1622220 446
1622230 446
1622240 445
1622250 445
1622260 445
1622270 445
1622280 445
1622290 445
1622300 445
1622310 445
1622320 445
1622330 445
1622340 445
1622350 445
1622360 445
1622370 445
1622380 445
1622390 445
1622400 445
1622410 445
1622420 445
1622430 445
1622440 445
1622450 445
1622460 445
1622470 445
1622480 445
1622490 445
1622500 445
1622510 445
1622520 445
1622530 445
1622540 445
1622550 445
1622560 445
1622570 445
1622580 445
1622590 445
1622600 445
1622610 445
1622620 445
1622630 445
1622640 445
1622650 445
1622660 445
1622670 445
1622680 445
1622690 445
1622700 445
1622710 445
1622720 445
1622730 445
1622740 445
1622750 445
1622760 445
1622770 445
1622780 445
1622790 445
1622800 445
1622810 445
1622820 445
1622830 445
1622840 445
1622850 445
1622860 445
1622870 445
1622880 445
1622890 445
1622900 445
1622910 445
1622920 445
1622930 445
1622940 445
1622950 445
1622960 445
1622970 445
1622980 445
1622990 445
1623000 445
1623010 445
1623020 445
1623030 445
1623040 445
1623050 445
1623060 445
1623070 445
1623080 445
1623090 445
1623100 445
1623110 445
1623120 445
1623130 445
1623140 445
1623150 445
1623160 445
1623170 445
1623180 445
1623190 445
1623200 445
1623210 445
1623220 445
1623230 445
1623240 445
1623250 445
1623260 445
1623270 445
1623280 445
1623290 445
1623300 445
1623310 445
1623320 445
1623330 445
1623340 445
1623350 445
1623360 445
1623370 445
1623380 445
1623390 445
1623400 445
1623410 445
1623420 445
1623430 445
1623440 445
1623450 445
1623460 445
1623470 445
1623480 445
1623490 445
1623500 445
1623510 445
1623520 445
1623530 445
1623540 445
1623550 445
1623560 445
1623570 445
1623580 445
1623590 445
1623600 445
1623610 445
1623620 445
1623630 445
1623640 445
1623650 445
1623660 445
1623670 445
1623680 445
1623690 445
1623700 445
1623710 445
1623720 445
1623730 445
1623740 445
1623750 445
1623760 445
1623770 445
1623780 445
1623790 445
1623800 445
1623810 445
1623820 445
1623830 445
1623840 445
1623850 445
1623860 445
1623870 445
1623880 445
1623890 445
1623900 445
1623910 445
1623920 445
1623930 445
1623940 445
1623950 445
1623960 445
1623970 445
1623980 445
1623990 445
1624000 445
1624010 445
1624020 445
1624030 445
1624040 445
1624050 445
1624060 445
1624070 445
1624080 445
1624090 445
1624100 445
1624110 445
1624120 445
1624130 445
1624140 445
1624150 445
1624160 445
1624170 445
1624180 445
1624190 445
1624200 445
1624210 445
1624220 445
1624230 445
1624240 445
1624250 445
1624260 445
1624270 445
1624280 445
1624290 445
1624300 445
1624310 445
1624320 445
1624330 445
1624340 445
1624350 445
1624360 445
1624370 445
1624380 445
1624390 445
1624400 445
1624410 445
1624420 445
1624430 445
1624440 445
1624450 445
1624460 445
1624470 445
1624480 445
1624490 445
1624500 445
1624510 445
1624520 445
1624530 445
1624540 445
1624550 445
1624560 445
1624570 445
1624580 445
1624590 445
1624600 445
1624610 445
1624620 445
1624630 445
1624640 445
1624650 445
1624660 445
1624670 446
1624680 446
1624690 446
1624700 446
1624710 446
1624720 446
1624730 446
1624740 447
1624750 447
1624760 447
1624770 448
1624780 448
1624790 448
1624800 450
1624810 451
1624820 451
1624830 452
1624840 453
1624850 453
1624860 454
1624870 455
1624880 455
1624890 456
1624900 458
1624910 458
1624920 459
1624930 460
1624940 460
1624950 461
1624960 462
1624970 463
1624980 463
1624990 464
1625000 466
1625010 466
1625020 467
1625030 468
1625040 468
1625050 469
1625060 470
1625070 470
1625080 471
1625090 471
1625100 471
1625110 471
1625120 472
1625130 473
1625140 473
1625150 473
1625160 472
1625170 472
1625180 472
1625190 475
1625200 475
1625210 477
1625220 478
1625230 478
1625240 479
1625250 480
1625260 480
1625270 481
1625280 482
1625290 483
1625300 483
1625310 483
1625320 484
1625330 484
1625340 484
1625350 484
1625360 484
1625370 483
1625380 477
1625390 477
1625400 477
1625410 477
1625420 477
1625430 478
1625440 479
1625450 479
1625460 479
1625470 479
1625480 478
1625490 478
1625500 481
1625510 482
1625520 482
1625530 482
1625540 483
1625550 483
1625560 484
1625570 485
1625580 485
1625590 486
1625600 487
1625610 488
1625620 488
1625630 488
1625640 487
1625650 487
1625660 485
1625670 484
1625680 484
1625690 484
1625700 484
1625710 484
1625720 485
1625730 488
1625740 488
1625750 498
1625760 505
1625770 508
1625780 508
1625790 511
1625800 513
1625810 513
1625820 514
1625830 515
1625840 515
1625850 515
1625860 515
1625870 515
1625880 515
1625890 515
1625900 515
1625910 515
1625920 516
1625930 516
1625940 516
1625950 516
1625960 517
1625970 517
1625980 516
1625990 516
1626000 516
1626010 517
1626020 517
1626030 517
1626040 517
1626050 515
1626060 512
1626070 512
1626080 509
1626090 506
1626100 506
1626110 503
1626120 500
1626130 500
1626140 498
1626150 496
1626160 496
1626170 494
1626180 492
1626190 492
1626200 490
1626210 489
1626220 488
1626230 488
1626240 487
1626250 485
1626260 485
1626270 481
1626280 479
1626290 479
1626300 478
1626310 477
1626320 477
1626330 476
1626340 476
1626350 476
1626360 475
1626370 474
1626380 474
1626390 474
1626400 474
1626410 475
1626420 475
1626430 475
1626440 475
1626450 475
1626460 475
1626470 475
1626480 475
1626490 475
1626500 475
1626510 475
1626520 475
1626530 476
1626540 476
1626550 476
1626560 477
1626570 477
1626580 477
1626590 478
1626600 479
1626610 479
1626620 479
1626630 479
1626640 479
1626650 479
1626660 479
1626670 479
1626680 479
1626690 479
1626700 478
1626710 478
1626720 478
1626730 477
1626740 477
1626750 477
1626760 476
1626770 476
1626780 476
1626790 476
1626800 476
1626810 476
1626820 475
1626830 475
1626840 475
1626850 475
1626860 475
1626870 475
1626880 474
1626890 474
1626900 474
1626910 474
1626920 474
1626930 474
1626940 474
1626950 471
1626960 471
1626970 466
1626980 468
1626990 468
1627000 470
1627010 468
1627020 467
1627030 467
1627040 466
1627050 464
1627060 464
1627070 463
1627080 460
1627090 460
1627100 456
1627110 453
1627120 453
1627130 452
1627140 451
1627150 451
1627160 450
1627170 450
1627180 450
1627190 450
1627200 450
1627210 450
1627220 450
1627230 450
1627240 449
1627250 449
1627260 450
1627270 450
1627280 450
1627290 450
1627300 450
1627310 450
1627320 450
1627330 450
1627340 450
1627350 450
1627360 450
1627370 449
1627380 449
1627390 449
1627400 449
1627410 449
1627420 449
1627430 449
1627440 449
1627450 449
1627460 449
1627470 449
1627480 449
1627490 448
1627500 448
1627510 448
1627520 448
1627530 448
1627540 448
1627550 448
1627560 448
1627570 448
1627580 448
1627590 448
1627600 448
1627610 448
1627620 448
1627630 448
1627640 448
1627650 448
1627660 448
1627670 448
1627680 448
1627690 448
1627700 448
1627710 448
1627720 448
1627730 448
1627740 448
1627750 448
1627760 448
1627770 448
1627780 448
1627790 448
1627800 448
1627810 448
1627820 448
1627830 448
1627840 448
1627850 448
1627860 448
1627870 448
1627880 448
1627890 448
1627900 448
1627910 448
1627920 448
1627930 448
1627940 448
1627950 448
1627960 448
1627970 448
1627980 448
1627990 448
1628000 448
1628010 448
1628020 448
1628030 448
1628040 447
1628050 447
1628060 447
1628070 446
1628080 446
1628090 445
1628100 445
1628110 444
1628120 444
1628130 444
1628140 444
1628150 444
1628160 444
1628170 444
1628180 444
1628190 444
1628200 444
1628210 444
1628220 444
1628230 444
1628240 444
1628250 444
1628260 444
1628270 444
1628280 444
1628290 444
1628300 444
1628310 444
1628320 444
1628330 444
1628340 444
1628350 444
1628360 444
1628370 444
1628380 444
1628390 444
1628400 444
1628410 444
1628420 444
1628430 444
1628440 444
1628450 444
1628460 444
1628470 444
1628480 444
1628490 444
1628500 444
1628510 444
1628520 444
1628530 444
1628540 444
1628550 444
1628560 444
1628570 444
1628580 444
1628590 444
1628600 444
1628610 444
1628620 444
1628630 444
1628640 444
1628650 443
1628660 443
1628670 443
1628680 443
1628690 443
1628700 443
1628710 443
1628720 443
1628730 443
1628740 443
1628750 443
1628760 443
1628770 443
1628780 443
1628790 443
1628800 443
1628810 443
1628820 443
1628830 443
1628840 444
1628850 444
1628860 444
1628870 443
1628880 443
1628890 443
1628900 443
1628910 443
1628920 443
1628930 443
1628940 443
1628950 443
1628960 443
1628970 443
1628980 443
1628990 443
1629000 443
1629010 443
1629020 443
1629030 443
1629040 443
1629050 443
1629060 443
1629070 443
1629080 443
1629090 443
1629100 443
1629110 443
1629120 443
1629130 444
1629140 444
1629150 444
1629160 444
1629170 444
1629180 444
1629190 444
1629200 444
1629210 444
1629220 444
1629230 444
1629240 444
1629250 444
1629260 444
1629270 444
1629280 444
1629290 445
1629300 445
1629310 445
1629320 446
1629330 446
1629340 451
1629350 456
1629360 457
1629370 457
1629380 458
1629390 459
1629400 459
1629410 460
1629420 461
1629430 461
1629440 462
1629450 462
1629460 462
1629470 463
1629480 463
1629490 463
1629500 463
1629510 464
1629520 464
1629530 464
1629540 464
1629550 465
1629560 465
1629570 466
1629580 470
1629590 470
1629600 475
1629610 480
1629620 480
1629630 484
1629640 488
1629650 492
1629660 492
1629670 495
1629680 498
1629690 498
1629700 502
1629710 507
1629720 507
1629730 512
1629740 517
1629750 517
1629760 522
1629770 527
1629780 525
1629790 530
1629800 535
1629810 539
1629820 539
1629830 543
1629840 547
1629850 547
1629860 552
1629870 556
1629880 556
1629890 561
1629900 565
1629910 565
1629920 569
1629930 573
1629940 573
1629950 577
1629960 581
1629970 581
1629980 581
1629990 578
1630000 574
1630010 574
1630020 570
1630030 569
1630040 569
1630050 568
1630060 568
1630070 568
1630080 565
1630090 560
1630100 560
1630110 558
1630120 555
1630130 548
1630140 548
1630150 541
1630160 534
1630170 534
1630180 527
1630190 521
1630200 521
1630210 515
1630220 509
1630230 509
1630240 503
1630250 499
1630260 499
1630270 497
1630280 496
1630290 496
1630300 496
1630310 493
1630320 490
1630330 490
1630340 489
1630350 488
1630360 488
1630370 486
1630380 479
1630390 479
1630400 473
1630410 471
1630420 471
1630430 471
1630440 470
1630450 470
1630460 470
1630470 470
1630480 470
1630490 470
1630500 470
1630510 470
1630520 470
1630530 470
1630540 469
1630550 469
1630560 469
1630570 469
1630580 469
1630590 469
1630600 469
1630610 469
1630620 469
1630630 469
1630640 469
1630650 469
1630660 469
1630670 469
1630680 469
1630690 469
1630700 469
1630710 469
1630720 469
1630730 469
1630740 469
1630750 469
1630760 469
1630770 469
1630780 469
1630790 469
1630800 469
1630810 469
1630820 469
1630830 469
1630840 469
1630850 469
1630860 469
1630870 469
1630880 469
1630890 469
1630900 469
1630910 469
1630920 469
1630930 469
1630940 469
1630950 469
1630960 469
1630970 469
1630980 469
1630990 469
1631000 469
1631010 469
1631020 469
1631030 469
1631040 469
1631050 469
1631060 468
1631070 468
1631080 468
1631090 468
1631100 468
1631110 468
1631120 469
1631130 469
1631140 469
1631150 469
1631160 469
1631170 470
1631180 469
1631190 469
1631200 469
1631210 469
1631220 469
1631230 469
1631240 468
1631250 468
1631260 468
1631270 469
1631280 469
1631290 469
1631300 469
1631310 469
1631320 469
1631330 469
1631340 469
1631350 469
1631360 469
1631370 469
1631380 469
1631390 469
1631400 469
1631410 470
1631420 470
1631430 470
1631440 470
1631450 470
1631460 471
1631470 471
1631480 471
1631490 471
1631500 472
1631510 472
1631520 472
1631530 472
1631540 472
1631550 472
1631560 472
1631570 472
1631580 472
1631590 472
1631600 472
1631610 472
1631620 472
1631630 472
1631640 472
1631650 472
1631660 473
1631670 473
1631680 473
1631690 473
1631700 473
1631710 473
1631720 473
1631730 473
1631740 473
1631750 473
1631760 473
1631770 473
1631780 473
1631790 473
1631800 473
1631810 473
1631820 473
1631830 473
1631840 473
1631850 473
1631860 473
1631870 473
1631880 473
1631890 473
1631900 473
1631910 473
1631920 473
1631930 473
1631940 473
1631950 473
1631960 473
1631970 473
1631980 474
1631990 474
1632000 474
1632010 474
1632020 474
1632030 474
1632040 473
1632050 473
1632060 473
1632070 473
1632080 473
1632090 473
1632100 473
1632110 472
1632120 472
1632130 471
1632140 471
1632150 471
1632160 471
1632170 471
1632180 471
1632190 471
1632200 471
1632210 471
1632220 471
1632230 471
1632240 471
1632250 471
1632260 471
1632270 471
1632280 471
1632290 471
1632300 471
1632310 471
1632320 471
1632330 471
1632340 471
1632350 471
1632360 471
1632370 471
1632380 471
1632390 471
1632400 471
1632410 471
1632420 471
1632430 471
1632440 471
1632450 471
1632460 471
1632470 471
1632480 471
1632490 471
1632500 471
1632510 471
1632520 471
1632530 471
1632540 471
1632550 471
1632560 471
1632570 471
1632580 471
1632590 470
1632600 470
1632610 470
1632620 470
1632630 471
1632640 471
1632650 471
1632660 471
1632670 471
1632680 471
1632690 471
1632700 471
1632710 471
1632720 471
1632730 471
1632740 471
1632750 471
1632760 471
1632770 471
1632780 471
1632790 471
1632800 471
1632810 471
1632820 471
1632830 471
1632840 471
1632850 471
1632860 471
1632870 471
1632880 471
1632890 471
1632900 471
1632910 470
1632920 470
1632930 470
1632940 470
1632950 470
1632960 470
1632970 470
1632980 470
1632990 470
1633000 470
1633010 470
1633020 470
1633030 470
1633040 470
1633050 470
1633060 470
1633070 470
1633080 470
1633090 470
1633100 470
1633110 470
1633120 470
1633130 470
1633140 470
1633150 470
1633160 470
1633170 470
1633180 470
1633190 470
1633200 470
1633210 470
1633220 469
1633230 469
1633240 469
1633250 469
1633260 469
1633270 470
1633280 470
1633290 469
1633300 469
1633310 469
1633320 469
1633330 469
1633340 469
1633350 469
1633360 469
1633370 469
1633380 468
1633390 468
1633400 468
1633410 468
1633420 468
1633430 468
1633440 468
1633450 468
1633460 468
1633470 468
1633480 468
1633490 468
1633500 468
1633510 468
1633520 467
1633530 467
1633540 467
1633550 467
1633560 467
1633570 467
1633580 467
1633590 467
1633600 467
1633610 466
1633620 466
1633630 466
1633640 466
1633650 465
1633660 465
1633670 465
1633680 465
1633690 465
1633700 465
1633710 464
1633720 464
1633730 464
1633740 464
1633750 464
1633760 464
1633770 464
1633780 464
1633790 464
1633800 464
1633810 464
1633820 464
1633830 464
1633840 464
1633850 464
1633860 464
1633870 464
1633880 463
1633890 463
1633900 463
1633910 462
1633920 462
1633930 462
1633940 463
1633950 463
1633960 463
1633970 463
1633980 463
1633990 463
1634000 463
1634010 463
1634020 463
1634030 463
1634040 462
1634050 463
1634060 462
1634070 462
1634080 462
1634090 462
1634100 462
1634110 462
1634120 462
1634130 462
1634140 462
1634150 462
1634160 462
1634170 462
1634180 461
1634190 461
1634200 461
1634210 461
1634220 461
1634230 461
1634240 461
1634250 462
1634260 462
1634270 462
1634280 462
1634290 462
1634300 462
1634310 462
1634320 462
1634330 462
1634340 462
1634350 462
1634360 462
1634370 462
1634380 462
1634390 462
1634400 462
1634410 462
1634420 462
1634430 462
1634440 461
1634450 461
1634460 461
1634470 461
1634480 462
1634490 462
1634500 462
1634510 462
1634520 462
1634530 462
1634540 463
1634550 464
1634560 464
1634570 466
1634580 471
1634590 471
1634600 476
1634610 480
1634620 480
1634630 481
1634640 481
1634650 482
1634660 482
1634670 482
1634680 482
1634690 482
1634700 482
1634710 482
1634720 482
1634730 482
1634740 481
1634750 481
1634760 481
1634770 481
1634780 481
1634790 481
1634800 481
1634810 481
1634820 481
1634830 482
1634840 482
1634850 482
1634860 482
1634870 482
1634880 482
1634890 482
1634900 481
1634910 481
1634920 481
1634930 481
1634940 481
1634950 481
1634960 481
1634970 481
1634980 481
1634990 480
1635000 480
1635010 480
1635020 480
1635030 481
1635040 481
1635050 481
1635060 481
1635070 481
1635080 481
1635090 481
1635100 481
1635110 481
1635120 481
1635130 481
1635140 481
1635150 481
1635160 481
1635170 481
1635180 481
1635190 481
1635200 481
1635210 481
1635220 481
1635230 481
1635240 481
1635250 481
1635260 481
1635270 481
1635280 481
1635290 481
1635300 481
1635310 480
1635320 480
1635330 480
1635340 480
1635350 480
1635360 480
1635370 480
1635380 480
1635390 480
1635400 480
1635410 480
1635420 480
1635430 480
1635440 480
1635450 480
1635460 480
1635470 480
1635480 480
1635490 480
1635500 480
1635510 480
1635520 480
1635530 480
1635540 480
1635550 480
1635560 480
1635570 480
1635580 480
1635590 480
1635600 480
1635610 480
1635620 480
1635630 480
1635640 480
1635650 480
1635660 480
1635670 480
1635680 480
1635690 480
1635700 480
1635710 480
1635720 479
1635730 479
1635740 479
1635750 479
1635760 480
1635770 480
1635780 480
1635790 480
1635800 480
1635810 480
1635820 480
1635830 480
1635840 480
1635850 480
1635860 480
1635870 480
1635880 480
1635890 480
1635900 480
1635910 480
1635920 479
1635930 479
1635940 479
1635950 479
1635960 479
1635970 479
1635980 479
1635990 479
1636000 479
1636010 479
1636020 479
1636030 479
1636040 479
1636050 479
1636060 479
1636070 479
1636080 479
1636090 479
1636100 479
1636110 479
1636120 479
1636130 479
1636140 479
1636150 479
1636160 479
1636170 479
1636180 479
1636190 479
1636200 479
1636210 479
1636220 479
1636230 479
1636240 479
1636250 479
1636260 479
1636270 479
1636280 478
1636290 478
1636300 478
1636310 478
1636320 478
1636330 478
1636340 478
1636350 478
1636360 478
1636370 478
1636380 478
1636390 478
1636400 478
1636410 478
1636420 478
1636430 478
1636440 478
1636450 478
1636460 478
1636470 477
1636480 477
1636490 477
1636500 477
1636510 477
1636520 478
1636530 478
1636540 480
1636550 478
1636560 480
1636570 481
1636580 481
1636590 481
1636600 481
1636610 481
1636620 481
1636630 481
1636640 481
1636650 481
1636660 481
1636670 481
1636680 481
1636690 481
1636700 481
1636710 481
1636720 481
1636730 481
1636740 481
1636750 481
1636760 481
1636770 481
1636780 481
1636790 481
1636800 481
1636810 481
1636820 481
1636830 481
1636840 481
1636850 480
1636860 480
1636870 480
1636880 480
1636890 480
1636900 480
1636910 480
1636920 480
1636930 480
1636940 480
1636950 480
1636960 480
1636970 480
1636980 480
1636990 480
1637000 480
1637010 480
1637020 480
1637030 480
1637040 480
1637050 480
1637060 480
1637070 480
1637080 480
1637090 480
1637100 480
1637110 480
1637120 480
1637130 480
1637140 480
1637150 480
1637160 480
1637170 480
1637180 480
1637190 480
1637200 480
1637210 480
1637220 480
1637230 480
1637240 480
1637250 480
1637260 480
1637270 479
1637280 479
1637290 479
1637300 479
1637310 479
1637320 479
1637330 479
1637340 479
1637350 479
1637360 480
1637370 480
1637380 480
1637390 481
1637400 481
1637410 481
1637420 481
1637430 481
1637440 481
1637450 481
1637460 481
1637470 481
1637480 481
1637490 481
1637500 481
1637510 481
1637520 481
1637530 482
1637540 482
1637550 482
1637560 482
1637570 482
1637580 482
1637590 481
1637600 481
1637610 481
1637620 481
1637630 481
1637640 481
1637650 481
1637660 481
1637670 481
1637680 481
1637690 480
1637700 480
1637710 480
1637720 481
1637730 481
1637740 481
1637750 481
1637760 481
1637770 481
1637780 481
1637790 481
1637800 481
1637810 481
1637820 481
1637830 481
1637840 481
1637850 481
1637860 481
1637870 480
1637880 480
1637890 480
1637900 480
1637910 480
1637920 480
1637930 480
1637940 480
1637950 480
1637960 480
1637970 480
1637980 480
1637990 480
1638000 480
1638010 480
1638020 480
1638030 480
1638040 480
1638050 480
1638060 480
1638070 480
1638080 480
1638090 480
1638100 480
1638110 480
1638120 480
1638130 479
1638140 479
1638150 479
1638160 479
1638170 479
1638180 479
1638190 479
1638200 479
1638210 479
1638220 479
1638230 479
1638240 479
1638250 478
1638260 478
1638270 478
1638280 478
1638290 478
1638300 478
1638310 478
1638320 478
1638330 478
1638340 478
1638350 478
1638360 478
1638370 478
1638380 478
1638390 478
1638400 478
1638410 479
1638420 479
1638430 479
1638440 479
1638450 480
1638460 480
1638470 480
1638480 480
1638490 480
1638500 480
1638510 480
1638520 481
1638530 481
1638540 481
1638550 481
1638560 482
1638570 482
1638580 483
1638590 483
1638600 483
1638610 483
1638620 483
1638630 483
1638640 482
1638650 482
1638660 482
1638670 482
1638680 482
1638690 482
1638700 482
1638710 482
1638720 482
1638730 482
1638740 482
1638750 482
1638760 482
1638770 482
1638780 482
1638790 482
1638800 482
1638810 482
1638820 482
1638830 482
1638840 482
1638850 482
1638860 482
1638870 482
1638880 482
1638890 482
1638900 483
1638910 483
1638920 483
1638930 483
1638940 483
1638950 483
1638960 483
1638970 482
1638980 482
1638990 482
1639000 482
1639010 482
1639020 482
1639030 482
1639040 482
1639050 482
1639060 483
1639070 483
1639080 483
1639090 483
1639100 484
1639110 484
1639120 484
1639130 485
1639140 485
1639150 485
1639160 485
1639170 485
1639180 484
1639190 479
1639200 474
1639210 474
1639220 471
1639230 470
1639240 470
1639250 470
1639260 470
1639270 470
1639280 471
1639290 472
1639300 472
1639310 471
1639320 470
1639330 470
1639340 469
1639350 468
1639360 468
1639370 468
1639380 468
1639390 467
1639400 467
1639410 467
1639420 467
1639430 467
1639440 468
1639450 468
1639460 468
1639470 469
1639480 471
1639490 471
1639500 474
1639510 477
1639520 481
1639530 481
1639540 483
1639550 484
1639560 484
1639570 484
1639580 484
1639590 484
1639600 484
1639610 484
1639620 484
1639630 484
1639640 482
1639650 482
1639660 477
1639670 471
1639680 465
1639690 465
1639700 462
1639710 463
1639720 463
1639730 467
1639740 473
1639750 473
1639760 478
1639770 480
1639780 480
1639790 481
1639800 482
1639810 483
1639820 483
1639830 483
1639840 483
1639850 483
1639860 482
1639870 481
1639880 481
1639890 481
1639900 482
1639910 482
1639920 482
1639930 483
1639940 483
1639950 483
1639960 483
1639970 483
1639980 483
1639990 483
