1620000 464
1620010 464
1620020 464
1620030 464
1620040 463
1620050 464
1620060 464
1620070 464
1620080 464
1620090 464
1620100 464
1620110 464
1620120 464
1620130 464
1620140 464
1620150 464
1620160 463
1620170 462
1620180 462
1620190 462
1620200 462
1620210 462
1620220 462
1620230 463
1620240 465
1620250 465
1620260 469
1620270 474
1620280 474
1620290 477
1620300 477
1620310 479
1620320 479
1620330 481
1620340 481
1620350 481
1620360 480
1620370 477
1620380 477
1620390 475
1620400 474
1620410 474
1620420 473
1620430 472
1620440 472
1620450 472
1620460 472
1620470 472
1620480 472
1620490 473
1620500 477
1620510 477
1620520 484
1620530 491
1620540 491
1620550 498
1620560 499
1620570 499
1620580 499
1620590 500
1620600 500
1620610 503
1620620 507
1620630 511
1620640 511
1620650 515
1620660 518
1620670 518
1620680 521
1620690 526
1620700 526
1620710 531
1620720 536
1620730 536
1620740 543
1620750 548
1620760 548
1620770 550
1620780 553
1620790 557
1620800 557
1620810 563
1620820 567
1620830 567
1620840 570
1620850 571
1620860 571
1620870 573
1620880 577
1620890 577
1620900 584
1620910 591
1620920 591
1620930 599
1620940 607
1620950 615
1620960 615
1620970 622
1620980 629
1620990 629
1621000 635
1621010 641
1621020 641
1621030 647
1621040 651
1621050 651
1621060 655
1621070 657
1621080 657
1621090 659
1621100 660
1621110 660
1621120 660
1621130 659
1621140 657
1621150 657
1621160 655
1621170 651
1621180 651
1621190 641
1621200 632
1621210 632
1621220 629
1621230 620
1621240 620
1621250 613
1621260 606
1621270 600
1621280 600
1621290 595
1621300 591
1621310 591
1621320 590
1621330 589
1621340 589
1621350 588
1621360 586
1621370 586
1621380 583
1621390 581
1621400 580
1621410 580
1621420 578
1621430 574
1621440 574
1621450 569
1621460 565
1621470 565
1621480 563
1621490 562
1621500 562
1621510 562
1621520 560
1621530 560
1621540 559
1621550 557
1621560 556
1621570 556
1621580 554
1621590 552
1621600 552
1621610 552
1621620 552
1621630 552
1621640 553
1621650 555
1621660 555
1621670 554
1621680 548
1621690 548
1621700 542
1621710 538
1621720 537
1621730 537
1621740 534
1621750 531
1621760 531
1621770 529
1621780 525
1621790 525
1621800 521
1621810 515
1621820 515
1621830 509
1621840 502
1621850 502
1621860 497
1621870 495
1621880 494
1621890 494
1621900 493
1621910 491
1621920 491
1621930 490
1621940 488
1621950 488
1621960 486
1621970 485
1621980 485
1621990 485
1622000 483
1622010 483
1622020 482
1622030 481
1622040 480
1622050 480
1622060 478
1622070 476
1622080 476
1622090 473
1622100 471
1622110 471
1622120 468
1622130 465
1622140 465
1622150 463
1622160 466
1622170 466
1622180 468
1622190 470
1622200 471
1622210 471
1622220 471
1622230 470
1622240 470
1622250 470
1622260 470
1622270 470
1622280 469
1622290 467
1622300 467
1622310 466
1622320 466
1622330 466
1622340 464
1622350 462
1622360 460
1622370 460
1622380 457
1622390 455
1622400 455
1622410 453
1622420 453
1622430 453
1622440 453
1622450 453
1622460 453
1622470 453
1622480 453
1622490 453
1622500 453
1622510 453
1622520 452
1622530 452
1622540 452
1622550 452
1622560 452
1622570 452
1622580 452
1622590 452
1622600 452
1622610 451
1622620 451
1622630 450
1622640 450
1622650 449
1622660 449
1622670 448
1622680 448
1622690 448
1622700 447
1622710 447
1622720 447
1622730 447
1622740 446
1622750 446
1622760 446
1622770 446
1622780 446
1622790 446
1622800 446
1622810 446
1622820 446
1622830 446
1622840 446
1622850 446
1622860 446
1622870 445
1622880 445
1622890 445
1622900 445
1622910 445
1622920 445
1622930 445
1622940 445
1622950 445
1622960 445
1622970 445
1622980 445
1622990 445
1623000 445
1623010 445
1623020 445
1623030 445
1623040 445
1623050 445
1623060 445
1623070 445
1623080 445
1623090 445
1623100 445
1623110 445
1623120 445
1623130 445
1623140 445
1623150 445
1623160 445
1623170 445
1623180 445
1623190 445
1623200 445
1623210 445
1623220 445
1623230 445
1623240 445
1623250 445
1623260 445
1623270 445
1623280 445
1623290 445
1623300 445
1623310 445
1623320 445
1623330 445
1623340 445
1623350 445
1623360 445
1623370 445
1623380 445
1623390 445
1623400 445
1623410 445
1623420 445
1623430 445
1623440 445
1623450 445
1623460 445
1623470 445
1623480 445
1623490 445
1623500 445
1623510 445
1623520 445
1623530 445
1623540 445
1623550 445
1623560 445
1623570 445
1623580 445
1623590 445
1623600 445
1623610 446
1623620 446
1623630 446
1623640 448
1623650 448
1623660 452
1623670 457
1623680 457
1623690 462
1623700 466
1623710 466
1623720 469
1623730 473
1623740 474
1623750 474
1623760 474
1623770 473
1623780 473
1623790 475
1623800 479
1623810 479
1623820 482
1623830 485
1623840 485
1623850 487
1623860 490
1623870 490
1623880 493
1623890 496
1623900 500
1623910 500
1623920 503
1623930 506
1623940 506
1623950 504
1623960 507
1623970 507
1623980 510
1623990 513
1624000 513
1624010 517
1624020 520
1624030 520
1624040 522
1624050 524
1624060 527
1624070 527
1624080 528
1624090 530
1624100 530
1624110 532
1624120 535
1624130 535
1624140 534
1624150 532
1624160 532
1624170 535
1624180 540
1624190 540
1624200 544
1624210 547
1624220 549
1624230 549
1624240 552
1624250 554
1624260 554
1624270 557
1624280 560
1624290 560
1624300 562
1624310 562
1624320 562
1624330 562
1624340 562
1624350 562
1624360 561
1624370 561
1624380 560
1624390 560
1624400 558
1624410 554
1624420 554
1624430 550
1624440 546
1624450 546
1624460 543
1624470 539
1624480 539
1624490 535
1624500 531
1624510 531
1624520 527
1624530 523
1624540 520
1624550 520
1624560 519
1624570 518
1624580 518
1624590 517
1624600 518
1624610 518
1624620 520
1624630 524
1624640 524
1624650 529
1624660 532
1624670 535
1624680 535
1624690 538
1624700 542
1624710 542
1624720 547
1624730 553
1624740 553
1624750 557
1624760 562
1624770 562
1624780 566
1624790 571
1624800 571
1624810 575
1624820 580
1624830 585
1624840 585
1624850 585
1624860 589
1624870 589
1624880 593
1624890 595
1624900 595
1624910 597
1624920 598
1624930 598
1624940 599
1624950 599
1624960 599
1624970 599
1624980 598
1624990 597
1625000 597
1625010 597
1625020 595
1625030 595
1625040 594
1625050 593
1625060 593
1625070 592
1625080 591
1625090 591
1625100 588
1625110 585
1625120 585
1625130 582
1625140 580
1625150 577
1625160 577
1625170 573
1625180 568
1625190 568
1625200 567
1625210 569
1625220 569
1625230 571
1625240 575
1625250 575
1625260 576
1625270 577
1625280 577
1625290 577
1625300 578
1625310 579
1625320 579
1625330 580
1625340 581
1625350 581
1625360 582
1625370 583
1625380 583
1625390 585
1625400 587
1625410 587
1625420 589
1625430 592
1625440 592
1625450 593
1625460 594
1625470 594
1625480 594
1625490 593
1625500 592
1625510 592
1625520 590
1625530 588
1625540 588
1625550 585
1625560 582
1625570 582
1625580 578
1625590 574
1625600 574
1625610 570
1625620 565
1625630 562
1625640 562
1625650 560
1625660 558
1625670 558
1625680 556
1625690 554
1625700 554
1625710 552
1625720 550
1625730 550
1625740 547
1625750 548
1625760 548
1625770 549
1625780 552
1625790 556
1625800 556
1625810 560
1625820 564
1625830 564
1625840 569
1625850 576
1625860 576
1625870 582
1625880 587
1625890 587
1625900 592
1625910 593
1625920 590
1625930 590
1625940 586
1625950 580
1625960 580
1625970 574
1625980 566
1625990 566
1626000 558
1626010 552
1626020 552
1626030 546
1626040 541
1626050 541
1626060 536
1626070 531
1626080 526
1626090 526
1626100 521
1626110 517
1626120 517
1626130 513
1626140 510
1626150 510
1626160 508
1626170 506
1626180 506
1626190 504
1626200 501
1626210 501
1626220 499
1626230 499
1626240 498
1626250 498
1626260 498
1626270 497
1626280 497
1626290 497
1626300 496
1626310 496
1626320 496
1626330 496
1626340 496
1626350 496
1626360 496
1626370 496
1626380 496
1626390 495
1626400 495
1626410 495
1626420 495
1626430 495
1626440 495
1626450 495
1626460 495
1626470 495
1626480 494
1626490 494
1626500 494
1626510 494
1626520 494
1626530 494
1626540 494
1626550 494
1626560 494
1626570 494
1626580 494
1626590 494
1626600 494
1626610 494
1626620 495
1626630 494
1626640 495
1626650 495
1626660 495
1626670 495
1626680 497
1626690 497
1626700 495
1626710 494
1626720 494
1626730 494
1626740 494
1626750 494
1626760 494
1626770 494
1626780 494
1626790 494
1626800 493
1626810 493
1626820 493
1626830 493
1626840 494
1626850 494
1626860 494
1626870 494
1626880 494
1626890 494
1626900 494
1626910 495
1626920 495
1626930 495
1626940 495
1626950 495
1626960 495
1626970 495
1626980 495
1626990 495
1627000 495
1627010 496
1627020 496
1627030 497
1627040 497
1627050 497
1627060 496
1627070 495
1627080 495
1627090 494
1627100 493
1627110 493
1627120 493
1627130 492
1627140 492
1627150 492
1627160 491
1627170 491
1627180 491
1627190 491
1627200 491
1627210 491
1627220 491
1627230 490
1627240 490
1627250 488
1627260 485
1627270 485
1627280 484
1627290 483
1627300 483
1627310 482
1627320 480
1627330 480
1627340 480
1627350 479
1627360 477
1627370 477
1627380 476
1627390 475
1627400 475
1627410 474
1627420 472
1627430 472
1627440 468
1627450 462
1627460 462
1627470 458
1627480 455
1627490 453
1627500 453
1627510 453
1627520 452
1627530 452
1627540 451
1627550 451
1627560 451
1627570 451
1627580 451
1627590 451
1627600 451
1627610 451
1627620 451
1627630 451
1627640 451
1627650 451
1627660 451
1627670 450
1627680 450
1627690 450
1627700 450
1627710 450
1627720 450
1627730 450
1627740 450
1627750 450
1627760 450
1627770 450
1627780 450
1627790 450
1627800 450
1627810 450
1627820 450
1627830 450
1627840 450
1627850 450
1627860 450
1627870 450
1627880 450
1627890 450
1627900 450
1627910 450
1627920 450
1627930 450
1627940 450
1627950 450
1627960 450
1627970 449
1627980 449
1627990 449
1628000 450
1628010 450
1628020 450
1628030 450
1628040 450
1628050 449
1628060 447
1628070 447
1628080 447
1628090 446
1628100 446
1628110 446
1628120 446
1628130 446
1628140 446
1628150 446
1628160 446
1628170 446
1628180 446
1628190 446
1628200 446
1628210 446
1628220 446
1628230 446
1628240 446
1628250 446
1628260 446
1628270 446
1628280 446
1628290 446
1628300 446
1628310 446
1628320 446
1628330 446
1628340 446
1628350 446
1628360 446
1628370 446
1628380 446
1628390 446
1628400 446
1628410 446
1628420 446
1628430 446
1628440 446
1628450 446
1628460 446
1628470 446
1628480 446
1628490 446
1628500 446
1628510 445
1628520 445
1628530 445
1628540 445
1628550 445
1628560 445
1628570 445
1628580 445
1628590 445
1628600 445
1628610 445
1628620 445
1628630 445
1628640 445
1628650 445
1628660 445
1628670 445
1628680 445
1628690 445
1628700 445
1628710 445
1628720 445
1628730 445
1628740 445
1628750 445
1628760 445
1628770 445
1628780 445
1628790 445
1628800 445
1628810 445
1628820 445
1628830 445
1628840 445
1628850 445
1628860 445
1628870 445
1628880 445
1628890 445
1628900 445
1628910 445
1628920 446
1628930 447
1628940 447
1628950 446
1628960 446
1628970 446
1628980 446
1628990 446
1629000 446
1629010 446
1629020 446
1629030 446
1629040 446
1629050 446
1629060 446
1629070 446
1629080 446
1629090 446
1629100 446
1629110 446
1629120 446
1629130 446
1629140 445
1629150 445
1629160 445
1629170 445
1629180 445
1629190 445
1629200 445
1629210 445
1629220 445
1629230 445
1629240 446
1629250 446
1629260 446
1629270 446
1629280 446
1629290 446
1629300 446
1629310 446
1629320 446
1629330 446
1629340 447
1629350 447
1629360 447
1629370 448
1629380 448
1629390 448
1629400 448
1629410 449
1629420 449
1629430 450
1629440 452
1629450 452
1629460 454
1629470 456
1629480 456
1629490 456
1629500 457
1629510 458
1629520 458
1629530 459
1629540 460
1629550 460
1629560 461
1629570 462
1629580 462
1629590 464
1629600 467
1629610 467
1629620 470
1629630 473
1629640 473
1629650 477
1629660 482
1629670 488
1629680 488
1629690 494
1629700 498
1629710 498
1629720 502
1629730 507
1629740 507
1629750 511
1629760 515
1629770 515
1629780 520
1629790 525
1629800 525
1629810 528
1629820 531
1629830 535
1629840 535
1629850 538
1629860 543
1629870 543
1629880 546
1629890 550
1629900 550
1629910 554
1629920 559
1629930 559
1629940 565
1629950 570
1629960 570
1629970 573
1629980 576
1629990 578
1630000 578
1630010 578
1630020 576
1630030 576
1630040 572
1630050 568
1630060 568
1630070 563
1630080 557
1630090 557
1630100 554
1630110 551
1630120 551
1630130 546
1630140 545
1630150 545
1630160 545
1630170 545
1630180 545
1630190 545
1630200 546
1630210 548
1630220 548
1630230 550
1630240 553
1630250 553
1630260 555
1630270 558
1630280 558
1630290 560
1630300 562
1630310 563
1630320 563
1630330 564
1630340 564
1630350 564
1630360 564
1630370 564
1630380 564
1630390 563
1630400 562
1630410 562
1630420 561
1630430 560
1630440 559
1630450 559
1630460 557
1630470 555
1630480 555
1630490 553
1630500 551
1630510 551
1630520 550
1630530 549
1630540 549
1630550 548
1630560 549
1630570 549
1630580 548
1630590 544
1630600 539
1630610 539
1630620 535
1630630 530
1630640 530
1630650 525
1630660 518
1630670 518
1630680 512
1630690 505
1630700 505
1630710 499
1630720 494
1630730 494
1630740 490
1630750 489
1630760 488
1630770 488
1630780 487
1630790 486
1630800 486
1630810 484
1630820 483
1630830 483
1630840 482
1630850 481
1630860 481
1630870 481
1630880 480
1630890 480
1630900 480
1630910 479
1630920 479
1630930 479
1630940 479
1630950 478
1630960 478
1630970 478
1630980 478
1630990 478
1631000 477
1631010 477
1631020 477
1631030 477
1631040 477
1631050 477
1631060 478
1631070 478
1631080 478
1631090 478
1631100 478
1631110 478
1631120 478
1631130 478
1631140 478
1631150 478
1631160 479
1631170 479
1631180 479
1631190 480
1631200 481
1631210 481
1631220 482
1631230 482
1631240 483
1631250 483
1631260 483
1631270 483
1631280 483
1631290 483
1631300 483
1631310 483
1631320 483
1631330 483
1631340 483
1631350 483
1631360 483
1631370 483
1631380 482
1631390 481
1631400 480
1631410 480
1631420 479
1631430 478
1631440 478
1631450 478
1631460 477
1631470 477
1631480 477
1631490 477
1631500 477
1631510 477
1631520 478
1631530 479
1631540 479
1631550 480
1631560 480
1631570 480
1631580 481
1631590 481
1631600 481
1631610 481
1631620 481
1631630 481
1631640 481
1631650 481
1631660 481
1631670 481
1631680 480
1631690 480
1631700 480
1631710 480
1631720 480
1631730 480
1631740 481
1631750 481
1631760 481
1631770 481
1631780 481
1631790 481
1631800 482
1631810 485
1631820 485
1631830 486
1631840 485
1631850 482
1631860 482
1631870 481
1631880 482
1631890 482
1631900 482
1631910 482
1631920 482
1631930 482
1631940 482
1631950 482
1631960 482
1631970 481
1631980 481
1631990 482
1632000 482
1632010 481
1632020 481
1632030 481
1632040 480
1632050 480
1632060 480
1632070 480
1632080 480
1632090 480
1632100 480
1632110 480
1632120 480
1632130 479
1632140 479
1632150 479
1632160 479
1632170 479
1632180 479
1632190 479
1632200 479
1632210 479
1632220 479
1632230 479
1632240 479
1632250 478
1632260 478
1632270 478
1632280 478
1632290 478
1632300 478
1632310 476
1632320 474
1632330 473
1632340 473
1632350 473
1632360 472
1632370 472
1632380 472
1632390 472
1632400 472
1632410 472
1632420 472
1632430 472
1632440 472
1632450 472
1632460 472
1632470 472
1632480 472
1632490 472
1632500 472
1632510 472
1632520 472
1632530 472
1632540 472
1632550 472
1632560 472
1632570 472
1632580 471
1632590 471
1632600 471
1632610 471
1632620 471
1632630 471
1632640 471
1632650 471
1632660 471
1632670 471
1632680 472
1632690 472
1632700 471
1632710 471
1632720 471
1632730 471
1632740 471
1632750 471
1632760 471
1632770 471
1632780 472
1632790 472
1632800 472
1632810 472
1632820 472
1632830 472
1632840 472
1632850 472
1632860 471
1632870 471
1632880 471
1632890 471
1632900 471
1632910 471
1632920 471
1632930 471
1632940 471
1632950 471
1632960 471
1632970 470
1632980 470
1632990 470
1633000 470
1633010 470
1633020 470
1633030 470
1633040 470
1633050 470
1633060 470
1633070 470
1633080 470
1633090 470
1633100 470
1633110 470
1633120 470
1633130 470
1633140 470
1633150 470
1633160 470
1633170 470
1633180 470
1633190 470
1633200 470
1633210 470
1633220 470
1633230 470
1633240 470
1633250 469
1633260 469
1633270 469
1633280 469
1633290 469
1633300 469
1633310 469
1633320 469
1633330 469
1633340 469
1633350 469
1633360 469
1633370 469
1633380 469
1633390 469
1633400 469
1633410 469
1633420 468
1633430 468
1633440 468
1633450 468
1633460 468
1633470 468
1633480 468
1633490 468
1633500 468
1633510 467
1633520 467
1633530 467
1633540 467
1633550 467
1633560 467
1633570 467
1633580 467
1633590 467
1633600 467
1633610 467
1633620 467
1633630 467
1633640 467
1633650 467
1633660 467
1633670 466
1633680 466
1633690 465
1633700 464
1633710 464
1633720 464
1633730 464
1633740 464
1633750 464
1633760 464
1633770 464
1633780 464
1633790 464
1633800 463
1633810 463
1633820 463
1633830 463
1633840 463
1633850 463
1633860 463
1633870 463
1633880 463
1633890 463
1633900 463
1633910 463
1633920 463
1633930 464
1633940 464
1633950 464
1633960 464
1633970 464
1633980 464
1633990 464
1634000 464
1634010 464
1634020 464
1634030 464
1634040 464
1634050 464
1634060 463
1634070 463
1634080 463
1634090 463
1634100 463
1634110 463
1634120 463
1634130 463
1634140 463
1634150 464
1634160 464
1634170 464
1634180 464
1634190 464
1634200 464
1634210 465
1634220 466
1634230 466
1634240 467
1634250 469
1634260 469
1634270 471
1634280 474
1634290 474
1634300 479
1634310 483
1634320 483
1634330 484
1634340 484
1634350 484
1634360 484
1634370 484
1634380 484
1634390 483
1634400 483
1634410 483
1634420 483
1634430 483
1634440 483
1634450 483
1634460 483
1634470 483
1634480 483
1634490 483
1634500 483
1634510 483
1634520 483
1634530 483
1634540 483
1634550 483
1634560 483
1634570 483
1634580 483
1634590 483
1634600 483
1634610 483
1634620 483
1634630 483
1634640 483
1634650 483
1634660 483
1634670 483
1634680 483
1634690 483
1634700 483
1634710 483
1634720 483
1634730 483
1634740 483
1634750 483
1634760 483
1634770 483
1634780 483
1634790 483
1634800 483
1634810 483
1634820 483
1634830 483
1634840 483
1634850 483
1634860 482
1634870 482
1634880 482
1634890 482
1634900 482
1634910 482
1634920 482
1634930 482
1634940 482
1634950 482
1634960 482
1634970 482
1634980 482
1634990 482
1635000 482
1635010 482
1635020 482
1635030 482
1635040 482
1635050 482
1635060 482
1635070 482
1635080 482
1635090 482
1635100 482
1635110 482
1635120 482
1635130 482
1635140 482
1635150 482
1635160 482
1635170 482
1635180 482
1635190 482
1635200 482
1635210 482
1635220 482
1635230 482
1635240 482
1635250 482
1635260 482
1635270 482
1635280 482
1635290 482
1635300 482
1635310 482
1635320 482
1635330 481
1635340 481
1635350 481
1635360 481
1635370 481
1635380 481
1635390 481
1635400 481
1635410 481
1635420 481
1635430 481
1635440 481
1635450 481
1635460 481
1635470 481
1635480 481
1635490 481
1635500 481
1635510 481
1635520 481
1635530 481
1635540 481
1635550 480
1635560 480
1635570 480
1635580 480
1635590 480
1635600 480
1635610 480
1635620 480
1635630 480
1635640 480
1635650 480
1635660 480
1635670 480
1635680 480
1635690 480
1635700 480
1635710 480
1635720 480
1635730 480
1635740 481
1635750 481
1635760 481
1635770 481
1635780 482
1635790 482
1635800 482
1635810 482
1635820 483
1635830 483
1635840 483
1635850 483
1635860 483
1635870 483
1635880 483
1635890 483
1635900 483
1635910 483
1635920 483
1635930 483
1635940 483
1635950 483
1635960 483
1635970 483
1635980 483
1635990 483
1636000 483
1636010 483
1636020 483
1636030 483
1636040 483
1636050 483
1636060 483
1636070 483
1636080 483
1636090 483
1636100 483
1636110 483
1636120 483
1636130 483
1636140 483
1636150 483
1636160 483
1636170 483
1636180 483
1636190 483
1636200 482
1636210 482
1636220 482
1636230 482
1636240 482
1636250 482
1636260 482
1636270 482
1636280 482
1636290 482
1636300 482
1636310 482
1636320 482
1636330 482
1636340 482
1636350 482
1636360 482
1636370 482
1636380 482
1636390 482
1636400 482
1636410 482
1636420 482
1636430 482
1636440 482
1636450 482
1636460 482
1636470 482
1636480 482
1636490 482
1636500 482
1636510 482
1636520 482
1636530 481
1636540 481
1636550 481
1636560 481
1636570 481
1636580 481
1636590 481
1636600 481
1636610 481
1636620 481
1636630 481
1636640 481
1636650 482
1636660 482
1636670 482
1636680 483
1636690 483
1636700 483
1636710 483
1636720 483
1636730 483
1636740 483
1636750 483
1636760 483
1636770 483
1636780 483
1636790 483
1636800 483
1636810 483
1636820 483
1636830 483
1636840 483
1636850 483
1636860 483
1636870 483
1636880 483
1636890 483
1636900 483
1636910 483
1636920 483
1636930 483
1636940 483
1636950 483
1636960 483
1636970 483
1636980 483
1636990 483
1637000 483
1637010 483
1637020 483
1637030 483
1637040 483
1637050 483
1637060 483
1637070 483
1637080 483
1637090 483
1637100 483
1637110 483
1637120 483
1637130 483
1637140 483
1637150 483
1637160 483
1637170 483
1637180 483
1637190 483
1637200 483
1637210 483
1637220 482
1637230 482
1637240 482
1637250 482
1637260 482
1637270 482
1637280 482
1637290 482
1637300 482
1637310 482
1637320 482
1637330 482
1637340 482
1637350 482
1637360 482
1637370 482
1637380 482
1637390 482
1637400 482
1637410 482
1637420 482
1637430 482
1637440 482
1637450 481
1637460 481
1637470 481
1637480 481
1637490 481
1637500 481
1637510 481
1637520 481
1637530 481
1637540 481
1637550 481
1637560 481
1637570 482
1637580 482
1637590 482
1637600 482
1637610 482
1637620 482
1637630 482
1637640 482
1637650 482
1637660 482
1637670 481
1637680 481
1637690 481
1637700 481
1637710 481
1637720 481
1637730 481
1637740 481
1637750 481
1637760 481
1637770 481
1637780 481
1637790 481
1637800 481
1637810 481
1637820 481
1637830 481
1637840 481
1637850 481
1637860 480
1637870 480
1637880 480
1637890 480
1637900 480
1637910 480
1637920 480
1637930 480
1637940 480
1637950 480
1637960 481
1637970 481
1637980 481
1637990 480
1638000 480
1638010 480
1638020 481
1638030 481
1638040 481
1638050 481
1638060 481
1638070 481
1638080 481
1638090 482
1638100 484
1638110 484
1638120 485
1638130 485
1638140 485
1638150 485
1638160 485
1638170 485
1638180 485
1638190 485
1638200 485
1638210 485
1638220 485
1638230 485
1638240 485
1638250 485
1638260 484
1638270 484
1638280 484
1638290 484
1638300 484
1638310 484
1638320 484
1638330 484
1638340 484
1638350 483
1638360 483
1638370 483
1638380 484
1638390 484
1638400 484
1638410 484
1638420 484
1638430 484
1638440 484
1638450 484
1638460 484
1638470 484
1638480 484
1638490 484
1638500 484
1638510 484
1638520 484
1638530 484
1638540 484
1638550 484
1638560 484
1638570 484
1638580 484
1638590 484
1638600 484
1638610 484
1638620 484
1638630 484
1638640 484
1638650 484
1638660 485
1638670 485
1638680 485
1638690 486
1638700 487
1638710 487
1638720 487
1638730 487
1638740 487
1638750 487
1638760 487
1638770 487
1638780 487
1638790 487
1638800 487
1638810 487
1638820 487
1638830 487
1638840 487
1638850 487
1638860 487
1638870 487
1638880 487
1638890 487
1638900 487
1638910 487
1638920 487
1638930 487
1638940 487
1638950 486
1638960 482
1638970 482
1638980 479
1638990 479
1639000 479
1639010 479
1639020 479
1639030 479
1639040 479
1639050 480
1639060 480
1639070 480
1639080 480
1639090 481
1639100 481
1639110 481
1639120 481
1639130 481
1639140 482
1639150 482
1639160 482
1639170 483
1639180 484
1639190 485
1639200 485
1639210 485
1639220 485
1639230 485
1639240 485
1639250 485
1639260 485
1639270 486
1639280 486
1639290 486
1639300 486
1639310 486
1639320 486
1639330 486
1639340 486
1639350 486
1639360 486
1639370 486
1639380 486
1639390 486
1639400 486
1639410 487
1639420 487
1639430 487
1639440 487
1639450 487
1639460 486
1639470 485
1639480 485
1639490 485
1639500 485
1639510 485
1639520 485
1639530 485
1639540 484
1639550 484
1639560 485
1639570 485
1639580 485
1639590 485
1639600 485
1639610 485
1639620 485
1639630 485
1639640 485
1639650 485
1639660 486
1639670 486
1639680 486
1639690 487
1639700 488
1639710 488
1639720 489
1639730 489
1639740 489
1639750 489
1639760 489
1639770 489
1639780 488
1639790 488
1639800 488
1639810 488
1639820 488
1639830 488
1639840 488
1639850 488
1639860 488
1639870 488
1639880 488
1639890 488
1639900 488
1639910 489
1639920 489
1639930 489
1639940 489
1639950 489
1639960 489
1639970 489
1639980 489
1639990 489
