1620000 449
1620010 449
1620020 449
1620030 449
1620040 449
1620050 449
1620060 449
1620070 449
1620080 449
1620090 449
1620100 449
1620110 449
1620120 449
1620130 449
1620140 449
1620150 449
1620160 449
1620170 449
1620180 449
1620190 449
1620200 449
1620210 449
1620220 449
1620230 449
1620240 449
1620250 449
1620260 449
1620270 449
1620280 449
1620290 448
1620300 448
1620310 448
1620320 448
1620330 448
1620340 448
1620350 448
1620360 448
1620370 448
1620380 447
1620390 447
1620400 447
1620410 445
1620420 444
1620430 444
1620440 443
1620450 438
1620460 434
1620470 434
1620480 432
1620490 429
1620500 429
1620510 427
1620520 424
1620530 424
1620540 421
1620550 418
1620560 418
1620570 415
1620580 412
1620590 412
1620600 410
1620610 407
1620620 405
1620630 405
1620640 403
1620650 401
1620660 401
1620670 399
1620680 398
1620690 398
1620700 398
1620710 397
1620720 397
1620730 398
1620740 397
1620750 397
1620760 397
1620770 398
1620780 397
1620790 397
1620800 397
1620810 397
1620820 397
1620830 397
1620840 397
1620850 397
1620860 396
1620870 396
1620880 396
1620890 396
1620900 396
1620910 396
1620920 396
1620930 395
1620940 395
1620950 395
1620960 395
1620970 396
1620980 396
1620990 396
1621000 396
1621010 396
1621020 396
1621030 397
1621040 397
1621050 397
1621060 398
1621070 398
1621080 398
1621090 398
1621100 398
1621110 398
1621120 398
1621130 398
1621140 398
1621150 399
1621160 399
1621170 399
1621180 400
1621190 402
1621200 402
1621210 403
1621220 404
1621230 404
1621240 406
1621250 407
1621260 408
1621270 408
1621280 409
1621290 409
1621300 409
1621310 410
1621320 410
1621330 410
1621340 411
1621350 411
1621360 411
1621370 411
1621380 411
1621390 411
1621400 411
1621410 411
1621420 410
1621430 410
1621440 410
1621450 409
1621460 409
1621470 409
1621480 410
1621490 410
1621500 411
1621510 412
1621520 412
1621530 413
1621540 414
1621550 414
1621560 416
1621570 418
1621580 420
1621590 420
1621600 422
1621610 423
1621620 423
1621630 424
1621640 427
1621650 431
1621660 435
1621670 438
1621680 438
1621690 438
1621700 435
1621710 435
1621720 436
1621730 442
1621740 446
1621750 446
1621760 445
1621770 446
1621780 446
1621790 446
1621800 446
1621810 446
1621820 446
1621830 445
1621840 445
1621850 445
1621860 445
1621870 445
1621880 444
1621890 443
1621900 441
1621910 441
1621920 439
1621930 436
1621940 436
1621950 433
1621960 431
1621970 431
1621980 432
1621990 432
1622000 432
1622010 433
1622020 434
1622030 434
1622040 435
1622050 437
1622060 438
1622070 438
1622080 439
1622090 440
1622100 440
1622110 436
1622120 431
1622130 431
1622140 426
1622150 423
1622160 423
1622170 418
1622180 413
1622190 413
1622200 410
1622210 414
1622220 418
1622230 418
1622240 422
1622250 425
1622260 425
1622270 428
1622280 431
1622290 431
1622300 431
1622310 430
1622320 430
1622330 428
1622340 426
1622350 426
1622360 426
1622370 425
1622380 424
1622390 424
1622400 423
1622410 421
1622420 421
1622430 419
1622440 420
1622450 420
1622460 418
1622470 416
1622480 416
1622490 416
1622500 414
1622510 414
1622520 412
1622530 412
1622540 411
1622550 411
1622560 409
1622570 414
1622580 414
1622590 412
1622600 412
1622610 412
1622620 411
1622630 407
1622640 407
1622650 405
1622660 403
1622670 403
1622680 401
1622690 399
1622700 396
1622710 396
1622720 395
1622730 394
1622740 394
1622750 392
1622760 391
1622770 391
1622780 390
1622790 389
1622800 389
1622810 390
1622820 390
1622830 390
1622840 389
1622850 389
1622860 388
1622870 388
1622880 388
1622890 389
1622900 389
1622910 391
1622920 392
1622930 392
1622940 391
1622950 390
1622960 390
1622970 390
1622980 390
1622990 390
1623000 390
1623010 390
1623020 390
1623030 390
1623040 390
1623050 390
1623060 390
1623070 390
1623080 390
1623090 390
1623100 390
1623110 390
1623120 390
1623130 390
1623140 390
1623150 390
1623160 390
1623170 390
1623180 390
1623190 390
1623200 390
1623210 390
1623220 390
1623230 390
1623240 390
1623250 390
1623260 390
1623270 390
1623280 390
1623290 390
1623300 390
1623310 390
1623320 390
1623330 390
1623340 390
1623350 390
1623360 390
1623370 390
1623380 390
1623390 390
1623400 390
1623410 390
1623420 390
1623430 390
1623440 390
1623450 390
1623460 391
1623470 391
1623480 392
1623490 391
1623500 391
1623510 391
1623520 390
1623530 390
1623540 390
1623550 390
1623560 390
1623570 390
1623580 390
1623590 390
1623600 390
1623610 390
1623620 390
1623630 390
1623640 390
1623650 391
1623660 391
1623670 391
1623680 390
1623690 390
1623700 390
1623710 390
1623720 390
1623730 390
1623740 390
1623750 390
1623760 390
1623770 390
1623780 390
1623790 390
1623800 390
1623810 390
1623820 390
1623830 390
1623840 390
1623850 390
1623860 390
1623870 390
1623880 390
1623890 390
1623900 390
1623910 390
1623920 390
1623930 390
1623940 390
1623950 390
1623960 390
1623970 390
1623980 390
1623990 390
1624000 390
1624010 390
1624020 390
1624030 390
1624040 390
1624050 390
1624060 390
1624070 390
1624080 390
1624090 390
1624100 390
1624110 390
1624120 390
1624130 390
1624140 390
1624150 390
1624160 390
1624170 390
1624180 390
1624190 390
1624200 390
1624210 390
1624220 390
1624230 390
1624240 390
1624250 390
1624260 390
1624270 390
1624280 390
1624290 390
1624300 390
1624310 390
1624320 390
1624330 390
1624340 390
1624350 390
1624360 390
1624370 390
1624380 390
1624390 390
1624400 390
1624410 390
1624420 390
1624430 390
1624440 390
1624450 390
1624460 390
1624470 390
1624480 390
1624490 390
1624500 390
1624510 390
1624520 390
1624530 390
1624540 390
1624550 390
1624560 390
1624570 390
1624580 390
1624590 390
1624600 390
1624610 390
1624620 390
1624630 390
1624640 390
1624650 390
1624660 390
1624670 390
1624680 390
1624690 390
1624700 390
1624710 390
1624720 390
1624730 390
1624740 390
1624750 390
1624760 390
1624770 390
1624780 390
1624790 390
1624800 390
1624810 390
1624820 390
1624830 390
1624840 390
1624850 390
1624860 390
1624870 390
1624880 390
1624890 390
1624900 390
1624910 390
1624920 390
1624930 390
1624940 390
1624950 390
1624960 390
1624970 390
1624980 390
1624990 390
1625000 390
1625010 390
1625020 390
1625030 390
1625040 390
1625050 390
1625060 390
1625070 390
1625080 390
1625090 390
1625100 390
1625110 390
1625120 390
1625130 390
1625140 390
1625150 390
1625160 390
1625170 390
1625180 390
1625190 390
1625200 390
1625210 390
1625220 390
1625230 390
1625240 390
1625250 390
1625260 390
1625270 390
1625280 390
1625290 390
1625300 390
1625310 390
1625320 390
1625330 390
1625340 390
1625350 390
1625360 390
1625370 390
1625380 390
1625390 390
1625400 390
1625410 390
1625420 390
1625430 390
1625440 390
1625450 390
1625460 390
1625470 390
1625480 390
1625490 390
1625500 390
1625510 390
1625520 390
1625530 390
1625540 390
1625550 390
1625560 390
1625570 390
1625580 390
1625590 390
1625600 390
1625610 390
1625620 390
1625630 390
1625640 390
1625650 390
1625660 390
1625670 390
1625680 390
1625690 390
1625700 390
1625710 390
1625720 390
1625730 390
1625740 390
1625750 390
1625760 390
1625770 390
1625780 390
1625790 390
1625800 390
1625810 390
1625820 390
1625830 390
1625840 390
1625850 390
1625860 390
1625870 390
1625880 390
1625890 390
1625900 390
1625910 390
1625920 390
1625930 390
1625940 390
1625950 390
1625960 390
1625970 390
1625980 390
1625990 390
1626000 390
1626010 390
1626020 390
1626030 390
1626040 390
1626050 390
1626060 390
1626070 390
1626080 390
1626090 390
1626100 390
1626110 390
1626120 390
1626130 390
1626140 390
1626150 390
1626160 390
1626170 390
1626180 390
1626190 390
1626200 390
1626210 390
1626220 390
1626230 390
1626240 390
1626250 390
1626260 390
1626270 390
1626280 390
1626290 390
1626300 390
1626310 390
1626320 390
1626330 390
1626340 390
1626350 390
1626360 390
1626370 390
1626380 390
1626390 390
1626400 390
1626410 390
1626420 390
1626430 390
1626440 390
1626450 390
1626460 390
1626470 390
1626480 390
1626490 390
1626500 390
1626510 390
1626520 390
1626530 390
1626540 390
1626550 390
1626560 390
1626570 390
1626580 390
1626590 390
1626600 390
1626610 390
1626620 390
1626630 390
1626640 390
1626650 390
1626660 390
1626670 390
1626680 390
1626690 390
1626700 390
1626710 390
1626720 390
1626730 390
1626740 390
1626750 390
1626760 390
1626770 390
1626780 390
1626790 390
1626800 390
1626810 390
1626820 390
1626830 390
1626840 390
1626850 390
1626860 390
1626870 390
1626880 390
1626890 390
1626900 390
1626910 390
1626920 390
1626930 390
1626940 390
1626950 390
1626960 390
1626970 390
1626980 390
1626990 390
1627000 390
1627010 390
1627020 390
1627030 390
1627040 390
1627050 390
1627060 390
1627070 390
1627080 390
1627090 390
1627100 390
1627110 390
1627120 390
1627130 390
1627140 390
1627150 390
1627160 390
1627170 390
1627180 390
1627190 390
1627200 390
1627210 390
1627220 390
1627230 390
1627240 390
1627250 390
1627260 390
1627270 390
1627280 390
1627290 390
1627300 390
1627310 390
1627320 390
1627330 390
1627340 390
1627350 390
1627360 390
1627370 390
1627380 390
1627390 390
1627400 390
1627410 390
1627420 390
1627430 390
1627440 390
1627450 390
1627460 390
1627470 390
1627480 390
1627490 390
1627500 390
1627510 390
1627520 390
1627530 390
1627540 390
1627550 390
1627560 390
1627570 390
1627580 390
1627590 390
1627600 390
1627610 390
1627620 390
1627630 390
1627640 390
1627650 390
1627660 390
1627670 390
1627680 390
1627690 390
1627700 390
1627710 390
1627720 390
1627730 390
1627740 390
1627750 390
1627760 390
1627770 390
1627780 390
1627790 390
1627800 390
1627810 390
1627820 390
1627830 390
1627840 390
1627850 390
1627860 390
1627870 390
1627880 390
1627890 390
1627900 390
1627910 390
1627920 390
1627930 390
1627940 390
1627950 390
1627960 390
1627970 390
1627980 390
1627990 390
1628000 390
1628010 390
1628020 390
1628030 390
1628040 390
1628050 390
1628060 390
1628070 390
1628080 390
1628090 390
1628100 390
1628110 390
1628120 390
1628130 390
1628140 390
1628150 390
1628160 390
1628170 390
1628180 390
1628190 390
1628200 390
1628210 390
1628220 390
1628230 390
1628240 390
1628250 390
1628260 390
1628270 390
1628280 390
1628290 390
1628300 390
1628310 390
1628320 390
1628330 390
1628340 390
1628350 390
1628360 390
1628370 390
1628380 390
1628390 390
1628400 390
1628410 390
1628420 390
1628430 390
1628440 390
1628450 390
1628460 390
1628470 390
1628480 390
1628490 390
1628500 390
1628510 390
1628520 390
1628530 390
1628540 390
1628550 390
1628560 390
1628570 390
1628580 390
1628590 390
1628600 390
1628610 390
1628620 390
1628630 390
1628640 390
1628650 390
1628660 390
1628670 392
1628680 396
1628690 396
1628700 400
1628710 401
1628720 401
1628730 404
1628740 407
1628750 407
1628760 409
1628770 410
1628780 415
1628790 415
1628800 420
1628810 425
1628820 425
1628830 429
1628840 432
1628850 432
1628860 432
1628870 432
1628880 432
1628890 432
1628900 432
1628910 432
1628920 432
1628930 431
1628940 431
1628950 431
1628960 431
1628970 430
1628980 430
1628990 430
1629000 430
1629010 430
1629020 429
1629030 429
1629040 429
1629050 428
1629060 428
1629070 428
1629080 427
1629090 427
1629100 426
1629110 426
1629120 426
1629130 426
1629140 426
1629150 426
1629160 426
1629170 426
1629180 426
1629190 426
1629200 426
1629210 426
1629220 426
1629230 426
1629240 426
1629250 426
1629260 426
1629270 426
1629280 426
1629290 426
1629300 426
1629310 426
1629320 426
1629330 426
1629340 426
1629350 426
1629360 426
1629370 426
1629380 425
1629390 425
1629400 423
1629410 422
1629420 420
1629430 420
1629440 420
1629450 420
1629460 420
1629470 419
1629480 416
1629490 416
1629500 414
1629510 413
1629520 413
1629530 412
1629540 412
1629550 412
1629560 411
1629570 411
1629580 411
1629590 411
1629600 410
1629610 409
1629620 409
1629630 406
1629640 405
1629650 405
1629660 405
1629670 405
1629680 404
1629690 404
1629700 404
1629710 404
1629720 404
1629730 405
1629740 410
1629750 410
1629760 418
1629770 425
1629780 425
1629790 429
1629800 430
1629810 430
1629820 430
1629830 430
1629840 430
1629850 430
1629860 430
1629870 430
1629880 430
1629890 430
1629900 430
1629910 430
1629920 430
1629930 430
1629940 430
1629950 431
1629960 431
1629970 431
1629980 431
1629990 430
1630000 430
1630010 430
1630020 430
1630030 430
1630040 430
1630050 430
1630060 430
1630070 430
1630080 430
1630090 430
1630100 430
1630110 430
1630120 431
1630130 431
1630140 430
1630150 430
1630160 430
1630170 430
1630180 430
1630190 430
1630200 430
1630210 430
1630220 430
1630230 430
1630240 430
1630250 430
1630260 430
1630270 430
1630280 430
1630290 430
1630300 430
1630310 430
1630320 430
1630330 430
1630340 430
1630350 430
1630360 430
1630370 429
1630380 429
1630390 429
1630400 429
1630410 429
1630420 429
1630430 429
1630440 429
1630450 429
1630460 429
1630470 429
1630480 429
1630490 429
1630500 429
1630510 429
1630520 429
1630530 429
1630540 429
1630550 429
1630560 429
1630570 429
1630580 429
1630590 429
1630600 429
1630610 429
1630620 429
1630630 429
1630640 429
1630650 429
1630660 429
1630670 429
1630680 429
1630690 429
1630700 429
1630710 429
1630720 429
1630730 429
1630740 429
1630750 428
1630760 428
1630770 428
1630780 428
1630790 428
1630800 428
1630810 428
1630820 428
1630830 428
1630840 428
1630850 428
1630860 428
1630870 428
1630880 428
1630890 428
1630900 428
1630910 428
1630920 428
1630930 428
1630940 427
1630950 427
1630960 427
1630970 427
1630980 427
1630990 427
1631000 427
1631010 426
1631020 426
1631030 426
1631040 426
1631050 426
1631060 426
1631070 426
1631080 427
1631090 427
1631100 427
1631110 426
1631120 426
1631130 426
1631140 426
1631150 426
1631160 426
1631170 426
1631180 426
1631190 426
1631200 426
1631210 425
1631220 425
1631230 424
1631240 423
1631250 423
1631260 421
1631270 420
1631280 420
1631290 419
1631300 414
1631310 414
1631320 408
1631330 401
1631340 395
1631350 395
1631360 392
1631370 390
1631380 390
1631390 390
1631400 390
1631410 390
1631420 390
1631430 390
1631440 390
1631450 390
1631460 390
1631470 390
1631480 390
1631490 390
1631500 390
1631510 390
1631520 390
1631530 390
1631540 390
1631550 390
1631560 390
1631570 390
1631580 390
1631590 390
1631600 390
1631610 390
1631620 390
1631630 390
1631640 390
1631650 390
1631660 390
1631670 390
1631680 390
1631690 390
1631700 390
1631710 392
1631720 398
1631730 398
1631740 405
1631750 415
1631760 415
1631770 427
1631780 433
1631790 433
1631800 436
1631810 439
1631820 443
1631830 443
1631840 446
1631850 448
1631860 448
1631870 449
1631880 449
1631890 449
1631900 449
1631910 449
1631920 449
1631930 449
1631940 449
1631950 449
1631960 449
1631970 448
1631980 448
1631990 448
1632000 448
1632010 448
1632020 448
1632030 448
1632040 448
1632050 448
1632060 449
1632070 450
1632080 450
1632090 451
1632100 451
1632110 451
1632120 451
1632130 451
1632140 451
1632150 451
1632160 451
1632170 451
1632180 451
1632190 451
1632200 451
1632210 451
1632220 451
1632230 451
1632240 451
1632250 451
1632260 451
1632270 451
1632280 451
1632290 451
1632300 451
1632310 451
1632320 451
1632330 451
1632340 451
1632350 451
1632360 450
1632370 450
1632380 450
1632390 450
1632400 450
1632410 450
1632420 450
1632430 450
1632440 450
1632450 450
1632460 450
1632470 450
1632480 450
1632490 450
1632500 450
1632510 450
1632520 450
1632530 450
1632540 450
1632550 450
1632560 450
1632570 450
1632580 450
1632590 450
1632600 450
1632610 450
1632620 450
1632630 450
1632640 450
1632650 450
1632660 450
1632670 450
1632680 450
1632690 450
1632700 450
1632710 450
1632720 450
1632730 450
1632740 450
1632750 450
1632760 450
1632770 449
1632780 449
1632790 449
1632800 449
1632810 449
1632820 449
1632830 449
1632840 449
1632850 449
1632860 449
1632870 449
1632880 449
1632890 449
1632900 449
1632910 449
1632920 449
1632930 449
1632940 449
1632950 449
1632960 449
1632970 449
1632980 449
1632990 449
1633000 449
1633010 449
1633020 449
1633030 449
1633040 449
1633050 449
1633060 449
1633070 449
1633080 449
1633090 449
1633100 449
1633110 449
1633120 449
1633130 448
1633140 448
1633150 448
1633160 448
1633170 448
1633180 448
1633190 447
1633200 447
1633210 447
1633220 447
1633230 447
1633240 447
1633250 448
1633260 447
1633270 447
1633280 447
1633290 447
1633300 447
1633310 447
1633320 447
1633330 447
1633340 448
1633350 448
1633360 448
1633370 448
1633380 448
1633390 448
1633400 447
1633410 447
1633420 447
1633430 447
1633440 447
1633450 447
1633460 447
1633470 447
1633480 446
1633490 446
1633500 444
1633510 443
1633520 443
1633530 441
1633540 438
1633550 438
1633560 431
1633570 426
1633580 425
1633590 425
1633600 427
1633610 430
1633620 430
1633630 433
1633640 437
1633650 437
1633660 442
1633670 446
1633680 446
1633690 448
1633700 448
1633710 448
1633720 448
1633730 448
1633740 450
1633750 450
1633760 450
1633770 449
1633780 449
1633790 449
1633800 449
1633810 449
1633820 450
1633830 450
1633840 450
1633850 450
1633860 450
1633870 450
1633880 449
1633890 449
1633900 449
1633910 449
1633920 449
1633930 449
1633940 449
1633950 449
1633960 449
1633970 449
1633980 449
1633990 449
1634000 449
1634010 449
1634020 449
1634030 449
1634040 449
1634050 450
1634060 450
1634070 450
1634080 450
1634090 450
1634100 450
1634110 450
1634120 450
1634130 450
1634140 450
1634150 450
1634160 450
1634170 450
1634180 450
1634190 450
1634200 450
1634210 450
1634220 450
1634230 450
1634240 450
1634250 450
1634260 450
1634270 450
1634280 450
1634290 450
1634300 450
1634310 449
1634320 449
1634330 449
1634340 449
1634350 449
1634360 449
1634370 449
1634380 449
1634390 449
1634400 449
1634410 449
1634420 449
1634430 449
1634440 449
1634450 449
1634460 449
1634470 449
1634480 449
1634490 449
1634500 449
1634510 449
1634520 449
1634530 449
1634540 449
1634550 449
1634560 449
1634570 449
1634580 449
1634590 449
1634600 448
1634610 448
1634620 448
1634630 448
1634640 448
1634650 448
1634660 448
1634670 448
1634680 448
1634690 448
1634700 448
1634710 448
1634720 448
1634730 448
1634740 448
1634750 448
1634760 448
1634770 448
1634780 448
1634790 448
1634800 448
1634810 448
1634820 448
1634830 448
1634840 448
1634850 448
1634860 448
1634870 448
1634880 448
1634890 448
1634900 448
1634910 448
1634920 448
1634930 448
1634940 448
1634950 448
1634960 448
1634970 447
1634980 447
1634990 447
1635000 447
1635010 447
1635020 447
1635030 447
1635040 447
1635050 447
1635060 447
1635070 447
1635080 447
1635090 447
1635100 447
1635110 447
1635120 447
1635130 447
1635140 447
1635150 447
1635160 447
1635170 447
1635180 447
1635190 447
1635200 447
1635210 447
1635220 447
1635230 447
1635240 447
1635250 447
1635260 447
1635270 446
1635280 446
1635290 446
1635300 446
1635310 446
1635320 446
1635330 446
1635340 446
1635350 446
1635360 446
1635370 446
1635380 446
1635390 446
1635400 446
1635410 446
1635420 447
1635430 447
1635440 447
1635450 448
1635460 448
1635470 448
1635480 448
1635490 449
1635500 449
1635510 449
1635520 450
1635530 451
1635540 451
1635550 451
1635560 452
1635570 452
1635580 452
1635590 452
1635600 452
1635610 453
1635620 453
1635630 454
1635640 455
1635650 456
1635660 457
1635670 457
1635680 459
1635690 460
1635700 460
1635710 462
1635720 465
1635730 465
1635740 467
1635750 470
1635760 470
1635770 473
1635780 475
1635790 475
1635800 478
1635810 481
1635820 483
1635830 483
1635840 484
1635850 487
1635860 487
1635870 488
1635880 488
1635890 488
1635900 488
1635910 488
1635920 488
1635930 487
1635940 486
1635950 486
1635960 486
1635970 485
1635980 485
1635990 485
1636000 485
1636010 484
1636020 484
1636030 484
1636040 484
1636050 484
1636060 485
1636070 485
1636080 485
1636090 485
1636100 486
1636110 486
1636120 487
1636130 489
1636140 492
1636150 492
1636160 493
1636170 493
1636180 493
1636190 493
1636200 493
1636210 493
1636220 492
1636230 492
1636240 492
1636250 492
1636260 491
1636270 491
1636280 491
1636290 490
1636300 490
1636310 490
1636320 489
1636330 489
1636340 489
1636350 489
1636360 489
1636370 489
1636380 488
1636390 488
1636400 488
1636410 488
1636420 488
1636430 488
1636440 487
1636450 488
1636460 488
1636470 488
1636480 487
1636490 487
1636500 487
1636510 486
1636520 486
1636530 486
1636540 485
1636550 484
1636560 484
1636570 484
1636580 483
1636590 483
1636600 483
1636610 483
1636620 483
1636630 483
1636640 483
1636650 483
1636660 483
1636670 483
1636680 483
1636690 483
1636700 483
1636710 483
1636720 483
1636730 483
1636740 483
1636750 483
1636760 483
1636770 483
1636780 483
1636790 483
1636800 483
1636810 483
1636820 483
1636830 483
1636840 483
1636850 483
1636860 483
1636870 483
1636880 483
1636890 483
1636900 483
1636910 483
1636920 483
1636930 483
1636940 483
1636950 483
1636960 483
1636970 483
1636980 483
1636990 483
1637000 483
1637010 483
1637020 483
1637030 483
1637040 483
1637050 483
1637060 483
1637070 483
1637080 483
1637090 483
1637100 483
1637110 483
1637120 483
1637130 483
1637140 483
1637150 483
1637160 483
1637170 483
1637180 483
1637190 483
1637200 483
1637210 483
1637220 483
1637230 483
1637240 483
1637250 483
1637260 483
1637270 483
1637280 484
1637290 483
1637300 483
1637310 483
1637320 483
1637330 483
1637340 484
1637350 484
1637360 484
1637370 486
1637380 488
1637390 488
1637400 489
1637410 490
1637420 491
1637430 491
1637440 492
1637450 493
1637460 493
1637470 494
1637480 495
1637490 495
1637500 495
1637510 495
1637520 495
1637530 495
1637540 496
1637550 496
1637560 498
1637570 498
1637580 497
1637590 497
1637600 498
1637610 498
1637620 498
1637630 499
1637640 500
1637650 500
1637660 500
1637670 501
1637680 501
1637690 501
1637700 501
1637710 501
1637720 501
1637730 501
1637740 500
1637750 500
1637760 499
1637770 498
1637780 498
1637790 498
1637800 497
1637810 497
1637820 497
1637830 497
1637840 497
1637850 498
1637860 498
1637870 498
1637880 499
1637890 500
1637900 500
1637910 500
1637920 501
1637930 501
1637940 501
1637950 501
1637960 501
1637970 501
1637980 501
1637990 501
1638000 501
1638010 501
1638020 501
1638030 501
1638040 501
1638050 501
1638060 501
1638070 501
1638080 501
1638090 500
1638100 500
1638110 499
1638120 498
1638130 498
1638140 497
1638150 496
1638160 496
1638170 495
1638180 494
1638190 494
1638200 494
1638210 493
1638220 492
1638230 492
1638240 491
1638250 490
1638260 490
1638270 490
1638280 489
1638290 489
1638300 489
1638310 489
1638320 489
1638330 488
1638340 488
1638350 488
1638360 488
1638370 488
1638380 488
1638390 488
1638400 488
1638410 487
1638420 487
1638430 487
1638440 487
1638450 487
1638460 487
1638470 487
1638480 487
1638490 487
1638500 486
1638510 486
1638520 486
1638530 486
1638540 486
1638550 486
1638560 486
1638570 486
1638580 486
1638590 485
1638600 485
1638610 485
1638620 485
1638630 485
1638640 485
1638650 485
1638660 485
1638670 485
1638680 485
1638690 484
1638700 484
1638710 484
1638720 484
1638730 484
1638740 484
1638750 483
1638760 482
1638770 482
1638780 481
1638790 481
1638800 481
1638810 479
1638820 475
1638830 475
1638840 471
1638850 467
1638860 464
1638870 464
1638880 460
1638890 457
1638900 457
1638910 455
1638920 452
1638930 448
1638940 445
1638950 441
1638960 441
1638970 436
1638980 435
1638990 435
1639000 437
1639010 439
1639020 442
1639030 442
1639040 446
1639050 451
1639060 451
1639070 456
1639080 458
1639090 458
1639100 459
1639110 460
1639120 460
1639130 462
1639140 465
1639150 465
1639160 469
1639170 473
1639180 478
1639190 478
1639200 483
1639210 487
1639220 487
1639230 487
1639240 485
1639250 485
1639260 484
1639270 484
1639280 484
1639290 483
1639300 483
1639310 483
1639320 483
1639330 483
1639340 483
1639350 483
1639360 483
1639370 483
1639380 483
1639390 483
1639400 483
1639410 483
1639420 483
1639430 483
1639440 483
1639450 483
1639460 483
1639470 483
1639480 483
1639490 482
1639500 482
1639510 482
1639520 482
1639530 482
1639540 482
1639550 482
1639560 481
1639570 481
1639580 481
1639590 481
1639600 481
1639610 480
1639620 480
1639630 480
1639640 480
1639650 479
1639660 478
1639670 478
1639680 478
1639690 477
1639700 477
1639710 477
1639720 477
1639730 477
1639740 477
1639750 476
1639760 476
1639770 476
1639780 476
1639790 476
1639800 476
1639810 476
1639820 476
1639830 476
1639840 476
1639850 477
1639860 477
1639870 477
1639880 476
1639890 476
1639900 476
1639910 476
1639920 476
1639930 476
1639940 475
1639950 475
1639960 475
1639970 475
1639980 475
1639990 475
