1620000 747
1620010 746
1620020 746
1620030 746
1620040 745
1620050 745
1620060 743
1620070 745
1620080 743
1620090 743
1620100 741
1620110 740
1620120 740
1620130 739
1620140 737
1620150 737
1620160 736
1620170 735
1620180 735
1620190 734
1620200 733
1620210 733
1620220 732
1620230 731
1620240 729
1620250 729
1620260 728
1620270 727
1620280 727
1620290 725
1620300 724
1620310 724
1620320 723
1620330 722
1620340 722
1620350 720
1620360 719
1620370 719
1620380 717
1620390 716
1620400 714
1620410 714
1620420 713
1620430 711
1620440 711
1620450 709
1620460 706
1620470 706
1620480 704
1620490 702
1620500 702
1620510 700
1620520 698
1620530 698
1620540 695
1620550 692
1620560 690
1620570 690
1620580 686
1620590 684
1620600 684
1620610 682
1620620 679
1620630 679
1620640 676
1620650 674
1620660 674
1620670 673
1620680 671
1620690 671
1620700 671
1620710 670
1620720 668
1620730 668
1620740 667
1620750 665
1620760 665
1620770 660
1620780 656
1620790 656
1620800 653
1620810 651
1620820 651
1620830 649
1620840 647
1620850 647
1620860 645
1620870 642
1620880 640
1620890 640
1620900 638
1620910 636
1620920 636
1620930 633
1620940 630
1620950 630
1620960 628
1620970 627
1620980 627
1620990 626
1621000 624
1621010 624
1621020 623
1621030 624
1621040 624
1621050 624
1621060 624
1621070 623
1621080 623
1621090 621
1621100 617
1621110 617
1621120 613
1621130 609
1621140 609
1621150 605
1621160 604
1621170 604
1621180 602
1621190 600
1621200 600
1621210 599
1621220 597
1621230 596
1621240 596
1621250 595
1621260 594
1621270 594
1621280 592
1621290 590
1621300 590
1621310 589
1621320 587
1621330 587
1621340 585
1621350 583
1621360 583
1621370 580
1621380 579
1621390 577
1621400 577
1621410 574
1621420 571
1621430 571
1621440 566
1621450 563
1621460 563
1621470 560
1621480 557
1621490 557
1621500 554
1621510 551
1621520 551
1621530 548
1621540 544
1621550 540
1621560 540
1621570 537
1621580 535
1621590 535
1621600 532
1621610 529
1621620 529
1621630 527
1621640 523
1621650 523
1621660 525
1621670 527
1621680 527
1621690 526
1621700 525
1621710 524
1621720 524
1621730 522
1621740 524
1621750 524
1621760 528
1621770 531
1621780 531
1621790 536
1621800 540
1621810 540
1621820 544
1621830 548
1621840 548
1621850 550
1621860 553
1621870 555
1621880 555
1621890 555
1621900 553
1621910 552
1621920 547
1621930 543
1621940 543
1621950 537
1621960 528
1621970 528
1621980 519
1621990 512
1622000 512
1622010 505
1622020 499
1622030 495
1622040 495
1622050 488
1622060 482
1622070 482
1622080 478
1622090 475
1622100 475
1622110 471
1622120 469
1622130 469
1622140 466
1622150 463
1622160 463
1622170 462
1622180 461
1622190 460
1622200 460
1622210 460
1622220 460
1622230 460
1622240 459
1622250 459
1622260 459
1622270 458
1622280 457
1622290 457
1622300 455
1622310 454
1622320 454
1622330 453
1622340 453
1622350 452
1622360 452
1622370 452
1622380 452
1622390 452
1622400 453
1622410 453
1622420 453
1622430 453
1622440 453
1622450 453
1622460 453
1622470 453
1622480 453
1622490 453
1622500 453
1622510 453
1622520 453
1622530 453
1622540 453
1622550 453
1622560 453
1622570 452
1622580 452
1622590 452
1622600 452
1622610 452
1622620 452
1622630 452
1622640 452
1622650 452
1622660 452
1622670 452
1622680 452
1622690 452
1622700 452
1622710 452
1622720 453
1622730 453
1622740 453
1622750 453
1622760 453
1622770 453
1622780 453
1622790 453
1622800 453
1622810 453
1622820 453
1622830 453
1622840 453
1622850 453
1622860 453
1622870 453
1622880 453
1622890 453
1622900 453
1622910 453
1622920 453
1622930 453
1622940 453
1622950 453
1622960 453
1622970 454
1622980 454
1622990 454
1623000 454
1623010 454
1623020 454
1623030 454
1623040 454
1623050 454
1623060 454
1623070 454
1623080 454
1623090 454
1623100 454
1623110 454
1623120 454
1623130 454
1623140 454
1623150 454
1623160 454
1623170 454
1623180 454
1623190 454
1623200 454
1623210 454
1623220 454
1623230 454
1623240 454
1623250 454
1623260 454
1623270 454
1623280 454
1623290 454
1623300 454
1623310 454
1623320 454
1623330 454
1623340 454
1623350 454
1623360 454
1623370 454
1623380 454
1623390 455
1623400 455
1623410 455
1623420 455
1623430 455
1623440 455
1623450 455
1623460 455
1623470 455
1623480 456
1623490 456
1623500 456
1623510 456
1623520 456
1623530 456
1623540 456
1623550 457
1623560 457
1623570 457
1623580 457
1623590 457
1623600 457
1623610 457
1623620 458
1623630 458
1623640 458
1623650 459
1623660 461
1623670 461
1623680 462
1623690 462
1623700 462
1623710 463
1623720 463
1623730 463
1623740 463
1623750 464
1623760 464
1623770 464
1623780 464
1623790 464
1623800 464
1623810 464
1623820 464
1623830 464
1623840 464
1623850 464
1623860 464
1623870 464
1623880 464
1623890 464
1623900 464
1623910 464
1623920 464
1623930 464
1623940 464
1623950 464
1623960 463
1623970 463
1623980 463
1623990 463
1624000 463
1624010 463
1624020 463
1624030 463
1624040 463
1624050 463
1624060 463
1624070 463
1624080 463
1624090 463
1624100 463
1624110 463
1624120 463
1624130 463
1624140 463
1624150 463
1624160 463
1624170 463
1624180 463
1624190 464
1624200 464
1624210 464
1624220 464
1624230 464
1624240 464
1624250 464
1624260 464
1624270 464
1624280 467
1624290 472
1624300 472
1624310 475
1624320 476
1624330 476
1624340 476
1624350 476
1624360 475
1624370 475
1624380 473
1624390 472
1624400 472
1624410 473
1624420 474
1624430 474
1624440 475
1624450 475
1624460 475
1624470 476
1624480 477
1624490 478
1624500 478
1624510 480
1624520 481
1624530 481
1624540 481
1624550 482
1624560 482
1624570 482
1624580 482
1624590 482
1624600 482
1624610 482
1624620 482
1624630 478
1624640 479
1624650 480
1624660 480
1624670 481
1624680 482
1624690 482
1624700 482
1624710 483
1624720 483
1624730 483
1624740 483
1624750 483
1624760 483
1624770 484
1624780 484
1624790 484
1624800 484
1624810 484
1624820 484
1624830 484
1624840 483
1624850 483
1624860 483
1624870 482
1624880 482
1624890 482
1624900 482
1624910 482
1624920 482
1624930 483
1624940 483
1624950 483
1624960 483
1624970 483
1624980 483
1624990 483
1625000 483
1625010 483
1625020 484
1625030 484
1625040 484
1625050 484
1625060 485
1625070 485
1625080 485
1625090 484
1625100 484
1625110 485
1625120 484
1625130 484
1625140 484
1625150 484
1625160 483
1625170 483
1625180 483
1625190 482
1625200 482
1625210 481
1625220 481
1625230 481
1625240 482
1625250 483
1625260 483
1625270 484
1625280 484
1625290 484
1625300 484
1625310 484
1625320 484
1625330 484
1625340 485
1625350 484
1625360 484
1625370 483
1625380 483
1625390 483
1625400 483
1625410 482
1625420 482
1625430 481
1625440 480
1625450 479
1625460 479
1625470 478
1625480 477
1625490 477
1625500 475
1625510 472
1625520 472
1625530 468
1625540 466
1625550 466
1625560 466
1625570 466
1625580 466
1625590 466
1625600 466
1625610 466
1625620 466
1625630 466
1625640 467
1625650 467
1625660 467
1625670 468
1625680 468
1625690 468
1625700 469
1625710 469
1625720 470
1625730 472
1625740 472
1625750 476
1625760 479
1625770 479
1625780 484
1625790 489
1625800 494
1625810 494
1625820 498
1625830 501
1625840 501
1625850 503
1625860 505
1625870 505
1625880 507
1625890 510
1625900 510
1625910 512
1625920 514
1625930 514
1625940 517
1625950 520
1625960 524
1625970 524
1625980 525
1625990 527
1626000 527
1626010 529
1626020 531
1626030 531
1626040 533
1626050 536
1626060 536
1626070 537
1626080 538
1626090 538
1626100 539
1626110 539
1626120 540
1626130 540
1626140 541
1626150 541
1626160 541
1626170 541
1626180 540
1626190 540
1626200 540
1626210 539
1626220 539
1626230 537
1626240 534
1626250 534
1626260 533
1626270 530
1626280 525
1626290 525
1626300 520
1626310 518
1626320 518
1626330 517
1626340 516
1626350 516
1626360 516
1626370 516
1626380 516
1626390 516
1626400 516
1626410 516
1626420 516
1626430 516
1626440 516
1626450 516
1626460 516
1626470 516
1626480 516
1626490 517
1626500 517
1626510 517
1626520 517
1626530 517
1626540 517
1626550 517
1626560 517
1626570 517
1626580 516
1626590 515
1626600 514
1626610 514
1626620 512
1626630 511
1626640 511
1626650 511
1626660 510
1626670 510
1626680 509
1626690 509
1626700 509
1626710 508
1626720 508
1626730 508
1626740 507
1626750 506
1626760 505
1626770 505
1626780 504
1626790 503
1626800 503
1626810 503
1626820 502
1626830 502
1626840 502
1626850 501
1626860 501
1626870 501
1626880 501
1626890 501
1626900 501
1626910 501
1626920 501
1626930 501
1626940 503
1626950 504
1626960 504
1626970 503
1626980 503
1626990 503
1627000 504
1627010 504
1627020 504
1627030 504
1627040 505
1627050 505
1627060 505
1627070 506
1627080 507
1627090 507
1627100 507
1627110 508
1627120 508
1627130 509
1627140 510
1627150 510
1627160 510
1627170 511
1627180 511
1627190 511
1627200 511
1627210 511
1627220 512
1627230 512
1627240 512
1627250 512
1627260 511
1627270 511
1627280 511
1627290 511
1627300 510
1627310 512
1627320 511
1627330 511
1627340 511
1627350 511
1627360 510
1627370 510
1627380 509
1627390 508
1627400 508
1627410 507
1627420 506
1627430 505
1627440 505
1627450 504
1627460 503
1627470 503
1627480 503
1627490 502
1627500 502
1627510 501
1627520 500
1627530 500
1627540 500
1627550 500
1627560 500
1627570 500
1627580 500
1627590 500
1627600 500
1627610 500
1627620 500
1627630 500
1627640 500
1627650 501
1627660 501
1627670 501
1627680 501
1627690 501
1627700 501
1627710 501
1627720 501
1627730 501
1627740 500
1627750 500
1627760 500
1627770 500
1627780 500
1627790 500
1627800 499
1627810 499
1627820 499
1627830 499
1627840 499
1627850 499
1627860 498
1627870 498
1627880 498
1627890 498
1627900 499
1627910 498
1627920 498
1627930 500
1627940 500
1627950 500
1627960 500
1627970 501
1627980 501
1627990 501
1628000 501
1628010 501
1628020 500
1628030 501
1628040 501
1628050 501
1628060 502
1628070 502
1628080 502
1628090 503
1628100 504
1628110 504
1628120 504
1628130 505
1628140 505
1628150 505
1628160 506
1628170 506
1628180 507
1628190 508
1628200 508
1628210 509
1628220 510
1628230 510
1628240 510
1628250 511
1628260 512
1628270 512
1628280 512
1628290 512
1628300 512
1628310 511
1628320 511
1628330 511
1628340 511
1628350 511
1628360 511
1628370 511
1628380 510
1628390 510
1628400 510
1628410 510
1628420 510
1628430 510
1628440 509
1628450 509
1628460 509
1628470 508
1628480 508
1628490 508
1628500 508
1628510 507
1628520 507
1628530 507
1628540 507
1628550 507
1628560 507
1628570 508
1628580 508
1628590 508
1628600 508
1628610 508
1628620 508
1628630 508
1628640 508
1628650 508
1628660 509
1628670 510
1628680 510
1628690 512
1628700 514
1628710 514
1628720 517
1628730 520
1628740 521
1628750 521
1628760 522
1628770 522
1628780 522
1628790 522
1628800 521
1628810 521
1628820 519
1628830 516
1628840 516
1628850 514
1628860 512
1628870 512
1628880 510
1628890 509
1628900 508
1628910 508
1628920 508
1628930 508
1628940 508
1628950 508
1628960 508
1628970 508
1628980 509
1628990 509
1629000 509
1629010 509
1629020 509
1629030 509
1629040 509
1629050 509
1629060 509
1629070 509
1629080 507
1629090 506
1629100 506
1629110 504
1629120 503
1629130 503
1629140 501
1629150 498
1629160 498
1629170 496
1629180 494
1629190 494
1629200 491
1629210 489
1629220 487
1629230 487
1629240 486
1629250 485
1629260 485
1629270 484
1629280 483
1629290 483
1629300 483
1629310 484
1629320 484
1629330 484
1629340 485
1629350 485
1629360 486
1629370 487
1629380 488
1629390 488
1629400 489
1629410 489
1629420 489
1629430 489
1629440 488
1629450 488
1629460 486
1629470 484
1629480 484
1629490 483
1629500 482
1629510 482
1629520 481
1629530 480
1629540 480
1629550 480
1629560 479
1629570 479
1629580 479
1629590 479
1629600 479
1629610 479
1629620 479
1629630 479
1629640 479
1629650 479
1629660 479
1629670 479
1629680 478
1629690 478
1629700 478
1629710 478
1629720 478
1629730 477
1629740 477
1629750 477
1629760 476
1629770 476
1629780 476
1629790 475
1629800 475
1629810 474
1629820 474
1629830 474
1629840 473
1629850 473
1629860 473
1629870 473
1629880 472
1629890 472
1629900 472
1629910 472
1629920 472
1629930 472
1629940 472
1629950 471
1629960 471
1629970 471
1629980 471
1629990 471
1630000 471
1630010 471
1630020 471
1630030 471
1630040 472
1630050 472
1630060 472
1630070 471
1630080 471
1630090 471
1630100 470
1630110 470
1630120 470
1630130 471
1630140 471
1630150 471
1630160 471
1630170 472
1630180 471
1630190 471
1630200 471
1630210 471
1630220 471
1630230 471
1630240 471
1630250 471
1630260 470
1630270 470
1630280 470
1630290 470
1630300 470
1630310 470
1630320 469
1630330 467
1630340 467
1630350 466
1630360 465
1630370 463
1630380 463
1630390 462
1630400 462
1630410 462
1630420 461
1630430 461
1630440 461
1630450 461
1630460 461
1630470 461
1630480 461
1630490 461
1630500 461
1630510 461
1630520 462
1630530 463
1630540 463
1630550 464
1630560 464
1630570 464
1630580 465
1630590 465
1630600 465
1630610 466
1630620 467
1630630 467
1630640 468
1630650 469
1630660 469
1630670 469
1630680 469
1630690 470
1630700 470
1630710 471
1630720 471
1630730 471
1630740 472
1630750 472
1630760 472
1630770 473
1630780 474
1630790 474
1630800 476
1630810 478
1630820 478
1630830 480
1630840 483
1630850 485
1630860 485
1630870 487
1630880 489
1630890 489
1630900 491
1630910 494
1630920 494
1630930 497
1630940 499
1630950 499
1630960 500
1630970 502
1630980 502
1630990 503
1631000 504
1631010 505
1631020 505
1631030 505
1631040 506
1631050 506
1631060 506
1631070 507
1631080 507
1631090 507
1631100 507
1631110 507
1631120 506
1631130 506
1631140 506
1631150 505
1631160 505
1631170 505
1631180 505
1631190 505
1631200 505
1631210 505
1631220 505
1631230 505
1631240 505
1631250 505
1631260 505
1631270 505
1631280 505
1631290 506
1631300 506
1631310 507
1631320 507
1631330 508
1631340 508
1631350 509
1631360 510
1631370 510
1631380 511
1631390 511
1631400 511
1631410 511
1631420 511
1631430 511
1631440 511
1631450 510
1631460 510
1631470 509
1631480 508
1631490 507
1631500 507
1631510 507
1631520 506
1631530 506
1631540 506
1631550 505
1631560 505
1631570 505
1631580 506
1631590 506
1631600 508
1631610 509
1631620 509
1631630 509
1631640 509
1631650 509
1631660 509
1631670 510
1631680 510
1631690 510
1631700 510
1631710 510
1631720 510
1631730 510
1631740 510
1631750 510
1631760 510
1631770 510
1631780 510
1631790 511
1631800 510
1631810 510
1631820 510
1631830 510
1631840 509
1631850 509
1631860 509
1631870 509
1631880 509
1631890 508
1631900 508
1631910 508
1631920 507
1631930 507
1631940 507
1631950 506
1631960 506
1631970 506
1631980 506
1631990 505
1632000 505
1632010 505
1632020 505
1632030 504
1632040 504
1632050 503
1632060 503
1632070 503
1632080 502
1632090 501
1632100 501
1632110 501
1632120 501
1632130 501
1632140 501
1632150 502
1632160 502
1632170 502
1632180 502
1632190 502
1632200 502
1632210 502
1632220 502
1632230 502
1632240 502
1632250 502
1632260 502
1632270 502
1632280 502
1632290 502
1632300 502
1632310 502
1632320 502
1632330 502
1632340 502
1632350 502
1632360 502
1632370 502
1632380 502
1632390 502
1632400 502
1632410 502
1632420 502
1632430 502
1632440 502
1632450 502
1632460 502
1632470 502
1632480 502
1632490 502
1632500 501
1632510 501
1632520 501
1632530 501
1632540 501
1632550 501
1632560 501
1632570 501
1632580 501
1632590 501
1632600 501
1632610 501
1632620 501
1632630 502
1632640 502
1632650 502
1632660 501
1632670 501
1632680 501
1632690 501
1632700 501
1632710 501
1632720 501
1632730 501
1632740 501
1632750 501
1632760 501
1632770 501
1632780 501
1632790 501
1632800 501
1632810 501
1632820 501
1632830 501
1632840 501
1632850 501
1632860 502
1632870 502
1632880 501
1632890 501
1632900 501
1632910 500
1632920 500
1632930 500
1632940 500
1632950 501
1632960 501
1632970 501
1632980 501
1632990 501
1633000 501
1633010 500
1633020 500
1633030 500
1633040 500
1633050 500
1633060 500
1633070 500
1633080 500
1633090 500
1633100 500
1633110 500
1633120 500
1633130 500
1633140 500
1633150 501
1633160 501
1633170 501
1633180 500
1633190 500
1633200 500
1633210 500
1633220 500
1633230 500
1633240 500
1633250 500
1633260 500
1633270 500
1633280 500
1633290 500
1633300 500
1633310 500
1633320 500
1633330 500
1633340 500
1633350 500
1633360 500
1633370 500
1633380 500
1633390 500
1633400 500
1633410 500
1633420 500
1633430 500
1633440 500
1633450 500
1633460 500
1633470 500
1633480 500
1633490 499
1633500 500
1633510 500
1633520 500
1633530 499
1633540 499
1633550 499
1633560 499
1633570 499
1633580 499
1633590 499
1633600 499
1633610 499
1633620 499
1633630 499
1633640 499
1633650 499
1633660 499
1633670 499
1633680 499
1633690 499
1633700 499
1633710 499
1633720 499
1633730 499
1633740 499
1633750 499
1633760 499
1633770 499
1633780 499
1633790 498
1633800 498
1633810 498
1633820 498
1633830 498
1633840 498
1633850 497
1633860 497
1633870 497
1633880 497
1633890 497
1633900 497
1633910 497
1633920 497
1633930 497
1633940 497
1633950 497
1633960 497
1633970 497
1633980 497
1633990 497
1634000 497
1634010 497
1634020 497
1634030 497
1634040 497
1634050 497
1634060 497
1634070 497
1634080 497
1634090 497
1634100 497
1634110 497
1634120 497
1634130 497
1634140 497
1634150 497
1634160 497
1634170 497
1634180 497
1634190 497
1634200 497
1634210 497
1634220 497
1634230 497
1634240 497
1634250 497
1634260 498
1634270 498
1634280 498
1634290 498
1634300 498
1634310 498
1634320 497
1634330 498
1634340 498
1634350 498
1634360 498
1634370 498
1634380 498
1634390 498
1634400 498
1634410 498
1634420 498
1634430 498
1634440 498
1634450 498
1634460 498
1634470 498
1634480 499
1634490 500
1634500 500
1634510 500
1634520 500
1634530 500
1634540 501
1634550 501
1634560 501
1634570 502
1634580 502
1634590 502
1634600 502
1634610 502
1634620 502
1634630 502
1634640 502
1634650 502
1634660 502
1634670 502
1634680 502
1634690 502
1634700 502
1634710 502
1634720 502
1634730 502
1634740 502
1634750 502
1634760 502
1634770 502
1634780 502
1634790 502
1634800 502
1634810 502
1634820 502
1634830 502
1634840 503
1634850 503
1634860 503
1634870 503
1634880 503
1634890 504
1634900 505
1634910 505
1634920 507
1634930 508
1634940 509
1634950 509
1634960 509
1634970 509
1634980 509
1634990 510
1635000 510
1635010 510
1635020 510
1635030 511
1635040 511
1635050 512
1635060 514
1635070 514
1635080 515
1635090 517
1635100 518
1635110 518
1635120 519
1635130 519
1635140 519
1635150 520
1635160 521
1635170 521
1635180 524
1635190 526
1635200 526
1635210 528
1635220 529
1635230 529
1635240 532
1635250 535
1635260 539
1635270 539
1635280 543
1635290 547
1635300 547
1635310 549
1635320 551
1635330 551
1635340 552
1635350 555
1635360 555
1635370 557
1635380 558
1635390 558
1635400 558
1635410 556
1635420 555
1635430 555
1635440 552
1635450 550
1635460 550
1635470 549
1635480 547
1635490 547
1635500 546
1635510 544
1635520 544
1635530 544
1635540 544
1635550 544
1635560 543
1635570 543
1635580 541
1635590 541
1635600 540
1635610 541
1635620 541
1635630 541
1635640 542
1635650 542
1635660 544
1635670 545
1635680 545
1635690 547
1635700 547
1635710 547
1635720 548
1635730 549
1635740 549
1635750 549
1635760 550
1635770 551
1635780 551
1635790 552
1635800 553
1635810 553
1635820 553
1635830 552
1635840 552
1635850 552
1635860 553
1635870 553
1635880 549
1635890 549
1635900 549
1635910 549
1635920 550
1635930 550
1635940 550
1635950 549
1635960 548
1635970 548
1635980 547
1635990 546
1636000 546
1636010 545
1636020 544
1636030 544
1636040 542
1636050 541
1636060 540
1636070 540
1636080 540
1636090 538
1636100 538
1636110 536
1636120 534
1636130 534
1636140 533
1636150 532
1636160 532
1636170 531
1636180 530
1636190 530
1636200 531
1636210 532
1636220 532
1636230 533
1636240 535
1636250 535
1636260 535
1636270 536
1636280 536
1636290 536
1636300 536
1636310 536
1636320 536
1636330 536
1636340 537
1636350 537
1636360 537
1636370 538
1636380 538
1636390 538
1636400 538
1636410 538
1636420 538
1636430 538
1636440 537
1636450 537
1636460 536
1636470 535
1636480 535
1636490 534
1636500 532
1636510 532
1636520 531
1636530 530
1636540 530
1636550 529
1636560 528
1636570 526
1636580 526
1636590 525
1636600 525
1636610 525
1636620 525
1636630 523
1636640 523
1636650 522
1636660 520
1636670 520
1636680 518
1636690 516
1636700 516
1636710 513
1636720 511
1636730 510
1636740 510
1636750 509
1636760 508
1636770 508
1636780 507
1636790 507
1636800 507
1636810 507
1636820 507
1636830 507
1636840 507
1636850 507
1636860 507
1636870 508
1636880 507
1636890 507
1636900 507
1636910 507
1636920 507
1636930 507
1636940 506
1636950 506
1636960 506
1636970 506
1636980 507
1636990 507
1637000 507
1637010 507
1637020 507
1637030 507
1637040 507
1637050 508
1637060 508
1637070 508
1637080 508
1637090 508
1637100 508
1637110 509
1637120 509
1637130 509
1637140 509
1637150 509
1637160 509
1637170 509
1637180 509
1637190 509
1637200 508
1637210 508
1637220 508
1637230 507
1637240 507
1637250 507
1637260 506
1637270 506
1637280 506
1637290 505
1637300 505
1637310 505
1637320 504
1637330 504
1637340 504
1637350 503
1637360 502
1637370 502
1637380 502
1637390 501
1637400 501
1637410 501
1637420 500
1637430 500
1637440 500
1637450 500
1637460 499
1637470 499
1637480 499
1637490 499
1637500 499
1637510 499
1637520 498
1637530 497
1637540 497
1637550 497
1637560 497
1637570 497
1637580 497
1637590 497
1637600 497
1637610 497
1637620 497
1637630 497
1637640 497
1637650 497
1637660 497
1637670 497
1637680 497
1637690 497
1637700 497
1637710 497
1637720 497
1637730 497
1637740 497
1637750 497
1637760 497
1637770 498
1637780 498
1637790 498
1637800 498
1637810 498
1637820 498
1637830 498
1637840 499
1637850 499
1637860 499
1637870 499
1637880 499
1637890 499
1637900 499
1637910 500
1637920 500
1637930 500
1637940 500
1637950 500
1637960 501
1637970 502
1637980 502
1637990 503
1638000 504
1638010 504
1638020 506
1638030 509
1638040 513
1638050 513
1638060 517
1638070 522
1638080 522
1638090 527
1638100 532
1638110 532
1638120 538
1638130 544
1638140 544
1638150 549
1638160 555
1638170 555
1638180 560
1638190 565
1638200 570
1638210 570
1638220 574
1638230 579
1638240 579
1638250 583
1638260 587
1638270 587
1638280 591
1638290 594
1638300 594
1638310 597
1638320 599
1638330 599
1638340 602
1638350 604
1638360 606
1638370 606
1638380 609
1638390 612
1638400 612
1638410 614
1638420 616
1638430 616
1638440 619
1638450 621
1638460 621
1638470 624
1638480 626
1638490 626
1638500 628
1638510 629
1638520 629
1638530 629
1638540 630
1638550 630
1638560 630
1638570 631
1638580 631
1638590 631
1638600 631
1638610 631
1638620 631
1638630 632
1638640 634
1638650 634
1638660 636
1638670 637
1638680 638
1638690 638
1638700 639
1638710 641
1638720 641
1638730 643
1638740 646
1638750 646
1638760 648
1638770 651
1638780 651
1638790 652
1638800 655
1638810 655
1638820 657
1638830 658
1638840 660
1638850 660
1638860 663
1638870 665
1638880 665
1638890 667
1638900 667
1638910 667
1638920 667
1638930 667
1638940 667
1638950 666
1638960 665
1638970 665
1638980 662
1638990 659
1639000 656
1639010 656
1639020 653
1639030 651
1639040 651
1639050 649
1639060 648
1639070 648
1639080 647
1639090 645
1639100 645
1639110 643
1639120 641
1639130 641
1639140 638
1639150 635
1639160 635
1639170 634
1639180 631
1639190 628
1639200 628
1639210 626
1639220 624
1639230 624
1639240 621
1639250 618
1639260 618
1639270 613
1639280 609
1639290 609
1639300 606
1639310 604
1639320 604
1639330 601
1639340 599
1639350 598
1639360 598
1639370 597
1639380 596
1639390 596
1639400 596
1639410 597
1639420 597
1639430 599
1639440 600
1639450 600
1639460 600
1639470 600
1639480 600
1639490 600
1639500 600
1639510 599
1639520 599
1639530 599
1639540 598
1639550 598
1639560 597
1639570 596
1639580 596
1639590 595
1639600 594
1639610 594
1639620 593
1639630 591
1639640 591
1639650 590
1639660 588
1639670 586
1639680 586
1639690 584
1639700 582
1639710 582
1639720 580
1639730 577
1639740 577
1639750 574
1639760 569
1639770 569
1639780 565
1639790 561
1639800 561
1639810 555
1639820 552
1639830 551
1639840 551
1639850 549
1639860 547
1639870 547
1639880 544
1639890 544
1639900 544
1639910 544
1639920 544
1639930 544
1639940 547
1639950 549
1639960 549
1639970 550
1639980 551
1639990 547
