1620000 766
1620010 766
1620020 766
1620030 766
1620040 765
1620050 763
1620060 763
1620070 761
1620080 759
1620090 759
1620100 758
1620110 756
1620120 756
1620130 754
1620140 753
1620150 753
1620160 751
1620170 748
1620180 746
1620190 746
1620200 744
1620210 742
1620220 742
1620230 740
1620240 738
1620250 738
1620260 737
1620270 736
1620280 736
1620290 734
1620300 731
1620310 731
1620320 727
1620330 722
1620340 717
1620350 717
1620360 713
1620370 709
1620380 709
1620390 703
1620400 699
1620410 699
1620420 697
1620430 697
1620440 697
1620450 701
1620460 704
1620470 704
1620480 707
1620490 709
1620500 710
1620510 710
1620520 714
1620530 718
1620540 718
1620550 720
1620560 720
1620570 720
1620580 718
1620590 716
1620600 716
1620610 714
1620620 712
1620630 712
1620640 709
1620650 706
1620660 702
1620670 702
1620680 697
1620690 692
1620700 692
1620710 687
1620720 682
1620730 682
1620740 678
1620750 674
1620760 674
1620770 669
1620780 664
1620790 664
1620800 659
1620810 655
1620820 655
1620830 650
1620840 642
1620850 637
1620860 637
1620870 633
1620880 630
1620890 630
1620900 626
1620910 622
1620920 622
1620930 619
1620940 616
1620950 616
1620960 610
1620970 605
1620980 605
1620990 602
1621000 598
1621010 595
1621020 595
1621030 592
1621040 589
1621050 589
1621060 586
1621070 582
1621080 582
1621090 580
1621100 578
1621110 578
1621120 576
1621130 573
1621140 573
1621150 570
1621160 566
1621170 561
1621180 561
1621190 557
1621200 551
1621210 551
1621220 547
1621230 543
1621240 543
1621250 539
1621260 536
1621270 536
1621280 534
1621290 531
1621300 531
1621310 529
1621320 526
1621330 523
1621340 523
1621350 520
1621360 517
1621370 517
1621380 515
1621390 512
1621400 512
1621410 510
1621420 508
1621430 508
1621440 507
1621450 506
1621460 506
1621470 505
1621480 504
1621490 502
1621500 502
1621510 500
1621520 500
1621530 500
1621540 499
1621550 499
1621560 499
1621570 499
1621580 499
1621590 499
1621600 499
1621610 499
1621620 499
1621630 499
1621640 499
1621650 499
1621660 499
1621670 498
1621680 498
1621690 498
1621700 498
1621710 498
1621720 498
1621730 497
1621740 497
1621750 497
1621760 497
1621770 497
1621780 497
1621790 497
1621800 497
1621810 497
1621820 497
1621830 497
1621840 498
1621850 498
1621860 498
1621870 499
1621880 499
1621890 499
1621900 500
1621910 500
1621920 500
1621930 500
1621940 500
1621950 500
1621960 500
1621970 499
1621980 499
1621990 499
1622000 499
1622010 499
1622020 498
1622030 496
1622040 496
1622050 494
1622060 492
1622070 492
1622080 489
1622090 487
1622100 487
1622110 484
1622120 482
1622130 482
1622140 480
1622150 478
1622160 476
1622170 476
1622180 475
1622190 474
1622200 474
1622210 473
1622220 473
1622230 473
1622240 472
1622250 471
1622260 471
1622270 470
1622280 469
1622290 469
1622300 468
1622310 465
1622320 463
1622330 463
1622340 460
1622350 457
1622360 457
1622370 456
1622380 456
1622390 456
1622400 456
1622410 456
1622420 456
1622430 456
1622440 456
1622450 456
1622460 456
1622470 456
1622480 456
1622490 456
1622500 456
1622510 456
1622520 456
1622530 457
1622540 457
1622550 457
1622560 457
1622570 457
1622580 457
1622590 458
1622600 458
1622610 458
1622620 458
1622630 458
1622640 458
1622650 458
1622660 461
1622670 464
1622680 464
1622690 467
1622700 470
1622710 470
1622720 472
1622730 476
1622740 476
1622750 479
1622760 482
1622770 482
1622780 485
1622790 488
1622800 490
1622810 490
1622820 492
1622830 496
1622840 496
1622850 500
1622860 503
1622870 503
1622880 505
1622890 507
1622900 507
1622910 508
1622920 508
1622930 508
1622940 509
1622950 510
1622960 510
1622970 510
1622980 511
1622990 512
1623000 512
1623010 513
1623020 513
1623030 513
1623040 514
1623050 515
1623060 515
1623070 517
1623080 518
1623090 518
1623100 519
1623110 520
1623120 521
1623130 521
1623140 521
1623150 520
1623160 520
1623170 519
1623180 518
1623190 518
1623200 517
1623210 516
1623220 516
1623230 516
1623240 516
1623250 516
1623260 515
1623270 515
1623280 515
1623290 515
1623300 516
1623310 516
1623320 516
1623330 517
1623340 517
1623350 517
1623360 517
1623370 517
1623380 517
1623390 517
1623400 517
1623410 517
1623420 517
1623430 517
1623440 517
1623450 517
1623460 516
1623470 516
1623480 516
1623490 515
1623500 514
1623510 514
1623520 513
1623530 513
1623540 513
1623550 512
1623560 511
1623570 511
1623580 510
1623590 511
1623600 511
1623610 510
1623620 508
1623630 507
1623640 507
1623650 506
1623660 504
1623670 504
1623680 503
1623690 502
1623700 502
1623710 501
1623720 500
1623730 500
1623740 498
1623750 495
1623760 495
1623770 494
1623780 493
1623790 492
1623800 492
1623810 490
1623820 489
1623830 489
1623840 487
1623850 486
1623860 486
1623870 485
1623880 484
1623890 484
1623900 484
1623910 483
1623920 483
1623930 483
1623940 482
1623950 482
1623960 482
1623970 481
1623980 480
1623990 480
1624000 480
1624010 479
1624020 479
1624030 479
1624040 479
1624050 479
1624060 478
1624070 478
1624080 478
1624090 478
1624100 478
1624110 479
1624120 479
1624130 480
1624140 481
1624150 481
1624160 483
1624170 484
1624180 484
1624190 486
1624200 487
1624210 487
1624220 489
1624230 490
1624240 490
1624250 490
1624260 491
1624270 492
1624280 492
1624290 493
1624300 493
1624310 493
1624320 494
1624330 495
1624340 495
1624350 496
1624360 497
1624370 497
1624380 497
1624390 498
1624400 498
1624410 499
1624420 501
1624430 507
1624440 507
1624450 510
1624460 512
1624470 512
1624480 514
1624490 512
1624500 512
1624510 514
1624520 514
1624530 514
1624540 514
1624550 514
1624560 514
1624570 514
1624580 514
1624590 514
1624600 514
1624610 513
1624620 513
1624630 513
1624640 513
1624650 514
1624660 514
1624670 514
1624680 514
1624690 514
1624700 514
1624710 514
1624720 514
1624730 515
1624740 517
1624750 518
1624760 518
1624770 519
1624780 520
1624790 520
1624800 521
1624810 519
1624820 519
1624830 517
1624840 517
1624850 517
1624860 516
1624870 516
1624880 516
1624890 516
1624900 516
1624910 516
1624920 516
1624930 516
1624940 517
1624950 517
1624960 517
1624970 517
1624980 517
1624990 517
1625000 517
1625010 517
1625020 517
1625030 518
1625040 518
1625050 519
1625060 520
1625070 520
1625080 523
1625090 525
1625100 527
1625110 527
1625120 529
1625130 533
1625140 533
1625150 535
1625160 539
1625170 539
1625180 543
1625190 544
1625200 544
1625210 545
1625220 547
1625230 547
1625240 548
1625250 549
1625260 550
1625270 550
1625280 551
1625290 552
1625300 552
1625310 553
1625320 554
1625330 554
1625340 554
1625350 554
1625360 554
1625370 553
1625380 552
1625390 551
1625400 549
1625410 548
1625420 547
1625430 547
1625440 547
1625450 547
1625460 547
1625470 546
1625480 546
1625490 546
1625500 546
1625510 546
1625520 546
1625530 547
1625540 547
1625550 547
1625560 547
1625570 548
1625580 550
1625590 550
1625600 552
1625610 554
1625620 554
1625630 557
1625640 559
1625650 559
1625660 561
1625670 563
1625680 563
1625690 563
1625700 563
1625710 563
1625720 561
1625730 559
1625740 559
1625750 559
1625760 559
1625770 560
1625780 560
1625790 563
1625800 564
1625810 564
1625820 564
1625830 564
1625840 564
1625850 565
1625860 565
1625870 565
1625880 566
1625890 567
1625900 567
1625910 567
1625920 568
1625930 568
1625940 568
1625950 568
1625960 567
1625970 567
1625980 566
1625990 566
1626000 566
1626010 567
1626020 567
1626030 567
1626040 567
1626050 567
1626060 567
1626070 567
1626080 567
1626090 567
1626100 567
1626110 567
1626120 566
1626130 566
1626140 566
1626150 565
1626160 565
1626170 565
1626180 564
1626190 564
1626200 563
1626210 561
1626220 561
1626230 559
1626240 556
1626250 552
1626260 552
1626270 547
1626280 548
1626290 548
1626300 545
1626310 543
1626320 543
1626330 542
1626340 541
1626350 541
1626360 540
1626370 539
1626380 539
1626390 538
1626400 538
1626410 537
1626420 537
1626430 538
1626440 537
1626450 537
1626460 537
1626470 536
1626480 536
1626490 535
1626500 534
1626510 534
1626520 533
1626530 532
1626540 532
1626550 532
1626560 531
1626570 527
1626580 527
1626590 525
1626600 523
1626610 523
1626620 522
1626630 520
1626640 520
1626650 518
1626660 516
1626670 516
1626680 515
1626690 514
1626700 514
1626710 514
1626720 513
1626730 513
1626740 513
1626750 513
1626760 514
1626770 514
1626780 514
1626790 514
1626800 514
1626810 514
1626820 514
1626830 514
1626840 514
1626850 514
1626860 514
1626870 515
1626880 515
1626890 516
1626900 516
1626910 518
1626920 519
1626930 519
1626940 520
1626950 521
1626960 521
1626970 522
1626980 523
1626990 523
1627000 524
1627010 523
1627020 523
1627030 522
1627040 520
1627050 519
1627060 519
1627070 518
1627080 518
1627090 518
1627100 518
1627110 517
1627120 517
1627130 517
1627140 517
1627150 517
1627160 517
1627170 517
1627180 517
1627190 517
1627200 517
1627210 517
1627220 517
1627230 517
1627240 517
1627250 517
1627260 516
1627270 516
1627280 516
1627290 516
1627300 516
1627310 516
1627320 516
1627330 515
1627340 515
1627350 515
1627360 515
1627370 515
1627380 515
1627390 515
1627400 515
1627410 515
1627420 515
1627430 515
1627440 515
1627450 515
1627460 514
1627470 514
1627480 514
1627490 514
1627500 514
1627510 514
1627520 515
1627530 515
1627540 515
1627550 514
1627560 515
1627570 515
1627580 515
1627590 515
1627600 515
1627610 515
1627620 515
1627630 515
1627640 516
1627650 516
1627660 516
1627670 517
1627680 519
1627690 519
1627700 520
1627710 522
1627720 524
1627730 524
1627740 526
1627750 528
1627760 528
1627770 530
1627780 532
1627790 532
1627800 535
1627810 537
1627820 537
1627830 540
1627840 541
1627850 541
1627860 542
1627870 541
1627880 540
1627890 540
1627900 540
1627910 540
1627920 540
1627930 539
1627940 539
1627950 539
1627960 538
1627970 536
1627980 536
1627990 535
1628000 533
1628010 533
1628020 531
1628030 529
1628040 528
1628050 530
1628060 528
1628070 526
1628080 526
1628090 524
1628100 523
1628110 523
1628120 521
1628130 520
1628140 520
1628150 519
1628160 517
1628170 517
1628180 516
1628190 515
1628200 514
1628210 514
1628220 513
1628230 512
1628240 512
1628250 512
1628260 511
1628270 511
1628280 511
1628290 510
1628300 510
1628310 510
1628320 510
1628330 510
1628340 510
1628350 511
1628360 512
1628370 512
1628380 514
1628390 515
1628400 515
1628410 517
1628420 518
1628430 518
1628440 518
1628450 518
1628460 518
1628470 517
1628480 516
1628490 516
1628500 515
1628510 513
1628520 511
1628530 511
1628540 510
1628550 510
1628560 510
1628570 509
1628580 509
1628590 509
1628600 509
1628610 508
1628620 508
1628630 508
1628640 508
1628650 508
1628660 508
1628670 507
1628680 507
1628690 507
1628700 507
1628710 507
1628720 507
1628730 506
1628740 506
1628750 506
1628760 506
1628770 506
1628780 506
1628790 506
1628800 506
1628810 506
1628820 507
1628830 507
1628840 507
1628850 506
1628860 506
1628870 506
1628880 506
1628890 506
1628900 505
1628910 505
1628920 504
1628930 504
1628940 504
1628950 504
1628960 504
1628970 504
1628980 503
1628990 503
1629000 503
1629010 502
1629020 501
1629030 501
1629040 501
1629050 500
1629060 499
1629070 499
1629080 499
1629090 498
1629100 498
1629110 498
1629120 497
1629130 497
1629140 497
1629150 497
1629160 497
1629170 498
1629180 500
1629190 502
1629200 502
1629210 503
1629220 504
1629230 504
1629240 504
1629250 504
1629260 504
1629270 504
1629280 506
1629290 506
1629300 507
1629310 509
1629320 509
1629330 511
1629340 515
1629350 519
1629360 519
1629370 524
1629380 528
1629390 528
1629400 533
1629410 536
1629420 536
1629430 539
1629440 542
1629450 542
1629460 544
1629470 546
1629480 546
1629490 546
1629500 543
1629510 541
1629520 541
1629530 539
1629540 536
1629550 536
1629560 533
1629570 531
1629580 531
1629590 527
1629600 524
1629610 524
1629620 521
1629630 518
1629640 518
1629650 514
1629660 510
1629670 506
1629680 506
1629690 503
1629700 502
1629710 502
1629720 502
1629730 502
1629740 502
1629750 502
1629760 502
1629770 502
1629780 502
1629790 501
1629800 501
1629810 501
1629820 501
1629830 500
1629840 500
1629850 500
1629860 499
1629870 499
1629880 499
1629890 498
1629900 498
1629910 496
1629920 492
1629930 492
1629940 488
1629950 483
1629960 483
1629970 479
1629980 478
1629990 477
1630000 477
1630010 477
1630020 477
1630030 477
1630040 477
1630050 477
1630060 477
1630070 477
1630080 477
1630090 477
1630100 477
1630110 477
1630120 477
1630130 477
1630140 476
1630150 476
1630160 475
1630170 474
1630180 473
1630190 473
1630200 473
1630210 472
1630220 472
1630230 472
1630240 472
1630250 472
1630260 471
1630270 471
1630280 471
1630290 470
1630300 469
1630310 469
1630320 469
1630330 469
1630340 470
1630350 470
1630360 470
1630370 470
1630380 470
1630390 470
1630400 470
1630410 470
1630420 470
1630430 471
1630440 471
1630450 471
1630460 471
1630470 471
1630480 471
1630490 471
1630500 471
1630510 471
1630520 472
1630530 472
1630540 472
1630550 472
1630560 473
1630570 473
1630580 473
1630590 474
1630600 474
1630610 474
1630620 475
1630630 475
1630640 476
1630650 476
1630660 477
1630670 477
1630680 476
1630690 473
1630700 473
1630710 472
1630720 472
1630730 472
1630740 472
1630750 471
1630760 471
1630770 471
1630780 471
1630790 471
1630800 471
1630810 471
1630820 472
1630830 472
1630840 472
1630850 475
1630860 475
1630870 481
1630880 486
1630890 486
1630900 491
1630910 496
1630920 496
1630930 500
1630940 500
1630950 500
1630960 500
1630970 500
1630980 500
1630990 500
1631000 500
1631010 500
1631020 500
1631030 500
1631040 501
1631050 501
1631060 501
1631070 501
1631080 501
1631090 500
1631100 498
1631110 498
1631120 496
1631130 494
1631140 493
1631150 493
1631160 491
1631170 491
1631180 491
1631190 491
1631200 490
1631210 490
1631220 487
1631230 486
1631240 486
1631250 483
1631260 480
1631270 480
1631280 480
1631290 479
1631300 479
1631310 479
1631320 479
1631330 480
1631340 480
1631350 481
1631360 481
1631370 481
1631380 481
1631390 480
1631400 480
1631410 481
1631420 481
1631430 481
1631440 481
1631450 481
1631460 481
1631470 481
1631480 481
1631490 481
1631500 481
1631510 482
1631520 484
1631530 484
1631540 483
1631550 482
1631560 482
1631570 481
1631580 481
1631590 481
1631600 481
1631610 482
1631620 482
1631630 484
1631640 487
1631650 491
1631660 491
1631670 492
1631680 492
1631690 492
1631700 492
1631710 493
1631720 493
1631730 494
1631740 495
1631750 495
1631760 495
1631770 495
1631780 495
1631790 496
1631800 496
1631810 497
1631820 497
1631830 497
1631840 498
1631850 498
1631860 498
1631870 498
1631880 498
1631890 499
1631900 499
1631910 499
1631920 499
1631930 499
1631940 499
1631950 499
1631960 499
1631970 499
1631980 499
1631990 499
1632000 498
1632010 498
1632020 498
1632030 498
1632040 498
1632050 498
1632060 498
1632070 498
1632080 498
1632090 498
1632100 498
1632110 498
1632120 498
1632130 498
1632140 498
1632150 498
1632160 498
1632170 498
1632180 498
1632190 498
1632200 498
1632210 498
1632220 498
1632230 498
1632240 498
1632250 498
1632260 498
1632270 499
1632280 498
1632290 498
1632300 498
1632310 498
1632320 499
1632330 499
1632340 499
1632350 499
1632360 499
1632370 499
1632380 499
1632390 499
1632400 499
1632410 499
1632420 499
1632430 499
1632440 499
1632450 498
1632460 498
1632470 498
1632480 499
1632490 499
1632500 499
1632510 498
1632520 498
1632530 498
1632540 498
1632550 498
1632560 498
1632570 498
1632580 498
1632590 498
1632600 498
1632610 498
1632620 498
1632630 498
1632640 498
1632650 498
1632660 498
1632670 498
1632680 498
1632690 498
1632700 498
1632710 498
1632720 498
1632730 498
1632740 498
1632750 498
1632760 498
1632770 498
1632780 497
1632790 497
1632800 497
1632810 497
1632820 498
1632830 498
1632840 498
1632850 498
1632860 498
1632870 498
1632880 498
1632890 498
1632900 498
1632910 497
1632920 497
1632930 497
1632940 497
1632950 498
1632960 498
1632970 498
1632980 498
1632990 498
1633000 498
1633010 498
1633020 498
1633030 498
1633040 498
1633050 498
1633060 498
1633070 498
1633080 498
1633090 498
1633100 499
1633110 499
1633120 500
1633130 500
1633140 500
1633150 501
1633160 501
1633170 501
1633180 502
1633190 502
1633200 502
1633210 502
1633220 502
1633230 502
1633240 503
1633250 503
1633260 503
1633270 503
1633280 503
1633290 503
1633300 503
1633310 504
1633320 504
1633330 504
1633340 504
1633350 504
1633360 504
1633370 505
1633380 505
1633390 505
1633400 506
1633410 506
1633420 506
1633430 507
1633440 507
1633450 507
1633460 507
1633470 507
1633480 507
1633490 507
1633500 508
1633510 508
1633520 508
1633530 508
1633540 508
1633550 508
1633560 508
1633570 508
1633580 509
1633590 509
1633600 509
1633610 509
1633620 510
1633630 510
1633640 510
1633650 510
1633660 511
1633670 511
1633680 511
1633690 511
1633700 511
1633710 511
1633720 511
1633730 511
1633740 511
1633750 511
1633760 511
1633770 511
1633780 511
1633790 511
1633800 511
1633810 511
1633820 511
1633830 511
1633840 511
1633850 511
1633860 511
1633870 511
1633880 511
1633890 511
1633900 511
1633910 510
1633920 510
1633930 509
1633940 509
1633950 510
1633960 510
1633970 510
1633980 510
1633990 510
1634000 510
1634010 510
1634020 510
1634030 510
1634040 510
1634050 510
1634060 511
1634070 511
1634080 511
1634090 512
1634100 512
1634110 513
1634120 513
1634130 513
1634140 513
1634150 513
1634160 512
1634170 512
1634180 512
1634190 511
1634200 512
1634210 512
1634220 512
1634230 512
1634240 512
1634250 513
1634260 513
1634270 514
1634280 514
1634290 515
1634300 516
1634310 516
1634320 516
1634330 516
1634340 516
1634350 516
1634360 516
1634370 516
1634380 515
1634390 515
1634400 515
1634410 515
1634420 515
1634430 515
1634440 515
1634450 514
1634460 515
1634470 515
1634480 515
1634490 515
1634500 515
1634510 516
1634520 517
1634530 517
1634540 517
1634550 518
1634560 518
1634570 519
1634580 521
1634590 522
1634600 522
1634610 524
1634620 526
1634630 526
1634640 529
1634650 532
1634660 532
1634670 534
1634680 536
1634690 536
1634700 537
1634710 537
1634720 537
1634730 536
1634740 535
1634750 534
1634760 534
1634770 534
1634780 535
1634790 535
1634800 537
1634810 537
1634820 537
1634830 534
1634840 531
1634850 531
1634860 530
1634870 531
1634880 531
1634890 533
1634900 537
1634910 539
1634920 539
1634930 541
1634940 541
1634950 541
1634960 539
1634970 537
1634980 537
1634990 536
1635000 535
1635010 535
1635020 535
1635030 534
1635040 534
1635050 533
1635060 531
1635070 530
1635080 530
1635090 529
1635100 528
1635110 528
1635120 526
1635130 525
1635140 525
1635150 523
1635160 521
1635170 521
1635180 520
1635190 519
1635200 519
1635210 518
1635220 517
1635230 517
1635240 516
1635250 516
1635260 515
1635270 515
1635280 515
1635290 514
1635300 514
1635310 514
1635320 514
1635330 514
1635340 513
1635350 513
1635360 513
1635370 513
1635380 513
1635390 513
1635400 513
1635410 512
1635420 512
1635430 512
1635440 512
1635450 511
1635460 511
1635470 511
1635480 511
1635490 511
1635500 511
1635510 510
1635520 510
1635530 510
1635540 510
1635550 510
1635560 510
1635570 510
1635580 510
1635590 510
1635600 510
1635610 510
1635620 510
1635630 510
1635640 509
1635650 509
1635660 509
1635670 509
1635680 509
1635690 510
1635700 510
1635710 510
1635720 510
1635730 510
1635740 510
1635750 510
1635760 510
1635770 510
1635780 510
1635790 510
1635800 510
1635810 510
1635820 510
1635830 511
1635840 511
1635850 511
1635860 510
1635870 510
1635880 510
1635890 510
1635900 510
1635910 510
1635920 510
1635930 510
1635940 510
1635950 511
1635960 511
1635970 511
1635980 511
1635990 511
1636000 511
1636010 511
1636020 511
1636030 511
1636040 511
1636050 511
1636060 511
1636070 511
1636080 511
1636090 511
1636100 511
1636110 511
1636120 511
1636130 511
1636140 511
1636150 510
1636160 510
1636170 510
1636180 510
1636190 510
1636200 510
1636210 510
1636220 510
1636230 510
1636240 510
1636250 510
1636260 510
1636270 510
1636280 510
1636290 510
1636300 510
1636310 510
1636320 510
1636330 511
1636340 511
1636350 511
1636360 511
1636370 511
1636380 511
1636390 511
1636400 511
1636410 511
1636420 511
1636430 511
1636440 511
1636450 511
1636460 511
1636470 511
1636480 511
1636490 511
1636500 511
1636510 511
1636520 511
1636530 511
1636540 511
1636550 511
1636560 511
1636570 511
1636580 511
1636590 511
1636600 511
1636610 511
1636620 511
1636630 511
1636640 511
1636650 511
1636660 511
1636670 511
1636680 511
1636690 511
1636700 511
1636710 511
1636720 511
1636730 511
1636740 511
1636750 511
1636760 511
1636770 511
1636780 511
1636790 511
1636800 511
1636810 511
1636820 511
1636830 511
1636840 511
1636850 511
1636860 511
1636870 511
1636880 511
1636890 511
1636900 511
1636910 511
1636920 511
1636930 511
1636940 511
1636950 511
1636960 511
1636970 510
1636980 510
1636990 510
1637000 510
1637010 510
1637020 510
1637030 510
1637040 509
1637050 509
1637060 509
1637070 508
1637080 508
1637090 508
1637100 508
1637110 507
1637120 507
1637130 507
1637140 506
1637150 506
1637160 506
1637170 505
1637180 505
1637190 505
1637200 504
1637210 502
1637220 502
1637230 499
1637240 496
1637250 496
1637260 494
1637270 493
1637280 493
1637290 492
1637300 492
1637310 492
1637320 492
1637330 492
1637340 492
1637350 492
1637360 492
1637370 493
1637380 493
1637390 493
1637400 494
1637410 494
1637420 494
1637430 495
1637440 495
1637450 496
1637460 498
1637470 498
1637480 500
1637490 502
1637500 502
1637510 504
1637520 509
1637530 514
1637540 514
1637550 520
1637560 526
1637570 526
1637580 533
1637590 539
1637600 539
1637610 545
1637620 550
1637630 550
1637640 555
1637650 559
1637660 559
1637670 562
1637680 566
1637690 570
1637700 570
1637710 573
1637720 576
1637730 576
1637740 579
1637750 582
1637760 582
1637770 587
1637780 591
1637790 591
1637800 593
1637810 595
1637820 595
1637830 597
1637840 598
1637850 598
1637860 599
1637870 599
1637880 599
1637890 599
1637900 599
1637910 598
1637920 598
1637930 597
1637940 597
1637950 597
1637960 598
1637970 598
1637980 598
1637990 598
1638000 599
1638010 599
1638020 600
1638030 599
1638040 596
1638050 596
1638060 592
1638070 589
1638080 589
1638090 588
1638100 586
1638110 586
1638120 584
1638130 584
1638140 584
1638150 582
1638160 579
1638170 579
1638180 575
1638190 570
1638200 568
1638210 568
1638220 573
1638230 572
1638240 572
1638250 571
1638260 572
1638270 572
1638280 573
1638290 574
1638300 574
1638310 577
1638320 579
1638330 579
1638340 581
1638350 584
1638360 587
1638370 587
1638380 589
1638390 591
1638400 591
1638410 593
1638420 595
1638430 595
1638440 599
1638450 602
1638460 602
1638470 606
1638480 609
1638490 609
1638500 611
1638510 614
1638520 616
1638530 616
1638540 618
1638550 621
1638560 621
1638570 624
1638580 628
1638590 628
1638600 632
1638610 635
1638620 635
1638630 638
1638640 640
1638650 640
1638660 642
1638670 643
1638680 643
1638690 643
1638700 642
1638710 640
1638720 640
1638730 638
1638740 636
1638750 636
1638760 632
1638770 629
1638780 629
1638790 626
1638800 623
1638810 623
1638820 619
1638830 616
1638840 613
1638850 613
1638860 610
1638870 607
1638880 607
1638890 607
1638900 606
1638910 606
1638920 605
1638930 605
1638940 605
1638950 605
1638960 605
1638970 605
1638980 605
1638990 605
1639000 605
1639010 605
1639020 606
1639030 607
1639040 611
1639050 612
1639060 613
1639070 613
1639080 615
1639090 616
1639100 616
1639110 616
1639120 616
1639130 616
1639140 615
1639150 614
1639160 614
1639170 611
1639180 607
1639190 602
1639200 602
1639210 596
1639220 590
1639230 590
1639240 585
1639250 584
1639260 584
1639270 584
1639280 586
1639290 586
1639300 588
1639310 590
1639320 590
1639330 591
1639340 589
1639350 584
1639360 584
1639370 577
1639380 571
1639390 571
1639400 565
1639410 559
1639420 559
1639430 553
1639440 547
1639450 547
1639460 547
1639470 551
1639480 551
1639490 556
1639500 561
1639510 564
1639520 564
1639530 564
1639540 562
1639550 562
1639560 560
1639570 558
1639580 558
1639590 556
1639600 554
1639610 554
1639620 550
1639630 545
1639640 545
1639650 542
1639660 543
1639670 544
1639680 544
1639690 544
1639700 545
1639710 545
1639720 545
1639730 544
1639740 544
1639750 543
1639760 542
1639770 542
1639780 539
1639790 536
1639800 536
1639810 535
1639820 534
1639830 534
1639840 534
1639850 536
1639860 542
1639870 542
1639880 540
1639890 537
1639900 537
1639910 535
1639920 533
1639930 533
1639940 532
1639950 531
1639960 531
1639970 530
1639980 528
1639990 525
