1620000 656
1620010 656
1620020 655
1620030 654
1620040 653
1620050 653
1620060 652
1620070 651
1620080 651
1620090 649
1620100 648
1620110 648
1620120 647
1620130 645
1620140 645
1620150 643
1620160 642
1620170 642
1620180 640
1620190 640
1620200 640
1620210 640
1620220 638
1620230 637
1620240 637
1620250 636
1620260 635
1620270 635
1620280 634
1620290 628
1620300 628
1620310 627
1620320 626
1620330 626
1620340 625
1620350 623
1620360 622
1620370 622
1620380 621
1620390 619
1620400 619
1620410 618
1620420 617
1620430 617
1620440 615
1620450 613
1620460 613
1620470 612
1620480 612
1620490 612
1620500 612
1620510 611
1620520 610
1620530 610
1620540 609
1620550 608
1620560 608
1620570 607
1620580 606
1620590 606
1620600 605
1620610 604
1620620 604
1620630 602
1620640 601
1620650 601
1620660 599
1620670 597
1620680 595
1620690 595
1620700 592
1620710 589
1620720 589
1620730 585
1620740 582
1620750 582
1620760 579
1620770 578
1620780 578
1620790 578
1620800 580
1620810 580
1620820 584
1620830 586
1620840 584
1620850 584
1620860 582
1620870 580
1620880 580
1620890 577
1620900 574
1620910 574
1620920 571
1620930 569
1620940 569
1620950 566
1620960 563
1620970 563
1620980 560
1620990 558
1621000 556
1621010 556
1621020 553
1621030 550
1621040 550
1621050 547
1621060 545
1621070 545
1621080 542
1621090 539
1621100 539
1621110 537
1621120 535
1621130 535
1621140 532
1621150 531
1621160 531
1621170 529
1621180 527
1621190 526
1621200 526
1621210 521
1621220 518
1621230 518
1621240 516
1621250 515
1621260 515
1621270 513
1621280 511
1621290 511
1621300 510
1621310 508
1621320 508
1621330 507
1621340 506
1621350 504
1621360 504
1621370 502
1621380 500
1621390 500
1621400 499
1621410 498
1621420 498
1621430 498
1621440 497
1621450 497
1621460 496
1621470 496
1621480 496
1621490 496
1621500 496
1621510 496
1621520 496
1621530 497
1621540 496
1621550 496
1621560 496
1621570 497
1621580 497
1621590 497
1621600 497
1621610 497
1621620 496
1621630 495
1621640 495
1621650 494
1621660 493
1621670 492
1621680 492
1621690 491
1621700 490
1621710 490
1621720 488
1621730 485
1621740 485
1621750 484
1621760 482
1621770 482
1621780 481
1621790 480
1621800 480
1621810 480
1621820 479
1621830 477
1621840 477
1621850 476
1621860 475
1621870 475
1621880 475
1621890 476
1621900 476
1621910 476
1621920 476
1621930 476
1621940 476
1621950 476
1621960 476
1621970 476
1621980 476
1621990 475
1622000 475
1622010 474
1622020 470
1622030 470
1622040 466
1622050 466
1622060 466
1622070 467
1622080 467
1622090 467
1622100 468
1622110 469
1622120 469
1622130 475
1622140 477
1622150 479
1622160 479
1622170 483
1622180 486
1622190 486
1622200 487
1622210 488
1622220 488
1622230 487
1622240 485
1622250 485
1622260 482
1622270 481
1622280 481
1622290 479
1622300 477
1622310 476
1622320 476
1622330 475
1622340 474
1622350 474
1622360 471
1622370 467
1622380 467
1622390 461
1622400 458
1622410 458
1622420 458
1622430 458
1622440 458
1622450 457
1622460 457
1622470 457
1622480 457
1622490 457
1622500 457
1622510 457
1622520 457
1622530 457
1622540 457
1622550 457
1622560 457
1622570 457
1622580 458
1622590 458
1622600 458
1622610 458
1622620 459
1622630 459
1622640 459
1622650 460
1622660 462
1622670 462
1622680 464
1622690 469
1622700 469
1622710 473
1622720 478
1622730 478
1622740 484
1622750 487
1622760 487
1622770 492
1622780 496
1622790 496
1622800 499
1622810 502
1622820 504
1622830 504
1622840 506
1622850 508
1622860 508
1622870 510
1622880 511
1622890 511
1622900 513
1622910 515
1622920 515
1622930 517
1622940 520
1622950 520
1622960 523
1622970 527
1622980 530
1622990 530
1623000 534
1623010 538
1623020 538
1623030 541
1623040 546
1623050 546
1623060 549
1623070 551
1623080 551
1623090 553
1623100 555
1623110 555
1623120 558
1623130 562
1623140 566
1623150 566
1623160 570
1623170 573
1623180 573
1623190 577
1623200 579
1623210 579
1623220 581
1623230 582
1623240 582
1623250 582
1623260 582
1623270 582
1623280 583
1623290 581
1623300 577
1623310 577
1623320 576
1623330 577
1623340 577
1623350 577
1623360 578
1623370 578
1623380 577
1623390 575
1623400 575
1623410 574
1623420 572
1623430 572
1623440 572
1623450 572
1623460 573
1623470 573
1623480 573
1623490 574
1623500 574
1623510 576
1623520 578
1623530 578
1623540 581
1623550 584
1623560 584
1623570 587
1623580 589
1623590 589
1623600 590
1623610 591
1623620 589
1623630 589
1623640 587
1623650 583
1623660 583
1623670 579
1623680 574
1623690 574
1623700 567
1623710 561
1623720 561
1623730 555
1623740 549
1623750 549
1623760 544
1623770 540
1623780 540
1623790 537
1623800 535
1623810 533
1623820 533
1623830 531
1623840 530
1623850 530
1623860 529
1623870 528
1623880 528
1623890 527
1623900 527
1623910 527
1623920 527
1623930 526
1623940 526
1623950 526
1623960 525
1623970 522
1623980 522
1623990 520
1624000 520
1624010 520
1624020 520
1624030 519
1624040 519
1624050 517
1624060 513
1624070 513
1624080 510
1624090 508
1624100 508
1624110 505
1624120 503
1624130 501
1624140 501
1624150 499
1624160 498
1624170 498
1624180 497
1624190 496
1624200 496
1624210 494
1624220 494
1624230 494
1624240 493
1624250 492
1624260 492
1624270 491
1624280 490
1624290 489
1624300 489
1624310 489
1624320 489
1624330 489
1624340 490
1624350 490
1624360 490
1624370 490
1624380 491
1624390 491
1624400 492
1624410 492
1624420 492
1624430 492
1624440 493
1624450 493
1624460 493
1624470 494
1624480 495
1624490 495
1624500 496
1624510 497
1624520 497
1624530 498
1624540 500
1624550 500
1624560 501
1624570 502
1624580 502
1624590 503
1624600 505
1624610 506
1624620 506
1624630 506
1624640 507
1624650 507
1624660 507
1624670 507
1624680 507
1624690 507
1624700 507
1624710 507
1624720 507
1624730 507
1624740 507
1624750 508
1624760 508
1624770 509
1624780 509
1624790 510
1624800 511
1624810 511
1624820 512
1624830 513
1624840 513
1624850 514
1624860 515
1624870 515
1624880 516
1624890 518
1624900 518
1624910 520
1624920 521
1624930 523
1624940 523
1624950 526
1624960 528
1624970 528
1624980 531
1624990 534
1625000 534
1625010 538
1625020 542
1625030 542
1625040 546
1625050 550
1625060 550
1625070 553
1625080 556
1625090 556
1625100 560
1625110 562
1625120 566
1625130 566
1625140 570
1625150 574
1625160 574
1625170 579
1625180 582
1625190 582
1625200 585
1625210 588
1625220 588
1625230 589
1625240 589
1625250 589
1625260 588
1625270 587
1625280 585
1625290 585
1625300 584
1625310 583
1625320 583
1625330 581
1625340 579
1625350 579
1625360 577
1625370 575
1625380 575
1625390 574
1625400 572
1625410 572
1625420 572
1625430 572
1625440 572
1625450 572
1625460 572
1625470 572
1625480 572
1625490 572
1625500 572
1625510 572
1625520 572
1625530 572
1625540 572
1625550 572
1625560 572
1625570 572
1625580 570
1625590 567
1625600 565
1625610 565
1625620 562
1625630 561
1625640 561
1625650 559
1625660 558
1625670 558
1625680 557
1625690 557
1625700 557
1625710 554
1625720 551
1625730 551
1625740 550
1625750 550
1625760 550
1625770 550
1625780 552
1625790 554
1625800 554
1625810 554
1625820 556
1625830 556
1625840 558
1625850 562
1625860 562
1625870 567
1625880 571
1625890 571
1625900 572
1625910 573
1625920 574
1625930 574
1625940 572
1625950 567
1625960 567
1625970 564
1625980 560
1625990 560
1626000 557
1626010 555
1626020 555
1626030 551
1626040 546
1626050 546
1626060 542
1626070 538
1626080 534
1626090 534
1626100 530
1626110 528
1626120 528
1626130 528
1626140 527
1626150 527
1626160 527
1626170 527
1626180 527
1626190 527
1626200 527
1626210 527
1626220 527
1626230 527
1626240 527
1626250 527
1626260 528
1626270 529
1626280 529
1626290 531
1626300 533
1626310 533
1626320 536
1626330 539
1626340 539
1626350 542
1626360 545
1626370 545
1626380 547
1626390 548
1626400 548
1626410 548
1626420 549
1626430 551
1626440 551
1626450 552
1626460 553
1626470 553
1626480 554
1626490 556
1626500 556
1626510 558
1626520 559
1626530 559
1626540 558
1626550 556
1626560 556
1626570 553
1626580 549
1626590 544
1626600 544
1626610 540
1626620 538
1626630 538
1626640 537
1626650 537
1626660 537
1626670 537
1626680 537
1626690 537
1626700 538
1626710 537
1626720 537
1626730 536
1626740 532
1626750 529
1626760 529
1626770 529
1626780 527
1626790 527
1626800 524
1626810 522
1626820 522
1626830 521
1626840 520
1626850 520
1626860 522
1626870 526
1626880 526
1626890 526
1626900 523
1626910 520
1626920 520
1626930 517
1626940 517
1626950 517
1626960 516
1626970 516
1626980 516
1626990 517
1627000 517
1627010 517
1627020 518
1627030 519
1627040 519
1627050 521
1627060 525
1627070 529
1627080 529
1627090 530
1627100 529
1627110 529
1627120 529
1627130 528
1627140 528
1627150 527
1627160 525
1627170 525
1627180 523
1627190 520
1627200 520
1627210 518
1627220 516
1627230 516
1627240 516
1627250 515
1627260 515
1627270 515
1627280 515
1627290 514
1627300 514
1627310 514
1627320 513
1627330 513
1627340 513
1627350 513
1627360 513
1627370 513
1627380 513
1627390 513
1627400 513
1627410 513
1627420 513
1627430 513
1627440 512
1627450 512
1627460 512
1627470 512
1627480 512
1627490 512
1627500 512
1627510 512
1627520 512
1627530 512
1627540 512
1627550 512
1627560 511
1627570 511
1627580 511
1627590 511
1627600 511
1627610 511
1627620 511
1627630 511
1627640 511
1627650 511
1627660 511
1627670 511
1627680 511
1627690 511
1627700 511
1627710 511
1627720 512
1627730 513
1627740 517
1627750 517
1627760 522
1627770 528
1627780 528
1627790 532
1627800 531
1627810 531
1627820 530
1627830 528
1627840 528
1627850 527
1627860 525
1627870 525
1627880 520
1627890 517
1627900 513
1627910 513
1627920 512
1627930 512
1627940 512
1627950 514
1627960 518
1627970 518
1627980 521
1627990 521
1628000 521
1628010 519
1628020 518
1628030 518
1628040 515
1628050 511
1628060 509
1628070 509
1628080 508
1628090 508
1628100 508
1628110 508
1628120 508
1628130 508
1628140 508
1628150 508
1628160 508
1628170 508
1628180 508
1628190 508
1628200 508
1628210 507
1628220 507
1628230 507
1628240 507
1628250 507
1628260 507
1628270 507
1628280 507
1628290 507
1628300 507
1628310 507
1628320 507
1628330 507
1628340 507
1628350 507
1628360 507
1628370 507
1628380 507
1628390 507
1628400 507
1628410 507
1628420 507
1628430 507
1628440 507
1628450 507
1628460 506
1628470 506
1628480 506
1628490 506
1628500 506
1628510 506
1628520 506
1628530 506
1628540 506
1628550 506
1628560 506
1628570 506
1628580 506
1628590 506
1628600 506
1628610 506
1628620 506
1628630 506
1628640 506
1628650 506
1628660 506
1628670 506
1628680 506
1628690 506
1628700 506
1628710 506
1628720 506
1628730 505
1628740 505
1628750 504
1628760 503
1628770 503
1628780 503
1628790 502
1628800 502
1628810 502
1628820 502
1628830 502
1628840 502
1628850 502
1628860 502
1628870 502
1628880 502
1628890 502
1628900 502
1628910 502
1628920 502
1628930 502
1628940 502
1628950 500
1628960 500
1628970 499
1628980 498
1628990 498
1629000 497
1629010 496
1629020 496
1629030 496
1629040 495
1629050 495
1629060 495
1629070 494
1629080 494
1629090 494
1629100 494
1629110 494
1629120 494
1629130 494
1629140 493
1629150 493
1629160 493
1629170 493
1629180 493
1629190 493
1629200 493
1629210 492
1629220 492
1629230 492
1629240 492
1629250 492
1629260 491
1629270 490
1629280 490
1629290 489
1629300 489
1629310 489
1629320 489
1629330 489
1629340 489
1629350 488
1629360 488
1629370 488
1629380 488
1629390 488
1629400 488
1629410 488
1629420 488
1629430 488
1629440 488
1629450 488
1629460 487
1629470 487
1629480 487
1629490 487
1629500 487
1629510 487
1629520 487
1629530 486
1629540 486
1629550 484
1629560 484
1629570 484
1629580 484
1629590 482
1629600 482
1629610 482
1629620 481
1629630 481
1629640 482
1629650 485
1629660 485
1629670 487
1629680 488
1629690 488
1629700 488
1629710 488
1629720 489
1629730 489
1629740 489
1629750 488
1629760 488
1629770 488
1629780 486
1629790 486
1629800 484
1629810 482
1629820 482
1629830 480
1629840 479
1629850 478
1629860 478
1629870 477
1629880 477
1629890 477
1629900 477
1629910 477
1629920 477
1629930 477
1629940 477
1629950 477
1629960 477
1629970 477
1629980 477
1629990 477
1630000 476
1630010 476
1630020 476
1630030 475
1630040 474
1630050 474
1630060 473
1630070 472
1630080 472
1630090 471
1630100 471
1630110 471
1630120 471
1630130 470
1630140 470
1630150 470
1630160 470
1630170 470
1630180 470
1630190 470
1630200 469
1630210 469
1630220 469
1630230 469
1630240 469
1630250 469
1630260 469
1630270 469
1630280 469
1630290 470
1630300 470
1630310 471
1630320 472
1630330 472
1630340 473
1630350 475
1630360 477
1630370 477
1630380 479
1630390 482
1630400 482
1630410 485
1630420 486
1630430 486
1630440 490
1630450 494
1630460 494
1630470 495
1630480 496
1630490 496
1630500 494
1630510 492
1630520 490
1630530 490
1630540 489
1630550 489
1630560 489
1630570 488
1630580 488
1630590 488
1630600 488
1630610 488
1630620 488
1630630 488
1630640 488
1630650 488
1630660 488
1630670 488
1630680 488
1630690 488
1630700 488
1630710 488
1630720 488
1630730 488
1630740 489
1630750 489
1630760 490
1630770 490
1630780 490
1630790 491
1630800 492
1630810 492
1630820 492
1630830 492
1630840 492
1630850 492
1630860 492
1630870 493
1630880 493
1630890 493
1630900 493
1630910 493
1630920 493
1630930 493
1630940 493
1630950 493
1630960 493
1630970 493
1630980 493
1630990 493
1631000 493
1631010 493
1631020 492
1631030 493
1631040 493
1631050 493
1631060 493
1631070 493
1631080 493
1631090 493
1631100 493
1631110 493
1631120 493
1631130 493
1631140 493
1631150 493
1631160 493
1631170 493
1631180 493
1631190 493
1631200 493
1631210 493
1631220 493
1631230 493
1631240 493
1631250 493
1631260 493
1631270 493
1631280 493
1631290 493
1631300 493
1631310 493
1631320 493
1631330 493
1631340 493
1631350 493
1631360 493
1631370 493
1631380 493
1631390 493
1631400 493
1631410 493
1631420 493
1631430 492
1631440 492
1631450 492
1631460 492
1631470 492
1631480 492
1631490 492
1631500 492
1631510 492
1631520 492
1631530 492
1631540 492
1631550 492
1631560 492
1631570 492
1631580 492
1631590 491
1631600 491
1631610 491
1631620 491
1631630 491
1631640 491
1631650 491
1631660 491
1631670 491
1631680 491
1631690 491
1631700 491
1631710 491
1631720 491
1631730 491
1631740 491
1631750 491
1631760 490
1631770 490
1631780 490
1631790 489
1631800 489
1631810 489
1631820 488
1631830 487
1631840 487
1631850 486
1631860 486
1631870 486
1631880 487
1631890 488
1631900 488
1631910 489
1631920 494
1631930 494
1631940 497
1631950 497
1631960 497
1631970 497
1631980 497
1631990 498
1632000 498
1632010 498
1632020 498
1632030 498
1632040 498
1632050 498
1632060 498
1632070 498
1632080 498
1632090 498
1632100 498
1632110 498
1632120 498
1632130 498
1632140 498
1632150 498
1632160 498
1632170 498
1632180 498
1632190 498
1632200 498
1632210 498
1632220 498
1632230 498
1632240 498
1632250 498
1632260 498
1632270 498
1632280 498
1632290 498
1632300 497
1632310 497
1632320 497
1632330 497
1632340 497
1632350 497
1632360 498
1632370 498
1632380 498
1632390 498
1632400 498
1632410 498
1632420 498
1632430 498
1632440 498
1632450 498
1632460 497
1632470 497
1632480 497
1632490 497
1632500 497
1632510 497
1632520 498
1632530 498
1632540 498
1632550 498
1632560 498
1632570 498
1632580 499
1632590 500
1632600 500
1632610 501
1632620 501
1632630 501
1632640 500
1632650 500
1632660 500
1632670 500
1632680 500
1632690 500
1632700 500
1632710 498
1632720 498
1632730 498
1632740 500
1632750 500
1632760 500
1632770 500
1632780 500
1632790 500
1632800 500
1632810 500
1632820 501
1632830 501
1632840 501
1632850 501
1632860 501
1632870 501
1632880 501
1632890 501
1632900 502
1632910 502
1632920 502
1632930 503
1632940 503
1632950 503
1632960 504
1632970 504
1632980 504
1632990 504
1633000 505
1633010 505
1633020 505
1633030 505
1633040 505
1633050 505
1633060 505
1633070 505
1633080 505
1633090 505
1633100 505
1633110 505
1633120 505
1633130 506
1633140 506
1633150 506
1633160 507
1633170 507
1633180 507
1633190 509
1633200 511
1633210 511
1633220 509
1633230 509
1633240 509
1633250 509
1633260 509
1633270 509
1633280 509
1633290 510
1633300 510
1633310 510
1633320 510
1633330 511
1633340 511
1633350 511
1633360 511
1633370 511
1633380 511
1633390 511
1633400 511
1633410 511
1633420 511
1633430 511
1633440 511
1633450 511
1633460 511
1633470 511
1633480 512
1633490 512
1633500 512
1633510 513
1633520 513
1633530 513
1633540 513
1633550 513
1633560 513
1633570 514
1633580 514
1633590 514
1633600 514
1633610 514
1633620 514
1633630 514
1633640 514
1633650 514
1633660 514
1633670 514
1633680 514
1633690 514
1633700 514
1633710 514
1633720 514
1633730 514
1633740 514
1633750 514
1633760 514
1633770 514
1633780 514
1633790 514
1633800 514
1633810 514
1633820 514
1633830 514
1633840 514
1633850 514
1633860 514
1633870 514
1633880 514
1633890 514
1633900 514
1633910 514
1633920 514
1633930 515
1633940 515
1633950 515
1633960 516
1633970 516
1633980 516
1633990 517
1634000 518
1634010 518
1634020 519
1634030 520
1634040 520
1634050 520
1634060 520
1634070 520
1634080 519
1634090 519
1634100 519
1634110 519
1634120 519
1634130 520
1634140 520
1634150 520
1634160 520
1634170 520
1634180 520
1634190 520
1634200 520
1634210 519
1634220 516
1634230 516
1634240 514
1634250 514
1634260 514
1634270 517
1634280 519
1634290 520
1634300 520
1634310 520
1634320 520
1634330 520
1634340 520
1634350 519
1634360 519
1634370 519
1634380 519
1634390 519
1634400 520
1634410 520
1634420 520
1634430 519
1634440 519
1634450 519
1634460 519
1634470 520
1634480 521
1634490 521
1634500 523
1634510 525
1634520 525
1634530 525
1634540 525
1634550 525
1634560 525
1634570 524
1634580 524
1634590 524
1634600 524
1634610 525
1634620 525
1634630 525
1634640 526
1634650 526
1634660 526
1634670 526
1634680 526
1634690 526
1634700 526
1634710 526
1634720 525
1634730 525
1634740 525
1634750 525
1634760 524
1634770 524
1634780 524
1634790 524
1634800 523
1634810 523
1634820 523
1634830 523
1634840 523
1634850 522
1634860 521
1634870 521
1634880 521
1634890 520
1634900 520
1634910 519
1634920 519
1634930 519
1634940 518
1634950 518
1634960 517
1634970 517
1634980 517
1634990 517
1635000 517
1635010 516
1635020 516
1635030 516
1635040 516
1635050 515
1635060 515
1635070 515
1635080 515
1635090 515
1635100 515
1635110 514
1635120 514
1635130 514
1635140 514
1635150 514
1635160 514
1635170 514
1635180 513
1635190 513
1635200 513
1635210 513
1635220 513
1635230 513
1635240 513
1635250 513
1635260 513
1635270 513
1635280 512
1635290 512
1635300 512
1635310 511
1635320 511
1635330 511
1635340 511
1635350 511
1635360 511
1635370 511
1635380 511
1635390 511
1635400 511
1635410 511
1635420 511
1635430 511
1635440 511
1635450 511
1635460 511
1635470 511
1635480 511
1635490 511
1635500 511
1635510 511
1635520 511
1635530 511
1635540 511
1635550 510
1635560 510
1635570 510
1635580 510
1635590 510
1635600 510
1635610 510
1635620 510
1635630 509
1635640 509
1635650 509
1635660 509
1635670 509
1635680 509
1635690 509
1635700 509
1635710 509
1635720 509
1635730 509
1635740 509
1635750 509
1635760 509
1635770 509
1635780 509
1635790 509
1635800 509
1635810 508
1635820 508
1635830 508
1635840 508
1635850 508
1635860 508
1635870 508
1635880 508
1635890 508
1635900 508
1635910 508
1635920 508
1635930 508
1635940 508
1635950 508
1635960 508
1635970 508
1635980 508
1635990 508
1636000 508
1636010 508
1636020 508
1636030 508
1636040 508
1636050 508
1636060 508
1636070 508
1636080 508
1636090 508
1636100 508
1636110 508
1636120 508
1636130 507
1636140 507
1636150 507
1636160 507
1636170 507
1636180 507
1636190 507
1636200 507
1636210 507
1636220 507
1636230 507
1636240 507
1636250 507
1636260 507
1636270 507
1636280 507
1636290 507
1636300 507
1636310 507
1636320 507
1636330 507
1636340 507
1636350 507
1636360 506
1636370 506
1636380 506
1636390 506
1636400 506
1636410 506
1636420 506
1636430 506
1636440 506
1636450 506
1636460 506
1636470 506
1636480 506
1636490 506
1636500 506
1636510 506
1636520 506
1636530 506
1636540 506
1636550 505
1636560 505
1636570 505
1636580 505
1636590 505
1636600 505
1636610 505
1636620 505
1636630 505
1636640 505
1636650 506
1636660 506
1636670 506
1636680 506
1636690 506
1636700 506
1636710 506
1636720 506
1636730 506
1636740 506
1636750 505
1636760 505
1636770 505
1636780 506
1636790 506
1636800 506
1636810 506
1636820 506
1636830 506
1636840 505
1636850 505
1636860 506
1636870 506
1636880 506
1636890 505
1636900 505
1636910 505
1636920 505
1636930 505
1636940 505
1636950 505
1636960 505
1636970 505
1636980 505
1636990 504
1637000 504
1637010 504
1637020 504
1637030 504
1637040 504
1637050 505
1637060 505
1637070 505
1637080 505
1637090 504
1637100 504
1637110 504
1637120 504
1637130 504
1637140 504
1637150 504
1637160 504
1637170 504
1637180 503
1637190 502
1637200 502
1637210 501
1637220 501
1637230 501
1637240 501
1637250 500
1637260 500
1637270 500
1637280 500
1637290 500
1637300 500
1637310 500
1637320 499
1637330 499
1637340 499
1637350 500
1637360 500
1637370 500
1637380 499
1637390 499
1637400 498
1637410 496
1637420 495
1637430 495
1637440 494
1637450 494
1637460 494
1637470 493
1637480 492
1637490 492
1637500 491
1637510 491
1637520 491
1637530 491
1637540 492
1637550 492
1637560 492
1637570 493
1637580 496
1637590 496
1637600 499
1637610 502
1637620 502
1637630 505
1637640 509
1637650 509
1637660 512
1637670 514
1637680 514
1637690 517
1637700 520
1637710 520
1637720 524
1637730 524
1637740 528
1637750 528
1637760 531
1637770 534
1637780 534
1637790 537
1637800 538
1637810 538
1637820 539
1637830 538
1637840 538
1637850 535
1637860 531
1637870 531
1637880 537
1637890 544
1637900 551
1637910 551
1637920 556
1637930 560
1637940 560
1637950 564
1637960 567
1637970 567
1637980 570
1637990 572
1638000 572
1638010 574
1638020 576
1638030 576
1638040 577
1638050 578
1638060 579
1638070 579
1638080 580
1638090 580
1638100 580
1638110 580
1638120 581
1638130 581
1638140 581
1638150 581
1638160 581
1638170 581
1638180 580
1638190 580
1638200 579
1638210 579
1638220 579
1638230 579
1638240 578
1638250 578
1638260 578
1638270 577
1638280 576
1638290 576
1638300 574
1638310 572
1638320 572
1638330 571
1638340 570
1638350 570
1638360 568
1638370 566
1638380 564
1638390 564
1638400 560
1638410 557
1638420 557
1638430 561
1638440 565
1638450 565
1638460 566
1638470 568
1638480 568
1638490 571
1638500 573
1638510 573
1638520 575
1638530 577
1638540 577
1638550 576
1638560 581
1638570 585
1638580 585
1638590 589
1638600 594
1638610 594
1638620 599
1638630 604
1638640 604
1638650 610
1638660 615
1638670 615
1638680 621
1638690 626
1638700 626
1638710 631
1638720 636
1638730 639
1638740 639
1638750 641
1638760 644
1638770 644
1638780 646
1638790 648
1638800 648
1638810 650
1638820 652
1638830 652
1638840 654
1638850 655
1638860 655
1638870 657
1638880 658
1638890 660
1638900 660
1638910 661
1638920 661
1638930 661
1638940 662
1638950 661
1638960 661
1638970 661
1638980 661
1638990 661
1639000 660
1639010 659
1639020 659
1639030 657
1639040 655
1639050 651
1639060 651
1639070 648
1639080 644
1639090 644
1639100 641
1639110 637
1639120 637
1639130 634
1639140 631
1639150 631
1639160 628
1639170 626
1639180 626
1639190 623
1639200 621
1639210 619
1639220 619
1639230 617
1639240 614
1639250 614
1639260 612
1639270 610
1639280 610
1639290 609
1639300 607
1639310 607
1639320 605
1639330 602
1639340 602
1639350 598
1639360 593
1639370 588
1639380 588
1639390 583
1639400 580
1639410 580
1639420 574
1639430 574
1639440 574
1639450 579
1639460 584
1639470 584
1639480 589
1639490 594
1639500 594
1639510 599
1639520 603
1639530 607
1639540 607
1639550 610
1639560 613
1639570 613
1639580 615
1639590 617
1639600 617
1639610 618
1639620 620
1639630 620
1639640 620
1639650 620
1639660 620
1639670 618
1639680 615
1639690 615
1639700 610
1639710 606
1639720 601
1639730 601
1639740 596
1639750 591
1639760 591
1639770 588
1639780 592
1639790 592
1639800 595
1639810 599
1639820 599
1639830 602
1639840 604
1639850 604
1639860 605
1639870 609
1639880 612
1639890 612
1639900 614
1639910 615
1639920 615
1639930 615
1639940 615
1639950 615
1639960 613
1639970 611
1639980 611
1639990 608
