1620000 559
1620010 559
1620020 558
1620030 558
1620040 558
1620050 557
1620060 557
1620070 557
1620080 557
1620090 557
1620100 556
1620110 556
1620120 556
1620130 555
1620140 555
1620150 555
1620160 555
1620170 555
1620180 555
1620190 555
1620200 555
1620210 555
1620220 555
1620230 555
1620240 555
1620250 555
1620260 556
1620270 556
1620280 556
1620290 554
1620300 552
1620310 552
1620320 550
1620330 549
1620340 548
1620350 548
1620360 546
1620370 545
1620380 545
1620390 543
1620400 541
1620410 541
1620420 540
1620430 539
1620440 539
1620450 538
1620460 538
1620470 538
1620480 538
1620490 539
1620500 539
1620510 539
1620520 540
1620530 539
1620540 539
1620550 538
1620560 537
1620570 537
1620580 537
1620590 536
1620600 536
1620610 535
1620620 534
1620630 534
1620640 533
1620650 532
1620660 532
1620670 532
1620680 531
1620690 530
1620700 530
1620710 530
1620720 529
1620730 529
1620740 529
1620750 528
1620760 528
1620770 527
1620780 527
1620790 527
1620800 526
1620810 526
1620820 526
1620830 526
1620840 525
1620850 525
1620860 525
1620870 525
1620880 525
1620890 525
1620900 525
1620910 524
1620920 524
1620930 524
1620940 523
1620950 523
1620960 523
1620970 522
1620980 522
1620990 522
1621000 521
1621010 521
1621020 521
1621030 520
1621040 520
1621050 520
1621060 519
1621070 519
1621080 519
1621090 519
1621100 518
1621110 518
1621120 518
1621130 518
1621140 518
1621150 517
1621160 517
1621170 517
1621180 517
1621190 518
1621200 518
1621210 518
1621220 518
1621230 519
1621240 519
1621250 519
1621260 519
1621270 519
1621280 519
1621290 519
1621300 519
1621310 518
1621320 515
1621330 513
1621340 513
1621350 512
1621360 512
1621370 512
1621380 512
1621390 512
1621400 512
1621410 509
1621420 506
1621430 506
1621440 505
1621450 505
1621460 505
1621470 504
1621480 503
1621490 502
1621500 502
1621510 502
1621520 501
1621530 501
1621540 500
1621550 500
1621560 500
1621570 499
1621580 499
1621590 499
1621600 498
1621610 497
1621620 497
1621630 496
1621640 496
1621650 495
1621660 495
1621670 494
1621680 493
1621690 493
1621700 492
1621710 493
1621720 493
1621730 494
1621740 496
1621750 496
1621760 497
1621770 499
1621780 499
1621790 500
1621800 502
1621810 504
1621820 504
1621830 506
1621840 506
1621850 506
1621860 507
1621870 507
1621880 507
1621890 507
1621900 508
1621910 508
1621920 509
1621930 509
1621940 509
1621950 510
1621960 512
1621970 512
1621980 513
1621990 515
1622000 517
1622010 517
1622020 519
1622030 520
1622040 520
1622050 524
1622060 525
1622070 525
1622080 527
1622090 528
1622100 528
1622110 529
1622120 529
1622130 529
1622140 529
1622150 528
1622160 527
1622170 527
1622180 527
1622190 526
1622200 526
1622210 525
1622220 524
1622230 524
1622240 522
1622250 519
1622260 519
1622270 515
1622280 511
1622290 511
1622300 507
1622310 504
1622320 501
1622330 501
1622340 499
1622350 495
1622360 495
1622370 491
1622380 486
1622390 486
1622400 481
1622410 477
1622420 477
1622430 472
1622440 468
1622450 468
1622460 463
1622470 461
1622480 461
1622490 461
1622500 461
1622510 461
1622520 461
1622530 461
1622540 461
1622550 461
1622560 462
1622570 462
1622580 462
1622590 462
1622600 462
1622610 462
1622620 463
1622630 463
1622640 462
1622650 462
1622660 462
1622670 462
1622680 462
1622690 462
1622700 464
1622710 464
1622720 467
1622730 470
1622740 470
1622750 471
1622760 475
1622770 475
1622780 482
1622790 491
1622800 497
1622810 497
1622820 500
1622830 504
1622840 504
1622850 508
1622860 512
1622870 512
1622880 516
1622890 519
1622900 519
1622910 521
1622920 523
1622930 523
1622940 524
1622950 527
1622960 531
1622970 531
1622980 533
1622990 535
1623000 535
1623010 537
1623020 541
1623030 541
1623040 544
1623050 547
1623060 547
1623070 551
1623080 554
1623090 554
1623100 558
1623110 561
1623120 561
1623130 565
1623140 569
1623150 573
1623160 573
1623170 578
1623180 583
1623190 583
1623200 586
1623210 590
1623220 590
1623230 594
1623240 598
1623250 598
1623260 603
1623270 607
1623280 607
1623290 612
1623300 617
1623310 623
1623320 623
1623330 630
1623340 637
1623350 637
1623360 644
1623370 652
1623380 652
1623390 660
1623400 668
1623410 668
1623420 674
1623430 677
1623440 677
1623450 681
1623460 683
1623470 686
1623480 686
1623490 689
1623500 692
1623510 692
1623520 696
1623530 700
1623540 700
1623550 703
1623560 704
1623570 704
1623580 703
1623590 699
1623600 699
1623610 693
1623620 684
1623630 676
1623640 676
1623650 669
1623660 663
1623670 663
1623680 656
1623690 648
1623700 648
1623710 642
1623720 636
1623730 636
1623740 630
1623750 626
1623760 626
1623770 623
1623780 619
1623790 615
1623800 615
1623810 612
1623820 611
1623830 611
1623840 611
1623850 610
1623860 610
1623870 608
1623880 604
1623890 604
1623900 600
1623910 597
1623920 597
1623930 594
1623940 590
1623950 586
1623960 586
1623970 581
1623980 576
1623990 576
1624000 572
1624010 569
1624020 569
1624030 566
1624040 563
1624050 563
1624060 559
1624070 555
1624080 555
1624090 553
1624100 550
1624110 548
1624120 548
1624130 545
1624140 542
1624150 542
1624160 540
1624170 539
1624180 539
1624190 537
1624200 535
1624210 535
1624220 534
1624230 533
1624240 533
1624250 532
1624260 532
1624270 532
1624280 531
1624290 530
1624300 530
1624310 530
1624320 529
1624330 528
1624340 528
1624350 527
1624360 526
1624370 526
1624380 526
1624390 526
1624400 526
1624410 526
1624420 525
1624430 525
1624440 525
1624450 523
1624460 523
1624470 523
1624480 523
1624490 522
1624500 522
1624510 522
1624520 522
1624530 522
1624540 522
1624550 522
1624560 522
1624570 522
1624580 522
1624590 522
1624600 523
1624610 523
1624620 523
1624630 523
1624640 524
1624650 525
1624660 525
1624670 527
1624680 530
1624690 530
1624700 535
1624710 538
1624720 538
1624730 541
1624740 544
1624750 544
1624760 545
1624770 545
1624780 545
1624790 545
1624800 545
1624810 546
1624820 546
1624830 546
1624840 546
1624850 546
1624860 545
1624870 545
1624880 545
1624890 547
1624900 549
1624910 549
1624920 553
1624930 556
1624940 558
1624950 558
1624960 559
1624970 557
1624980 557
1624990 555
1625000 555
1625010 555
1625020 557
1625030 559
1625040 559
1625050 559
1625060 558
1625070 558
1625080 557
1625090 558
1625100 559
1625110 559
1625120 561
1625130 562
1625140 562
1625150 564
1625160 567
1625170 567
1625180 570
1625190 571
1625200 571
1625210 571
1625220 572
1625230 572
1625240 572
1625250 571
1625260 569
1625270 569
1625280 567
1625290 565
1625300 565
1625310 562
1625320 558
1625330 558
1625340 552
1625350 547
1625360 547
1625370 542
1625380 539
1625390 539
1625400 537
1625410 537
1625420 537
1625430 536
1625440 534
1625450 532
1625460 532
1625470 530
1625480 529
1625490 529
1625500 528
1625510 527
1625520 527
1625530 526
1625540 526
1625550 526
1625560 525
1625570 525
1625580 525
1625590 525
1625600 526
1625610 526
1625620 526
1625630 526
1625640 526
1625650 526
1625660 526
1625670 526
1625680 526
1625690 526
1625700 526
1625710 526
1625720 526
1625730 525
1625740 525
1625750 525
1625760 525
1625770 525
1625780 525
1625790 525
1625800 524
1625810 524
1625820 524
1625830 524
1625840 524
1625850 524
1625860 523
1625870 523
1625880 523
1625890 523
1625900 523
1625910 523
1625920 523
1625930 522
1625940 522
1625950 522
1625960 522
1625970 522
1625980 522
1625990 522
1626000 522
1626010 522
1626020 522
1626030 522
1626040 522
1626050 521
1626060 521
1626070 521
1626080 521
1626090 520
1626100 520
1626110 520
1626120 520
1626130 520
1626140 520
1626150 520
1626160 520
1626170 520
1626180 520
1626190 520
1626200 520
1626210 520
1626220 520
1626230 520
1626240 520
1626250 520
1626260 520
1626270 520
1626280 520
1626290 520
1626300 520
1626310 520
1626320 520
1626330 520
1626340 520
1626350 520
1626360 520
1626370 520
1626380 520
1626390 520
1626400 520
1626410 520
1626420 520
1626430 520
1626440 520
1626450 520
1626460 519
1626470 519
1626480 519
1626490 519
1626500 519
1626510 519
1626520 518
1626530 518
1626540 518
1626550 518
1626560 519
1626570 519
1626580 518
1626590 517
1626600 517
1626610 517
1626620 517
1626630 516
1626640 516
1626650 516
1626660 516
1626670 516
1626680 516
1626690 516
1626700 516
1626710 516
1626720 516
1626730 516
1626740 516
1626750 516
1626760 516
1626770 516
1626780 515
1626790 515
1626800 515
1626810 515
1626820 515
1626830 515
1626840 515
1626850 515
1626860 515
1626870 515
1626880 515
1626890 515
1626900 515
1626910 515
1626920 514
1626930 514
1626940 514
1626950 514
1626960 514
1626970 514
1626980 515
1626990 515
1627000 515
1627010 515
1627020 515
1627030 516
1627040 516
1627050 516
1627060 516
1627070 518
1627080 519
1627090 519
1627100 522
1627110 525
1627120 525
1627130 527
1627140 529
1627150 529
1627160 531
1627170 533
1627180 533
1627190 535
1627200 537
1627210 537
1627220 540
1627230 542
1627240 543
1627250 543
1627260 542
1627270 543
1627280 543
1627290 545
1627300 547
1627310 547
1627320 546
1627330 544
1627340 544
1627350 540
1627360 536
1627370 536
1627380 534
1627390 532
1627400 530
1627410 530
1627420 528
1627430 526
1627440 526
1627450 526
1627460 527
1627470 527
1627480 530
1627490 534
1627500 534
1627510 538
1627520 543
1627530 543
1627540 548
1627550 553
1627560 557
1627570 557
1627580 558
1627590 559
1627600 559
1627610 560
1627620 560
1627630 560
1627640 561
1627650 561
1627660 561
1627670 561
1627680 562
1627690 562
1627700 562
1627710 561
1627720 561
1627730 561
1627740 561
1627750 562
1627760 562
1627770 561
1627780 559
1627790 559
1627800 555
1627810 549
1627820 549
1627830 543
1627840 539
1627850 539
1627860 536
1627870 534
1627880 534
1627890 532
1627900 530
1627910 529
1627920 529
1627930 529
1627940 528
1627950 528
1627960 528
1627970 528
1627980 528
1627990 528
1628000 528
1628010 528
1628020 528
1628030 529
1628040 529
1628050 529
1628060 530
1628070 530
1628080 530
1628090 530
1628100 529
1628110 529
1628120 529
1628130 528
1628140 528
1628150 528
1628160 529
1628170 529
1628180 530
1628190 532
1628200 532
1628210 533
1628220 534
1628230 534
1628240 534
1628250 535
1628260 536
1628270 536
1628280 536
1628290 536
1628300 536
1628310 536
1628320 535
1628330 535
1628340 535
1628350 533
1628360 533
1628370 532
1628380 530
1628390 528
1628400 528
1628410 526
1628420 524
1628430 524
1628440 523
1628450 522
1628460 522
1628470 521
1628480 519
1628490 519
1628500 517
1628510 514
1628520 514
1628530 509
1628540 505
1628550 503
1628560 503
1628570 501
1628580 500
1628590 500
1628600 499
1628610 497
1628620 497
1628630 496
1628640 495
1628650 495
1628660 493
1628670 491
1628680 491
1628690 488
1628700 487
1628710 487
1628720 485
1628730 486
1628740 489
1628750 489
1628760 490
1628770 489
1628780 489
1628790 486
1628800 484
1628810 484
1628820 480
1628830 478
1628840 478
1628850 478
1628860 478
1628870 478
1628880 477
1628890 477
1628900 477
1628910 477
1628920 477
1628930 476
1628940 476
1628950 476
1628960 476
1628970 476
1628980 476
1628990 476
1629000 476
1629010 476
1629020 476
1629030 476
1629040 476
1629050 476
1629060 476
1629070 476
1629080 477
1629090 477
1629100 477
1629110 477
1629120 477
1629130 477
1629140 477
1629150 477
1629160 477
1629170 477
1629180 476
1629190 477
1629200 477
1629210 478
1629220 482
1629230 482
1629240 486
1629250 492
1629260 492
1629270 500
1629280 505
1629290 505
1629300 509
1629310 515
1629320 515
1629330 519
1629340 521
1629350 521
1629360 523
1629370 526
1629380 531
1629390 531
1629400 535
1629410 537
1629420 537
1629430 536
1629440 534
1629450 534
1629460 534
1629470 536
1629480 536
1629490 536
1629500 535
1629510 535
1629520 538
1629530 540
1629540 542
1629550 542
1629560 544
1629570 545
1629580 545
1629590 544
1629600 541
1629610 541
1629620 538
1629630 536
1629640 536
1629650 533
1629660 527
1629670 527
1629680 522
1629690 517
1629700 508
1629710 508
1629720 504
1629730 502
1629740 502
1629750 502
1629760 502
1629770 502
1629780 501
1629790 501
1629800 501
1629810 501
1629820 501
1629830 501
1629840 501
1629850 501
1629860 501
1629870 501
1629880 501
1629890 501
1629900 501
1629910 501
1629920 501
1629930 501
1629940 501
1629950 501
1629960 501
1629970 501
1629980 501
1629990 501
1630000 501
1630010 501
1630020 501
1630030 502
1630040 502
1630050 502
1630060 502
1630070 502
1630080 502
1630090 502
1630100 502
1630110 502
1630120 502
1630130 502
1630140 502
1630150 502
1630160 502
1630170 502
1630180 502
1630190 502
1630200 502
1630210 502
1630220 502
1630230 502
1630240 502
1630250 502
1630260 502
1630270 502
1630280 502
1630290 502
1630300 502
1630310 502
1630320 502
1630330 502
1630340 502
1630350 502
1630360 503
1630370 503
1630380 503
1630390 503
1630400 503
1630410 503
1630420 503
1630430 503
1630440 503
1630450 503
1630460 503
1630470 503
1630480 503
1630490 503
1630500 503
1630510 503
1630520 503
1630530 503
1630540 503
1630550 503
1630560 503
1630570 503
1630580 503
1630590 503
1630600 503
1630610 503
1630620 503
1630630 503
1630640 502
1630650 502
1630660 502
1630670 502
1630680 502
1630690 502
1630700 502
1630710 502
1630720 503
1630730 503
1630740 502
1630750 501
1630760 501
1630770 500
1630780 500
1630790 500
1630800 499
1630810 498
1630820 498
1630830 498
1630840 497
1630850 497
1630860 497
1630870 497
1630880 497
1630890 497
1630900 497
1630910 497
1630920 497
1630930 497
1630940 497
1630950 497
1630960 497
1630970 497
1630980 497
1630990 497
1631000 496
1631010 496
1631020 496
1631030 496
1631040 496
1631050 496
1631060 496
1631070 496
1631080 496
1631090 496
1631100 496
1631110 496
1631120 496
1631130 496
1631140 496
1631150 495
1631160 495
1631170 495
1631180 495
1631190 495
1631200 495
1631210 495
1631220 495
1631230 495
1631240 495
1631250 495
1631260 496
1631270 496
1631280 496
1631290 496
1631300 496
1631310 495
1631320 495
1631330 495
1631340 495
1631350 495
1631360 495
1631370 495
1631380 495
1631390 495
1631400 495
1631410 495
1631420 495
1631430 495
1631440 495
1631450 495
1631460 495
1631470 495
1631480 494
1631490 494
1631500 494
1631510 493
1631520 492
1631530 492
1631540 492
1631550 491
1631560 491
1631570 491
1631580 491
1631590 491
1631600 491
1631610 491
1631620 491
1631630 491
1631640 491
1631650 491
1631660 491
1631670 491
1631680 492
1631690 492
1631700 492
1631710 492
1631720 492
1631730 492
1631740 492
1631750 492
1631760 492
1631770 492
1631780 492
1631790 492
1631800 492
1631810 492
1631820 492
1631830 492
1631840 493
1631850 493
1631860 493
1631870 494
1631880 494
1631890 494
1631900 494
1631910 494
1631920 495
1631930 496
1631940 496
1631950 496
1631960 496
1631970 496
1631980 496
1631990 496
1632000 496
1632010 496
1632020 496
1632030 496
1632040 496
1632050 496
1632060 496
1632070 496
1632080 496
1632090 495
1632100 495
1632110 495
1632120 495
1632130 495
1632140 495
1632150 495
1632160 495
1632170 495
1632180 495
1632190 495
1632200 495
1632210 495
1632220 495
1632230 495
1632240 495
1632250 494
1632260 494
1632270 494
1632280 494
1632290 494
1632300 494
1632310 494
1632320 494
1632330 494
1632340 494
1632350 494
1632360 494
1632370 494
1632380 494
1632390 494
1632400 494
1632410 494
1632420 494
1632430 494
1632440 494
1632450 494
1632460 494
1632470 494
1632480 494
1632490 494
1632500 495
1632510 495
1632520 495
1632530 495
1632540 495
1632550 495
1632560 495
1632570 495
1632580 495
1632590 495
1632600 496
1632610 496
1632620 496
1632630 496
1632640 496
1632650 496
1632660 498
1632670 499
1632680 499
1632690 500
1632700 500
1632710 500
1632720 501
1632730 502
1632740 502
1632750 502
1632760 503
1632770 503
1632780 503
1632790 504
1632800 504
1632810 504
1632820 504
1632830 504
1632840 504
1632850 504
1632860 504
1632870 504
1632880 504
1632890 504
1632900 504
1632910 504
1632920 505
1632930 505
1632940 505
1632950 504
1632960 504
1632970 505
1632980 505
1632990 505
1633000 505
1633010 505
1633020 505
1633030 505
1633040 505
1633050 505
1633060 505
1633070 505
1633080 505
1633090 505
1633100 505
1633110 505
1633120 505
1633130 505
1633140 505
1633150 505
1633160 505
1633170 505
1633180 505
1633190 505
1633200 505
1633210 505
1633220 505
1633230 505
1633240 505
1633250 505
1633260 505
1633270 505
1633280 505
1633290 505
1633300 504
1633310 504
1633320 504
1633330 504
1633340 504
1633350 504
1633360 504
1633370 504
1633380 504
1633390 504
1633400 503
1633410 503
1633420 503
1633430 503
1633440 503
1633450 503
1633460 503
1633470 503
1633480 503
1633490 503
1633500 503
1633510 503
1633520 503
1633530 503
1633540 503
1633550 503
1633560 504
1633570 504
1633580 504
1633590 504
1633600 504
1633610 504
1633620 504
1633630 504
1633640 504
1633650 504
1633660 504
1633670 504
1633680 504
1633690 504
1633700 504
1633710 504
1633720 504
1633730 504
1633740 504
1633750 505
1633760 505
1633770 505
1633780 505
1633790 505
1633800 505
1633810 505
1633820 505
1633830 505
1633840 505
1633850 505
1633860 505
1633870 505
1633880 505
1633890 505
1633900 505
1633910 506
1633920 506
1633930 506
1633940 506
1633950 506
1633960 506
1633970 506
1633980 506
1633990 506
1634000 506
1634010 506
1634020 506
1634030 506
1634040 506
1634050 506
1634060 506
1634070 506
1634080 506
1634090 506
1634100 506
1634110 506
1634120 506
1634130 506
1634140 506
1634150 506
1634160 506
1634170 506
1634180 506
1634190 506
1634200 506
1634210 506
1634220 506
1634230 506
1634240 506
1634250 506
1634260 506
1634270 506
1634280 506
1634290 506
1634300 506
1634310 506
1634320 506
1634330 506
1634340 506
1634350 506
1634360 506
1634370 506
1634380 506
1634390 506
1634400 506
1634410 506
1634420 506
1634430 506
1634440 506
1634450 506
1634460 506
1634470 506
1634480 506
1634490 506
1634500 506
1634510 506
1634520 506
1634530 506
1634540 506
1634550 506
1634560 506
1634570 506
1634580 506
1634590 506
1634600 506
1634610 506
1634620 506
1634630 506
1634640 506
1634650 506
1634660 506
1634670 507
1634680 507
1634690 507
1634700 507
1634710 507
1634720 507
1634730 507
1634740 507
1634750 507
1634760 507
1634770 507
1634780 507
1634790 507
1634800 507
1634810 507
1634820 507
1634830 507
1634840 507
1634850 507
1634860 507
1634870 507
1634880 507
1634890 507
1634900 507
1634910 507
1634920 507
1634930 507
1634940 507
1634950 507
1634960 507
1634970 507
1634980 507
1634990 507
1635000 507
1635010 507
1635020 507
1635030 507
1635040 507
1635050 506
1635060 506
1635070 506
1635080 506
1635090 506
1635100 506
1635110 506
1635120 506
1635130 506
1635140 506
1635150 506
1635160 505
1635170 505
1635180 505
1635190 505
1635200 505
1635210 505
1635220 505
1635230 505
1635240 505
1635250 505
1635260 505
1635270 505
1635280 505
1635290 504
1635300 504
1635310 504
1635320 504
1635330 504
1635340 504
1635350 504
1635360 504
1635370 504
1635380 504
1635390 504
1635400 504
1635410 504
1635420 504
1635430 504
1635440 504
1635450 504
1635460 504
1635470 504
1635480 504
1635490 504
1635500 504
1635510 504
1635520 504
1635530 504
1635540 504
1635550 504
1635560 505
1635570 505
1635580 505
1635590 505
1635600 505
1635610 505
1635620 505
1635630 505
1635640 504
1635650 504
1635660 503
1635670 499
1635680 499
1635690 497
1635700 496
1635710 496
1635720 496
1635730 497
1635740 497
1635750 497
1635760 496
1635770 496
1635780 496
1635790 497
1635800 498
1635810 498
1635820 499
1635830 502
1635840 502
1635850 501
1635860 499
1635870 499
1635880 498
1635890 497
1635900 497
1635910 497
1635920 497
1635930 497
1635940 496
1635950 496
1635960 497
1635970 497
1635980 497
1635990 497
1636000 496
1636010 496
1636020 496
1636030 496
1636040 496
1636050 495
1636060 495
1636070 494
1636080 494
1636090 494
1636100 494
1636110 494
1636120 494
1636130 494
1636140 495
1636150 496
1636160 496
1636170 495
1636180 494
1636190 494
1636200 492
1636210 490
1636220 490
1636230 490
1636240 490
1636250 490
1636260 490
1636270 491
1636280 490
1636290 490
1636300 489
1636310 488
1636320 488
1636330 488
1636340 486
1636350 486
1636360 486
1636370 486
1636380 486
1636390 486
1636400 485
1636410 485
1636420 485
1636430 485
1636440 485
1636450 485
1636460 486
1636470 486
1636480 486
1636490 486
1636500 486
1636510 486
1636520 486
1636530 486
1636540 486
1636550 486
1636560 486
1636570 486
1636580 486
1636590 486
1636600 485
1636610 485
1636620 485
1636630 485
1636640 485
1636650 485
1636660 485
1636670 485
1636680 486
1636690 486
1636700 486
1636710 486
1636720 486
1636730 486
1636740 486
1636750 486
1636760 486
1636770 485
1636780 485
1636790 485
1636800 485
1636810 485
1636820 485
1636830 485
1636840 484
1636850 484
1636860 484
1636870 484
1636880 484
1636890 484
1636900 484
1636910 485
1636920 485
1636930 485
1636940 485
1636950 484
1636960 484
1636970 484
1636980 484
1636990 484
1637000 484
1637010 484
1637020 484
1637030 483
1637040 483
1637050 483
1637060 483
1637070 483
1637080 483
1637090 483
1637100 483
1637110 483
1637120 483
1637130 483
1637140 483
1637150 483
1637160 483
1637170 483
1637180 483
1637190 482
1637200 482
1637210 482
1637220 482
1637230 482
1637240 482
1637250 482
1637260 482
1637270 482
1637280 482
1637290 482
1637300 482
1637310 482
1637320 482
1637330 482
1637340 482
1637350 482
1637360 482
1637370 482
1637380 482
1637390 483
1637400 483
1637410 483
1637420 483
1637430 483
1637440 483
1637450 482
1637460 482
1637470 482
1637480 482
1637490 482
1637500 482
1637510 482
1637520 482
1637530 482
1637540 482
1637550 482
1637560 482
1637570 482
1637580 482
1637590 482
1637600 482
1637610 482
1637620 482
1637630 482
1637640 482
1637650 482
1637660 482
1637670 482
1637680 482
1637690 482
1637700 482
1637710 482
1637720 482
1637730 482
1637740 482
1637750 482
1637760 482
1637770 482
1637780 483
1637790 483
1637800 483
1637810 483
1637820 483
1637830 483
1637840 483
1637850 483
1637860 483
1637870 484
1637880 484
1637890 483
1637900 483
1637910 483
1637920 483
1637930 483
1637940 483
1637950 483
1637960 483
1637970 483
1637980 483
1637990 483
1638000 484
1638010 484
1638020 484
1638030 484
1638040 484
1638050 485
1638060 485
1638070 485
1638080 485
1638090 485
1638100 486
1638110 486
1638120 487
1638130 486
1638140 486
1638150 486
1638160 486
1638170 486
1638180 486
1638190 487
1638200 487
1638210 491
1638220 497
1638230 497
1638240 503
1638250 509
1638260 516
1638270 516
1638280 522
1638290 527
1638300 527
1638310 530
1638320 530
1638330 530
1638340 526
1638350 520
1638360 520
1638370 515
1638380 517
1638390 517
1638400 524
1638410 527
1638420 532
1638430 532
1638440 536
1638450 540
1638460 540
1638470 544
1638480 548
1638490 548
1638500 551
1638510 555
1638520 555
1638530 558
1638540 562
1638550 562
1638560 564
1638570 566
1638580 568
1638590 568
1638600 569
1638610 570
1638620 570
1638630 570
1638640 570
1638650 570
1638660 571
1638670 571
1638680 571
1638690 572
1638700 573
1638710 573
1638720 573
1638730 574
1638740 574
1638750 574
1638760 578
1638770 585
1638780 585
1638790 590
1638800 593
1638810 593
1638820 597
1638830 601
1638840 601
1638850 605
1638860 610
1638870 610
1638880 614
1638890 618
1638900 618
1638910 623
1638920 627
1638930 633
1638940 633
1638950 637
1638960 641
1638970 641
1638980 646
1638990 650
1639000 650
1639010 654
1639020 659
1639030 659
1639040 663
1639050 668
1639060 668
1639070 672
1639080 676
1639090 680
1639100 680
1639110 683
1639120 685
1639130 685
1639140 688
1639150 690
1639160 690
1639170 692
1639180 693
1639190 693
1639200 694
1639210 693
1639220 693
1639230 693
1639240 692
1639250 690
1639260 690
1639270 690
1639280 689
1639290 689
1639300 691
1639310 691
1639320 691
1639330 691
1639340 692
1639350 692
1639360 692
1639370 692
1639380 692
1639390 692
1639400 692
1639410 692
1639420 692
1639430 692
1639440 692
1639450 692
1639460 692
1639470 693
1639480 693
1639490 693
1639500 693
1639510 693
1639520 692
1639530 691
1639540 691
1639550 689
1639560 686
1639570 683
1639580 683
1639590 679
1639600 675
1639610 675
1639620 671
1639630 666
1639640 666
1639650 662
1639660 657
1639670 657
1639680 652
1639690 647
1639700 647
1639710 642
1639720 638
1639730 633
1639740 633
1639750 628
1639760 624
1639770 624
1639780 622
1639790 621
1639800 621
1639810 619
1639820 616
1639830 616
1639840 613
1639850 609
1639860 609
1639870 604
1639880 599
1639890 599
1639900 599
1639910 601
1639920 601
1639930 601
1639940 600
1639950 599
1639960 599
1639970 596
1639980 594
1639990 594
