1620000 532
1620010 532
1620020 532
1620030 532
1620040 532
1620050 532
1620060 532
1620070 532
1620080 532
1620090 532
1620100 532
1620110 532
1620120 532
1620130 532
1620140 532
1620150 532
1620160 532
1620170 532
1620180 532
1620190 532
1620200 532
1620210 532
1620220 532
1620230 532
1620240 532
1620250 532
1620260 532
1620270 532
1620280 532
1620290 532
1620300 532
1620310 532
1620320 532
1620330 532
1620340 532
1620350 532
1620360 532
1620370 532
1620380 532
1620390 532
1620400 532
1620410 532
1620420 532
1620430 532
1620440 532
1620450 532
1620460 532
1620470 533
1620480 533
1620490 533
1620500 534
1620510 534
1620520 534
1620530 535
1620540 535
1620550 535
1620560 535
1620570 535
1620580 535
1620590 535
1620600 536
1620610 536
1620620 535
1620630 535
1620640 535
1620650 535
1620660 535
1620670 535
1620680 536
1620690 536
1620700 536
1620710 537
1620720 538
1620730 538
1620740 539
1620750 539
1620760 539
1620770 539
1620780 539
1620790 539
1620800 539
1620810 540
1620820 540
1620830 540
1620840 539
1620850 532
1620860 532
1620870 530
1620880 530
1620890 530
1620900 530
1620910 530
1620920 530
1620930 530
1620940 531
1620950 531
1620960 537
1620970 543
1620980 546
1620990 546
1621000 551
1621010 557
1621020 557
1621030 562
1621040 565
1621050 565
1621060 569
1621070 570
1621080 570
1621090 569
1621100 568
1621110 568
1621120 568
1621130 568
1621140 569
1621150 569
1621160 570
1621170 572
1621180 572
1621190 574
1621200 568
1621210 568
1621220 559
1621230 551
1621240 551
1621250 542
1621260 532
1621270 532
1621280 524
1621290 516
1621300 508
1621310 508
1621320 502
1621330 497
1621340 497
1621350 491
1621360 486
1621370 486
1621380 485
1621390 485
1621400 485
1621410 486
1621420 488
1621430 488
1621440 493
1621450 500
1621460 507
1621470 507
1621480 509
1621490 510
1621500 510
1621510 511
1621520 512
1621530 512
1621540 514
1621550 518
1621560 518
1621570 520
1621580 521
1621590 521
1621600 522
1621610 523
1621620 523
1621630 523
1621640 523
1621650 524
1621660 524
1621670 525
1621680 528
1621690 528
1621700 530
1621710 532
1621720 532
1621730 534
1621740 536
1621750 536
1621760 539
1621770 541
1621780 541
1621790 544
1621800 548
1621810 552
1621820 552
1621830 555
1621840 558
1621850 558
1621860 560
1621870 564
1621880 564
1621890 569
1621900 574
1621910 574
1621920 579
1621930 584
1621940 584
1621950 591
1621960 599
1621970 608
1621980 608
1621990 617
1622000 624
1622010 624
1622020 632
1622030 639
1622040 639
1622050 647
1622060 654
1622070 654
1622080 660
1622090 666
1622100 666
1622110 670
1622120 675
1622130 680
1622140 680
1622150 684
1622160 688
1622170 688
1622180 690
1622190 691
1622200 691
1622210 689
1622220 688
1622230 688
1622240 685
1622250 681
1622260 681
1622270 676
1622280 671
1622290 671
1622300 665
1622310 659
1622320 655
1622330 655
1622340 649
1622350 643
1622360 643
1622370 637
1622380 631
1622390 631
1622400 627
1622410 627
1622420 627
1622430 633
1622440 636
1622450 636
1622460 639
1622470 643
1622480 647
1622490 647
1622500 652
1622510 658
1622520 658
1622530 664
1622540 669
1622550 669
1622560 674
1622570 678
1622580 678
1622590 682
1622600 685
1622610 685
1622620 689
1622630 691
1622640 693
1622650 693
1622660 691
1622670 685
1622680 685
1622690 676
1622700 667
1622710 667
1622720 658
1622730 650
1622740 650
1622750 643
1622760 635
1622770 635
1622780 627
1622790 618
1622800 609
1622810 609
1622820 602
1622830 595
1622840 595
1622850 588
1622860 581
1622870 581
1622880 575
1622890 569
1622900 569
1622910 562
1622920 556
1622930 556
1622940 550
1622950 547
1622960 547
1622970 543
1622980 542
1622990 542
1623000 542
1623010 542
1623020 542
1623030 542
1623040 548
1623050 556
1623060 556
1623070 562
1623080 567
1623090 567
1623100 572
1623110 578
1623120 578
1623130 584
1623140 590
1623150 596
1623160 596
1623170 602
1623180 607
1623190 607
1623200 612
1623210 618
1623220 618
1623230 623
1623240 629
1623250 629
1623260 635
1623270 640
1623280 640
1623290 646
1623300 652
1623310 658
1623320 658
1623330 664
1623340 669
1623350 671
1623360 674
1623370 674
1623380 674
1623390 673
1623400 672
1623410 672
1623420 671
1623430 673
1623440 673
1623450 676
1623460 680
1623470 684
1623480 684
1623490 688
1623500 693
1623510 693
1623520 699
1623530 705
1623540 705
1623550 709
1623560 714
1623570 714
1623580 718
1623590 721
1623600 721
1623610 723
1623620 726
1623630 727
1623640 727
1623650 727
1623660 728
1623670 728
1623680 728
1623690 729
1623700 729
1623710 730
1623720 733
1623730 733
1623740 736
1623750 739
1623760 739
1623770 741
1623780 741
1623790 741
1623800 740
1623810 738
1623820 736
1623830 736
1623840 734
1623850 733
1623860 733
1623870 732
1623880 733
1623890 733
1623900 734
1623910 734
1623920 734
1623930 734
1623940 734
1623950 734
1623960 735
1623970 736
1623980 737
1623990 737
1624000 739
1624010 739
1624020 739
1624030 739
1624040 742
1624050 742
1624060 743
1624070 744
1624080 744
1624090 746
1624100 749
1624110 749
1624120 752
1624130 754
1624140 758
1624150 758
1624160 763
1624170 768
1624180 768
1624190 771
1624200 773
1624210 773
1624220 777
1624230 783
1624240 783
1624250 798
1624260 807
1624270 807
1624280 816
1624290 820
1624300 823
1624310 823
1624320 825
1624330 827
1624340 827
1624350 829
1624360 833
1624370 833
1624380 836
1624390 839
1624400 839
1624410 841
1624420 841
1624430 841
1624440 840
1624450 837
1624460 837
1624470 834
1624480 830
1624490 826
1624500 826
1624510 822
1624520 817
1624530 817
1624540 813
1624550 807
1624560 807
1624570 803
1624580 798
1624590 798
1624600 791
1624610 784
1624620 784
1624630 778
1624640 772
1624650 766
1624660 766
1624670 760
1624680 755
1624690 755
1624700 748
1624710 742
1624720 742
1624730 737
1624740 733
1624750 733
1624760 729
1624770 725
1624780 725
1624790 718
1624800 715
1624810 717
1624820 717
1624830 715
1624840 708
1624850 708
1624860 700
1624870 691
1624880 691
1624890 683
1624900 676
1624910 676
1624920 680
1624930 689
1624940 689
1624950 696
1624960 700
1624970 705
1624980 705
1624990 711
1625000 718
1625010 718
1625020 725
1625030 730
1625040 730
1625050 735
1625060 739
1625070 739
1625080 743
1625090 747
1625100 747
1625110 752
1625120 756
1625130 760
1625140 760
1625150 765
1625160 767
1625170 767
1625180 771
1625190 774
1625200 774
1625210 777
1625220 780
1625230 780
1625240 785
1625250 790
1625260 790
1625270 794
1625280 798
1625290 798
1625300 802
1625310 807
1625320 810
1625330 810
1625340 812
1625350 816
1625360 816
1625370 822
1625380 826
1625390 826
1625400 830
1625410 836
1625420 836
1625430 841
1625440 846
1625450 846
1625460 851
1625470 855
1625480 859
1625490 859
1625500 862
1625510 865
1625520 865
1625530 868
1625540 871
1625550 871
1625560 873
1625570 872
1625580 872
1625590 865
1625600 855
1625610 855
1625620 845
1625630 839
1625640 837
1625650 837
1625660 836
1625670 837
1625680 837
1625690 840
1625700 843
1625710 843
1625720 848
1625730 851
1625740 851
1625750 853
1625760 856
1625770 856
1625780 859
1625790 862
1625800 866
1625810 866
1625820 869
1625830 873
1625840 873
1625850 878
1625860 882
1625870 882
1625880 885
1625890 888
1625900 888
1625910 890
1625920 893
1625930 893
1625940 896
1625950 899
1625960 899
1625970 903
1625980 907
1625990 910
1626000 910
1626010 913
1626020 914
1626030 914
1626040 920
1626050 921
1626060 921
1626070 919
1626080 914
1626090 914
1626100 906
1626110 899
1626120 899
1626130 894
1626140 889
1626150 885
1626160 885
1626170 883
1626180 878
1626190 878
1626200 872
1626210 867
1626220 867
1626230 864
1626240 865
1626250 865
1626260 866
1626270 869
1626280 869
1626290 871
1626300 870
1626310 864
1626320 864
1626330 861
1626340 860
1626350 860
1626360 857
1626370 855
1626380 855
1626390 857
1626400 859
1626410 859
1626420 862
1626430 867
1626440 867
1626450 873
1626460 878
1626470 881
1626480 881
1626490 883
1626500 885
1626510 885
1626520 887
1626530 890
1626540 890
1626550 897
1626560 904
1626570 904
1626580 911
1626590 915
1626600 915
1626610 918
1626620 922
1626630 930
1626640 930
1626650 938
1626660 943
1626670 943
1626680 945
1626690 948
1626700 948
1626710 954
1626720 961
1626730 961
1626740 965
1626750 970
1626760 970
1626770 974
1626780 978
1626790 978
1626800 977
1626810 977
1626820 978
1626830 978
1626840 980
1626850 978
1626860 978
1626870 972
1626880 970
1626890 970
1626900 969
1626910 970
1626920 970
1626930 977
1626940 977
1626950 977
1626960 977
1626970 980
1626980 983
1626990 983
1627000 986
1627010 992
1627020 992
1627030 995
1627040 996
1627050 996
1627060 997
1627070 997
1627080 997
1627090 998
1627100 1000
1627110 1000
1627120 1002
1627130 1003
1627140 1005
1627150 1005
1627160 1006
1627170 1007
1627180 1007
1627190 1013
1627200 1016
1627210 1016
1627220 1019
1627230 1021
1627240 1021
1627250 1022
1627260 1023
1627270 1023
1627280 1022
1627290 1022
1627300 1022
1627310 1022
1627320 1024
1627330 1027
1627340 1027
1627350 1027
1627360 1026
1627370 1026
1627380 1026
1627390 1025
1627400 1025
1627410 1021
1627420 1017
1627430 1017
1627440 1013
1627450 1011
1627460 1011
1627470 1010
1627480 1009
1627490 1008
1627500 1008
1627510 1007
1627520 1006
1627530 1006
1627540 1005
1627550 1003
1627560 1003
1627570 1002
1627580 1000
1627590 1000
1627600 1000
1627610 999
1627620 999
1627630 998
1627640 997
1627650 996
1627660 996
1627670 996
1627680 995
1627690 995
1627700 993
1627710 993
1627720 993
1627730 993
1627740 993
1627750 993
1627760 995
1627770 995
1627780 995
1627790 995
1627800 994
1627810 992
1627820 992
1627830 992
1627840 992
1627850 992
1627860 993
1627870 993
1627880 993
1627890 994
1627900 995
1627910 995
1627920 996
1627930 998
1627940 998
1627950 1001
1627960 1003
1627970 1006
1627980 1006
1627990 1008
1628000 1009
1628010 1009
1628020 1009
1628030 1010
1628040 1010
1628050 1010
1628060 1010
1628070 1010
1628080 1007
1628090 1005
1628100 1005
1628110 1004
1628120 1003
1628130 1003
1628140 1002
1628150 1001
1628160 1000
1628170 1000
1628180 999
1628190 998
1628200 998
1628210 996
1628220 995
1628230 995
1628240 993
1628250 992
1628260 992
1628270 991
1628280 989
1628290 989
1628300 988
1628310 987
1628320 986
1628330 986
1628340 984
1628350 983
1628360 983
1628370 982
1628380 981
1628390 981
1628400 980
1628410 980
1628420 980
1628430 979
1628440 978
1628450 978
1628460 976
1628470 975
1628480 974
1628490 974
1628500 972
1628510 969
1628520 969
1628530 967
1628540 965
1628550 965
1628560 962
1628570 960
1628580 960
1628590 956
1628600 953
1628610 953
1628620 949
1628630 946
1628640 944
1628650 944
1628660 941
1628670 940
1628680 940
1628690 937
1628700 936
1628710 936
1628720 936
1628730 935
1628740 935
1628750 934
1628760 932
1628770 932
1628780 932
1628790 931
1628800 931
1628810 931
1628820 931
1628830 929
1628840 929
1628850 930
1628860 932
1628870 932
1628880 934
1628890 936
1628900 936
1628910 938
1628920 940
1628930 940
1628940 942
1628950 944
1628960 944
1628970 946
1628980 949
1628990 952
1629000 952
1629010 955
1629020 958
1629030 958
1629040 962
1629050 966
1629060 966
1629070 970
1629080 974
1629090 974
1629100 978
1629110 981
1629120 981
1629130 985
1629140 988
1629150 990
1629160 990
1629170 992
1629180 994
1629190 994
1629200 996
1629210 997
1629220 997
1629230 999
1629240 1000
1629250 1000
1629260 1001
1629270 1002
1629280 1002
1629290 1003
1629300 1003
1629310 1003
1629320 1003
1629330 1003
1629340 1002
1629350 1002
1629360 1001
1629370 1000
1629380 1000
1629390 999
1629400 998
1629410 998
1629420 997
1629430 995
1629440 995
1629450 994
1629460 992
1629470 989
1629480 989
1629490 986
1629500 983
1629510 983
1629520 979
1629530 976
1629540 976
1629550 974
1629560 971
1629570 971
1629580 970
1629590 968
1629600 968
1629610 966
1629620 965
1629630 965
1629640 963
1629650 960
1629660 958
1629670 958
1629680 957
1629690 955
1629700 955
1629710 952
1629720 950
1629730 950
1629740 948
1629750 945
1629760 945
1629770 943
1629780 940
1629790 940
1629800 936
1629810 931
1629820 926
1629830 926
1629840 922
1629850 920
1629860 920
1629870 917
1629880 915
1629890 915
1629900 912
1629910 909
1629920 909
1629930 906
1629940 903
1629950 903
1629960 901
1629970 900
1629980 898
1629990 898
1630000 895
1630010 895
1630020 895
1630030 892
1630040 887
1630050 887
1630060 882
1630070 881
1630080 881
1630090 880
1630100 879
1630110 879
1630120 878
1630130 877
1630140 876
1630150 876
1630160 875
1630170 874
1630180 874
1630190 872
1630200 871
1630210 871
1630220 870
1630230 868
1630240 868
1630250 866
1630260 864
1630270 864
1630280 861
1630290 857
1630300 852
1630310 852
1630320 846
1630330 841
1630340 841
1630350 836
1630360 832
1630370 832
1630380 828
1630390 824
1630400 824
1630410 821
1630420 818
1630430 815
1630440 812
1630450 810
1630460 810
1630470 808
1630480 805
1630490 803
1630500 803
1630510 801
1630520 798
1630530 798
1630540 796
1630550 794
1630560 794
1630570 792
1630580 790
1630590 790
1630600 787
1630610 786
1630620 786
1630630 784
1630640 780
1630650 776
1630660 776
1630670 770
1630680 766
1630690 766
1630700 762
1630710 759
1630720 759
1630730 756
1630740 751
1630750 751
1630760 748
1630770 744
1630780 744
1630790 740
1630800 737
1630810 731
1630820 731
1630830 720
1630840 713
1630850 713
1630860 709
1630870 711
1630880 711
1630890 715
1630900 719
1630910 719
1630920 725
1630930 729
1630940 729
1630950 731
1630960 734
1630970 737
1630980 737
1630990 739
1631000 742
1631010 742
1631020 745
1631030 748
1631040 748
1631050 750
1631060 753
1631070 753
1631080 756
1631090 759
1631100 759
1631110 761
1631120 764
1631130 764
1631140 768
1631150 771
1631160 774
1631170 774
1631180 777
1631190 779
1631200 779
1631210 781
1631220 784
1631230 784
1631240 788
1631250 792
1631260 792
1631270 796
1631280 799
1631290 809
1631300 813
1631310 814
1631320 811
1631330 811
1631340 812
1631350 814
1631360 814
1631370 819
1631380 821
1631390 821
1631400 823
1631410 825
1631420 825
1631430 827
1631440 830
1631450 830
1631460 833
1631470 837
1631480 841
1631490 841
1631500 844
1631510 849
1631520 849
1631530 856
1631540 860
1631550 860
1631560 863
1631570 870
1631580 870
1631590 877
1631600 882
1631610 882
1631620 886
1631630 888
1631640 891
1631650 891
1631660 899
1631670 900
1631680 900
1631690 897
1631700 892
1631710 892
1631720 886
1631730 881
1631740 881
1631750 876
1631760 870
1631770 870
1631780 865
1631790 859
1631800 859
1631810 853
1631820 847
1631830 843
1631840 843
1631850 839
1631860 834
1631870 834
1631880 829
1631890 825
1631900 825
1631910 820
1631920 815
1631930 815
1631940 810
1631950 806
1631960 806
1631970 801
1631980 797
1631990 791
1632000 791
1632010 787
1632020 782
1632030 782
1632040 778
1632050 774
1632060 774
1632070 769
1632080 766
1632090 766
1632100 762
1632110 758
1632120 758
1632130 754
1632140 749
1632150 745
1632160 745
1632170 744
1632180 743
1632190 743
1632200 743
1632210 743
1632220 743
1632230 742
1632240 738
1632250 738
1632260 734
1632270 732
1632280 732
1632290 733
1632300 731
1632310 728
1632320 728
1632330 725
1632340 723
1632350 723
1632360 720
1632370 718
1632380 718
1632390 717
1632400 714
1632410 714
1632420 712
1632430 709
1632440 709
1632450 704
1632460 701
1632470 702
1632480 702
1632490 703
1632500 703
1632510 703
1632520 705
1632530 710
1632540 710
1632550 712
1632560 713
1632570 713
1632580 715
1632590 716
1632600 716
1632610 718
1632620 720
1632630 720
1632640 723
1632650 725
1632660 727
1632670 727
1632680 729
1632690 730
1632700 730
1632710 731
1632720 732
1632730 732
1632740 733
1632750 732
1632760 732
1632770 730
1632780 727
1632790 727
1632800 725
1632810 724
1632820 725
1632830 725
1632840 727
1632850 728
1632860 728
1632870 730
1632880 731
1632890 731
1632900 733
1632910 734
1632920 734
1632930 731
1632940 728
1632950 728
1632960 728
1632970 728
1632980 728
1632990 728
1633000 733
1633010 734
1633020 734
1633030 735
1633040 735
1633050 735
1633060 734
1633070 735
1633080 735
1633090 736
1633100 738
1633110 738
1633120 739
1633130 741
1633140 742
1633150 742
1633160 745
1633170 747
1633180 747
1633190 750
1633200 753
1633210 753
1633220 755
1633230 758
1633240 758
1633250 761
1633260 763
1633270 763
1633280 765
1633290 767
1633300 767
1633310 769
1633320 771
1633330 774
1633340 774
1633350 777
1633360 780
1633370 780
1633380 780
1633390 776
1633400 776
1633410 775
1633420 776
1633430 776
1633440 777
1633450 777
1633460 777
1633470 779
1633480 781
1633490 784
1633500 784
1633510 787
1633520 790
1633530 790
1633540 794
1633550 798
1633560 798
1633570 802
1633580 805
1633590 805
1633600 810
1633610 814
1633620 814
1633630 819
1633640 825
1633650 832
1633660 832
1633670 842
1633680 845
1633690 845
1633700 847
1633710 847
1633720 847
1633730 847
1633740 846
1633750 846
1633760 846
1633770 844
1633780 844
1633790 842
1633800 840
1633810 837
1633820 837
1633830 834
1633840 832
1633850 832
1633860 828
1633870 826
1633880 826
1633890 823
1633900 821
1633910 821
1633920 818
1633930 814
1633940 814
1633950 810
1633960 806
1633970 802
1633980 802
1633990 798
1634000 795
1634010 795
1634020 792
1634030 790
1634040 790
1634050 788
1634060 788
1634070 788
1634080 787
1634090 787
1634100 787
1634110 787
1634120 786
1634130 786
1634140 783
1634150 779
1634160 775
1634170 775
1634180 771
1634190 768
1634200 768
1634210 766
1634220 764
1634230 764
1634240 762
1634250 760
1634260 760
1634270 757
1634280 754
1634290 754
1634300 750
1634310 745
1634320 740
1634330 740
1634340 733
1634350 727
1634360 727
1634370 727
1634380 729
1634390 729
1634400 730
1634410 731
1634420 731
1634430 732
1634440 734
1634450 734
1634460 735
1634470 737
1634480 738
1634490 738
1634500 739
1634510 740
1634520 740
1634530 743
1634540 745
1634550 745
1634560 747
1634570 751
1634580 751
1634590 755
1634600 759
1634610 759
1634620 764
1634630 767
1634640 769
1634650 769
1634660 773
1634670 776
1634680 776
1634690 778
1634700 782
1634710 782
1634720 786
1634730 790
1634740 790
1634750 794
1634760 798
1634770 798
1634780 803
1634790 808
1634800 808
1634810 813
1634820 817
1634830 822
1634840 822
1634850 826
1634860 831
1634870 831
1634880 834
1634890 838
1634900 838
1634910 841
1634920 844
1634930 844
1634940 847
1634950 849
1634960 849
1634970 851
1634980 852
1634990 853
1635000 853
1635010 853
1635020 854
1635030 854
1635040 854
1635050 854
1635060 854
1635070 853
1635080 853
1635090 853
1635100 850
1635110 848
1635120 848
1635130 847
1635140 846
1635150 846
1635160 846
1635170 845
1635180 844
1635190 844
1635200 844
1635210 843
1635220 843
1635230 842
1635240 841
1635250 841
1635260 839
1635270 836
1635280 836
1635290 833
1635300 830
1635310 829
1635320 829
1635330 828
1635340 827
1635350 827
1635360 827
1635370 826
1635380 826
1635390 825
1635400 825
1635410 825
1635420 825
1635430 823
1635440 823
1635450 822
1635460 820
1635470 816
1635480 816
1635490 811
1635500 805
1635510 805
1635520 799
1635530 795
1635540 795
1635550 792
1635560 790
1635570 790
1635580 787
1635590 783
1635600 783
1635610 781
1635620 780
1635630 780
1635640 780
1635650 779
1635660 777
1635670 777
1635680 777
1635690 776
1635700 776
1635710 771
1635720 767
1635730 767
1635740 766
1635750 766
1635760 766
1635770 766
1635780 766
1635790 766
1635800 766
1635810 766
1635820 766
1635830 766
1635840 766
1635850 766
1635860 766
1635870 766
1635880 768
1635890 768
1635900 771
1635910 774
1635920 774
1635930 774
1635940 773
1635950 773
1635960 772
1635970 771
1635980 769
1635990 769
1636000 765
1636010 759
1636020 759
1636030 753
1636040 746
1636050 746
1636060 739
1636070 732
1636080 732
1636090 724
1636100 716
1636110 716
1636120 708
1636130 700
1636140 692
1636150 692
1636160 684
1636170 675
1636180 675
1636190 667
1636200 661
1636210 661
1636220 657
1636230 654
1636240 654
1636250 651
1636260 649
1636270 649
1636280 647
1636290 646
1636300 646
1636310 645
1636320 643
1636330 632
1636340 632
1636350 628
1636360 612
1636370 612
1636380 599
1636390 596
1636400 596
1636410 591
1636420 583
1636430 583
1636440 582
1636450 588
1636460 588
1636470 595
1636480 602
1636490 612
1636500 612
1636510 618
1636520 627
1636530 627
1636540 638
1636550 645
1636560 645
1636570 650
1636580 654
1636590 654
1636600 656
1636610 657
1636620 657
1636630 660
1636640 662
1636650 664
1636660 664
1636670 666
1636680 668
1636690 668
1636700 670
1636710 672
1636720 672
1636730 674
1636740 677
1636750 677
1636760 680
1636770 683
1636780 683
1636790 685
1636800 689
1636810 693
1636820 693
1636830 696
1636840 700
1636850 700
1636860 704
1636870 707
1636880 707
1636890 709
1636900 712
1636910 712
1636920 714
1636930 716
1636940 716
1636950 718
1636960 720
1636970 720
1636980 723
1636990 726
1637000 729
1637010 729
1637020 731
1637030 733
1637040 733
1637050 735
1637060 738
1637070 738
1637080 740
1637090 742
1637100 742
1637110 744
1637120 746
1637130 746
1637140 748
1637150 750
1637160 753
1637170 753
1637180 755
1637190 758
1637200 758
1637210 760
1637220 762
1637230 762
1637240 765
1637250 766
1637260 766
1637270 767
1637280 768
1637290 768
1637300 769
1637310 769
1637320 769
1637330 769
1637340 768
1637350 767
1637360 767
1637370 766
1637380 764
1637390 764
1637400 763
1637410 762
1637420 762
1637430 760
1637440 758
1637450 758
1637460 756
1637470 754
1637480 751
1637490 751
1637500 748
1637510 745
1637520 745
1637530 742
1637540 739
1637550 739
1637560 736
1637570 733
1637580 733
1637590 730
1637600 728
1637610 728
1637620 726
1637630 724
1637640 723
1637650 723
1637660 722
1637670 722
1637680 722
1637690 723
1637700 725
1637710 725
1637720 727
1637730 729
1637740 729
1637750 730
1637760 731
1637770 731
1637780 732
1637790 733
1637800 733
1637810 734
1637820 735
1637830 736
1637840 736
1637850 738
1637860 739
1637870 739
1637880 740
1637890 741
1637900 741
1637910 740
1637920 739
1637930 739
1637940 737
1637950 734
1637960 734
1637970 730
1637980 728
1637990 725
1638000 725
1638010 721
1638020 718
1638030 718
1638040 714
1638050 710
1638060 710
1638070 706
1638080 703
1638090 703
1638100 699
1638110 695
1638120 695
1638130 691
1638140 687
1638150 682
1638160 682
1638170 677
1638180 671
1638190 671
1638200 666
1638210 660
1638220 660
1638230 655
1638240 650
1638250 650
1638260 647
1638270 645
1638280 645
1638290 644
1638300 640
1638310 635
1638320 635
1638330 628
1638340 623
1638350 623
1638360 619
1638370 615
1638380 615
1638390 611
1638400 607
1638410 607
1638420 603
1638430 600
1638440 600
1638450 596
1638460 594
1638470 594
1638480 592
1638490 589
1638500 588
1638510 588
1638520 585
1638530 583
1638540 583
1638550 580
1638560 578
1638570 578
1638580 575
1638590 572
1638600 572
1638610 569
1638620 566
1638630 566
1638640 562
1638650 559
1638660 557
1638670 557
1638680 555
1638690 551
1638700 551
1638710 548
1638720 545
1638730 545
1638740 542
1638750 538
1638760 538
1638770 538
1638780 538
1638790 538
1638800 537
1638810 533
1638820 529
1638830 527
1638840 525
1638850 523
1638860 523
1638870 522
1638880 522
1638890 522
1638900 521
1638910 519
1638920 519
1638930 518
1638940 516
1638950 516
1638960 514
1638970 513
1638980 512
1638990 512
1639000 510
1639010 508
1639020 508
1639030 507
1639040 505
1639050 505
1639060 504
1639070 504
1639080 504
1639090 505
1639100 505
1639110 505
1639120 506
1639130 507
1639140 508
1639150 508
1639160 509
1639170 510
1639180 510
1639190 511
1639200 511
1639210 511
1639220 511
1639230 511
1639240 511
1639250 512
1639260 512
1639270 512
1639280 512
1639290 512
1639300 512
1639310 511
1639320 511
1639330 510
1639340 510
1639350 509
1639360 507
1639370 507
1639380 505
1639390 505
1639400 505
1639410 503
1639420 500
1639430 500
1639440 497
1639450 495
1639460 495
1639470 493
1639480 492
1639490 491
1639500 491
1639510 489
1639520 487
1639530 487
1639540 487
1639550 487
1639560 487
1639570 487
1639580 486
1639590 486
1639600 486
1639610 486
1639620 486
1639630 486
1639640 486
1639650 486
1639660 486
1639670 486
1639680 486
1639690 486
1639700 486
1639710 486
1639720 486
1639730 486
1639740 486
1639750 486
1639760 487
1639770 487
1639780 487
1639790 486
1639800 487
1639810 487
1639820 487
1639830 487
1639840 487
1639850 487
1639860 487
1639870 487
1639880 487
1639890 487
1639900 488
1639910 488
1639920 488
1639930 487
1639940 487
1639950 487
1639960 487
1639970 487
1639980 487
1639990 487
