1620000 531
1620010 531
1620020 531
1620030 532
1620040 532
1620050 532
1620060 533
1620070 534
1620080 534
1620090 534
1620100 534
1620110 534
1620120 534
1620130 534
1620140 533
1620150 533
1620160 533
1620170 533
1620180 533
1620190 533
1620200 532
1620210 532
1620220 532
1620230 532
1620240 532
1620250 532
1620260 531
1620270 531
1620280 531
1620290 531
1620300 531
1620310 531
1620320 531
1620330 531
1620340 531
1620350 531
1620360 530
1620370 530
1620380 530
1620390 529
1620400 529
1620410 529
1620420 529
1620430 529
1620440 529
1620450 529
1620460 529
1620470 529
1620480 529
1620490 529
1620500 529
1620510 529
1620520 529
1620530 529
1620540 529
1620550 529
1620560 529
1620570 529
1620580 529
1620590 529
1620600 529
1620610 529
1620620 529
1620630 529
1620640 529
1620650 529
1620660 529
1620670 529
1620680 529
1620690 529
1620700 529
1620710 529
1620720 529
1620730 530
1620740 530
1620750 530
1620760 530
1620770 530
1620780 530
1620790 530
1620800 530
1620810 530
1620820 530
1620830 530
1620840 530
1620850 530
1620860 530
1620870 530
1620880 530
1620890 531
1620900 531
1620910 531
1620920 531
1620930 531
1620940 531
1620950 531
1620960 531
1620970 531
1620980 531
1620990 531
1621000 531
1621010 531
1621020 531
1621030 531
1621040 531
1621050 531
1621060 531
1621070 531
1621080 531
1621090 531
1621100 531
1621110 531
1621120 531
1621130 531
1621140 531
1621150 531
1621160 532
1621170 532
1621180 532
1621190 533
1621200 533
1621210 534
1621220 536
1621230 540
1621240 540
1621250 542
1621260 541
1621270 541
1621280 541
1621290 542
1621300 542
1621310 543
1621320 543
1621330 543
1621340 544
1621350 545
1621360 545
1621370 548
1621380 549
1621390 544
1621400 544
1621410 536
1621420 532
1621430 532
1621440 527
1621450 521
1621460 521
1621470 519
1621480 517
1621490 517
1621500 514
1621510 511
1621520 511
1621530 507
1621540 504
1621550 504
1621560 499
1621570 494
1621580 486
1621590 486
1621600 482
1621610 482
1621620 482
1621630 482
1621640 482
1621650 482
1621660 483
1621670 482
1621680 482
1621690 482
1621700 483
1621710 483
1621720 483
1621730 484
1621740 485
1621750 485
1621760 486
1621770 485
1621780 485
1621790 485
1621800 486
1621810 486
1621820 485
1621830 485
1621840 485
1621850 486
1621860 488
1621870 488
1621880 497
1621890 501
1621900 508
1621910 508
1621920 515
1621930 516
1621940 516
1621950 516
1621960 516
1621970 516
1621980 526
1621990 534
1622000 534
1622010 536
1622020 538
1622030 538
1622040 536
1622050 533
1622060 527
1622070 527
1622080 526
1622090 525
1622100 525
1622110 525
1622120 525
1622130 525
1622140 525
1622150 526
1622160 526
1622170 526
1622180 526
1622190 526
1622200 526
1622210 526
1622220 526
1622230 526
1622240 526
1622250 526
1622260 526
1622270 526
1622280 526
1622290 526
1622300 526
1622310 526
1622320 526
1622330 526
1622340 526
1622350 526
1622360 526
1622370 526
1622380 526
1622390 526
1622400 526
1622410 526
1622420 526
1622430 526
1622440 526
1622450 526
1622460 526
1622470 526
1622480 526
1622490 526
1622500 526
1622510 526
1622520 526
1622530 526
1622540 526
1622550 526
1622560 526
1622570 526
1622580 526
1622590 526
1622600 526
1622610 526
1622620 526
1622630 526
1622640 526
1622650 526
1622660 526
1622670 526
1622680 526
1622690 526
1622700 526
1622710 526
1622720 527
1622730 526
1622740 526
1622750 526
1622760 526
1622770 526
1622780 526
1622790 526
1622800 526
1622810 526
1622820 527
1622830 527
1622840 527
1622850 527
1622860 527
1622870 527
1622880 527
1622890 527
1622900 527
1622910 527
1622920 527
1622930 527
1622940 527
1622950 527
1622960 527
1622970 527
1622980 527
1622990 527
1623000 527
1623010 528
1623020 528
1623030 527
1623040 526
1623050 526
1623060 526
1623070 526
1623080 526
1623090 526
1623100 526
1623110 526
1623120 526
1623130 526
1623140 527
1623150 527
1623160 527
1623170 527
1623180 527
1623190 527
1623200 528
1623210 528
1623220 528
1623230 528
1623240 528
1623250 528
1623260 529
1623270 529
1623280 529
1623290 530
1623300 530
1623310 530
1623320 530
1623330 530
1623340 530
1623350 530
1623360 530
1623370 530
1623380 530
1623390 530
1623400 530
1623410 530
1623420 530
1623430 530
1623440 530
1623450 531
1623460 530
1623470 530
1623480 530
1623490 530
1623500 530
1623510 530
1623520 530
1623530 530
1623540 530
1623550 530
1623560 529
1623570 529
1623580 528
1623590 528
1623600 528
1623610 527
1623620 527
1623630 527
1623640 526
1623650 519
1623660 519
1623670 518
1623680 518
1623690 518
1623700 518
1623710 518
1623720 518
1623730 518
1623740 517
1623750 517
1623760 517
1623770 517
1623780 516
1623790 516
1623800 516
1623810 516
1623820 516
1623830 516
1623840 516
1623850 516
1623860 516
1623870 516
1623880 516
1623890 517
1623900 517
1623910 516
1623920 516
1623930 517
1623940 517
1623950 517
1623960 518
1623970 518
1623980 518
1623990 518
1624000 518
1624010 518
1624020 519
1624030 520
1624040 520
1624050 520
1624060 521
1624070 521
1624080 521
1624090 523
1624100 524
1624110 524
1624120 524
1624130 525
1624140 525
1624150 526
1624160 526
1624170 526
1624180 527
1624190 529
1624200 529
1624210 531
1624220 532
1624230 533
1624240 533
1624250 534
1624260 533
1624270 533
1624280 532
1624290 531
1624300 531
1624310 530
1624320 530
1624330 530
1624340 531
1624350 531
1624360 531
1624370 532
1624380 533
1624390 534
1624400 534
1624410 535
1624420 535
1624430 535
1624440 536
1624450 537
1624460 537
1624470 537
1624480 538
1624490 538
1624500 539
1624510 539
1624520 539
1624530 539
1624540 540
1624550 540
1624560 540
1624570 539
1624580 540
1624590 540
1624600 541
1624610 542
1624620 542
1624630 544
1624640 547
1624650 547
1624660 551
1624670 555
1624680 555
1624690 556
1624700 555
1624710 555
1624720 555
1624730 554
1624740 552
1624750 552
1624760 550
1624770 548
1624780 548
1624790 547
1624800 547
1624810 547
1624820 547
1624830 546
1624840 546
1624850 545
1624860 544
1624870 544
1624880 542
1624890 541
1624900 538
1624910 538
1624920 535
1624930 534
1624940 534
1624950 534
1624960 535
1624970 535
1624980 535
1624990 536
1625000 536
1625010 536
1625020 537
1625030 537
1625040 537
1625050 538
1625060 538
1625070 538
1625080 537
1625090 537
1625100 537
1625110 537
1625120 537
1625130 537
1625140 537
1625150 539
1625160 539
1625170 539
1625180 539
1625190 539
1625200 539
1625210 540
1625220 541
1625230 541
1625240 542
1625250 543
1625260 543
1625270 544
1625280 546
1625290 546
1625300 547
1625310 548
1625320 548
1625330 550
1625340 554
1625350 554
1625360 558
1625370 561
1625380 566
1625390 566
1625400 570
1625410 573
1625420 573
1625430 575
1625440 578
1625450 578
1625460 588
1625470 592
1625480 592
1625490 595
1625500 597
1625510 597
1625520 598
1625530 599
1625540 599
1625550 599
1625560 600
1625570 600
1625580 600
1625590 600
1625600 600
1625610 600
1625620 598
1625630 597
1625640 597
1625650 597
1625660 597
1625670 597
1625680 597
1625690 594
1625700 594
1625710 595
1625720 597
1625730 598
1625740 598
1625750 599
1625760 599
1625770 599
1625780 599
1625790 600
1625800 600
1625810 602
1625820 606
1625830 606
1625840 611
1625850 615
1625860 615
1625870 618
1625880 621
1625890 623
1625900 623
1625910 624
1625920 625
1625930 625
1625940 626
1625950 630
1625960 630
1625970 633
1625980 636
1625990 636
1626000 639
1626010 641
1626020 641
1626030 643
1626040 645
1626050 647
1626060 647
1626070 650
1626080 654
1626090 654
1626100 657
1626110 658
1626120 658
1626130 656
1626140 655
1626150 655
1626160 653
1626170 651
1626180 651
1626190 649
1626200 650
1626210 651
1626220 651
1626230 655
1626240 657
1626250 657
1626260 658
1626270 657
1626280 657
1626290 656
1626300 656
1626310 656
1626320 656
1626330 657
1626340 657
1626350 662
1626360 666
1626370 666
1626380 670
1626390 675
1626400 678
1626410 678
1626420 682
1626430 686
1626440 686
1626450 691
1626460 694
1626470 694
1626480 696
1626490 699
1626500 699
1626510 703
1626520 708
1626530 708
1626540 710
1626550 710
1626560 709
1626570 709
1626580 707
1626590 706
1626600 706
1626610 706
1626620 707
1626630 707
1626640 708
1626650 709
1626660 709
1626670 710
1626680 711
1626690 711
1626700 712
1626710 714
1626720 717
1626730 717
1626740 721
1626750 727
1626760 727
1626770 734
1626780 736
1626790 736
1626800 735
1626810 735
1626820 735
1626830 738
1626840 739
1626850 739
1626860 739
1626870 741
1626880 747
1626890 747
1626900 752
1626910 754
1626920 754
1626930 753
1626940 752
1626950 752
1626960 752
1626970 750
1626980 750
1626990 748
1627000 746
1627010 746
1627020 743
1627030 740
1627040 740
1627050 736
1627060 734
1627070 733
1627080 733
1627090 735
1627100 738
1627110 738
1627120 742
1627130 748
1627140 748
1627150 754
1627160 760
1627170 760
1627180 768
1627190 772
1627200 772
1627210 779
1627220 788
1627230 800
1627240 800
1627250 804
1627260 808
1627270 808
1627280 813
1627290 817
1627300 817
1627310 822
1627320 826
1627330 826
1627340 828
1627350 827
1627360 827
1627370 825
1627380 823
1627390 823
1627400 823
1627410 822
1627420 820
1627430 820
1627440 818
1627450 816
1627460 816
1627470 818
1627480 819
1627490 819
1627500 821
1627510 822
1627520 822
1627530 821
1627540 820
1627550 817
1627560 817
1627570 812
1627580 810
1627590 810
1627600 817
1627610 822
1627620 822
1627630 827
1627640 832
1627650 832
1627660 837
1627670 843
1627680 843
1627690 849
1627700 853
1627710 859
1627720 859
1627730 865
1627740 869
1627750 869
1627760 873
1627770 878
1627780 878
1627790 881
1627800 885
1627810 885
1627820 889
1627830 890
1627840 890
1627850 890
1627860 890
1627870 890
1627880 889
1627890 887
1627900 885
1627910 885
1627920 883
1627930 882
1627940 882
1627950 881
1627960 880
1627970 880
1627980 880
1627990 878
1628000 878
1628010 877
1628020 876
1628030 876
1628040 875
1628050 877
1628060 879
1628070 879
1628080 880
1628090 882
1628100 882
1628110 885
1628120 889
1628130 889
1628140 894
1628150 899
1628160 899
1628170 907
1628180 914
1628190 914
1628200 921
1628210 927
1628220 928
1628230 928
1628240 928
1628250 932
1628260 932
1628270 937
1628280 942
1628290 942
1628300 946
1628310 950
1628320 950
1628330 951
1628340 950
1628350 950
1628360 948
1628370 947
1628380 945
1628390 945
1628400 941
1628410 936
1628420 936
1628430 931
1628440 928
1628450 928
1628460 925
1628470 922
1628480 922
1628490 919
1628500 917
1628510 917
1628520 915
1628530 912
1628540 911
1628550 911
1628560 915
1628570 917
1628580 917
1628590 918
1628600 917
1628610 917
1628620 915
1628630 914
1628640 914
1628650 914
1628660 913
1628670 913
1628680 914
1628690 918
1628700 918
1628710 922
1628720 926
1628730 930
1628740 930
1628750 934
1628760 936
1628770 936
1628780 938
1628790 941
1628800 941
1628810 943
1628820 944
1628830 944
1628840 945
1628850 946
1628860 946
1628870 948
1628880 949
1628890 951
1628900 951
1628910 953
1628920 956
1628930 956
1628940 958
1628950 960
1628960 960
1628970 962
1628980 964
1628990 965
1629000 967
1629010 969
1629020 969
1629030 972
1629040 973
1629050 975
1629060 975
1629070 976
1629080 977
1629090 977
1629100 978
1629110 979
1629120 979
1629130 980
1629140 980
1629150 980
1629160 979
1629170 979
1629180 979
1629190 979
1629200 979
1629210 978
1629220 978
1629230 976
1629240 974
1629250 974
1629260 972
1629270 971
1629280 971
1629290 970
1629300 968
1629310 968
1629320 967
1629330 966
1629340 966
1629350 965
1629360 963
1629370 962
1629380 962
1629390 961
1629400 958
1629410 958
1629420 955
1629430 951
1629440 951
1629450 948
1629460 945
1629470 945
1629480 943
1629490 940
1629500 940
1629510 937
1629520 934
1629530 934
1629540 933
1629550 932
1629560 931
1629570 931
1629580 929
1629590 928
1629600 928
1629610 927
1629620 925
1629630 925
1629640 924
1629650 922
1629660 922
1629670 920
1629680 919
1629690 919
1629700 917
1629710 916
1629720 914
1629730 914
1629740 912
1629750 910
1629760 910
1629770 908
1629780 906
1629790 906
1629800 904
1629810 903
1629820 903
1629830 901
1629840 900
1629850 900
1629860 897
1629870 895
1629880 893
1629890 893
1629900 892
1629910 890
1629920 890
1629930 889
1629940 888
1629950 888
1629960 886
1629970 884
1629980 884
1629990 882
1630000 880
1630010 880
1630020 878
1630030 875
1630040 871
1630050 871
1630060 867
1630070 864
1630080 864
1630090 863
1630100 865
1630110 865
1630120 867
1630130 869
1630140 869
1630150 871
1630160 871
1630170 871
1630180 872
1630190 871
1630200 870
1630210 870
1630220 867
1630230 862
1630240 862
1630250 855
1630260 852
1630270 852
1630280 849
1630290 844
1630300 844
1630310 839
1630320 834
1630330 834
1630340 832
1630350 833
1630360 833
1630370 836
1630380 838
1630390 840
1630400 840
1630410 840
1630420 841
1630430 841
1630440 843
1630450 845
1630460 845
1630470 846
1630480 847
1630490 847
1630500 848
1630510 850
1630520 850
1630530 851
1630540 854
1630550 856
1630560 856
1630570 859
1630580 861
1630590 861
1630600 863
1630610 865
1630620 865
1630630 867
1630640 869
1630650 869
1630660 871
1630670 873
1630680 873
1630690 874
1630700 875
1630710 877
1630720 875
1630730 876
1630740 878
1630750 878
1630760 879
1630770 880
1630780 880
1630790 881
1630800 882
1630810 882
1630820 882
1630830 882
1630840 882
1630850 882
1630860 882
1630870 883
1630880 883
1630890 883
1630900 884
1630910 884
1630920 885
1630930 886
1630940 886
1630950 887
1630960 888
1630970 888
1630980 890
1630990 891
1631000 891
1631010 890
1631020 886
1631030 886
1631040 882
1631050 878
1631060 875
1631070 875
1631080 872
1631090 868
1631100 868
1631110 864
1631120 862
1631130 862
1631140 860
1631150 857
1631160 857
1631170 854
1631180 852
1631190 852
1631200 850
1631210 847
1631220 843
1631230 843
1631240 836
1631250 826
1631260 826
1631270 820
1631280 813
1631290 813
1631300 801
1631310 795
1631320 795
1631330 790
1631340 786
1631350 786
1631360 780
1631370 774
1631380 767
1631390 767
1631400 760
1631410 753
1631420 753
1631430 747
1631440 742
1631450 742
1631460 737
1631470 732
1631480 732
1631490 726
1631500 721
1631510 721
1631520 715
1631530 709
1631540 704
1631550 704
1631560 699
1631570 692
1631580 689
1631590 684
1631600 677
1631610 677
1631620 671
1631630 665
1631640 665
1631650 660
1631660 654
1631670 654
1631680 649
1631690 645
1631700 640
1631710 640
1631720 634
1631730 630
1631740 630
1631750 625
1631760 622
1631770 622
1631780 619
1631790 616
1631800 616
1631810 612
1631820 609
1631830 609
1631840 610
1631850 610
1631860 610
1631870 612
1631880 612
1631890 613
1631900 613
1631910 613
1631920 614
1631930 614
1631940 617
1631950 619
1631960 619
1631970 621
1631980 622
1631990 622
1632000 623
1632010 623
1632020 623
1632030 624
1632040 628
1632050 631
1632060 631
1632070 634
1632080 637
1632090 637
1632100 639
1632110 638
1632120 638
1632130 634
1632140 631
1632150 631
1632160 628
1632170 629
1632180 629
1632190 631
1632200 635
1632210 638
1632220 638
1632230 641
1632240 646
1632250 646
1632260 653
1632270 661
1632280 661
1632290 666
1632300 672
1632310 672
1632320 679
1632330 679
1632340 679
1632350 679
1632360 682
1632370 686
1632380 686
1632390 692
1632400 699
1632410 699
1632420 703
1632430 713
1632440 713
1632450 716
1632460 721
1632470 721
1632480 722
1632490 721
1632500 721
1632510 720
1632520 720
1632530 719
1632540 719
1632550 717
1632560 716
1632570 716
1632580 713
1632590 712
1632600 712
1632610 710
1632620 706
1632630 706
1632640 701
1632650 695
1632660 695
1632670 690
1632680 684
1632690 684
1632700 679
1632710 675
1632720 672
1632730 672
1632740 669
1632750 666
1632760 666
1632770 662
1632780 662
1632790 662
1632800 664
1632810 665
1632820 665
1632830 661
1632840 656
1632850 656
1632860 650
1632870 641
1632880 629
1632890 629
1632900 623
1632910 628
1632920 628
1632930 636
1632940 638
1632950 638
1632960 644
1632970 646
1632980 646
1632990 646
1633000 645
1633010 645
1633020 647
1633030 649
1633040 650
1633050 650
1633060 653
1633070 655
1633080 655
1633090 656
1633100 660
1633110 660
1633120 663
1633130 665
1633140 665
1633150 667
1633160 669
1633170 669
1633180 671
1633190 673
1633200 675
1633210 675
1633220 678
1633230 680
1633240 680
1633250 683
1633260 685
1633270 685
1633280 687
1633290 690
1633300 690
1633310 693
1633320 696
1633330 696
1633340 698
1633350 700
1633360 703
1633370 703
1633380 706
1633390 709
1633400 709
1633410 712
1633420 715
1633430 715
1633440 719
1633450 724
1633460 724
1633470 729
1633480 734
1633490 734
1633500 739
1633510 743
1633520 743
1633530 747
1633540 750
1633550 754
1633560 754
1633570 760
1633580 766
1633590 766
1633600 769
1633610 771
1633620 771
1633630 778
1633640 782
1633650 782
1633660 786
1633670 790
1633680 790
1633690 793
1633700 795
1633710 797
1633720 797
1633730 799
1633740 800
1633750 800
1633760 801
1633770 802
1633780 802
1633790 803
1633800 804
1633810 804
1633820 804
1633830 804
1633840 804
1633850 804
1633860 804
1633870 804
1633880 804
1633890 800
1633900 796
1633910 796
1633920 792
1633930 789
1633940 789
1633950 787
1633960 785
1633970 785
1633980 784
1633990 783
1634000 783
1634010 780
1634020 778
1634030 776
1634040 776
1634050 774
1634060 772
1634070 772
1634080 770
1634090 769
1634100 769
1634110 768
1634120 768
1634130 773
1634140 772
1634150 770
1634160 770
1634170 768
1634180 766
1634190 766
1634200 764
1634210 762
1634220 759
1634230 759
1634240 757
1634250 754
1634260 754
1634270 751
1634280 747
1634290 747
1634300 744
1634310 741
1634320 741
1634330 737
1634340 733
1634350 733
1634360 728
1634370 719
1634380 714
1634390 714
1634400 705
1634410 697
1634420 697
1634430 691
1634440 688
1634450 688
1634460 691
1634470 696
1634480 696
1634490 700
1634500 704
1634510 704
1634520 707
1634530 711
1634540 714
1634550 714
1634560 718
1634570 721
1634580 721
1634590 726
1634600 730
1634610 730
1634620 733
1634630 738
1634640 738
1634650 743
1634660 747
1634670 747
1634680 751
1634690 755
1634700 759
1634710 759
1634720 763
1634730 767
1634740 767
1634750 771
1634760 774
1634770 774
1634780 777
1634790 779
1634800 779
1634810 782
1634820 785
1634830 785
1634840 787
1634850 790
1634860 793
1634870 793
1634880 796
1634890 800
1634900 800
1634910 804
1634920 809
1634930 809
1634940 813
1634950 817
1634960 817
1634970 825
1634980 828
1634990 828
1635000 831
1635010 833
1635020 833
1635030 835
1635040 837
1635050 839
1635060 839
1635070 839
1635080 839
1635090 839
1635100 838
1635110 836
1635120 836
1635130 835
1635140 832
1635150 832
1635160 830
1635170 827
1635180 827
1635190 824
1635200 821
1635210 818
1635220 818
1635230 815
1635240 811
1635250 811
1635260 807
1635270 804
1635280 804
1635290 799
1635300 793
1635310 793
1635320 788
1635330 782
1635340 782
1635350 776
1635360 770
1635370 765
1635380 765
1635390 761
1635400 756
1635410 756
1635420 754
1635430 751
1635440 751
1635450 748
1635460 745
1635470 745
1635480 742
1635490 739
1635500 739
1635510 736
1635520 733
1635530 729
1635540 729
1635550 726
1635560 723
1635570 723
1635580 720
1635590 716
1635600 716
1635610 713
1635620 709
1635630 709
1635640 706
1635650 703
1635660 703
1635670 700
1635680 696
1635690 694
1635700 694
1635710 691
1635720 688
1635730 688
1635740 685
1635750 681
1635760 681
1635770 674
1635780 666
1635790 666
1635800 660
1635810 655
1635820 655
1635830 651
1635840 650
1635850 650
1635860 648
1635870 647
1635880 645
1635890 645
1635900 643
1635910 640
1635920 640
1635930 637
1635940 634
1635950 634
1635960 631
1635970 628
1635980 628
1635990 626
1636000 622
1636010 622
1636020 619
1636030 616
1636040 612
1636050 612
1636060 609
1636070 606
1636080 606
1636090 603
1636100 599
1636110 599
1636120 594
1636130 591
1636140 591
1636150 591
1636160 590
1636170 590
1636180 588
1636190 587
1636200 587
1636210 587
1636220 585
1636230 584
1636240 584
1636250 583
1636260 582
1636270 582
1636280 581
1636290 580
1636300 580
1636310 576
1636320 571
1636330 571
1636340 565
1636350 558
1636360 552
1636370 552
1636380 546
1636390 540
1636400 540
1636410 536
1636420 535
1636430 535
1636440 539
1636450 546
1636460 546
1636470 553
1636480 559
1636490 559
1636500 564
1636510 569
1636520 574
1636530 574
1636540 580
1636550 587
1636560 587
1636570 592
1636580 597
1636590 597
1636600 603
1636610 606
1636620 606
1636630 609
1636640 612
1636650 612
1636660 616
1636670 619
1636680 619
1636690 621
1636700 624
1636710 627
1636720 627
1636730 629
1636740 632
1636750 632
1636760 634
1636770 636
1636780 636
1636790 637
1636800 639
1636810 639
1636820 640
1636830 642
1636840 642
1636850 644
1636860 647
1636870 651
1636880 651
1636890 655
1636900 659
1636910 659
1636920 661
1636930 664
1636940 664
1636950 666
1636960 668
1636970 668
1636980 669
1636990 673
1637000 673
1637010 677
1637020 682
1637030 688
1637040 688
1637050 693
1637060 696
1637070 696
1637080 699
1637090 703
1637100 703
1637110 706
1637120 708
1637130 708
1637140 708
1637150 704
1637160 704
1637170 697
1637180 691
1637190 686
1637200 686
1637210 685
1637220 687
1637230 687
1637240 688
1637250 688
1637260 688
1637270 687
1637280 686
1637290 686
1637300 685
1637310 685
1637320 685
1637330 684
1637340 683
1637350 681
1637360 681
1637370 678
1637380 674
1637390 674
1637400 672
1637410 669
1637420 669
1637430 666
1637440 663
1637450 663
1637460 661
1637470 663
1637480 663
1637490 660
1637500 657
1637510 657
1637520 654
1637530 651
1637540 646
1637550 646
1637560 643
1637570 640
1637580 640
1637590 637
1637600 635
1637610 635
1637620 634
1637630 633
1637640 633
1637650 633
1637660 634
1637670 634
1637680 635
1637690 638
1637700 640
1637710 640
1637720 639
1637730 637
1637740 637
1637750 634
1637760 630
1637770 630
1637780 625
1637790 621
1637800 621
1637810 617
1637820 614
1637830 614
1637840 612
1637850 610
1637860 605
1637870 605
1637880 600
1637890 598
1637900 598
1637910 602
1637920 607
1637930 607
1637940 610
1637950 613
1637960 613
1637970 615
1637980 617
1637990 617
1638000 620
1638010 621
1638020 622
1638030 622
1638040 623
1638050 625
1638060 625
1638070 627
1638080 630
1638090 630
1638100 632
1638110 633
1638120 633
1638130 633
1638140 632
1638150 632
1638160 629
1638170 627
1638180 627
1638190 624
1638200 620
1638210 616
1638220 616
1638230 611
1638240 606
1638250 606
1638260 602
1638270 598
1638280 598
1638290 592
1638300 589
1638310 589
1638320 587
1638330 586
1638340 586
1638350 584
1638360 583
1638370 582
1638380 582
1638390 581
1638400 580
1638410 580
1638420 579
1638430 577
1638440 577
1638450 574
1638460 572
1638470 572
1638480 569
1638490 567
1638500 567
1638510 565
1638520 561
1638530 557
1638540 557
1638550 554
1638560 551
1638570 551
1638580 547
1638590 543
1638600 543
1638610 542
1638620 543
1638630 543
1638640 544
1638650 544
1638660 544
1638670 543
1638680 543
1638690 543
1638700 543
1638710 543
1638720 543
1638730 543
1638740 542
1638750 540
1638760 540
1638770 539
1638780 538
1638790 538
1638800 537
1638810 536
1638820 536
1638830 535
1638840 535
1638850 535
1638860 535
1638870 535
1638880 535
1638890 535
1638900 536
1638910 537
1638920 537
1638930 537
1638940 536
1638950 536
1638960 535
1638970 534
1638980 534
1638990 533
1639000 533
1639010 533
1639020 532
1639030 531
1639040 529
1639050 529
1639060 528
1639070 527
1639080 527
1639090 525
1639100 523
1639110 529
1639120 525
1639130 523
1639140 523
1639150 521
1639160 519
1639170 519
1639180 519
1639190 519
1639200 521
1639210 521
1639220 524
1639230 527
1639240 527
1639250 531
1639260 534
1639270 534
1639280 537
1639290 542
1639300 542
1639310 562
1639320 583
1639330 583
1639340 593
1639350 597
1639360 599
1639370 599
1639380 601
1639390 602
1639400 602
1639410 600
1639420 602
1639430 602
1639440 602
1639450 599
1639460 599
1639470 594
1639480 589
1639490 589
1639500 584
1639510 581
1639520 577
1639530 577
1639540 573
1639550 569
1639560 569
1639570 565
1639580 560
1639590 560
1639600 553
1639610 548
1639620 548
1639630 547
1639640 540
1639650 540
1639660 533
1639670 528
1639680 521
1639690 521
1639700 516
1639710 510
1639720 510
1639730 503
1639740 497
1639750 497
1639760 490
1639770 486
1639780 486
1639790 484
1639800 484
1639810 484
1639820 483
1639830 482
1639840 482
1639850 482
1639860 482
1639870 482
1639880 482
1639890 482
1639900 482
1639910 482
1639920 482
1639930 483
1639940 483
1639950 483
1639960 482
1639970 482
1639980 483
1639990 483
