1620000 803
1620010 809
1620020 815
1620030 815
1620040 821
1620050 826
1620060 826
1620070 832
1620080 837
1620090 837
1620100 843
1620110 848
1620120 848
1620130 853
1620140 857
1620150 857
1620160 862
1620170 865
1620180 869
1620190 869
1620200 872
1620210 875
1620220 875
1620230 879
1620240 883
1620250 883
1620260 887
1620270 892
1620280 892
1620290 897
1620300 902
1620310 902
1620320 907
1620330 911
1620340 915
1620350 915
1620360 918
1620370 922
1620380 922
1620390 926
1620400 930
1620410 930
1620420 935
1620430 939
1620440 939
1620450 943
1620460 948
1620470 948
1620480 953
1620490 959
1620500 963
1620510 963
1620520 967
1620530 971
1620540 971
1620550 975
1620560 979
1620570 979
1620580 981
1620590 984
1620600 984
1620610 987
1620620 989
1620630 989
1620640 990
1620650 991
1620660 991
1620670 991
1620680 991
1620690 989
1620700 989
1620710 985
1620720 980
1620730 980
1620740 975
1620750 970
1620760 970
1620770 965
1620780 960
1620790 960
1620800 956
1620810 952
1620820 952
1620830 948
1620840 944
1620850 940
1620860 940
1620870 935
1620880 930
1620890 934
1620900 929
1620910 925
1620920 925
1620930 920
1620940 915
1620950 915
1620960 910
1620970 904
1620980 904
1620990 898
1621000 892
1621010 885
1621020 885
1621030 881
1621040 875
1621050 875
1621060 870
1621070 865
1621080 865
1621090 860
1621100 855
1621110 855
1621120 850
1621130 843
1621140 843
1621150 836
1621160 829
1621170 829
1621180 822
1621190 817
1621200 811
1621210 811
1621220 805
1621230 800
1621240 800
1621250 794
1621260 787
1621270 787
1621280 782
1621290 776
1621300 776
1621310 771
1621320 766
1621330 766
1621340 760
1621350 754
1621360 748
1621370 748
1621380 742
1621390 736
1621400 736
1621410 731
1621420 725
1621430 725
1621440 720
1621450 711
1621460 711
1621470 708
1621480 714
1621490 714
1621500 722
1621510 729
1621520 734
1621530 734
1621540 739
1621550 744
1621560 744
1621570 747
1621580 750
1621590 750
1621600 753
1621610 757
1621620 757
1621630 762
1621640 768
1621650 768
1621660 774
1621670 780
1621680 785
1621690 785
1621700 792
1621710 798
1621720 798
1621730 805
1621740 809
1621750 809
1621760 812
1621770 814
1621780 814
1621790 816
1621800 819
1621810 822
1621820 824
1621830 825
1621840 825
1621850 826
1621860 828
1621870 833
1621880 833
1621890 836
1621900 838
1621910 838
1621920 841
1621930 843
1621940 843
1621950 844
1621960 846
1621970 846
1621980 846
1621990 842
1622000 842
1622010 840
1622020 839
1622030 841
1622040 841
1622050 843
1622060 845
1622070 845
1622080 847
1622090 850
1622100 850
1622110 853
1622120 856
1622130 856
1622140 859
1622150 863
1622160 863
1622170 869
1622180 873
1622190 877
1622200 877
1622210 882
1622220 886
1622230 886
1622240 890
1622250 895
1622260 895
1622270 898
1622280 900
1622290 900
1622300 901
1622310 902
1622320 902
1622330 902
1622340 902
1622350 902
1622360 901
1622370 900
1622380 898
1622390 898
1622400 896
1622410 894
1622420 894
1622430 893
1622440 889
1622450 889
1622460 883
1622470 878
1622480 878
1622490 873
1622500 871
1622510 871
1622520 869
1622530 866
1622540 861
1622550 861
1622560 856
1622570 857
1622580 857
1622590 860
1622600 862
1622610 862
1622620 862
1622630 860
1622640 860
1622650 857
1622660 853
1622670 853
1622680 850
1622690 845
1622700 841
1622710 841
1622720 839
1622730 843
1622740 843
1622750 842
1622760 836
1622770 836
1622780 839
1622790 846
1622800 846
1622810 850
1622820 854
1622830 854
1622840 859
1622850 863
1622860 863
1622870 867
1622880 872
1622890 876
1622900 876
1622910 878
1622920 878
1622930 878
1622940 877
1622950 875
1622960 875
1622970 873
1622980 870
1622990 870
1623000 865
1623010 861
1623020 861
1623030 863
1623040 868
1623050 873
1623060 873
1623070 878
1623080 883
1623090 883
1623100 887
1623110 891
1623120 891
1623130 895
1623140 899
1623150 899
1623160 903
1623170 908
1623180 908
1623190 912
1623200 916
1623210 920
1623220 920
1623230 923
1623240 927
1623250 927
1623260 930
1623270 933
1623280 933
1623290 937
1623300 940
1623310 940
1623320 943
1623330 946
1623340 946
1623350 949
1623360 953
1623370 953
1623380 958
1623390 962
1623400 966
1623410 966
1623420 969
1623430 972
1623440 972
1623450 976
1623460 978
1623470 978
1623480 980
1623490 982
1623500 982
1623510 984
1623520 986
1623530 986
1623540 989
1623550 992
1623560 994
1623570 994
1623580 996
1623590 1000
1623600 1000
1623610 1003
1623620 1006
1623630 1006
1623640 1007
1623650 1010
1623660 1010
1623670 1012
1623680 1015
1623690 1015
1623700 1017
1623710 1019
1623720 1022
1623730 1022
1623740 1025
1623750 1029
1623760 1029
1623770 1031
1623780 1035
1623790 1035
1623800 1039
1623810 1043
1623820 1043
1623830 1046
1623840 1049
1623850 1049
1623860 1053
1623870 1057
1623880 1059
1623890 1059
1623900 1062
1623910 1065
1623920 1065
1623930 1068
1623940 1071
1623950 1071
1623960 1074
1623970 1077
1623980 1077
1623990 1081
1624000 1083
1624010 1083
1624020 1085
1624030 1087
1624040 1087
1624050 1090
1624060 1092
1624070 1095
1624080 1095
1624090 1098
1624100 1103
1624110 1103
1624120 1108
1624130 1114
1624140 1114
1624150 1119
1624160 1125
1624170 1125
1624180 1129
1624190 1130
1624200 1130
1624210 1130
1624220 1130
1624230 1131
1624240 1131
1624250 1133
1624260 1136
1624270 1136
1624280 1138
1624290 1139
1624300 1139
1624310 1138
1624320 1133
1624330 1133
1624340 1124
1624350 1117
1624360 1117
1624370 1112
1624380 1109
1624390 1106
1624400 1106
1624410 1103
1624420 1100
1624430 1100
1624440 1097
1624450 1092
1624460 1092
1624470 1088
1624480 1084
1624490 1084
1624500 1079
1624510 1074
1624520 1074
1624530 1070
1624540 1068
1624550 1068
1624560 1063
1624570 1059
1624580 1056
1624590 1056
1624600 1053
1624610 1050
1624620 1050
1624630 1047
1624640 1042
1624650 1042
1624660 1045
1624670 1048
1624680 1048
1624690 1050
1624700 1053
1624710 1053
1624720 1056
1624730 1059
1624740 1061
1624750 1061
1624760 1064
1624770 1067
1624780 1067
1624790 1069
1624800 1072
1624810 1072
1624820 1075
1624830 1078
1624840 1078
1624850 1081
1624860 1084
1624870 1084
1624880 1088
1624890 1092
1624900 1096
1624910 1096
1624920 1100
1624930 1106
1624940 1106
1624950 1111
1624960 1116
1624970 1116
1624980 1119
1624990 1122
1625000 1122
1625010 1125
1625020 1129
1625030 1129
1625040 1132
1625050 1137
1625060 1137
1625070 1142
1625080 1146
1625090 1149
1625100 1149
1625110 1151
1625120 1153
1625130 1153
1625140 1154
1625150 1155
1625160 1155
1625170 1157
1625180 1160
1625190 1160
1625200 1163
1625210 1165
1625220 1165
1625230 1167
1625240 1168
1625250 1169
1625260 1169
1625270 1169
1625280 1169
1625290 1169
1625300 1170
1625310 1170
1625320 1170
1625330 1169
1625340 1168
1625350 1168
1625360 1166
1625370 1165
1625380 1165
1625390 1163
1625400 1160
1625410 1158
1625420 1158
1625430 1155
1625440 1152
1625450 1152
1625460 1150
1625470 1147
1625480 1147
1625490 1145
1625500 1142
1625510 1142
1625520 1140
1625530 1137
1625540 1137
1625550 1134
1625560 1132
1625570 1132
1625580 1129
1625590 1126
1625600 1122
1625610 1122
1625620 1119
1625630 1115
1625640 1115
1625650 1111
1625660 1107
1625670 1107
1625680 1104
1625690 1099
1625700 1099
1625710 1096
1625720 1092
1625730 1092
1625740 1088
1625750 1085
1625760 1082
1625770 1082
1625780 1079
1625790 1074
1625800 1074
1625810 1070
1625820 1066
1625830 1066
1625840 1062
1625850 1058
1625860 1058
1625870 1054
1625880 1052
1625890 1052
1625900 1050
1625910 1049
1625920 1048
1625930 1048
1625940 1048
1625950 1047
1625960 1047
1625970 1047
1625980 1047
1625990 1047
1626000 1047
1626010 1049
1626020 1049
1626030 1049
1626040 1049
1626050 1049
1626060 1047
1626070 1045
1626080 1044
1626090 1044
1626100 1042
1626110 1041
1626120 1041
1626130 1040
1626140 1039
1626150 1039
1626160 1039
1626170 1038
1626180 1038
1626190 1038
1626200 1037
1626210 1037
1626220 1036
1626230 1034
1626240 1034
1626250 1032
1626260 1030
1626270 1027
1626280 1027
1626290 1026
1626300 1024
1626310 1024
1626320 1022
1626330 1018
1626340 1018
1626350 1014
1626360 1011
1626370 1011
1626380 1008
1626390 1004
1626400 1004
1626410 1001
1626420 997
1626430 994
1626440 994
1626450 990
1626460 986
1626470 986
1626480 982
1626490 978
1626500 978
1626510 973
1626520 969
1626530 969
1626540 965
1626550 959
1626560 959
1626570 954
1626580 948
1626590 942
1626600 942
1626610 935
1626620 933
1626630 933
1626640 934
1626650 939
1626660 939
1626670 946
1626680 951
1626690 951
1626700 956
1626710 960
1626720 960
1626730 965
1626740 970
1626750 970
1626760 977
1626770 983
1626780 988
1626790 988
1626800 993
1626810 998
1626820 998
1626830 1004
1626840 1007
1626850 1007
1626860 1011
1626870 1013
1626880 1013
1626890 1016
1626900 1019
1626910 1019
1626920 1022
1626930 1023
1626940 1024
1626950 1024
1626960 1025
1626970 1026
1626980 1026
1626990 1027
1627000 1027
1627010 1027
1627020 1027
1627030 1027
1627040 1027
1627050 1027
1627060 1026
1627070 1026
1627080 1025
1627090 1025
1627100 1025
1627110 1025
1627120 1024
1627130 1024
1627140 1024
1627150 1025
1627160 1025
1627170 1025
1627180 1024
1627190 1024
1627200 1024
1627210 1023
1627220 1025
1627230 1025
1627240 1025
1627250 1024
1627260 1024
1627270 1023
1627280 1021
1627290 1020
1627300 1020
1627310 1019
1627320 1018
1627330 1018
1627340 1017
1627350 1017
1627360 1017
1627370 1017
1627380 1019
1627390 1019
1627400 1021
1627410 1023
1627420 1023
1627430 1025
1627440 1027
1627450 1029
1627460 1029
1627470 1030
1627480 1032
1627490 1032
1627500 1034
1627510 1036
1627520 1036
1627530 1038
1627540 1040
1627550 1040
1627560 1043
1627570 1045
1627580 1045
1627590 1048
1627600 1050
1627610 1054
1627620 1054
1627630 1057
1627640 1060
1627650 1060
1627660 1063
1627670 1064
1627680 1064
1627690 1066
1627700 1067
1627710 1067
1627720 1069
1627730 1070
1627740 1070
1627750 1070
1627760 1070
1627770 1070
1627780 1069
1627790 1068
1627800 1066
1627810 1066
1627820 1065
1627830 1063
1627840 1063
1627850 1061
1627860 1059
1627870 1059
1627880 1057
1627890 1055
1627900 1055
1627910 1053
1627920 1051
1627930 1051
1627940 1049
1627950 1047
1627960 1045
1627970 1045
1627980 1044
1627990 1042
1628000 1042
1628010 1040
1628020 1038
1628030 1038
1628040 1035
1628050 1032
1628060 1032
1628070 1030
1628080 1028
1628090 1028
1628100 1023
1628110 1022
1628120 1021
1628130 1021
1628140 1018
1628150 1015
1628160 1015
1628170 1013
1628180 1010
1628190 1010
1628200 1008
1628210 1005
1628220 1005
1628230 1003
1628240 1000
1628250 1000
1628260 997
1628270 993
1628280 990
1628290 990
1628300 987
1628310 985
1628320 985
1628330 984
1628340 981
1628350 981
1628360 978
1628370 975
1628380 975
1628390 974
1628400 971
1628410 971
1628420 968
1628430 964
1628440 964
1628450 961
1628460 957
1628470 955
1628480 955
1628490 953
1628500 950
1628510 950
1628520 945
1628530 939
1628540 939
1628550 933
1628560 931
1628570 931
1628580 927
1628590 922
1628600 922
1628610 917
1628620 913
1628630 911
1628640 911
1628650 910
1628660 910
1628670 910
1628680 913
1628690 917
1628700 917
1628710 920
1628720 921
1628730 921
1628740 920
1628750 918
1628760 918
1628770 916
1628780 914
1628790 913
1628800 913
1628810 914
1628820 917
1628830 917
1628840 919
1628850 920
1628860 920
1628870 922
1628880 924
1628890 924
1628900 926
1628910 928
1628920 928
1628930 930
1628940 932
1628950 932
1628960 934
1628970 936
1628980 936
1628990 936
1629000 929
1629010 924
1629020 924
1629030 921
1629040 919
1629050 919
1629060 916
1629070 912
1629080 912
1629090 916
1629100 919
1629110 919
1629120 921
1629130 924
1629140 928
1629150 928
1629160 931
1629170 935
1629180 935
1629190 939
1629200 942
1629210 942
1629220 945
1629230 947
1629240 947
1629250 952
1629260 955
1629270 955
1629280 959
1629290 963
1629300 966
1629310 966
1629320 968
1629330 971
1629340 971
1629350 974
1629360 977
1629370 977
1629380 978
1629390 980
1629400 980
1629410 982
1629420 983
1629430 983
1629440 984
1629450 987
1629460 987
1629470 990
1629480 991
1629490 993
1629500 993
1629510 995
1629520 997
1629530 997
1629540 1000
1629550 1002
1629560 1002
1629570 1005
1629580 1007
1629590 1007
1629600 1010
1629610 1013
1629620 1013
1629630 1016
1629640 1018
1629650 1021
1629660 1021
1629670 1024
1629680 1027
1629690 1027
1629700 1030
1629710 1033
1629720 1033
1629730 1036
1629740 1038
1629750 1038
1629760 1041
1629770 1043
1629780 1043
1629790 1045
1629800 1047
1629810 1049
1629820 1049
1629830 1051
1629840 1052
1629850 1055
1629860 1056
1629870 1056
1629880 1056
1629890 1056
1629900 1056
1629910 1056
1629920 1057
1629930 1059
1629940 1059
1629950 1061
1629960 1062
1629970 1062
1629980 1065
1629990 1067
1630000 1067
1630010 1067
1630020 1068
1630030 1068
1630040 1068
1630050 1069
1630060 1069
1630070 1069
1630080 1069
1630090 1069
1630100 1069
1630110 1069
1630120 1070
1630130 1070
1630140 1070
1630150 1070
1630160 1070
1630170 1070
1630180 1069
1630190 1068
1630200 1068
1630210 1068
1630220 1069
1630230 1069
1630240 1069
1630250 1068
1630260 1068
1630270 1067
1630280 1068
1630290 1068
1630300 1070
1630310 1071
1630320 1074
1630330 1074
1630340 1077
1630350 1080
1630360 1080
1630370 1083
1630380 1085
1630390 1085
1630400 1089
1630410 1090
1630420 1090
1630430 1094
1630440 1098
1630450 1098
1630460 1100
1630470 1102
1630480 1102
1630490 1105
1630500 1108
1630510 1111
1630520 1111
1630530 1115
1630540 1117
1630550 1117
1630560 1120
1630570 1122
1630580 1122
1630590 1124
1630600 1127
1630610 1127
1630620 1128
1630630 1129
1630640 1129
1630650 1131
1630660 1134
1630670 1135
1630680 1135
1630690 1137
1630700 1139
1630710 1142
1630720 1143
1630730 1145
1630740 1145
1630750 1145
1630760 1146
1630770 1146
1630780 1147
1630790 1147
1630800 1147
1630810 1148
1630820 1147
1630830 1145
1630840 1145
1630850 1143
1630860 1143
1630870 1143
1630880 1144
1630890 1144
1630900 1144
1630910 1143
1630920 1142
1630930 1142
1630940 1142
1630950 1147
1630960 1147
1630970 1152
1630980 1156
1630990 1160
1631000 1160
1631010 1164
1631020 1168
1631030 1168
1631040 1172
1631050 1173
1631060 1173
1631070 1174
1631080 1178
1631090 1178
1631100 1182
1631110 1185
1631120 1185
1631130 1187
1631140 1190
1631150 1190
1631160 1193
1631170 1195
1631180 1198
1631190 1198
1631200 1202
1631210 1206
1631220 1206
1631230 1209
1631240 1213
1631250 1213
1631260 1215
1631270 1218
1631280 1218
1631290 1220
1631300 1222
1631310 1222
1631320 1223
1631330 1225
1631340 1226
1631350 1226
1631360 1227
1631370 1229
1631380 1229
1631390 1230
1631400 1231
1631410 1231
1631420 1233
1631430 1234
1631440 1234
1631450 1235
1631460 1237
1631470 1237
1631480 1238
1631490 1240
1631500 1241
1631510 1241
1631520 1241
1631530 1241
1631540 1241
1631550 1241
1631560 1240
1631570 1241
1631580 1241
1631590 1240
1631600 1240
1631610 1240
1631620 1239
1631630 1239
1631640 1239
1631650 1237
1631660 1237
1631670 1235
1631680 1234
1631690 1233
1631700 1233
1631710 1231
1631720 1230
1631730 1230
1631740 1228
1631750 1227
1631760 1227
1631770 1226
1631780 1225
1631790 1225
1631800 1224
1631810 1224
1631820 1224
1631830 1223
1631840 1223
1631850 1223
1631860 1223
1631870 1223
1631880 1223
1631890 1223
1631900 1222
1631910 1222
1631920 1222
1631930 1222
1631940 1222
1631950 1222
1631960 1221
1631970 1221
1631980 1221
1631990 1221
1632000 1221
1632010 1221
1632020 1221
1632030 1221
1632040 1220
1632050 1220
1632060 1220
1632070 1219
1632080 1219
1632090 1217
1632100 1216
1632110 1216
1632120 1213
1632130 1209
1632140 1209
1632150 1207
1632160 1206
1632170 1206
1632180 1204
1632190 1203
1632200 1202
1632210 1202
1632220 1201
1632230 1200
1632240 1200
1632250 1199
1632260 1198
1632270 1198
1632280 1195
1632290 1194
1632300 1194
1632310 1193
1632320 1193
1632330 1193
1632340 1192
1632350 1191
1632360 1191
1632370 1191
1632380 1190
1632390 1189
1632400 1189
1632410 1188
1632420 1186
1632430 1185
1632440 1183
1632450 1182
1632460 1182
1632470 1181
1632480 1181
1632490 1181
1632500 1181
1632510 1181
1632520 1180
1632530 1180
1632540 1179
1632550 1179
1632560 1179
1632570 1178
1632580 1177
1632590 1177
1632600 1176
1632610 1176
1632620 1176
1632630 1175
1632640 1175
1632650 1175
1632660 1174
1632670 1174
1632680 1174
1632690 1173
1632700 1173
1632710 1173
1632720 1173
1632730 1172
1632740 1171
1632750 1171
1632760 1171
1632770 1171
1632780 1171
1632790 1171
1632800 1171
1632810 1171
1632820 1171
1632830 1171
1632840 1171
1632850 1171
1632860 1171
1632870 1172
1632880 1172
1632890 1172
1632900 1172
1632910 1172
1632920 1173
1632930 1173
1632940 1173
1632950 1174
1632960 1174
1632970 1174
1632980 1175
1632990 1175
1633000 1175
1633010 1176
1633020 1177
1633030 1178
1633040 1178
1633050 1178
1633060 1179
1633070 1179
1633080 1180
1633090 1181
1633100 1181
1633110 1181
1633120 1182
1633130 1182
1633140 1183
1633150 1184
1633160 1184
1633170 1185
1633180 1186
1633190 1187
1633200 1187
1633210 1187
1633220 1187
1633230 1187
1633240 1188
1633250 1188
1633260 1188
1633270 1189
1633280 1187
1633290 1187
1633300 1187
1633310 1187
1633320 1187
1633330 1186
1633340 1186
1633350 1186
1633360 1185
1633370 1185
1633380 1184
1633390 1184
1633400 1183
1633410 1183
1633420 1183
1633430 1182
1633440 1181
1633450 1181
1633460 1181
1633470 1180
1633480 1180
1633490 1179
1633500 1178
1633510 1178
1633520 1178
1633530 1177
1633540 1175
1633550 1175
1633560 1174
1633570 1173
1633580 1173
1633590 1173
1633600 1172
1633610 1172
1633620 1171
1633630 1170
1633640 1170
1633650 1170
1633660 1169
1633670 1169
1633680 1168
1633690 1168
1633700 1167
1633710 1167
1633720 1166
1633730 1165
1633740 1165
1633750 1164
1633760 1163
1633770 1163
1633780 1162
1633790 1160
1633800 1160
1633810 1159
1633820 1158
1633830 1158
1633840 1157
1633850 1156
1633860 1156
1633870 1155
1633880 1154
1633890 1153
1633900 1153
1633910 1152
1633920 1152
1633930 1152
1633940 1151
1633950 1151
1633960 1151
1633970 1150
1633980 1150
1633990 1150
1634000 1150
1634010 1151
1634020 1151
1634030 1150
1634040 1150
1634050 1150
1634060 1150
1634070 1149
1634080 1149
1634090 1149
1634100 1149
1634110 1149
1634120 1146
1634130 1146
1634140 1146
1634150 1146
1634160 1146
1634170 1145
1634180 1145
1634190 1145
1634200 1144
1634210 1142
1634220 1142
1634230 1141
1634240 1138
1634250 1138
1634260 1136
1634270 1134
1634280 1134
1634290 1131
1634300 1128
1634310 1128
1634320 1125
1634330 1123
1634340 1123
1634350 1120
1634360 1117
1634370 1117
1634380 1114
1634390 1110
1634400 1106
1634410 1106
1634420 1103
1634430 1100
1634440 1100
1634450 1097
1634460 1092
1634470 1092
1634480 1089
1634490 1087
1634500 1087
1634510 1084
1634520 1081
1634530 1081
1634540 1078
1634550 1076
1634560 1072
1634570 1072
1634580 1069
1634590 1066
1634600 1066
1634610 1063
1634620 1060
1634630 1060
1634640 1055
1634650 1051
1634660 1051
1634670 1048
1634680 1045
1634690 1045
1634700 1042
1634710 1039
1634720 1037
1634730 1037
1634740 1035
1634750 1033
1634760 1033
1634770 1031
1634780 1030
1634790 1030
1634800 1029
1634810 1027
1634820 1027
1634830 1025
1634840 1022
1634850 1022
1634860 1019
1634870 1013
1634880 1013
1634890 1008
1634900 1005
1634910 1003
1634920 1003
1634930 1001
1634940 998
1634950 998
1634960 991
1634970 989
1634980 989
1634990 987
1635000 983
1635010 983
1635020 980
1635030 977
1635040 977
1635050 975
1635060 972
1635070 969
1635080 969
1635090 964
1635100 959
1635110 959
1635120 955
1635130 949
1635140 949
1635150 945
1635160 942
1635170 942
1635180 939
1635190 937
1635200 937
1635210 934
1635220 930
1635230 927
1635240 927
1635250 922
1635260 918
1635270 918
1635280 916
1635290 912
1635300 912
1635310 909
1635320 906
1635330 906
1635340 902
1635350 898
1635360 898
1635370 893
1635380 887
1635390 887
1635400 881
1635410 876
1635420 870
1635430 870
1635440 865
1635450 860
1635460 860
1635470 854
1635480 849
1635490 849
1635500 843
1635510 838
1635520 838
1635530 834
1635540 829
1635550 829
1635560 826
1635570 823
1635580 819
1635590 819
1635600 817
1635610 813
1635620 813
1635630 809
1635640 806
1635650 806
1635660 803
1635670 803
1635680 803
1635690 805
1635700 806
1635710 806
1635720 808
1635730 812
1635740 815
1635750 815
1635760 819
1635770 824
1635780 824
1635790 830
1635800 843
1635810 843
1635820 850
1635830 858
1635840 858
1635850 866
1635860 873
1635870 873
1635880 881
1635890 887
1635900 891
1635910 891
1635920 893
1635930 896
1635940 896
1635950 899
1635960 903
1635970 903
1635980 908
1635990 912
1636000 912
1636010 915
1636020 919
1636030 919
1636040 922
1636050 928
1636060 928
1636070 935
1636080 941
1636090 946
1636100 946
1636110 951
1636120 955
1636130 955
1636140 959
1636150 963
1636160 963
1636170 968
1636180 973
1636190 973
1636200 978
1636210 982
1636220 982
1636230 986
1636240 989
1636250 990
1636260 990
1636270 991
1636280 991
1636290 991
1636300 990
1636310 989
1636320 989
1636330 986
1636340 983
1636350 983
1636360 979
1636370 976
1636380 976
1636390 974
1636400 971
1636410 969
1636420 969
1636430 966
1636440 964
1636450 964
1636460 962
1636470 960
1636480 960
1636490 958
1636500 955
1636510 955
1636520 952
1636530 949
1636540 949
1636550 946
1636560 942
1636570 942
1636580 939
1636590 936
1636600 932
1636610 932
1636620 929
1636630 925
1636640 925
1636650 921
1636660 918
1636670 918
1636680 914
1636690 910
1636700 910
1636710 907
1636720 904
1636730 904
1636740 901
1636750 898
1636760 895
1636770 895
1636780 892
1636790 888
1636800 888
1636810 884
1636820 880
1636830 880
1636840 876
1636850 872
1636860 872
1636870 868
1636880 863
1636890 863
1636900 859
1636910 855
1636920 851
1636930 851
1636940 846
1636950 841
1636960 841
1636970 837
1636980 831
1636990 831
1637000 826
1637010 820
1637020 820
1637030 815
1637040 807
1637050 807
1637060 800
1637070 794
1637080 794
1637090 788
1637100 780
1637110 774
1637120 774
1637130 767
1637140 760
1637150 760
1637160 753
1637170 747
1637180 747
1637190 741
1637200 735
1637210 735
1637220 729
1637230 723
1637240 723
1637250 718
1637260 714
1637270 710
1637280 710
1637290 708
1637300 705
1637310 705
1637320 702
1637330 700
1637340 700
1637350 697
1637360 695
1637370 695
1637380 693
1637390 691
1637400 691
1637410 688
1637420 685
1637430 683
1637440 683
1637450 679
1637460 678
1637470 678
1637480 676
1637490 674
1637500 674
1637510 671
1637520 667
1637530 667
1637540 663
1637550 658
1637560 658
1637570 652
1637580 648
1637590 648
1637600 644
1637610 641
1637620 638
1637630 638
1637640 637
1637650 635
1637660 635
1637670 633
1637680 632
1637690 632
1637700 630
1637710 628
1637720 628
1637730 627
1637740 626
1637750 626
1637760 625
1637770 622
1637780 621
1637790 621
1637800 621
1637810 623
1637820 623
1637830 625
1637840 628
1637850 628
1637860 632
1637870 636
1637880 636
1637890 639
1637900 642
1637910 642
1637920 645
1637930 649
1637940 652
1637950 652
1637960 654
1637970 656
1637980 656
1637990 657
1638000 657
1638010 657
1638020 656
1638030 652
1638040 652
1638050 646
1638060 641
1638070 641
1638080 648
1638090 657
1638100 657
1638110 665
1638120 671
1638130 677
1638140 677
1638150 683
1638160 688
1638170 688
1638180 694
1638190 699
1638200 699
1638210 702
1638220 704
1638230 704
1638240 706
1638250 706
1638260 706
1638270 706
1638280 710
1638290 710
1638300 710
1638310 710
1638320 711
1638330 711
1638340 711
1638350 711
1638360 711
1638370 712
1638380 713
1638390 713
1638400 715
1638410 717
1638420 717
1638430 719
1638440 721
1638450 723
1638460 723
1638470 725
1638480 726
1638490 726
1638500 727
1638510 728
1638520 728
1638530 728
1638540 728
1638550 728
1638560 728
1638570 728
1638580 728
1638590 728
1638600 727
1638610 726
1638620 726
1638630 724
1638640 722
1638650 722
1638660 718
1638670 712
1638680 712
1638690 707
1638700 701
1638710 701
1638720 695
1638730 684
1638740 684
1638750 678
1638760 683
1638770 683
1638780 687
1638790 689
1638800 691
1638810 691
1638820 694
1638830 697
1638840 697
1638850 699
1638860 699
1638870 699
1638880 703
1638890 709
1638900 709
1638910 714
1638920 719
1638930 719
1638940 723
1638950 727
1638960 729
1638970 729
1638980 735
1638990 740
1639000 740
1639010 744
1639020 748
1639030 748
1639040 753
1639050 757
1639060 757
1639070 762
1639080 767
1639090 767
1639100 773
1639110 778
1639120 781
1639130 781
1639140 784
1639150 786
1639160 786
1639170 786
1639180 783
1639190 783
1639200 779
1639210 775
1639220 775
1639230 773
1639240 770
1639250 770
1639260 765
1639270 761
1639280 761
1639290 758
1639300 754
1639310 748
1639320 748
1639330 743
1639340 738
1639350 738
1639360 733
1639370 729
1639380 729
1639390 724
1639400 720
1639410 720
1639420 716
1639430 712
1639440 712
1639450 708
1639460 701
1639470 694
1639480 694
1639490 688
1639500 683
1639510 683
1639520 678
1639530 675
1639540 675
1639550 673
1639560 670
1639570 670
1639580 667
1639590 665
1639600 665
1639610 662
1639620 661
1639630 660
1639640 660
1639650 657
1639660 653
1639670 653
1639680 651
1639690 649
1639700 649
1639710 647
1639720 645
1639730 645
1639740 644
1639750 643
1639760 643
1639770 640
1639780 638
1639790 638
1639800 637
1639810 634
1639820 633
1639830 633
1639840 630
1639850 627
1639860 627
1639870 624
1639880 622
1639890 622
1639900 620
1639910 616
1639920 616
1639930 614
1639940 612
1639950 612
1639960 609
1639970 606
1639980 602
1639990 602
