1620000 802
1620010 802
1620020 805
1620030 809
1620040 809
1620050 813
1620060 816
1620070 819
1620080 819
1620090 822
1620100 826
1620110 826
1620120 829
1620130 833
1620140 833
1620150 837
1620160 840
1620170 840
1620180 844
1620190 846
1620200 846
1620210 850
1620220 856
1620230 861
1620240 861
1620250 867
1620260 872
1620270 872
1620280 877
1620290 882
1620300 882
1620310 887
1620320 892
1620330 892
1620340 896
1620350 901
1620360 901
1620370 908
1620380 914
1620390 914
1620400 920
1620410 925
1620420 931
1620430 931
1620440 937
1620450 942
1620460 942
1620470 948
1620480 954
1620490 954
1620500 959
1620510 965
1620520 965
1620530 970
1620540 976
1620550 976
1620560 981
1620570 987
1620580 991
1620590 991
1620600 996
1620610 1000
1620620 1000
1620630 1004
1620640 1006
1620650 1006
1620660 1008
1620670 1008
1620680 1008
1620690 1008
1620700 1006
1620710 1006
1620720 1004
1620730 1002
1620740 1000
1620750 1000
1620760 997
1620770 995
1620780 995
1620790 992
1620800 989
1620810 989
1620820 986
1620830 983
1620840 983
1620850 980
1620860 976
1620870 976
1620880 972
1620890 968
1620900 968
1620910 964
1620920 960
1620930 953
1620940 953
1620950 946
1620960 939
1620970 939
1620980 933
1620990 928
1621000 928
1621010 923
1621020 918
1621030 918
1621040 913
1621050 907
1621060 907
1621070 902
1621080 897
1621090 892
1621100 892
1621110 887
1621120 882
1621130 882
1621140 876
1621150 871
1621160 871
1621170 866
1621180 861
1621190 861
1621200 857
1621210 851
1621220 851
1621230 845
1621240 840
1621250 836
1621260 836
1621270 831
1621280 827
1621290 827
1621300 822
1621310 817
1621320 817
1621330 813
1621340 808
1621350 808
1621360 803
1621370 798
1621380 798
1621390 793
1621400 787
1621410 787
1621420 783
1621430 778
1621440 774
1621450 774
1621460 770
1621470 765
1621480 765
1621490 759
1621500 756
1621510 756
1621520 755
1621530 754
1621540 754
1621550 754
1621560 754
1621570 754
1621580 752
1621590 750
1621600 748
1621610 748
1621620 747
1621630 746
1621640 746
1621650 744
1621660 740
1621670 740
1621680 735
1621690 730
1621700 730
1621710 727
1621720 729
1621730 729
1621740 736
1621750 742
1621760 749
1621770 749
1621780 755
1621790 761
1621800 761
1621810 767
1621820 772
1621830 772
1621840 776
1621850 780
1621860 780
1621870 783
1621880 786
1621890 786
1621900 790
1621910 796
1621920 796
1621930 800
1621940 804
1621950 808
1621960 808
1621970 811
1621980 812
1621990 812
1622000 815
1622010 818
1622020 818
1622030 822
1622040 826
1622050 826
1622060 830
1622070 834
1622080 834
1622090 839
1622100 844
1622110 849
1622120 849
1622130 855
1622140 862
1622150 862
1622160 868
1622170 872
1622180 872
1622190 878
1622200 883
1622210 883
1622220 888
1622230 893
1622240 893
1622250 898
1622260 902
1622270 906
1622280 906
1622290 909
1622300 913
1622310 913
1622320 915
1622330 917
1622340 917
1622350 921
1622360 927
1622370 927
1622380 931
1622390 935
1622400 935
1622410 939
1622420 942
1622430 942
1622440 947
1622450 950
1622460 954
1622470 954
1622480 957
1622490 961
1622500 961
1622510 965
1622520 969
1622530 969
1622540 973
1622550 977
1622560 977
1622570 980
1622580 983
1622590 983
1622600 986
1622610 988
1622620 990
1622630 987
1622640 988
1622650 988
1622660 988
1622670 988
1622680 987
1622690 987
1622700 984
1622710 981
1622720 981
1622730 978
1622740 975
1622750 975
1622760 972
1622770 971
1622780 971
1622790 971
1622800 970
1622810 969
1622820 969
1622830 970
1622840 971
1622850 971
1622860 973
1622870 975
1622880 975
1622890 978
1622900 982
1622910 982
1622920 985
1622930 988
1622940 990
1622950 990
1622960 992
1622970 994
1622980 994
1622990 996
1623000 998
1623010 998
1623020 1000
1623030 1002
1623040 1002
1623050 1005
1623060 1008
1623070 1008
1623080 1011
1623090 1013
1623100 1013
1623110 1013
1623120 1013
1623130 1011
1623140 1011
1623150 1008
1623160 1006
1623170 1006
1623180 1005
1623190 1002
1623200 1002
1623210 1000
1623220 998
1623230 998
1623240 995
1623250 993
1623260 993
1623270 991
1623280 990
1623290 989
1623300 989
1623310 988
1623320 988
1623330 988
1623340 986
1623350 983
1623360 983
1623370 985
1623380 989
1623390 989
1623400 992
1623410 995
1623420 995
1623430 998
1623440 1002
1623450 1006
1623460 1006
1623470 1010
1623480 1015
1623490 1015
1623500 1019
1623510 1023
1623520 1023
1623530 1027
1623540 1032
1623550 1032
1623560 1034
1623570 1037
1623580 1037
1623590 1040
1623600 1042
1623610 1042
1623620 1044
1623630 1046
1623640 1045
1623650 1045
1623660 1041
1623670 1039
1623680 1039
1623690 1037
1623700 1033
1623710 1033
1623720 1036
1623730 1041
1623740 1041
1623750 1044
1623760 1048
1623770 1048
1623780 1052
1623790 1055
1623800 1058
1623810 1058
1623820 1059
1623830 1059
1623840 1059
1623850 1058
1623860 1057
1623870 1057
1623880 1057
1623890 1056
1623900 1056
1623910 1055
1623920 1052
1623930 1052
1623940 1051
1623950 1055
1623960 1061
1623970 1061
1623980 1064
1623990 1067
1624000 1067
1624010 1070
1624020 1073
1624030 1073
1624040 1076
1624050 1078
1624060 1078
1624070 1081
1624080 1084
1624090 1084
1624100 1087
1624110 1090
1624120 1090
1624130 1093
1624140 1096
1624150 1099
1624160 1099
1624170 1102
1624180 1105
1624190 1105
1624200 1108
1624210 1111
1624220 1111
1624230 1115
1624240 1118
1624250 1118
1624260 1122
1624270 1126
1624280 1126
1624290 1129
1624300 1133
1624310 1136
1624320 1136
1624330 1139
1624340 1141
1624350 1141
1624360 1143
1624370 1145
1624380 1145
1624390 1147
1624400 1148
1624410 1148
1624420 1150
1624430 1151
1624440 1151
1624450 1152
1624460 1152
1624470 1153
1624480 1153
1624490 1154
1624500 1154
1624510 1154
1624520 1153
1624530 1152
1624540 1152
1624550 1151
1624560 1149
1624570 1149
1624580 1146
1624590 1143
1624600 1143
1624610 1140
1624620 1137
1624630 1137
1624640 1134
1624650 1132
1624660 1128
1624670 1128
1624680 1125
1624690 1122
1624700 1122
1624710 1120
1624720 1118
1624730 1118
1624740 1117
1624750 1117
1624760 1117
1624770 1118
1624780 1120
1624790 1120
1624800 1122
1624810 1125
1624820 1127
1624830 1127
1624840 1129
1624850 1130
1624860 1130
1624870 1131
1624880 1132
1624890 1132
1624900 1134
1624910 1135
1624920 1135
1624930 1136
1624940 1138
1624950 1138
1624960 1139
1624970 1140
1624980 1142
1624990 1142
1625000 1142
1625010 1143
1625020 1143
1625030 1144
1625040 1145
1625050 1145
1625060 1146
1625070 1146
1625080 1146
1625090 1147
1625100 1148
1625110 1148
1625120 1148
1625130 1149
1625140 1149
1625150 1151
1625160 1152
1625170 1152
1625180 1152
1625190 1151
1625200 1150
1625210 1150
1625220 1149
1625230 1147
1625240 1147
1625250 1145
1625260 1143
1625270 1143
1625280 1140
1625290 1138
1625300 1138
1625310 1135
1625320 1132
1625330 1130
1625340 1130
1625350 1125
1625360 1122
1625370 1122
1625380 1119
1625390 1116
1625400 1116
1625410 1112
1625420 1110
1625430 1110
1625440 1106
1625450 1102
1625460 1102
1625470 1097
1625480 1093
1625490 1088
1625500 1088
1625510 1084
1625520 1080
1625530 1080
1625540 1075
1625550 1072
1625560 1072
1625570 1067
1625580 1063
1625590 1063
1625600 1060
1625610 1059
1625620 1059
1625630 1057
1625640 1054
1625650 1054
1625660 1051
1625670 1047
1625680 1043
1625690 1043
1625700 1039
1625710 1036
1625720 1036
1625730 1033
1625740 1030
1625750 1030
1625760 1028
1625770 1025
1625780 1025
1625790 1023
1625800 1020
1625810 1020
1625820 1017
1625830 1015
1625840 1012
1625850 1012
1625860 1010
1625870 1007
1625880 1007
1625890 1004
1625900 1003
1625910 1003
1625920 1001
1625930 1000
1625940 1000
1625950 998
1625960 997
1625970 997
1625980 994
1625990 991
1626000 989
1626010 989
1626020 988
1626030 986
1626040 986
1626050 984
1626060 982
1626070 982
1626080 980
1626090 978
1626100 978
1626110 977
1626120 978
1626130 978
1626140 978
1626150 978
1626160 978
1626170 978
1626180 977
1626190 977
1626200 977
1626210 977
1626220 977
1626230 977
1626240 983
1626250 985
1626260 985
1626270 987
1626280 989
1626290 989
1626300 992
1626310 994
1626320 994
1626330 996
1626340 998
1626350 999
1626360 999
1626370 998
1626380 996
1626390 996
1626400 995
1626410 995
1626420 995
1626430 997
1626440 999
1626450 999
1626460 1002
1626470 1004
1626480 1004
1626490 1007
1626500 1010
1626510 1012
1626520 1012
1626530 1014
1626540 1017
1626550 1017
1626560 1018
1626570 1020
1626580 1020
1626590 1022
1626600 1024
1626610 1024
1626620 1026
1626630 1026
1626640 1026
1626650 1026
1626660 1024
1626670 1022
1626680 1022
1626690 1017
1626700 1012
1626710 1012
1626720 1005
1626730 1000
1626740 1000
1626750 994
1626760 989
1626770 989
1626780 984
1626790 980
1626800 980
1626810 976
1626820 976
1626830 976
1626840 980
1626850 984
1626860 990
1626870 990
1626880 994
1626890 998
1626900 998
1626910 1002
1626920 1003
1626930 1003
1626940 1004
1626950 1002
1626960 1002
1626970 1001
1626980 1001
1626990 1001
1627000 1000
1627010 1000
1627020 1002
1627030 1002
1627040 1004
1627050 1004
1627060 1004
1627070 1005
1627080 1007
1627090 1007
1627100 1008
1627110 1009
1627120 1009
1627130 1013
1627140 1014
1627150 1014
1627160 1015
1627170 1016
1627180 1016
1627190 1016
1627200 1015
1627210 1015
1627220 1015
1627230 1016
1627240 1017
1627250 1017
1627260 1019
1627270 1021
1627280 1021
1627290 1023
1627300 1025
1627310 1025
1627320 1027
1627330 1030
1627340 1030
1627350 1032
1627360 1035
1627370 1038
1627380 1038
1627390 1040
1627400 1042
1627410 1042
1627420 1045
1627430 1047
1627440 1047
1627450 1049
1627460 1051
1627470 1051
1627480 1052
1627490 1053
1627500 1053
1627510 1055
1627520 1056
1627530 1056
1627540 1056
1627550 1057
1627560 1059
1627570 1059
1627580 1059
1627590 1059
1627600 1059
1627610 1057
1627620 1056
1627630 1056
1627640 1056
1627650 1054
1627660 1054
1627670 1053
1627680 1052
1627690 1050
1627700 1050
1627710 1048
1627720 1046
1627730 1046
1627740 1044
1627750 1042
1627760 1042
1627770 1040
1627780 1037
1627790 1037
1627800 1034
1627810 1031
1627820 1031
1627830 1028
1627840 1024
1627850 1024
1627860 1020
1627870 1017
1627880 1013
1627890 1013
1627900 1009
1627910 1006
1627920 1006
1627930 1003
1627940 1001
1627950 1001
1627960 998
1627970 996
1627980 996
1627990 994
1628000 990
1628010 992
1628020 989
1628030 987
1628040 985
1628050 985
1628060 984
1628070 983
1628080 983
1628090 981
1628100 979
1628110 979
1628120 976
1628130 971
1628140 971
1628150 968
1628160 964
1628170 964
1628180 960
1628190 956
1628200 953
1628210 953
1628220 951
1628230 950
1628240 950
1628250 948
1628260 950
1628270 950
1628280 951
1628290 956
1628300 956
1628310 959
1628320 963
1628330 963
1628340 968
1628350 971
1628360 971
1628370 974
1628380 977
1628390 979
1628400 979
1628410 981
1628420 983
1628430 983
1628440 984
1628450 986
1628460 986
1628470 986
1628480 987
1628490 987
1628500 987
1628510 987
1628520 987
1628530 986
1628540 984
1628550 982
1628560 982
1628570 981
1628580 979
1628590 979
1628600 979
1628610 982
1628620 982
1628630 984
1628640 986
1628650 986
1628660 990
1628670 993
1628680 993
1628690 997
1628700 1001
1628710 1004
1628720 1004
1628730 1007
1628740 1010
1628750 1010
1628760 1011
1628770 1013
1628780 1013
1628790 1014
1628800 1014
1628810 1014
1628820 1014
1628830 1015
1628840 1015
1628850 1015
1628860 1016
1628870 1016
1628880 1016
1628890 1019
1628900 1018
1628910 1018
1628920 1017
1628930 1017
1628940 1017
1628950 1017
1628960 1018
1628970 1018
1628980 1015
1628990 1006
1629000 1006
1629010 999
1629020 994
1629030 994
1629040 991
1629050 995
1629060 997
1629070 997
1629080 1000
1629090 1003
1629100 1003
1629110 1006
1629120 1009
1629130 1009
1629140 1011
1629150 1013
1629160 1013
1629170 1015
1629180 1017
1629190 1017
1629200 1020
1629210 1021
1629220 1024
1629230 1024
1629240 1025
1629250 1027
1629260 1027
1629270 1028
1629280 1030
1629290 1030
1629300 1032
1629310 1034
1629320 1034
1629330 1036
1629340 1038
1629350 1038
1629360 1040
1629370 1041
1629380 1041
1629390 1044
1629400 1046
1629410 1048
1629420 1048
1629430 1050
1629440 1052
1629450 1052
1629460 1054
1629470 1056
1629480 1056
1629490 1057
1629500 1059
1629510 1059
1629520 1060
1629530 1061
1629540 1061
1629550 1063
1629560 1064
1629570 1064
1629580 1064
1629590 1065
1629600 1066
1629610 1066
1629620 1068
1629630 1068
1629640 1068
1629650 1069
1629660 1071
1629670 1071
1629680 1073
1629690 1076
1629700 1076
1629710 1079
1629720 1082
1629730 1084
1629740 1084
1629750 1086
1629760 1089
1629770 1089
1629780 1092
1629790 1094
1629800 1094
1629810 1096
1629820 1098
1629830 1098
1629840 1102
1629850 1106
1629860 1106
1629870 1109
1629880 1112
1629890 1112
1629900 1115
1629910 1118
1629920 1121
1629930 1121
1629940 1124
1629950 1127
1629960 1127
1629970 1130
1629980 1132
1629990 1132
1630000 1135
1630010 1138
1630020 1138
1630030 1142
1630040 1145
1630050 1145
1630060 1147
1630070 1150
1630080 1152
1630090 1152
1630100 1154
1630110 1156
1630120 1156
1630130 1158
1630140 1160
1630150 1160
1630160 1162
1630170 1164
1630180 1164
1630190 1165
1630200 1167
1630210 1167
1630220 1168
1630230 1170
1630240 1171
1630250 1171
1630260 1172
1630270 1173
1630280 1173
1630290 1174
1630300 1175
1630310 1175
1630320 1175
1630330 1177
1630340 1177
1630350 1178
1630360 1180
1630370 1180
1630380 1181
1630390 1183
1630400 1185
1630410 1185
1630420 1186
1630430 1187
1630440 1187
1630450 1188
1630460 1188
1630470 1188
1630480 1187
1630490 1185
1630500 1185
1630510 1182
1630520 1181
1630530 1181
1630540 1181
1630550 1183
1630560 1183
1630570 1183
1630580 1182
1630590 1182
1630600 1182
1630610 1182
1630620 1184
1630630 1184
1630640 1183
1630650 1184
1630660 1184
1630670 1185
1630680 1185
1630690 1185
1630700 1186
1630710 1187
1630720 1187
1630730 1189
1630740 1190
1630750 1192
1630760 1192
1630770 1194
1630780 1196
1630790 1196
1630800 1198
1630810 1201
1630820 1201
1630830 1203
1630840 1206
1630850 1206
1630860 1207
1630870 1209
1630880 1209
1630890 1211
1630900 1213
1630910 1214
1630920 1214
1630930 1216
1630940 1218
1630950 1218
1630960 1220
1630970 1223
1630980 1223
1630990 1225
1631000 1227
1631010 1227
1631020 1228
1631030 1230
1631040 1230
1631050 1232
1631060 1233
1631070 1233
1631080 1235
1631090 1236
1631100 1238
1631110 1238
1631120 1240
1631130 1242
1631140 1242
1631150 1244
1631160 1245
1631170 1245
1631180 1247
1631190 1248
1631200 1248
1631210 1250
1631220 1251
1631230 1251
1631240 1252
1631250 1253
1631260 1254
1631270 1254
1631280 1255
1631290 1256
1631300 1256
1631310 1256
1631320 1257
1631330 1257
1631340 1258
1631350 1259
1631360 1259
1631370 1259
1631380 1259
1631390 1259
1631400 1258
1631410 1257
1631420 1257
1631430 1257
1631440 1256
1631450 1253
1631460 1253
1631470 1250
1631480 1245
1631490 1245
1631500 1243
1631510 1241
1631520 1241
1631530 1239
1631540 1238
1631550 1238
1631560 1236
1631570 1234
1631580 1234
1631590 1232
1631600 1230
1631610 1228
1631620 1228
1631630 1226
1631640 1224
1631650 1224
1631660 1221
1631670 1220
1631680 1220
1631690 1217
1631700 1215
1631710 1215
1631720 1212
1631730 1209
1631740 1209
1631750 1206
1631760 1204
1631770 1203
1631780 1203
1631790 1201
1631800 1200
1631810 1200
1631820 1198
1631830 1197
1631840 1197
1631850 1195
1631860 1194
1631870 1194
1631880 1192
1631890 1191
1631900 1191
1631910 1190
1631920 1189
1631930 1188
1631940 1188
1631950 1187
1631960 1187
1631970 1187
1631980 1187
1631990 1186
1632000 1186
1632010 1187
1632020 1186
1632030 1186
1632040 1185
1632050 1184
1632060 1184
1632070 1183
1632080 1181
1632090 1181
1632100 1179
1632110 1176
1632120 1173
1632130 1173
1632140 1170
1632150 1168
1632160 1168
1632170 1166
1632180 1165
1632190 1165
1632200 1164
1632210 1163
1632220 1163
1632230 1162
1632240 1161
1632250 1161
1632260 1159
1632270 1158
1632280 1156
1632290 1156
1632300 1154
1632310 1152
1632320 1152
1632330 1149
1632340 1147
1632350 1147
1632360 1145
1632370 1144
1632380 1144
1632390 1143
1632400 1141
1632410 1141
1632420 1138
1632430 1136
1632440 1135
1632450 1135
1632460 1135
1632470 1134
1632480 1134
1632490 1132
1632500 1132
1632510 1132
1632520 1130
1632530 1128
1632540 1128
1632550 1127
1632560 1126
1632570 1126
1632580 1124
1632590 1123
1632600 1123
1632610 1120
1632620 1118
1632630 1115
1632640 1115
1632650 1113
1632660 1112
1632670 1112
1632680 1112
1632690 1111
1632700 1111
1632710 1110
1632720 1110
1632730 1110
1632740 1109
1632750 1108
1632760 1108
1632770 1107
1632780 1107
1632790 1106
1632800 1106
1632810 1106
1632820 1106
1632830 1106
1632840 1106
1632850 1106
1632860 1106
1632870 1105
1632880 1104
1632890 1104
1632900 1103
1632910 1102
1632920 1102
1632930 1101
1632940 1099
1632950 1099
1632960 1099
1632970 1099
1632980 1099
1632990 1099
1633000 1098
1633010 1098
1633020 1098
1633030 1099
1633040 1100
1633050 1100
1633060 1102
1633070 1103
1633080 1103
1633090 1104
1633100 1105
1633110 1105
1633120 1107
1633130 1108
1633140 1110
1633150 1110
1633160 1111
1633170 1111
1633180 1111
1633190 1109
1633200 1110
1633210 1110
1633220 1110
1633230 1110
1633240 1110
1633250 1110
1633260 1110
1633270 1110
1633280 1110
1633290 1110
1633300 1109
1633310 1109
1633320 1108
1633330 1108
1633340 1108
1633350 1107
1633360 1105
1633370 1105
1633380 1105
1633390 1103
1633400 1103
1633410 1102
1633420 1100
1633430 1100
1633440 1098
1633450 1097
1633460 1097
1633470 1097
1633480 1096
1633490 1096
1633500 1096
1633510 1095
1633520 1095
1633530 1095
1633540 1094
1633550 1093
1633560 1093
1633570 1093
1633580 1092
1633590 1092
1633600 1092
1633610 1091
1633620 1091
1633630 1091
1633640 1091
1633650 1091
1633660 1091
1633670 1091
1633680 1091
1633690 1091
1633700 1090
1633710 1090
1633720 1090
1633730 1089
1633740 1088
1633750 1088
1633760 1088
1633770 1087
1633780 1087
1633790 1087
1633800 1086
1633810 1086
1633820 1086
1633830 1086
1633840 1085
1633850 1085
1633860 1083
1633870 1081
1633880 1081
1633890 1079
1633900 1078
1633910 1078
1633920 1077
1633930 1076
1633940 1076
1633950 1075
1633960 1074
1633970 1074
1633980 1074
1633990 1072
1634000 1069
1634010 1069
1634020 1067
1634030 1065
1634040 1062
1634050 1061
1634060 1060
1634070 1060
1634080 1060
1634090 1060
1634100 1060
1634110 1060
1634120 1060
1634130 1060
1634140 1061
1634150 1062
1634160 1062
1634170 1062
1634180 1063
1634190 1064
1634200 1064
1634210 1065
1634220 1065
1634230 1065
1634240 1066
1634250 1066
1634260 1066
1634270 1067
1634280 1067
1634290 1067
1634300 1067
1634310 1066
1634320 1065
1634330 1065
1634340 1064
1634350 1063
1634360 1063
1634370 1061
1634380 1059
1634390 1059
1634400 1057
1634410 1054
1634420 1054
1634430 1052
1634440 1049
1634450 1049
1634460 1047
1634470 1044
1634480 1041
1634490 1041
1634500 1038
1634510 1035
1634520 1035
1634530 1030
1634540 1025
1634550 1025
1634560 1019
1634570 1014
1634580 1014
1634590 1009
1634600 1003
1634610 1003
1634620 999
1634630 994
1634640 994
1634650 990
1634660 985
1634670 980
1634680 980
1634690 975
1634700 971
1634710 971
1634720 966
1634730 962
1634740 962
1634750 958
1634760 953
1634770 953
1634780 949
1634790 945
1634800 945
1634810 941
1634820 938
1634830 934
1634840 934
1634850 930
1634860 926
1634870 926
1634880 919
1634890 915
1634900 915
1634910 912
1634920 908
1634930 908
1634940 905
1634950 902
1634960 902
1634970 899
1634980 897
1634990 894
1635000 894
1635010 891
1635020 888
1635030 888
1635040 885
1635050 883
1635060 883
1635070 880
1635080 878
1635090 878
1635100 874
1635110 871
1635120 871
1635130 867
1635140 862
1635150 858
1635160 858
1635170 854
1635180 850
1635190 850
1635200 844
1635210 836
1635220 836
1635230 828
1635240 823
1635250 823
1635260 822
1635270 822
1635280 822
1635290 827
1635300 833
1635310 833
1635320 841
1635330 848
1635340 855
1635350 855
1635360 860
1635370 863
1635380 863
1635390 866
1635400 871
1635410 871
1635420 875
1635430 880
1635440 880
1635450 883
1635460 886
1635470 886
1635480 888
1635490 889
1635500 890
1635510 890
1635520 893
1635530 897
1635540 897
1635550 902
1635560 908
1635570 908
1635580 913
1635590 916
1635600 916
1635610 920
1635620 925
1635630 925
1635640 928
1635650 930
1635660 933
1635670 933
1635680 934
1635690 934
1635700 934
1635710 941
1635720 941
1635730 941
1635740 942
1635750 944
1635760 944
1635770 947
1635780 950
1635790 950
1635800 953
1635810 956
1635820 956
1635830 959
1635840 961
1635850 964
1635860 964
1635870 966
1635880 968
1635890 968
1635900 970
1635910 972
1635920 972
1635930 974
1635940 977
1635950 977
1635960 979
1635970 982
1635980 982
1635990 985
1636000 987
1636010 987
1636020 987
1636030 988
1636040 988
1636050 988
1636060 988
1636070 987
1636080 987
1636090 987
1636100 986
1636110 986
1636120 983
1636130 980
1636140 980
1636150 978
1636160 976
1636170 974
1636180 974
1636190 972
1636200 969
1636210 969
1636220 965
1636230 961
1636240 961
1636250 956
1636260 951
1636270 951
1636280 946
1636290 941
1636300 941
1636310 937
1636320 934
1636330 934
1636340 931
1636350 929
1636360 927
1636370 927
1636380 924
1636390 920
1636400 920
1636410 917
1636420 915
1636430 915
1636440 912
1636450 909
1636460 909
1636470 907
1636480 905
1636490 905
1636500 902
1636510 897
1636520 893
1636530 893
1636540 887
1636550 882
1636560 882
1636570 877
1636580 872
1636590 872
1636600 869
1636610 866
1636620 866
1636630 862
1636640 857
1636650 857
1636660 853
1636670 850
1636680 846
1636690 846
1636700 844
1636710 841
1636720 841
1636730 838
1636740 835
1636750 835
1636760 830
1636770 826
1636780 826
1636790 822
1636800 817
1636810 817
1636820 811
1636830 805
1636840 805
1636850 799
1636860 792
1636870 786
1636880 786
1636890 779
1636900 773
1636910 773
1636920 773
1636930 772
1636940 772
1636950 770
1636960 768
1636970 768
1636980 765
1636990 763
1637000 763
1637010 760
1637020 756
1637030 751
1637040 751
1637050 745
1637060 740
1637070 740
1637080 734
1637090 728
1637100 728
1637110 723
1637120 718
1637130 718
1637140 713
1637150 708
1637160 708
1637170 703
1637180 699
1637190 695
1637200 695
1637210 691
1637220 687
1637230 687
1637240 683
1637250 680
1637260 680
1637270 676
1637280 673
1637290 673
1637300 669
1637310 666
1637320 666
1637330 663
1637340 661
1637350 661
1637360 660
1637370 658
1637380 657
1637390 657
1637400 656
1637410 655
1637420 655
1637430 656
1637440 659
1637450 659
1637460 663
1637470 668
1637480 668
1637490 672
1637500 675
1637510 675
1637520 677
1637530 680
1637540 684
1637550 684
1637560 687
1637570 688
1637580 688
1637590 683
1637600 679
1637610 679
1637620 678
1637630 684
1637640 684
1637650 692
1637660 698
1637670 698
1637680 703
1637690 708
1637700 711
1637710 711
1637720 713
1637730 716
1637740 716
1637750 718
1637760 721
1637770 721
1637780 724
1637790 728
1637800 728
1637810 731
1637820 735
1637830 735
1637840 739
1637850 742
1637860 742
1637870 745
1637880 748
1637890 755
1637900 755
1637910 760
1637920 765
1637930 765
1637940 767
1637950 769
1637960 769
1637970 771
1637980 770
1637990 770
1638000 770
1638010 769
1638020 769
1638030 769
1638040 769
1638050 768
1638060 768
1638070 768
1638080 768
1638090 768
1638100 768
1638110 769
1638120 769
1638130 768
1638140 768
1638150 768
1638160 769
1638170 773
1638180 773
1638190 787
1638200 791
1638210 791
1638220 791
1638230 792
1638240 794
1638250 794
1638260 798
1638270 802
1638280 802
1638290 805
1638300 808
1638310 808
1638320 811
1638330 814
1638340 814
1638350 816
1638360 818
1638370 818
1638380 820
1638390 821
1638400 822
1638410 822
1638420 823
1638430 823
1638440 823
1638450 823
1638460 822
1638470 822
1638480 820
1638490 817
1638500 817
1638510 813
1638520 809
1638530 809
1638540 805
1638550 800
1638560 795
1638570 795
1638580 789
1638590 783
1638600 783
1638610 777
1638620 770
1638630 770
1638640 763
1638650 758
1638660 758
1638670 760
1638680 765
1638690 765
1638700 770
1638710 773
1638720 777
1638730 777
1638740 781
1638750 785
1638760 785
1638770 789
1638780 793
1638790 793
1638800 797
1638810 800
1638820 800
1638830 803
1638840 805
1638850 805
1638860 806
1638870 807
1638880 807
1638890 808
1638900 809
1638910 810
1638920 810
1638930 810
1638940 810
1638950 810
1638960 807
1638970 805
1638980 805
1638990 800
1639000 796
1639010 793
1639020 787
1639030 781
1639040 781
1639050 777
1639060 774
1639070 769
1639080 769
1639090 765
1639100 761
1639110 761
1639120 757
1639130 754
1639140 754
1639150 751
1639160 748
1639170 748
1639180 744
1639190 740
1639200 740
1639210 736
1639220 731
1639230 726
1639240 726
1639250 721
1639260 716
1639270 716
1639280 712
1639290 706
1639300 706
1639310 700
1639320 696
1639330 696
1639340 694
1639350 692
1639360 692
1639370 688
1639380 685
1639390 682
1639400 682
1639410 681
1639420 679
1639430 679
1639440 678
1639450 676
1639460 676
1639470 673
1639480 669
1639490 669
1639500 665
1639510 660
1639520 660
1639530 656
1639540 653
1639550 653
1639560 651
1639570 649
1639580 645
1639590 645
1639600 642
1639610 638
1639620 638
1639630 634
1639640 630
1639650 630
1639660 625
1639670 619
1639680 619
1639690 615
1639700 615
1639710 615
1639720 618
1639730 623
1639740 624
1639750 624
1639760 624
1639770 623
1639780 623
1639790 622
1639800 621
1639810 621
1639820 619
1639830 619
1639840 619
1639850 616
1639860 614
1639870 614
1639880 612
1639890 611
1639900 610
1639910 610
1639920 609
1639930 609
1639940 609
1639950 609
1639960 608
1639970 608
1639980 608
1639990 608
