1620000 831
1620010 833
1620020 834
1620030 834
1620040 835
1620050 837
1620060 837
1620070 839
1620080 841
1620090 841
1620100 842
1620110 842
1620120 842
1620130 840
1620140 839
1620150 839
1620160 839
1620170 839
1620180 840
1620190 840
1620200 841
1620210 842
1620220 842
1620230 845
1620240 848
1620250 848
1620260 852
1620270 856
1620280 856
1620290 859
1620300 863
1620310 863
1620320 867
1620330 870
1620340 874
1620350 874
1620360 877
1620370 881
1620380 881
1620390 885
1620400 888
1620410 888
1620420 893
1620430 898
1620440 898
1620450 903
1620460 908
1620470 908
1620480 913
1620490 917
1620500 917
1620510 921
1620520 925
1620530 929
1620540 929
1620550 934
1620560 938
1620570 938
1620580 943
1620590 948
1620600 948
1620610 952
1620620 957
1620630 957
1620640 962
1620650 965
1620660 965
1620670 970
1620680 978
1620690 984
1620700 984
1620710 988
1620720 990
1620730 990
1620740 993
1620750 997
1620760 997
1620770 1000
1620780 1001
1620790 1001
1620800 1001
1620810 1000
1620820 1000
1620830 999
1620840 998
1620850 997
1620860 997
1620870 995
1620880 995
1620890 995
1620900 996
1620910 997
1620920 997
1620930 999
1620940 1001
1620950 1001
1620960 1003
1620970 1007
1620980 1007
1620990 1010
1621000 1012
1621010 1012
1621020 1014
1621030 1016
1621040 1017
1621050 1017
1621060 1020
1621070 1024
1621080 1024
1621090 1029
1621100 1034
1621110 1034
1621120 1038
1621130 1044
1621140 1044
1621150 1050
1621160 1055
1621170 1055
1621180 1061
1621190 1066
1621200 1070
1621210 1070
1621220 1073
1621230 1077
1621240 1077
1621250 1080
1621260 1083
1621270 1083
1621280 1086
1621290 1088
1621300 1088
1621310 1090
1621320 1092
1621330 1092
1621340 1093
1621350 1093
1621360 1093
1621370 1094
1621380 1095
1621390 1094
1621400 1094
1621410 1094
1621420 1094
1621430 1094
1621440 1095
1621450 1095
1621460 1095
1621470 1095
1621480 1095
1621490 1095
1621500 1094
1621510 1093
1621520 1093
1621530 1092
1621540 1091
1621550 1089
1621560 1089
1621570 1087
1621580 1083
1621590 1083
1621600 1081
1621610 1079
1621620 1079
1621630 1076
1621640 1074
1621650 1074
1621660 1073
1621670 1071
1621680 1071
1621690 1069
1621700 1068
1621710 1066
1621720 1066
1621730 1065
1621740 1064
1621750 1064
1621760 1064
1621770 1064
1621780 1064
1621790 1063
1621800 1062
1621810 1062
1621820 1060
1621830 1056
1621840 1056
1621850 1053
1621860 1050
1621870 1050
1621880 1048
1621890 1045
1621900 1042
1621910 1042
1621920 1039
1621930 1035
1621940 1035
1621950 1031
1621960 1026
1621970 1026
1621980 1021
1621990 1016
1622000 1016
1622010 1009
1622020 1002
1622030 1002
1622040 995
1622050 989
1622060 984
1622070 984
1622080 980
1622090 980
1622100 980
1622110 984
1622120 987
1622130 987
1622140 987
1622150 988
1622160 988
1622170 989
1622180 991
1622190 991
1622200 992
1622210 993
1622220 992
1622230 992
1622240 991
1622250 987
1622260 987
1622270 983
1622280 981
1622290 981
1622300 979
1622310 977
1622320 977
1622330 975
1622340 973
1622350 973
1622360 970
1622370 967
1622380 967
1622390 965
1622400 964
1622410 964
1622420 964
1622430 964
1622440 964
1622450 964
1622460 967
1622470 968
1622480 968
1622490 968
1622500 966
1622510 966
1622520 965
1622530 962
1622540 962
1622550 959
1622560 956
1622570 951
1622580 951
1622590 946
1622600 942
1622610 942
1622620 939
1622630 938
1622640 938
1622650 936
1622660 933
1622670 933
1622680 931
1622690 927
1622700 927
1622710 923
1622720 919
1622730 919
1622740 915
1622750 911
1622760 907
1622770 907
1622780 903
1622790 898
1622800 898
1622810 894
1622820 891
1622830 891
1622840 885
1622850 878
1622860 878
1622870 870
1622880 863
1622890 863
1622900 856
1622910 849
1622920 841
1622930 841
1622940 834
1622950 833
1622960 833
1622970 834
1622980 840
1622990 840
1623000 846
1623010 851
1623020 851
1623030 856
1623040 860
1623050 860
1623060 861
1623070 860
1623080 861
1623090 861
1623100 863
1623110 863
1623120 863
1623130 864
1623140 869
1623150 869
1623160 873
1623170 877
1623180 877
1623190 882
1623200 887
1623210 887
1623220 891
1623230 896
1623240 896
1623250 901
1623260 905
1623270 909
1623280 909
1623290 911
1623300 911
1623310 911
1623320 910
1623330 908
1623340 908
1623350 905
1623360 903
1623370 903
1623380 901
1623390 901
1623400 901
1623410 901
1623420 901
1623430 903
1623440 903
1623450 902
1623460 900
1623470 900
1623480 897
1623490 890
1623500 890
1623510 886
1623520 886
1623530 886
1623540 885
1623550 884
1623560 884
1623570 885
1623580 892
1623590 896
1623600 896
1623610 898
1623620 901
1623630 901
1623640 902
1623650 903
1623660 903
1623670 905
1623680 907
1623690 907
1623700 910
1623710 913
1623720 913
1623730 915
1623740 917
1623750 917
1623760 920
1623770 922
1623780 925
1623790 925
1623800 927
1623810 929
1623820 929
1623830 931
1623840 933
1623850 933
1623860 935
1623870 937
1623880 937
1623890 941
1623900 946
1623910 946
1623920 950
1623930 954
1623940 959
1623950 959
1623960 964
1623970 969
1623980 969
1623990 973
1624000 976
1624010 976
1624020 978
1624030 980
1624040 980
1624050 981
1624060 982
1624070 982
1624080 983
1624090 983
1624100 983
1624110 984
1624120 985
1624130 984
1624140 984
1624150 984
1624160 981
1624170 981
1624180 976
1624190 971
1624200 971
1624210 965
1624220 958
1624230 958
1624240 953
1624250 947
1624260 947
1624270 944
1624280 944
1624290 945
1624300 945
1624310 946
1624320 948
1624330 953
1624340 954
1624350 954
1624360 954
1624370 953
1624380 951
1624390 951
1624400 949
1624410 946
1624420 946
1624430 943
1624440 941
1624450 939
1624460 939
1624470 937
1624480 935
1624490 935
1624500 933
1624510 930
1624520 930
1624530 926
1624540 922
1624550 922
1624560 918
1624570 915
1624580 915
1624590 912
1624600 905
1624610 905
1624620 902
1624630 908
1624640 912
1624650 912
1624660 911
1624670 906
1624680 906
1624690 904
1624700 907
1624710 907
1624720 909
1624730 913
1624740 913
1624750 917
1624760 920
1624770 920
1624780 921
1624790 921
1624800 923
1624810 923
1624820 925
1624830 920
1624840 920
1624850 916
1624860 922
1624870 922
1624880 927
1624890 930
1624900 930
1624910 932
1624920 935
1624930 935
1624940 939
1624950 945
1624960 947
1624970 947
1624980 947
1624990 947
1625000 947
1625010 948
1625020 954
1625030 954
1625040 963
1625050 970
1625060 970
1625070 975
1625080 980
1625090 980
1625100 984
1625110 987
1625120 987
1625130 989
1625140 991
1625150 992
1625160 992
1625170 993
1625180 994
1625190 994
1625200 995
1625210 996
1625220 996
1625230 994
1625240 995
1625250 995
1625260 997
1625270 999
1625280 999
1625290 1001
1625300 1003
1625310 1005
1625320 1005
1625330 1008
1625340 1010
1625350 1010
1625360 1013
1625370 1016
1625380 1016
1625390 1019
1625400 1022
1625410 1022
1625420 1026
1625430 1029
1625440 1029
1625450 1031
1625460 1034
1625470 1037
1625480 1037
1625490 1040
1625500 1042
1625510 1042
1625520 1045
1625530 1048
1625540 1048
1625550 1051
1625560 1054
1625570 1054
1625580 1058
1625590 1062
1625600 1062
1625610 1065
1625620 1067
1625630 1067
1625640 1069
1625650 1072
1625660 1075
1625670 1075
1625680 1077
1625690 1080
1625700 1080
1625710 1084
1625720 1087
1625730 1087
1625740 1090
1625750 1094
1625760 1094
1625770 1097
1625780 1100
1625790 1100
1625800 1103
1625810 1106
1625820 1108
1625830 1108
1625840 1111
1625850 1113
1625860 1113
1625870 1115
1625880 1116
1625890 1116
1625900 1118
1625910 1121
1625920 1121
1625930 1123
1625940 1126
1625950 1126
1625960 1131
1625970 1135
1625980 1135
1625990 1139
1626000 1142
1626010 1145
1626020 1145
1626030 1147
1626040 1148
1626050 1148
1626060 1150
1626070 1151
1626080 1151
1626090 1152
1626100 1152
1626110 1152
1626120 1153
1626130 1152
1626140 1152
1626150 1152
1626160 1152
1626170 1151
1626180 1151
1626190 1151
1626200 1151
1626210 1151
1626220 1150
1626230 1149
1626240 1149
1626250 1148
1626260 1147
1626270 1147
1626280 1146
1626290 1144
1626300 1144
1626310 1142
1626320 1140
1626330 1139
1626340 1139
1626350 1138
1626360 1138
1626370 1138
1626380 1139
1626390 1139
1626400 1139
1626410 1139
1626420 1139
1626430 1139
1626440 1139
1626450 1139
1626460 1139
1626470 1138
1626480 1138
1626490 1138
1626500 1137
1626510 1136
1626520 1134
1626530 1134
1626540 1132
1626550 1131
1626560 1131
1626570 1132
1626580 1134
1626590 1134
1626600 1137
1626610 1138
1626620 1138
1626630 1140
1626640 1142
1626650 1142
1626660 1144
1626670 1145
1626680 1146
1626690 1146
1626700 1148
1626710 1150
1626720 1150
1626730 1150
1626740 1151
1626750 1151
1626760 1153
1626770 1154
1626780 1154
1626790 1155
1626800 1156
1626810 1156
1626820 1157
1626830 1158
1626840 1159
1626850 1159
1626860 1160
1626870 1160
1626880 1160
1626890 1161
1626900 1160
1626910 1160
1626920 1159
1626930 1157
1626940 1157
1626950 1156
1626960 1157
1626970 1157
1626980 1158
1626990 1161
1627000 1161
1627010 1164
1627020 1170
1627030 1171
1627040 1171
1627050 1173
1627060 1175
1627070 1175
1627080 1177
1627090 1179
1627100 1179
1627110 1180
1627120 1181
1627130 1181
1627140 1180
1627150 1178
1627160 1178
1627170 1176
1627180 1173
1627190 1169
1627200 1169
1627210 1167
1627220 1164
1627230 1164
1627240 1161
1627250 1159
1627260 1159
1627270 1163
1627280 1166
1627290 1166
1627300 1170
1627310 1175
1627320 1175
1627330 1179
1627340 1183
1627350 1183
1627360 1187
1627370 1188
1627380 1190
1627390 1190
1627400 1192
1627410 1194
1627420 1194
1627430 1197
1627440 1200
1627450 1200
1627460 1202
1627470 1204
1627480 1204
1627490 1206
1627500 1208
1627510 1208
1627520 1210
1627530 1214
1627540 1216
1627550 1216
1627560 1218
1627570 1220
1627580 1220
1627590 1223
1627600 1226
1627610 1226
1627620 1229
1627630 1232
1627640 1232
1627650 1235
1627660 1236
1627670 1236
1627680 1238
1627690 1240
1627700 1242
1627710 1242
1627720 1244
1627730 1247
1627740 1247
1627750 1250
1627760 1252
1627770 1252
1627780 1255
1627790 1258
1627800 1258
1627810 1260
1627820 1263
1627830 1263
1627840 1266
1627850 1268
1627860 1268
1627870 1270
1627880 1272
1627890 1274
1627900 1276
1627910 1277
1627920 1278
1627930 1278
1627940 1280
1627950 1282
1627960 1282
1627970 1284
1627980 1286
1627990 1286
1628000 1287
1628010 1287
1628020 1287
1628030 1289
1628040 1291
1628050 1294
1628060 1294
1628070 1295
1628080 1296
1628090 1296
1628100 1296
1628110 1296
1628120 1296
1628130 1296
1628140 1296
1628150 1296
1628160 1296
1628170 1296
1628180 1296
1628190 1296
1628200 1297
1628210 1297
1628220 1297
1628230 1297
1628240 1298
1628250 1298
1628260 1299
1628270 1300
1628280 1300
1628290 1300
1628300 1300
1628310 1300
1628320 1301
1628330 1302
1628340 1302
1628350 1303
1628360 1303
1628370 1303
1628380 1304
1628390 1306
1628400 1307
1628410 1307
1628420 1309
1628430 1311
1628440 1311
1628450 1313
1628460 1315
1628470 1315
1628480 1316
1628490 1318
1628500 1318
1628510 1321
1628520 1323
1628530 1323
1628540 1325
1628550 1327
1628560 1329
1628570 1329
1628580 1331
1628590 1333
1628600 1333
1628610 1335
1628620 1337
1628630 1337
1628640 1339
1628650 1341
1628660 1341
1628670 1344
1628680 1347
1628690 1347
1628700 1349
1628710 1352
1628720 1352
1628730 1355
1628740 1358
1628750 1360
1628760 1360
1628770 1363
1628780 1367
1628790 1367
1628800 1370
1628810 1373
1628820 1373
1628830 1376
1628840 1378
1628850 1378
1628860 1381
1628870 1383
1628880 1383
1628890 1385
1628900 1388
1628910 1390
1628920 1390
1628930 1393
1628940 1397
1628950 1397
1628960 1400
1628970 1402
1628980 1402
1628990 1404
1629000 1407
1629010 1407
1629020 1410
1629030 1413
1629040 1413
1629050 1414
1629060 1414
1629070 1414
1629080 1414
1629090 1414
1629100 1414
1629110 1414
1629120 1413
1629130 1413
1629140 1413
1629150 1412
1629160 1411
1629170 1411
1629180 1410
1629190 1408
1629200 1408
1629210 1407
1629220 1405
1629230 1405
1629240 1402
1629250 1400
1629260 1397
1629270 1397
1629280 1393
1629290 1390
1629300 1390
1629310 1386
1629320 1384
1629330 1384
1629340 1381
1629350 1379
1629360 1379
1629370 1377
1629380 1373
1629390 1373
1629400 1369
1629410 1366
1629420 1363
1629430 1363
1629440 1360
1629450 1357
1629460 1357
1629470 1355
1629480 1355
1629490 1355
1629500 1354
1629510 1351
1629520 1351
1629530 1348
1629540 1345
1629550 1345
1629560 1343
1629570 1341
1629580 1338
1629590 1338
1629600 1335
1629610 1332
1629620 1332
1629630 1328
1629640 1325
1629650 1325
1629660 1321
1629670 1319
1629680 1319
1629690 1315
1629700 1312
1629710 1312
1629720 1308
1629730 1305
1629740 1305
1629750 1304
1629760 1303
1629770 1303
1629780 1303
1629790 1302
1629800 1301
1629810 1301
1629820 1300
1629830 1297
1629840 1297
1629850 1295
1629860 1293
1629870 1293
1629880 1292
1629890 1289
1629900 1289
1629910 1288
1629920 1287
1629930 1285
1629940 1285
1629950 1284
1629960 1281
1629970 1281
1629980 1279
1629990 1277
1630000 1277
1630010 1276
1630020 1273
1630030 1273
1630040 1270
1630050 1269
1630060 1269
1630070 1270
1630080 1269
1630090 1269
1630100 1268
1630110 1266
1630120 1265
1630130 1265
1630140 1262
1630150 1259
1630160 1259
1630170 1256
1630180 1254
1630190 1254
1630200 1251
1630210 1249
1630220 1249
1630230 1246
1630240 1243
1630250 1243
1630260 1239
1630270 1234
1630280 1230
1630290 1230
1630300 1225
1630310 1221
1630320 1221
1630330 1217
1630340 1216
1630350 1216
1630360 1217
1630370 1217
1630380 1217
1630390 1217
1630400 1217
1630410 1217
1630420 1217
1630430 1217
1630440 1217
1630450 1217
1630460 1216
1630470 1214
1630480 1214
1630490 1213
1630500 1212
1630510 1212
1630520 1208
1630530 1208
1630540 1208
1630550 1207
1630560 1206
1630570 1206
1630580 1205
1630590 1205
1630600 1205
1630610 1204
1630620 1204
1630630 1204
1630640 1204
1630650 1204
1630660 1203
1630670 1203
1630680 1202
1630690 1201
1630700 1201
1630710 1198
1630720 1197
1630730 1197
1630740 1195
1630750 1193
1630760 1193
1630770 1191
1630780 1189
1630790 1188
1630800 1188
1630810 1186
1630820 1185
1630830 1185
1630840 1183
1630850 1181
1630860 1181
1630870 1178
1630880 1175
1630890 1175
1630900 1172
1630910 1168
1630920 1168
1630930 1164
1630940 1160
1630950 1158
1630960 1158
1630970 1159
1630980 1159
1630990 1159
1631000 1160
1631010 1160
1631020 1160
1631030 1159
1631040 1158
1631050 1158
1631060 1157
1631070 1156
1631080 1156
1631090 1155
1631100 1154
1631110 1154
1631120 1152
1631130 1151
1631140 1151
1631150 1151
1631160 1150
1631170 1149
1631180 1149
1631190 1147
1631200 1146
1631210 1146
1631220 1145
1631230 1144
1631240 1144
1631250 1142
1631260 1140
1631270 1140
1631280 1139
1631290 1138
1631300 1137
1631310 1137
1631320 1136
1631330 1134
1631340 1134
1631350 1133
1631360 1131
1631370 1131
1631380 1125
1631390 1122
1631400 1122
1631410 1121
1631420 1121
1631430 1121
1631440 1121
1631450 1121
1631460 1121
1631470 1120
1631480 1119
1631490 1118
1631500 1118
1631510 1118
1631520 1118
1631530 1118
1631540 1118
1631550 1118
1631560 1118
1631570 1118
1631580 1118
1631590 1118
1631600 1117
1631610 1117
1631620 1117
1631630 1116
1631640 1115
1631650 1115
1631660 1115
1631670 1118
1631680 1119
1631690 1119
1631700 1120
1631710 1122
1631720 1122
1631730 1124
1631740 1126
1631750 1126
1631760 1128
1631770 1130
1631780 1130
1631790 1132
1631800 1135
1631810 1136
1631820 1136
1631830 1136
1631840 1135
1631850 1135
1631860 1134
1631870 1133
1631880 1133
1631890 1132
1631900 1131
1631910 1131
1631920 1130
1631930 1129
1631940 1129
1631950 1128
1631960 1126
1631970 1126
1631980 1124
1631990 1123
1632000 1121
1632010 1121
1632020 1119
1632030 1118
1632040 1118
1632050 1116
1632060 1115
1632070 1115
1632080 1114
1632090 1114
1632100 1114
1632110 1114
1632120 1115
1632130 1115
1632140 1115
1632150 1116
1632160 1117
1632170 1117
1632180 1118
1632190 1119
1632200 1119
1632210 1120
1632220 1121
1632230 1121
1632240 1120
1632250 1121
1632260 1121
1632270 1122
1632280 1123
1632290 1123
1632300 1123
1632310 1124
1632320 1125
1632330 1125
1632340 1125
1632350 1125
1632360 1125
1632370 1125
1632380 1124
1632390 1124
1632400 1124
1632410 1124
1632420 1124
1632430 1123
1632440 1123
1632450 1123
1632460 1122
1632470 1121
1632480 1121
1632490 1120
1632500 1119
1632510 1118
1632520 1118
1632530 1116
1632540 1115
1632550 1115
1632560 1113
1632570 1112
1632580 1112
1632590 1111
1632600 1109
1632610 1109
1632620 1108
1632630 1107
1632640 1107
1632650 1105
1632660 1103
1632670 1102
1632680 1102
1632690 1100
1632700 1098
1632710 1098
1632720 1096
1632730 1095
1632740 1095
1632750 1094
1632760 1093
1632770 1093
1632780 1093
1632790 1093
1632800 1093
1632810 1092
1632820 1091
1632830 1091
1632840 1091
1632850 1089
1632860 1088
1632870 1088
1632880 1088
1632890 1086
1632900 1086
1632910 1085
1632920 1084
1632930 1084
1632940 1082
1632950 1081
1632960 1081
1632970 1080
1632980 1078
1632990 1078
1633000 1077
1633010 1075
1633020 1073
1633030 1073
1633040 1072
1633050 1069
1633060 1069
1633070 1067
1633080 1064
1633090 1065
1633100 1062
1633110 1060
1633120 1060
1633130 1057
1633140 1054
1633150 1054
1633160 1051
1633170 1048
1633180 1046
1633190 1046
1633200 1043
1633210 1041
1633220 1041
1633230 1038
1633240 1034
1633250 1034
1633260 1031
1633270 1027
1633280 1027
1633290 1023
1633300 1019
1633310 1019
1633320 1017
1633330 1014
1633340 1014
1633350 1012
1633360 1009
1633370 1006
1633380 1006
1633390 1001
1633400 997
1633410 997
1633420 994
1633430 988
1633440 988
1633450 983
1633460 977
1633470 977
1633480 971
1633490 965
1633500 965
1633510 958
1633520 953
1633530 944
1633540 944
1633550 936
1633560 932
1633570 932
1633580 931
1633590 935
1633600 935
1633610 942
1633620 948
1633630 948
1633640 953
1633650 958
1633660 958
1633670 963
1633680 968
1633690 972
1633700 972
1633710 976
1633720 981
1633730 981
1633740 985
1633750 989
1633760 989
1633770 993
1633780 996
1633790 996
1633800 1000
1633810 1004
1633820 1004
1633830 1009
1633840 1012
1633850 1012
1633860 1016
1633870 1021
1633880 1025
1633890 1025
1633900 1030
1633910 1034
1633920 1034
1633930 1039
1633940 1045
1633950 1045
1633960 1048
1633970 1051
1633980 1051
1633990 1053
1634000 1056
1634010 1056
1634020 1058
1634030 1061
1634040 1064
1634050 1064
1634060 1068
1634070 1071
1634080 1071
1634090 1074
1634100 1075
1634110 1075
1634120 1076
1634130 1077
1634140 1077
1634150 1079
1634160 1080
1634170 1080
1634180 1081
1634190 1082
1634200 1082
1634210 1083
1634220 1084
1634230 1084
1634240 1084
1634250 1084
1634260 1084
1634270 1084
1634280 1084
1634290 1084
1634300 1084
1634310 1083
1634320 1082
1634330 1082
1634340 1080
1634350 1078
1634360 1078
1634370 1077
1634380 1079
1634390 1081
1634400 1081
1634410 1083
1634420 1085
1634430 1085
1634440 1087
1634450 1089
1634460 1089
1634470 1091
1634480 1093
1634490 1093
1634500 1094
1634510 1095
1634520 1095
1634530 1096
1634540 1097
1634550 1098
1634560 1098
1634570 1098
1634580 1099
1634590 1099
1634600 1099
1634610 1099
1634620 1099
1634630 1099
1634640 1098
1634650 1098
1634660 1097
1634670 1096
1634680 1096
1634690 1093
1634700 1091
1634710 1091
1634720 1089
1634730 1086
1634740 1083
1634750 1083
1634760 1080
1634770 1076
1634780 1075
1634790 1071
1634800 1066
1634810 1066
1634820 1060
1634830 1056
1634840 1056
1634850 1051
1634860 1047
1634870 1047
1634880 1045
1634890 1043
1634900 1040
1634910 1040
1634920 1037
1634930 1034
1634940 1034
1634950 1031
1634960 1028
1634970 1028
1634980 1026
1634990 1024
1635000 1024
1635010 1021
1635020 1019
1635030 1019
1635040 1016
1635050 1014
1635060 1012
1635070 1012
1635080 1012
1635090 1012
1635100 1012
1635110 1012
1635120 1012
1635130 1012
1635140 1014
1635150 1016
1635160 1016
1635170 1017
1635180 1017
1635190 1017
1635200 1017
1635210 1017
1635220 1017
1635230 1017
1635240 1019
1635250 1021
1635260 1021
1635270 1022
1635280 1025
1635290 1025
1635300 1026
1635310 1026
1635320 1026
1635330 1027
1635340 1029
1635350 1029
1635360 1031
1635370 1030
1635380 1030
1635390 1028
1635400 1024
1635410 1020
1635420 1020
1635430 1017
1635440 1018
1635450 1018
1635460 1019
1635470 1020
1635480 1020
1635490 1022
1635500 1024
1635510 1024
1635520 1026
1635530 1028
1635540 1028
1635550 1029
1635560 1030
1635570 1030
1635580 1032
1635590 1034
1635600 1035
1635610 1037
1635620 1039
1635630 1041
1635640 1041
1635650 1043
1635660 1045
1635670 1045
1635680 1047
1635690 1049
1635700 1049
1635710 1050
1635720 1051
1635730 1051
1635740 1052
1635750 1052
1635760 1052
1635770 1052
1635780 1052
1635790 1053
1635800 1053
1635810 1053
1635820 1054
1635830 1054
1635840 1054
1635850 1054
1635860 1054
1635870 1054
1635880 1054
1635890 1054
1635900 1054
1635910 1053
1635920 1053
1635930 1053
1635940 1053
1635950 1052
1635960 1052
1635970 1051
1635980 1049
1635990 1049
1636000 1047
1636010 1045
1636020 1045
1636030 1044
1636040 1043
1636050 1043
1636060 1043
1636070 1042
1636080 1042
1636090 1040
1636100 1037
1636110 1033
1636120 1033
1636130 1027
1636140 1024
1636150 1024
1636160 1022
1636170 1021
1636180 1021
1636190 1019
1636200 1020
1636210 1020
1636220 1023
1636230 1027
1636240 1027
1636250 1030
1636260 1033
1636270 1035
1636280 1035
1636290 1036
1636300 1037
1636310 1037
1636320 1038
1636330 1039
1636340 1039
1636350 1039
1636360 1039
1636370 1039
1636380 1040
1636390 1040
1636400 1040
1636410 1040
1636420 1039
1636430 1038
1636440 1038
1636450 1038
1636460 1036
1636470 1036
1636480 1033
1636490 1029
1636500 1029
1636510 1024
1636520 1020
1636530 1020
1636540 1015
1636550 1010
1636560 1010
1636570 1006
1636580 1001
1636590 1001
1636600 996
1636610 991
1636620 987
1636630 987
1636640 982
1636650 978
1636660 978
1636670 975
1636680 972
1636690 972
1636700 968
1636710 966
1636720 966
1636730 965
1636740 966
1636750 966
1636760 969
1636770 972
1636780 974
1636790 974
1636800 977
1636810 980
1636820 980
1636830 983
1636840 986
1636850 986
1636860 989
1636870 992
1636880 992
1636890 995
1636900 998
1636910 998
1636920 1000
1636930 1003
1636940 1003
1636950 1006
1636960 1009
1636970 1012
1636980 1012
1636990 1014
1637000 1017
1637010 1017
1637020 1018
1637030 1019
1637040 1019
1637050 1020
1637060 1021
1637070 1021
1637080 1022
1637090 1023
1637100 1023
1637110 1023
1637120 1023
1637130 1023
1637140 1023
1637150 1022
1637160 1020
1637170 1020
1637180 1019
1637190 1016
1637200 1016
1637210 1014
1637220 1010
1637230 1010
1637240 1007
1637250 1002
1637260 1002
1637270 996
1637280 991
1637290 986
1637300 986
1637310 982
1637320 978
1637330 978
1637340 974
1637350 970
1637360 970
1637370 967
1637380 963
1637390 963
1637400 959
1637410 955
1637420 955
1637430 951
1637440 947
1637450 947
1637460 943
1637470 939
1637480 936
1637490 936
1637500 932
1637510 929
1637520 929
1637530 926
1637540 922
1637550 922
1637560 918
1637570 914
1637580 914
1637590 910
1637600 906
1637610 906
1637620 903
1637630 900
1637640 896
1637650 896
1637660 891
1637670 886
1637680 886
1637690 882
1637700 878
1637710 878
1637720 874
1637730 874
1637740 874
1637750 872
1637760 871
1637770 871
1637780 869
1637790 867
1637800 865
1637810 865
1637820 864
1637830 861
1637840 861
1637850 857
1637860 854
1637870 854
1637880 851
1637890 848
1637900 848
1637910 845
1637920 841
1637930 841
1637940 836
1637950 832
1637960 832
1637970 828
1637980 824
1637990 820
1638000 820
1638010 816
1638020 813
1638030 813
1638040 810
1638050 807
1638060 807
1638070 803
1638080 798
1638090 798
1638100 790
1638110 785
1638120 785
1638130 781
1638140 775
1638150 769
1638160 769
1638170 764
1638180 758
1638190 758
1638200 753
1638210 752
1638220 752
1638230 749
1638240 745
1638250 745
1638260 740
1638270 735
1638280 735
1638290 730
1638300 725
1638310 725
1638320 720
1638330 715
1638340 715
1638350 715
1638360 713
1638370 710
1638380 710
1638390 707
1638400 705
1638410 705
1638420 704
1638430 700
1638440 700
1638450 696
1638460 694
1638470 694
1638480 693
1638490 691
1638500 689
1638510 689
1638520 685
1638530 681
1638540 681
1638550 677
1638560 672
1638570 672
1638580 667
1638590 664
1638600 664
1638610 664
1638620 666
1638630 666
1638640 668
1638650 668
1638660 671
1638670 671
1638680 673
1638690 677
1638700 677
1638710 682
1638720 685
1638730 685
1638740 690
1638750 695
1638760 695
1638770 699
1638780 702
1638790 702
1638800 709
1638810 713
1638820 713
1638830 715
1638840 716
1638850 713
1638860 713
1638870 714
1638880 717
1638890 717
1638900 720
1638910 725
1638920 725
1638930 729
1638940 731
1638950 731
1638960 733
1638970 734
1638980 734
1638990 735
1639000 737
1639010 740
1639020 740
1639030 742
1639040 743
1639050 743
1639060 747
1639070 750
1639080 750
1639090 752
1639100 753
1639110 753
1639120 754
1639130 755
1639140 755
1639150 754
1639160 750
1639170 750
1639180 750
1639190 753
1639200 755
1639210 755
1639220 757
1639230 758
1639240 758
1639250 757
1639260 758
1639270 758
1639280 760
1639290 762
1639300 762
1639310 765
1639320 768
1639330 768
1639340 771
1639350 775
1639360 777
1639370 777
1639380 780
1639390 782
1639400 782
1639410 785
1639420 787
1639430 787
1639440 790
1639450 792
1639460 792
1639470 795
1639480 798
1639490 798
1639500 801
1639510 803
1639520 805
1639530 805
1639540 807
1639550 809
1639560 809
1639570 809
1639580 806
1639590 806
1639600 803
1639610 801
1639620 801
1639630 800
1639640 800
1639650 800
1639660 801
1639670 802
1639680 802
1639690 803
1639700 804
1639710 804
1639720 804
1639730 806
1639740 807
1639750 807
1639760 808
1639770 809
1639780 809
1639790 810
1639800 812
1639810 812
1639820 813
1639830 814
1639840 814
1639850 815
1639860 816
1639870 817
1639880 817
1639890 818
1639900 819
1639910 819
1639920 820
1639930 819
1639940 819
1639950 818
1639960 815
1639970 815
1639980 818
1639990 824
