1620000 883
1620010 885
1620020 886
1620030 887
1620040 887
1620050 889
1620060 891
1620070 891
1620080 893
1620090 894
1620100 894
1620110 895
1620120 897
1620130 897
1620140 899
1620150 901
1620160 901
1620170 903
1620180 905
1620190 908
1620200 908
1620210 911
1620220 914
1620230 914
1620240 918
1620250 922
1620260 922
1620270 926
1620280 930
1620290 930
1620300 934
1620310 938
1620320 938
1620330 941
1620340 942
1620350 942
1620360 942
1620370 941
1620380 941
1620390 941
1620400 942
1620410 943
1620420 943
1620430 944
1620440 946
1620450 946
1620460 947
1620470 949
1620480 949
1620490 950
1620500 950
1620510 950
1620520 949
1620530 948
1620540 950
1620550 952
1620560 957
1620570 962
1620580 962
1620590 968
1620600 974
1620610 974
1620620 980
1620630 985
1620640 985
1620650 990
1620660 995
1620670 995
1620680 1000
1620690 1005
1620700 1010
1620710 1010
1620720 1016
1620730 1022
1620740 1022
1620750 1025
1620760 1027
1620770 1027
1620780 1029
1620790 1033
1620800 1033
1620810 1037
1620820 1041
1620830 1041
1620840 1046
1620850 1050
1620860 1050
1620870 1054
1620880 1058
1620890 1063
1620900 1063
1620910 1067
1620920 1071
1620930 1071
1620940 1075
1620950 1079
1620960 1079
1620970 1083
1620980 1087
1620990 1087
1621000 1091
1621010 1094
1621020 1094
1621030 1098
1621040 1102
1621050 1106
1621060 1106
1621070 1111
1621080 1116
1621090 1116
1621100 1120
1621110 1124
1621120 1124
1621130 1128
1621140 1132
1621150 1132
1621160 1136
1621170 1139
1621180 1139
1621190 1144
1621200 1148
1621210 1148
1621220 1152
1621230 1156
1621240 1161
1621250 1161
1621260 1164
1621270 1169
1621280 1169
1621290 1173
1621300 1177
1621310 1177
1621320 1181
1621330 1184
1621340 1184
1621350 1188
1621360 1192
1621370 1192
1621380 1195
1621390 1198
1621400 1200
1621410 1200
1621420 1203
1621430 1205
1621440 1205
1621450 1207
1621460 1207
1621470 1209
1621480 1209
1621490 1209
1621500 1209
1621510 1210
1621520 1210
1621530 1210
1621540 1211
1621550 1210
1621560 1210
1621570 1210
1621580 1209
1621590 1209
1621600 1209
1621610 1210
1621620 1208
1621630 1208
1621640 1205
1621650 1199
1621660 1199
1621670 1194
1621680 1190
1621690 1190
1621700 1186
1621710 1182
1621720 1182
1621730 1178
1621740 1173
1621750 1169
1621760 1169
1621770 1165
1621780 1161
1621790 1161
1621800 1157
1621810 1153
1621820 1153
1621830 1150
1621840 1146
1621850 1146
1621860 1143
1621870 1139
1621880 1139
1621890 1135
1621900 1131
1621910 1128
1621920 1128
1621930 1124
1621940 1121
1621950 1121
1621960 1117
1621970 1114
1621980 1114
1621990 1110
1622000 1108
1622010 1108
1622020 1106
1622030 1102
1622040 1102
1622050 1099
1622060 1095
1622070 1095
1622080 1092
1622090 1089
1622100 1086
1622110 1086
1622120 1084
1622130 1081
1622140 1081
1622150 1079
1622160 1075
1622170 1075
1622180 1072
1622190 1068
1622200 1068
1622210 1064
1622220 1058
1622230 1058
1622240 1054
1622250 1049
1622260 1045
1622270 1045
1622280 1041
1622290 1036
1622300 1036
1622310 1031
1622320 1027
1622330 1027
1622340 1022
1622350 1020
1622360 1020
1622370 1018
1622380 1014
1622390 1016
1622400 1011
1622410 1007
1622420 1003
1622430 1003
1622440 998
1622450 994
1622460 994
1622470 988
1622480 983
1622490 983
1622500 979
1622510 974
1622520 974
1622530 969
1622540 963
1622550 963
1622560 957
1622570 951
1622580 951
1622590 944
1622600 936
1622610 927
1622620 927
1622630 918
1622640 915
1622650 915
1622660 915
1622670 912
1622680 912
1622690 907
1622700 903
1622710 903
1622720 897
1622730 890
1622740 890
1622750 884
1622760 880
1622770 875
1622780 875
1622790 877
1622800 882
1622810 882
1622820 884
1622830 887
1622840 887
1622850 891
1622860 895
1622870 895
1622880 900
1622890 907
1622900 907
1622910 913
1622920 918
1622930 918
1622940 924
1622950 929
1622960 934
1622970 934
1622980 939
1622990 944
1623000 944
1623010 949
1623020 954
1623030 954
1623040 959
1623050 964
1623060 964
1623070 970
1623080 974
1623090 974
1623100 976
1623110 978
1623120 980
1623130 980
1623140 983
1623150 986
1623160 986
1623170 989
1623180 992
1623190 992
1623200 995
1623210 998
1623220 998
1623230 1000
1623240 1003
1623250 1003
1623260 1006
1623270 1009
1623280 1010
1623290 1010
1623300 1009
1623310 1009
1623320 1009
1623330 1008
1623340 1006
1623350 1006
1623360 1004
1623370 1004
1623380 1004
1623390 1004
1623400 1004
1623410 1004
1623420 1006
1623430 1007
1623440 1007
1623450 1008
1623460 1009
1623470 1010
1623480 1010
1623490 1011
1623500 1012
1623510 1012
1623520 1014
1623530 1015
1623540 1015
1623550 1016
1623560 1016
1623570 1016
1623580 1017
1623590 1018
1623600 1018
1623610 1018
1623620 1019
1623630 1020
1623640 1020
1623650 1021
1623660 1023
1623670 1023
1623680 1025
1623690 1026
1623700 1026
1623710 1028
1623720 1029
1623730 1029
1623740 1031
1623750 1033
1623760 1033
1623770 1034
1623780 1036
1623790 1037
1623800 1037
1623810 1039
1623820 1040
1623830 1040
1623840 1040
1623850 1041
1623860 1041
1623870 1042
1623880 1043
1623890 1043
1623900 1044
1623910 1045
1623920 1045
1623930 1047
1623940 1050
1623950 1050
1623960 1052
1623970 1054
1623980 1056
1623990 1056
1624000 1061
1624010 1065
1624020 1065
1624030 1069
1624040 1073
1624050 1073
1624060 1077
1624070 1081
1624080 1081
1624090 1085
1624100 1089
1624110 1089
1624120 1093
1624130 1096
1624140 1098
1624150 1098
1624160 1099
1624170 1100
1624180 1100
1624190 1100
1624200 1099
1624210 1102
1624220 1101
1624230 1099
1624240 1099
1624250 1096
1624260 1092
1624270 1092
1624280 1089
1624290 1086
1624300 1086
1624310 1084
1624320 1082
1624330 1078
1624340 1078
1624350 1072
1624360 1067
1624370 1067
1624380 1065
1624390 1063
1624400 1063
1624410 1062
1624420 1060
1624430 1060
1624440 1058
1624450 1057
1624460 1057
1624470 1056
1624480 1056
1624490 1055
1624500 1055
1624510 1056
1624520 1057
1624530 1057
1624540 1057
1624550 1058
1624560 1058
1624570 1059
1624580 1059
1624590 1059
1624600 1059
1624610 1059
1624620 1059
1624630 1058
1624640 1057
1624650 1056
1624660 1056
1624670 1054
1624680 1053
1624690 1053
1624700 1052
1624710 1052
1624720 1052
1624730 1051
1624740 1051
1624750 1051
1624760 1051
1624770 1051
1624780 1051
1624790 1053
1624800 1056
1624810 1056
1624820 1057
1624830 1058
1624840 1057
1624850 1057
1624860 1055
1624870 1051
1624880 1051
1624890 1046
1624900 1042
1624910 1042
1624920 1037
1624930 1030
1624940 1030
1624950 1022
1624960 1016
1624970 1016
1624980 1013
1624990 1011
1625000 1016
1625010 1016
1625020 1021
1625030 1028
1625040 1028
1625050 1032
1625060 1034
1625070 1034
1625080 1036
1625090 1038
1625100 1038
1625110 1042
1625120 1043
1625130 1043
1625140 1048
1625150 1055
1625160 1055
1625170 1060
1625180 1065
1625190 1070
1625200 1070
1625210 1074
1625220 1079
1625230 1079
1625240 1084
1625250 1090
1625260 1090
1625270 1095
1625280 1098
1625290 1098
1625300 1101
1625310 1101
1625320 1101
1625330 1102
1625340 1102
1625350 1099
1625360 1099
1625370 1096
1625380 1093
1625390 1093
1625400 1089
1625410 1084
1625420 1084
1625430 1082
1625440 1080
1625450 1080
1625460 1079
1625470 1078
1625480 1078
1625490 1077
1625500 1076
1625510 1077
1625520 1077
1625530 1079
1625540 1080
1625550 1080
1625560 1080
1625570 1079
1625580 1079
1625590 1076
1625600 1074
1625610 1074
1625620 1072
1625630 1071
1625640 1071
1625650 1067
1625660 1064
1625670 1064
1625680 1061
1625690 1059
1625700 1059
1625710 1059
1625720 1060
1625730 1064
1625740 1064
1625750 1067
1625760 1067
1625770 1067
1625780 1068
1625790 1070
1625800 1070
1625810 1073
1625820 1076
1625830 1076
1625840 1080
1625850 1084
1625860 1087
1625870 1087
1625880 1091
1625890 1095
1625900 1095
1625910 1099
1625920 1103
1625930 1103
1625940 1107
1625950 1112
1625960 1112
1625970 1116
1625980 1120
1625990 1120
1626000 1125
1626010 1129
1626020 1132
1626030 1132
1626040 1138
1626050 1140
1626060 1140
1626070 1142
1626080 1144
1626090 1144
1626100 1146
1626110 1150
1626120 1150
1626130 1153
1626140 1154
1626150 1154
1626160 1154
1626170 1153
1626180 1153
1626190 1153
1626200 1152
1626210 1152
1626220 1152
1626230 1154
1626240 1156
1626250 1156
1626260 1160
1626270 1166
1626280 1166
1626290 1169
1626300 1172
1626310 1172
1626320 1176
1626330 1180
1626340 1180
1626350 1183
1626360 1187
1626370 1191
1626380 1191
1626390 1194
1626400 1196
1626410 1196
1626420 1199
1626430 1201
1626440 1201
1626450 1202
1626460 1205
1626470 1205
1626480 1208
1626490 1210
1626500 1210
1626510 1213
1626520 1216
1626530 1216
1626540 1218
1626550 1221
1626560 1224
1626570 1224
1626580 1226
1626590 1229
1626600 1229
1626610 1230
1626620 1231
1626630 1231
1626640 1232
1626650 1232
1626660 1232
1626670 1231
1626680 1229
1626690 1229
1626700 1229
1626710 1229
1626720 1229
1626730 1229
1626740 1229
1626750 1229
1626760 1229
1626770 1230
1626780 1231
1626790 1231
1626800 1231
1626810 1232
1626820 1232
1626830 1232
1626840 1232
1626850 1232
1626860 1233
1626870 1234
1626880 1234
1626890 1234
1626900 1235
1626910 1236
1626920 1236
1626930 1237
1626940 1238
1626950 1238
1626960 1239
1626970 1241
1626980 1241
1626990 1243
1627000 1245
1627010 1245
1627020 1247
1627030 1249
1627040 1249
1627050 1251
1627060 1253
1627070 1256
1627080 1256
1627090 1258
1627100 1260
1627110 1260
1627120 1262
1627130 1264
1627140 1264
1627150 1266
1627160 1267
1627170 1267
1627180 1267
1627190 1269
1627200 1269
1627210 1270
1627220 1271
1627230 1273
1627240 1273
1627250 1273
1627260 1274
1627270 1274
1627280 1275
1627290 1275
1627300 1275
1627310 1275
1627320 1274
1627330 1274
1627340 1273
1627350 1271
1627360 1271
1627370 1268
1627380 1267
1627390 1267
1627400 1265
1627410 1263
1627420 1263
1627430 1263
1627440 1263
1627450 1263
1627460 1263
1627470 1264
1627480 1265
1627490 1265
1627500 1267
1627510 1268
1627520 1268
1627530 1270
1627540 1272
1627550 1272
1627560 1273
1627570 1274
1627580 1276
1627590 1276
1627600 1277
1627610 1277
1627620 1277
1627630 1277
1627640 1276
1627650 1276
1627660 1274
1627670 1273
1627680 1273
1627690 1271
1627700 1269
1627710 1269
1627720 1268
1627730 1267
1627740 1266
1627750 1266
1627760 1266
1627770 1266
1627780 1263
1627790 1264
1627800 1266
1627810 1266
1627820 1267
1627830 1270
1627840 1270
1627850 1272
1627860 1274
1627870 1274
1627880 1276
1627890 1279
1627900 1279
1627910 1282
1627920 1286
1627930 1289
1627940 1289
1627950 1292
1627960 1296
1627970 1296
1627980 1300
1627990 1304
1628000 1304
1628010 1307
1628020 1310
1628030 1310
1628040 1313
1628050 1316
1628060 1316
1628070 1319
1628080 1322
1628090 1324
1628100 1324
1628110 1325
1628120 1323
1628130 1323
1628140 1323
1628150 1323
1628160 1323
1628170 1324
1628180 1324
1628190 1324
1628200 1325
1628210 1326
1628220 1326
1628230 1328
1628240 1329
1628250 1329
1628260 1330
1628270 1331
1628280 1333
1628290 1333
1628300 1334
1628310 1335
1628320 1335
1628330 1336
1628340 1338
1628350 1338
1628360 1339
1628370 1341
1628380 1341
1628390 1342
1628400 1344
1628410 1344
1628420 1347
1628430 1349
1628440 1351
1628450 1351
1628460 1353
1628470 1356
1628480 1356
1628490 1358
1628500 1361
1628510 1361
1628520 1363
1628530 1365
1628540 1365
1628550 1367
1628560 1369
1628570 1369
1628580 1371
1628590 1373
1628600 1375
1628610 1375
1628620 1377
1628630 1379
1628640 1379
1628650 1382
1628660 1383
1628670 1383
1628680 1385
1628690 1386
1628700 1386
1628710 1388
1628720 1390
1628730 1390
1628740 1392
1628750 1393
1628760 1393
1628770 1395
1628780 1397
1628790 1398
1628800 1398
1628810 1399
1628820 1401
1628830 1401
1628840 1402
1628850 1404
1628860 1404
1628870 1406
1628880 1408
1628890 1408
1628900 1410
1628910 1411
1628920 1411
1628930 1413
1628940 1415
1628950 1416
1628960 1416
1628970 1418
1628980 1420
1628990 1420
1629000 1422
1629010 1423
1629020 1423
1629030 1425
1629040 1426
1629050 1426
1629060 1427
1629070 1427
1629080 1427
1629090 1428
1629100 1429
1629110 1429
1629120 1429
1629130 1429
1629140 1429
1629150 1429
1629160 1429
1629170 1429
1629180 1429
1629190 1428
1629200 1428
1629210 1428
1629220 1427
1629230 1426
1629240 1426
1629250 1425
1629260 1423
1629270 1423
1629280 1421
1629290 1417
1629300 1414
1629310 1414
1629320 1411
1629330 1408
1629340 1408
1629350 1405
1629360 1402
1629370 1402
1629380 1400
1629390 1396
1629400 1396
1629410 1393
1629420 1389
1629430 1389
1629440 1384
1629450 1379
1629460 1375
1629470 1375
1629480 1371
1629490 1368
1629500 1368
1629510 1365
1629520 1362
1629530 1362
1629540 1359
1629550 1356
1629560 1356
1629570 1352
1629580 1347
1629590 1347
1629600 1343
1629610 1340
1629620 1340
1629630 1337
1629640 1334
1629650 1331
1629660 1331
1629670 1328
1629680 1325
1629690 1325
1629700 1322
1629710 1319
1629720 1319
1629730 1314
1629740 1309
1629750 1309
1629760 1305
1629770 1300
1629780 1300
1629790 1296
1629800 1294
1629810 1291
1629820 1291
1629830 1288
1629840 1285
1629850 1285
1629860 1282
1629870 1279
1629880 1279
1629890 1274
1629900 1271
1629910 1271
1629920 1268
1629930 1265
1629940 1265
1629950 1261
1629960 1258
1629970 1254
1629980 1254
1629990 1251
1630000 1248
1630010 1248
1630020 1244
1630030 1240
1630040 1240
1630050 1236
1630060 1232
1630070 1232
1630080 1226
1630090 1222
1630100 1222
1630110 1218
1630120 1215
1630130 1215
1630140 1212
1630150 1209
1630160 1206
1630170 1206
1630180 1202
1630190 1199
1630200 1199
1630210 1196
1630220 1192
1630230 1192
1630240 1188
1630250 1185
1630260 1185
1630270 1181
1630280 1179
1630290 1179
1630300 1179
1630310 1179
1630320 1178
1630330 1178
1630340 1178
1630350 1177
1630360 1177
1630370 1177
1630380 1176
1630390 1176
1630400 1172
1630410 1171
1630420 1171
1630430 1170
1630440 1168
1630450 1168
1630460 1168
1630470 1166
1630480 1166
1630490 1166
1630500 1166
1630510 1165
1630520 1165
1630530 1164
1630540 1164
1630550 1164
1630560 1165
1630570 1165
1630580 1165
1630590 1165
1630600 1166
1630610 1166
1630620 1167
1630630 1167
1630640 1167
1630650 1168
1630660 1169
1630670 1169
1630680 1169
1630690 1170
1630700 1170
1630710 1170
1630720 1170
1630730 1170
1630740 1170
1630750 1170
1630760 1170
1630770 1170
1630780 1169
1630790 1169
1630800 1169
1630810 1169
1630820 1168
1630830 1168
1630840 1168
1630850 1168
1630860 1168
1630870 1168
1630880 1168
1630890 1168
1630900 1168
1630910 1168
1630920 1168
1630930 1168
1630940 1169
1630950 1169
1630960 1169
1630970 1169
1630980 1169
1630990 1169
1631000 1169
1631010 1168
1631020 1168
1631030 1168
1631040 1167
1631050 1167
1631060 1167
1631070 1166
1631080 1166
1631090 1166
1631100 1165
1631110 1165
1631120 1165
1631130 1166
1631140 1166
1631150 1166
1631160 1165
1631170 1164
1631180 1162
1631190 1162
1631200 1160
1631210 1158
1631220 1158
1631230 1156
1631240 1155
1631250 1155
1631260 1151
1631270 1150
1631280 1150
1631290 1149
1631300 1147
1631310 1147
1631320 1145
1631330 1143
1631340 1143
1631350 1140
1631360 1137
1631370 1134
1631380 1134
1631390 1132
1631400 1130
1631410 1130
1631420 1128
1631430 1125
1631440 1125
1631450 1123
1631460 1121
1631470 1121
1631480 1119
1631490 1117
1631500 1117
1631510 1115
1631520 1113
1631530 1110
1631540 1110
1631550 1108
1631560 1106
1631570 1106
1631580 1104
1631590 1101
1631600 1101
1631610 1099
1631620 1095
1631630 1095
1631640 1093
1631650 1090
1631660 1090
1631670 1088
1631680 1085
1631690 1082
1631700 1082
1631710 1079
1631720 1076
1631730 1076
1631740 1073
1631750 1069
1631760 1069
1631770 1067
1631780 1061
1631790 1061
1631800 1056
1631810 1051
1631820 1051
1631830 1047
1631840 1042
1631850 1042
1631860 1037
1631870 1034
1631880 1036
1631890 1036
1631900 1040
1631910 1044
1631920 1044
1631930 1048
1631940 1051
1631950 1051
1631960 1054
1631970 1055
1631980 1055
1631990 1057
1632000 1057
1632010 1057
1632020 1057
1632030 1056
1632040 1056
1632050 1056
1632060 1056
1632070 1056
1632080 1056
1632090 1055
1632100 1054
1632110 1054
1632120 1054
1632130 1052
1632140 1052
1632150 1051
1632160 1053
1632170 1053
1632180 1054
1632190 1056
1632200 1056
1632210 1057
1632220 1058
1632230 1059
1632240 1059
1632250 1059
1632260 1060
1632270 1060
1632280 1060
1632290 1061
1632300 1061
1632310 1062
1632320 1063
1632330 1063
1632340 1063
1632350 1063
1632360 1063
1632370 1062
1632380 1060
1632390 1057
1632400 1057
1632410 1053
1632420 1049
1632430 1049
1632440 1043
1632450 1037
1632460 1037
1632470 1032
1632480 1026
1632490 1026
1632500 1025
1632510 1029
1632520 1029
1632530 1034
1632540 1038
1632550 1041
1632560 1041
1632570 1043
1632580 1046
1632590 1046
1632600 1049
1632610 1051
1632620 1051
1632630 1054
1632640 1055
1632650 1055
1632660 1057
1632670 1058
1632680 1058
1632690 1060
1632700 1060
1632710 1060
1632720 1061
1632730 1061
1632740 1060
1632750 1060
1632760 1059
1632770 1058
1632780 1058
1632790 1056
1632800 1054
1632810 1054
1632820 1051
1632830 1047
1632840 1047
1632850 1045
1632860 1043
1632870 1043
1632880 1044
1632890 1046
1632900 1046
1632910 1046
1632920 1046
1632930 1044
1632940 1044
1632950 1041
1632960 1039
1632970 1044
1632980 1042
1632990 1042
1633000 1042
1633010 1041
1633020 1040
1633030 1040
1633040 1039
1633050 1037
1633060 1033
1633070 1033
1633080 1029
1633090 1025
1633100 1025
1633110 1021
1633120 1018
1633130 1018
1633140 1015
1633150 1012
1633160 1012
1633170 1010
1633180 1009
1633190 1009
1633200 1007
1633210 1004
1633220 1004
1633230 999
1633240 992
1633250 984
1633260 984
1633270 976
1633280 970
1633290 970
1633300 969
1633310 975
1633320 975
1633330 980
1633340 986
1633350 986
1633360 991
1633370 995
1633380 995
1633390 999
1633400 1002
1633410 1006
1633420 1006
1633430 1010
1633440 1013
1633450 1013
1633460 1016
1633470 1019
1633480 1019
1633490 1022
1633500 1024
1633510 1024
1633520 1027
1633530 1029
1633540 1029
1633550 1031
1633560 1033
1633570 1033
1633580 1035
1633590 1038
1633600 1040
1633610 1040
1633620 1042
1633630 1044
1633640 1044
1633650 1045
1633660 1046
1633670 1046
1633680 1047
1633690 1049
1633700 1049
1633710 1052
1633720 1054
1633730 1054
1633740 1057
1633750 1059
1633760 1062
1633770 1062
1633780 1064
1633790 1067
1633800 1067
1633810 1070
1633820 1071
1633830 1071
1633840 1074
1633850 1076
1633860 1076
1633870 1078
1633880 1080
1633890 1080
1633900 1082
1633910 1083
1633920 1083
1633930 1083
1633940 1084
1633950 1084
1633960 1084
1633970 1085
1633980 1085
1633990 1085
1634000 1085
1634010 1085
1634020 1085
1634030 1085
1634040 1084
1634050 1084
1634060 1084
1634070 1083
1634080 1083
1634090 1083
1634100 1082
1634110 1081
1634120 1081
1634130 1080
1634140 1079
1634150 1079
1634160 1078
1634170 1077
1634180 1077
1634190 1076
1634200 1074
1634210 1074
1634220 1073
1634230 1073
1634240 1073
1634250 1073
1634260 1074
1634270 1075
1634280 1075
1634290 1076
1634300 1078
1634310 1078
1634320 1080
1634330 1081
1634340 1081
1634350 1081
1634360 1082
1634370 1082
1634380 1083
1634390 1085
1634400 1085
1634410 1086
1634420 1087
1634430 1087
1634440 1089
1634450 1090
1634460 1091
1634470 1091
1634480 1092
1634490 1093
1634500 1093
1634510 1095
1634520 1097
1634530 1097
1634540 1098
1634550 1099
1634560 1099
1634570 1100
1634580 1102
1634590 1102
1634600 1103
1634610 1105
1634620 1106
1634630 1106
1634640 1107
1634650 1108
1634660 1109
1634670 1110
1634680 1111
1634690 1111
1634700 1112
1634710 1112
1634720 1112
1634730 1113
1634740 1114
1634750 1114
1634760 1114
1634770 1114
1634780 1112
1634790 1112
1634800 1109
1634810 1105
1634820 1105
1634830 1103
1634840 1104
1634850 1104
1634860 1104
1634870 1104
1634880 1104
1634890 1104
1634900 1105
1634910 1105
1634920 1105
1634930 1106
1634940 1106
1634950 1107
1634960 1110
1634970 1111
1634980 1111
1634990 1110
1635000 1110
1635010 1110
1635020 1109
1635030 1107
1635040 1107
1635050 1104
1635060 1102
1635070 1102
1635080 1102
1635090 1103
1635100 1103
1635110 1104
1635120 1105
1635130 1107
1635140 1107
1635150 1108
1635160 1109
1635170 1109
1635180 1110
1635190 1112
1635200 1112
1635210 1113
1635220 1115
1635230 1115
1635240 1116
1635250 1117
1635260 1117
1635270 1118
1635280 1120
1635290 1120
1635300 1121
1635310 1123
1635320 1125
1635330 1125
1635340 1126
1635350 1127
1635360 1127
1635370 1128
1635380 1128
1635390 1128
1635400 1129
1635410 1128
1635420 1128
1635430 1128
1635440 1126
1635450 1126
1635460 1125
1635470 1124
1635480 1124
1635490 1124
1635500 1127
1635510 1129
1635520 1129
1635530 1131
1635540 1132
1635550 1132
1635560 1134
1635570 1135
1635580 1135
1635590 1137
1635600 1138
1635610 1138
1635620 1139
1635630 1140
1635640 1141
1635650 1141
1635660 1141
1635670 1142
1635680 1142
1635690 1142
1635700 1142
1635710 1142
1635720 1142
1635730 1142
1635740 1142
1635750 1141
1635760 1141
1635770 1141
1635780 1141
1635790 1140
1635800 1140
1635810 1139
1635820 1138
1635830 1138
1635840 1138
1635850 1137
1635860 1136
1635870 1136
1635880 1135
1635890 1133
1635900 1133
1635910 1131
1635920 1129
1635930 1129
1635940 1127
1635950 1126
1635960 1126
1635970 1126
1635980 1126
1635990 1127
1636000 1127
1636010 1127
1636020 1127
1636030 1127
1636040 1127
1636050 1126
1636060 1126
1636070 1125
1636080 1124
1636090 1124
1636100 1124
1636110 1123
1636120 1123
1636130 1122
1636140 1120
1636150 1119
1636160 1119
1636170 1117
1636180 1116
1636190 1116
1636200 1115
1636210 1113
1636220 1113
1636230 1112
1636240 1110
1636250 1110
1636260 1109
1636270 1107
1636280 1107
1636290 1105
1636300 1102
1636310 1102
1636320 1101
1636330 1096
1636340 1093
1636350 1093
1636360 1090
1636370 1088
1636380 1088
1636390 1086
1636400 1083
1636410 1083
1636420 1080
1636430 1077
1636440 1077
1636450 1073
1636460 1070
1636470 1070
1636480 1067
1636490 1064
1636500 1060
1636510 1060
1636520 1057
1636530 1053
1636540 1053
1636550 1051
1636560 1048
1636570 1048
1636580 1043
1636590 1040
1636600 1040
1636610 1036
1636620 1032
1636630 1032
1636640 1028
1636650 1026
1636660 1026
1636670 1022
1636680 1017
1636690 1013
1636700 1013
1636710 1008
1636720 1004
1636730 1004
1636740 1001
1636750 999
1636760 999
1636770 996
1636780 993
1636790 993
1636800 991
1636810 990
1636820 990
1636830 988
1636840 986
1636850 983
1636860 983
1636870 980
1636880 976
1636890 976
1636900 973
1636910 970
1636920 970
1636930 968
1636940 965
1636950 965
1636960 963
1636970 961
1636980 961
1636990 959
1637000 957
1637010 955
1637020 955
1637030 952
1637040 948
1637050 948
1637060 945
1637070 943
1637080 943
1637090 941
1637100 938
1637110 938
1637120 939
1637130 937
1637140 937
1637150 935
1637160 935
1637170 935
1637180 934
1637190 933
1637200 931
1637210 931
1637220 930
1637230 929
1637240 929
1637250 928
1637260 928
1637270 928
1637280 926
1637290 925
1637300 925
1637310 921
1637320 918
1637330 918
1637340 914
1637350 912
1637360 909
1637370 909
1637380 907
1637390 904
1637400 904
1637410 902
1637420 899
1637430 899
1637440 897
1637450 895
1637460 895
1637470 894
1637480 892
1637490 892
1637500 890
1637510 889
1637520 889
1637530 888
1637540 886
1637550 886
1637560 886
1637570 883
1637580 879
1637590 879
1637600 877
1637610 876
1637620 876
1637630 873
1637640 871
1637650 871
1637660 869
1637670 867
1637680 867
1637690 866
1637700 865
1637710 863
1637720 863
1637730 860
1637740 856
1637750 856
1637760 853
1637770 850
1637780 850
1637790 846
1637800 841
1637810 841
1637820 836
1637830 831
1637840 831
1637850 827
1637860 822
1637870 817
1637880 817
1637890 814
1637900 809
1637910 809
1637920 806
1637930 802
1637940 802
1637950 796
1637960 790
1637970 790
1637980 782
1637990 774
1638000 774
1638010 767
1638020 761
1638030 761
1638040 756
1638050 751
1638060 745
1638070 745
1638080 738
1638090 734
1638100 734
1638110 729
1638120 726
1638130 726
1638140 731
1638150 739
1638160 739
1638170 744
1638180 748
1638190 748
1638200 750
1638210 754
1638220 756
1638230 756
1638240 757
1638250 757
1638260 757
1638270 756
1638280 754
1638290 754
1638300 751
1638310 749
1638320 749
1638330 748
1638340 745
1638350 745
1638360 746
1638370 749
1638380 749
1638390 752
1638400 755
1638410 757
1638420 757
1638430 759
1638440 761
1638450 761
1638460 764
1638470 767
1638480 767
1638490 771
1638500 774
1638510 774
1638520 775
1638530 776
1638540 776
1638550 776
1638560 777
1638570 777
1638580 777
1638590 778
1638600 780
1638610 780
1638620 782
1638630 783
1638640 783
1638650 784
1638660 786
1638670 786
1638680 787
1638690 788
1638700 788
1638710 791
1638720 793
1638730 795
1638740 795
1638750 797
1638760 802
1638770 802
1638780 808
1638790 814
1638800 820
1638810 826
1638820 831
1638830 831
1638840 836
1638850 840
1638860 840
1638870 844
1638880 849
1638890 849
1638900 854
1638910 858
1638920 861
1638930 861
1638940 865
1638950 868
1638960 868
1638970 871
1638980 873
1638990 873
1639000 876
1639010 878
1639020 878
1639030 880
1639040 882
1639050 882
1639060 884
1639070 886
1639080 887
1639090 887
1639100 889
1639110 891
1639120 891
1639130 893
1639140 894
1639150 894
1639160 896
1639170 897
1639180 897
1639190 899
1639200 898
1639210 898
1639220 896
1639230 892
1639240 891
1639250 891
1639260 891
1639270 891
1639280 891
1639290 890
1639300 890
1639310 890
1639320 890
1639330 890
1639340 890
1639350 889
1639360 890
1639370 890
1639380 895
1639390 900
1639400 900
1639410 904
1639420 908
1639430 911
1639440 911
1639450 912
1639460 912
1639470 912
1639480 912
1639490 913
1639500 913
1639510 913
1639520 914
1639530 914
1639540 914
1639550 916
1639560 916
1639570 917
1639580 919
1639590 921
1639600 921
1639610 922
1639620 926
1639630 926
1639640 928
1639650 929
1639660 929
1639670 930
1639680 932
1639690 932
1639700 933
1639710 934
1639720 934
1639730 935
1639740 936
1639750 936
1639760 936
1639770 936
1639780 937
1639790 937
1639800 938
1639810 940
1639820 940
1639830 941
1639840 941
1639850 941
1639860 941
1639870 940
1639880 940
1639890 940
1639900 940
1639910 940
1639920 941
1639930 941
1639940 942
1639950 942
1639960 942
1639970 943
1639980 943
1639990 943
