1620000 688
1620010 693
1620020 693
1620030 698
1620040 704
1620050 704
1620060 711
1620070 716
1620080 716
1620090 721
1620100 726
1620110 726
1620120 731
1620130 735
1620140 740
1620150 740
1620160 744
1620170 749
1620180 749
1620190 755
1620200 761
1620210 761
1620220 767
1620230 773
1620240 773
1620250 779
1620260 785
1620270 785
1620280 788
1620290 791
1620300 796
1620310 796
1620320 800
1620330 803
1620340 803
1620350 804
1620360 805
1620370 805
1620380 807
1620390 809
1620400 809
1620410 814
1620420 818
1620430 818
1620440 821
1620450 822
1620460 822
1620470 823
1620480 820
1620490 820
1620500 820
1620510 821
1620520 821
1620530 821
1620540 822
1620550 823
1620560 823
1620570 825
1620580 826
1620590 826
1620600 828
1620610 829
1620620 829
1620630 830
1620640 832
1620650 833
1620660 833
1620670 835
1620680 836
1620690 836
1620700 837
1620710 837
1620720 837
1620730 839
1620740 842
1620750 842
1620760 844
1620770 845
1620780 845
1620790 846
1620800 846
1620810 846
1620820 848
1620830 850
1620840 852
1620850 852
1620860 853
1620870 855
1620880 855
1620890 858
1620900 861
1620910 861
1620920 863
1620930 867
1620940 867
1620950 870
1620960 872
1620970 872
1620980 874
1620990 876
1621000 879
1621010 879
1621020 881
1621030 883
1621040 883
1621050 886
1621060 890
1621070 890
1621080 893
1621090 897
1621100 897
1621110 901
1621120 906
1621130 906
1621140 909
1621150 909
1621160 910
1621170 910
1621180 910
1621190 908
1621200 908
1621210 905
1621220 902
1621230 902
1621240 898
1621250 895
1621260 895
1621270 893
1621280 892
1621290 892
1621300 892
1621310 892
1621320 892
1621330 893
1621340 893
1621350 892
1621360 892
1621370 891
1621380 891
1621390 891
1621400 894
1621410 893
1621420 893
1621430 894
1621440 890
1621450 890
1621460 888
1621470 889
1621480 889
1621490 891
1621500 895
1621510 899
1621520 899
1621530 905
1621540 910
1621550 910
1621560 914
1621570 916
1621580 916
1621590 919
1621600 922
1621610 922
1621620 925
1621630 928
1621640 928
1621650 932
1621660 935
1621670 935
1621680 940
1621690 945
1621700 947
1621710 947
1621720 950
1621730 953
1621740 953
1621750 957
1621760 961
1621770 961
1621780 963
1621790 964
1621800 964
1621810 965
1621820 967
1621830 967
1621840 969
1621850 970
1621860 972
1621870 972
1621880 970
1621890 968
1621900 968
1621910 969
1621920 974
1621930 974
1621940 980
1621950 987
1621960 987
1621970 993
1621980 1000
1621990 1000
1622000 1006
1622010 1013
1622020 1013
1622030 1019
1622040 1024
1622050 1029
1622060 1029
1622070 1034
1622080 1038
1622090 1038
1622100 1042
1622110 1047
1622120 1047
1622130 1052
1622140 1054
1622150 1054
1622160 1058
1622170 1061
1622180 1061
1622190 1064
1622200 1064
1622210 1063
1622220 1063
1622230 1060
1622240 1064
1622250 1064
1622260 1069
1622270 1074
1622280 1074
1622290 1079
1622300 1083
1622310 1083
1622320 1087
1622330 1090
1622340 1090
1622350 1094
1622360 1097
1622370 1097
1622380 1101
1622390 1103
1622400 1106
1622410 1106
1622420 1109
1622430 1111
1622440 1111
1622450 1113
1622460 1116
1622470 1116
1622480 1119
1622490 1123
1622500 1123
1622510 1125
1622520 1127
1622530 1127
1622540 1129
1622550 1131
1622560 1133
1622570 1133
1622580 1135
1622590 1137
1622600 1137
1622610 1140
1622620 1142
1622630 1142
1622640 1145
1622650 1148
1622660 1148
1622670 1150
1622680 1152
1622690 1152
1622700 1155
1622710 1158
1622720 1161
1622730 1161
1622740 1164
1622750 1166
1622760 1166
1622770 1169
1622780 1171
1622790 1171
1622800 1173
1622810 1175
1622820 1175
1622830 1177
1622840 1179
1622850 1179
1622860 1181
1622870 1184
1622880 1184
1622890 1186
1622900 1188
1622910 1190
1622920 1190
1622930 1192
1622940 1194
1622950 1194
1622960 1196
1622970 1198
1622980 1198
1622990 1199
1623000 1200
1623010 1200
1623020 1201
1623030 1202
1623040 1202
1623050 1202
1623060 1203
1623070 1203
1623080 1203
1623090 1203
1623100 1203
1623110 1203
1623120 1203
1623130 1204
1623140 1204
1623150 1204
1623160 1205
1623170 1205
1623180 1206
1623190 1207
1623200 1207
1623210 1208
1623220 1210
1623230 1210
1623240 1210
1623250 1212
1623260 1214
1623270 1214
1623280 1216
1623290 1217
1623300 1217
1623310 1218
1623320 1219
1623330 1219
1623340 1220
1623350 1221
1623360 1221
1623370 1222
1623380 1224
1623390 1224
1623400 1225
1623410 1227
1623420 1230
1623430 1230
1623440 1232
1623450 1234
1623460 1234
1623470 1237
1623480 1239
1623490 1239
1623500 1241
1623510 1244
1623520 1244
1623530 1247
1623540 1249
1623550 1249
1623560 1251
1623570 1251
1623580 1251
1623590 1251
1623600 1250
1623610 1250
1623620 1250
1623630 1250
1623640 1252
1623650 1252
1623660 1254
1623670 1254
1623680 1254
1623690 1252
1623700 1251
1623710 1251
1623720 1249
1623730 1247
1623740 1247
1623750 1245
1623760 1243
1623770 1241
1623780 1241
1623790 1239
1623800 1236
1623810 1236
1623820 1232
1623830 1229
1623840 1229
1623850 1226
1623860 1223
1623870 1223
1623880 1220
1623890 1216
1623900 1216
1623910 1213
1623920 1208
1623930 1208
1623940 1204
1623950 1204
1623960 1205
1623970 1205
1623980 1206
1623990 1206
1624000 1206
1624010 1206
1624020 1207
1624030 1207
1624040 1207
1624050 1207
1624060 1207
1624070 1206
1624080 1204
1624090 1204
1624100 1203
1624110 1202
1624120 1202
1624130 1202
1624140 1202
1624150 1202
1624160 1202
1624170 1203
1624180 1203
1624190 1203
1624200 1203
1624210 1203
1624220 1203
1624230 1203
1624240 1202
1624250 1202
1624260 1202
1624270 1203
1624280 1203
1624290 1203
1624300 1204
1624310 1205
1624320 1205
1624330 1204
1624340 1201
1624350 1201
1624360 1200
1624370 1199
1624380 1199
1624390 1197
1624400 1193
1624410 1193
1624420 1188
1624430 1184
1624440 1184
1624450 1181
1624460 1179
1624470 1176
1624480 1176
1624490 1173
1624500 1170
1624510 1170
1624520 1165
1624530 1162
1624540 1162
1624550 1160
1624560 1156
1624570 1156
1624580 1152
1624590 1149
1624600 1149
1624610 1144
1624620 1142
1624630 1141
1624640 1141
1624650 1141
1624660 1140
1624670 1140
1624680 1139
1624690 1137
1624700 1137
1624710 1135
1624720 1132
1624730 1132
1624740 1131
1624750 1130
1624760 1130
1624770 1129
1624780 1126
1624790 1126
1624800 1120
1624810 1117
1624820 1113
1624830 1113
1624840 1108
1624850 1102
1624860 1102
1624870 1095
1624880 1088
1624890 1088
1624900 1082
1624910 1078
1624920 1078
1624930 1074
1624940 1071
1624950 1071
1624960 1069
1624970 1068
1624980 1065
1624990 1065
1625000 1063
1625010 1062
1625020 1062
1625030 1060
1625040 1057
1625050 1053
1625060 1050
1625070 1046
1625080 1046
1625090 1041
1625100 1037
1625110 1037
1625120 1034
1625130 1029
1625140 1029
1625150 1025
1625160 1020
1625170 1016
1625180 1016
1625190 1011
1625200 1005
1625210 1005
1625220 999
1625230 998
1625240 998
1625250 1002
1625260 1007
1625270 1007
1625280 1011
1625290 1017
1625300 1017
1625310 1023
1625320 1029
1625330 1035
1625340 1035
1625350 1042
1625360 1048
1625370 1048
1625380 1052
1625390 1055
1625400 1055
1625410 1059
1625420 1062
1625430 1062
1625440 1067
1625450 1072
1625460 1072
1625470 1076
1625480 1080
1625490 1080
1625500 1085
1625510 1090
1625520 1094
1625530 1094
1625540 1098
1625550 1101
1625560 1101
1625570 1104
1625580 1107
1625590 1107
1625600 1111
1625610 1114
1625620 1114
1625630 1119
1625640 1123
1625650 1123
1625660 1127
1625670 1130
1625680 1134
1625690 1134
1625700 1137
1625710 1140
1625720 1140
1625730 1143
1625740 1146
1625750 1146
1625760 1149
1625770 1151
1625780 1151
1625790 1154
1625800 1158
1625810 1158
1625820 1161
1625830 1165
1625840 1168
1625850 1168
1625860 1172
1625870 1176
1625880 1176
1625890 1179
1625900 1183
1625910 1183
1625920 1187
1625930 1189
1625940 1190
1625950 1193
1625960 1196
1625970 1196
1625980 1199
1625990 1202
1626000 1202
1626010 1205
1626020 1207
1626030 1209
1626040 1209
1626050 1211
1626060 1211
1626070 1211
1626080 1211
1626090 1211
1626100 1211
1626110 1211
1626120 1212
1626130 1212
1626140 1215
1626150 1217
1626160 1217
1626170 1218
1626180 1220
1626190 1222
1626200 1222
1626210 1225
1626220 1227
1626230 1227
1626240 1229
1626250 1231
1626260 1231
1626270 1234
1626280 1236
1626290 1236
1626300 1238
1626310 1241
1626320 1241
1626330 1243
1626340 1244
1626350 1244
1626360 1245
1626370 1246
1626380 1247
1626390 1247
1626400 1248
1626410 1248
1626420 1248
1626430 1248
1626440 1249
1626450 1249
1626460 1250
1626470 1251
1626480 1251
1626490 1253
1626500 1255
1626510 1255
1626520 1257
1626530 1258
1626540 1258
1626550 1258
1626560 1259
1626570 1261
1626580 1261
1626590 1262
1626600 1262
1626610 1262
1626620 1263
1626630 1264
1626640 1264
1626650 1265
1626660 1265
1626670 1265
1626680 1266
1626690 1266
1626700 1266
1626710 1266
1626720 1266
1626730 1266
1626740 1266
1626750 1266
1626760 1267
1626770 1267
1626780 1268
1626790 1270
1626800 1270
1626810 1271
1626820 1271
1626830 1271
1626840 1274
1626850 1275
1626860 1275
1626870 1277
1626880 1278
1626890 1278
1626900 1278
1626910 1279
1626920 1279
1626930 1279
1626940 1279
1626950 1279
1626960 1279
1626970 1279
1626980 1279
1626990 1279
1627000 1279
1627010 1279
1627020 1279
1627030 1280
1627040 1280
1627050 1280
1627060 1279
1627070 1279
1627080 1280
1627090 1280
1627100 1281
1627110 1282
1627120 1282
1627130 1284
1627140 1286
1627150 1286
1627160 1286
1627170 1286
1627180 1286
1627190 1287
1627200 1286
1627210 1286
1627220 1285
1627230 1284
1627240 1283
1627250 1283
1627260 1280
1627270 1277
1627280 1277
1627290 1274
1627300 1272
1627310 1272
1627320 1268
1627330 1265
1627340 1265
1627350 1262
1627360 1262
1627370 1262
1627380 1261
1627390 1261
1627400 1260
1627410 1260
1627420 1262
1627430 1265
1627440 1265
1627450 1268
1627460 1270
1627470 1270
1627480 1270
1627490 1268
1627500 1268
1627510 1266
1627520 1263
1627530 1263
1627540 1261
1627550 1260
1627560 1260
1627570 1258
1627580 1257
1627590 1258
1627600 1258
1627610 1259
1627620 1265
1627630 1265
1627640 1269
1627650 1271
1627660 1271
1627670 1273
1627680 1274
1627690 1274
1627700 1274
1627710 1272
1627720 1279
1627730 1277
1627740 1276
1627750 1275
1627760 1275
1627770 1275
1627780 1276
1627790 1276
1627800 1277
1627810 1280
1627820 1280
1627830 1282
1627840 1285
1627850 1285
1627860 1286
1627870 1287
1627880 1287
1627890 1287
1627900 1289
1627910 1289
1627920 1291
1627930 1293
1627940 1296
1627950 1296
1627960 1298
1627970 1300
1627980 1300
1627990 1301
1628000 1303
1628010 1303
1628020 1305
1628030 1307
1628040 1307
1628050 1310
1628060 1312
1628070 1312
1628080 1315
1628090 1317
1628100 1319
1628110 1319
1628120 1321
1628130 1323
1628140 1323
1628150 1326
1628160 1328
1628170 1328
1628180 1332
1628190 1336
1628200 1336
1628210 1341
1628220 1344
1628230 1344
1628240 1348
1628250 1352
1628260 1352
1628270 1356
1628280 1359
1628290 1361
1628300 1361
1628310 1363
1628320 1365
1628330 1365
1628340 1367
1628350 1369
1628360 1369
1628370 1372
1628380 1374
1628390 1374
1628400 1376
1628410 1377
1628420 1377
1628430 1381
1628440 1385
1628450 1389
1628460 1389
1628470 1393
1628480 1398
1628490 1398
1628500 1402
1628510 1405
1628520 1405
1628530 1409
1628540 1412
1628550 1412
1628560 1416
1628570 1419
1628580 1419
1628590 1423
1628600 1427
1628610 1427
1628620 1431
1628630 1434
1628640 1438
1628650 1438
1628660 1441
1628670 1445
1628680 1445
1628690 1448
1628700 1451
1628710 1451
1628720 1454
1628730 1457
1628740 1457
1628750 1461
1628760 1464
1628770 1464
1628780 1466
1628790 1469
1628800 1472
1628810 1472
1628820 1473
1628830 1476
1628840 1476
1628850 1477
1628860 1480
1628870 1480
1628880 1482
1628890 1483
1628900 1483
1628910 1485
1628920 1487
1628930 1487
1628940 1488
1628950 1489
1628960 1490
1628970 1490
1628980 1491
1628990 1492
1629000 1492
1629010 1493
1629020 1494
1629030 1494
1629040 1495
1629050 1496
1629060 1496
1629070 1497
1629080 1498
1629090 1498
1629100 1499
1629110 1499
1629120 1499
1629130 1499
1629140 1498
1629150 1496
1629160 1496
1629170 1495
1629180 1494
1629190 1494
1629200 1493
1629210 1491
1629220 1491
1629230 1490
1629240 1488
1629250 1488
1629260 1487
1629270 1485
1629280 1485
1629290 1483
1629300 1481
1629310 1479
1629320 1479
1629330 1478
1629340 1476
1629350 1476
1629360 1473
1629370 1471
1629380 1471
1629390 1469
1629400 1466
1629410 1466
1629420 1464
1629430 1461
1629440 1461
1629450 1458
1629460 1456
1629470 1457
1629480 1454
1629490 1450
1629500 1447
1629510 1447
1629520 1445
1629530 1443
1629540 1443
1629550 1441
1629560 1439
1629570 1439
1629580 1437
1629590 1435
1629600 1435
1629610 1432
1629620 1430
1629630 1430
1629640 1428
1629650 1427
1629660 1425
1629670 1425
1629680 1423
1629690 1422
1629700 1422
1629710 1421
1629720 1420
1629730 1420
1629740 1418
1629750 1416
1629760 1416
1629770 1414
1629780 1412
1629790 1412
1629800 1410
1629810 1408
1629820 1408
1629830 1405
1629840 1404
1629850 1403
1629860 1403
1629870 1401
1629880 1397
1629890 1397
1629900 1394
1629910 1390
1629920 1390
1629930 1386
1629940 1383
1629950 1383
1629960 1382
1629970 1381
1629980 1381
1629990 1381
1630000 1380
1630010 1378
1630020 1378
1630030 1377
1630040 1375
1630050 1375
1630060 1374
1630070 1373
1630080 1373
1630090 1372
1630100 1371
1630110 1371
1630120 1369
1630130 1367
1630140 1367
1630150 1365
1630160 1363
1630170 1363
1630180 1361
1630190 1359
1630200 1357
1630210 1357
1630220 1355
1630230 1352
1630240 1352
1630250 1350
1630260 1347
1630270 1347
1630280 1345
1630290 1343
1630300 1343
1630310 1340
1630320 1337
1630330 1337
1630340 1337
1630350 1335
1630360 1332
1630370 1332
1630380 1330
1630390 1329
1630400 1329
1630410 1328
1630420 1327
1630430 1327
1630440 1326
1630450 1325
1630460 1325
1630470 1323
1630480 1324
1630490 1324
1630500 1324
1630510 1324
1630520 1325
1630530 1325
1630540 1326
1630550 1328
1630560 1328
1630570 1329
1630580 1329
1630590 1329
1630600 1329
1630610 1328
1630620 1328
1630630 1327
1630640 1327
1630650 1327
1630660 1326
1630670 1324
1630680 1324
1630690 1323
1630700 1322
1630710 1321
1630720 1321
1630730 1319
1630740 1319
1630750 1319
1630760 1319
1630770 1319
1630780 1319
1630790 1319
1630800 1319
1630810 1319
1630820 1319
1630830 1319
1630840 1319
1630850 1319
1630860 1318
1630870 1317
1630880 1317
1630890 1317
1630900 1316
1630910 1316
1630920 1315
1630930 1315
1630940 1315
1630950 1314
1630960 1313
1630970 1313
1630980 1312
1630990 1310
1631000 1310
1631010 1309
1631020 1308
1631030 1308
1631040 1306
1631050 1304
1631060 1303
1631070 1303
1631080 1301
1631090 1300
1631100 1300
1631110 1299
1631120 1299
1631130 1299
1631140 1298
1631150 1297
1631160 1297
1631170 1295
1631180 1293
1631190 1293
1631200 1290
1631210 1286
1631220 1284
1631230 1284
1631240 1281
1631250 1278
1631260 1278
1631270 1275
1631280 1273
1631290 1273
1631300 1271
1631310 1270
1631320 1270
1631330 1269
1631340 1268
1631350 1268
1631360 1266
1631370 1265
1631380 1265
1631390 1263
1631400 1260
1631410 1257
1631420 1257
1631430 1254
1631440 1252
1631450 1252
1631460 1250
1631470 1249
1631480 1249
1631490 1247
1631500 1245
1631510 1245
1631520 1243
1631530 1241
1631540 1241
1631550 1240
1631560 1238
1631570 1236
1631580 1236
1631590 1234
1631600 1232
1631610 1232
1631620 1230
1631630 1227
1631640 1227
1631650 1225
1631660 1224
1631670 1224
1631680 1222
1631690 1220
1631700 1220
1631710 1218
1631720 1217
1631730 1217
1631740 1215
1631750 1214
1631760 1213
1631770 1213
1631780 1213
1631790 1212
1631800 1212
1631810 1212
1631820 1211
1631830 1211
1631840 1210
1631850 1209
1631860 1209
1631870 1209
1631880 1209
1631890 1209
1631900 1209
1631910 1209
1631920 1209
1631930 1209
1631940 1209
1631950 1209
1631960 1209
1631970 1209
1631980 1210
1631990 1210
1632000 1209
1632010 1209
1632020 1209
1632030 1207
1632040 1205
1632050 1205
1632060 1199
1632070 1195
1632080 1195
1632090 1192
1632100 1189
1632110 1186
1632120 1186
1632130 1183
1632140 1181
1632150 1181
1632160 1179
1632170 1177
1632180 1177
1632190 1175
1632200 1173
1632210 1173
1632220 1172
1632230 1170
1632240 1170
1632250 1167
1632260 1164
1632270 1160
1632280 1160
1632290 1157
1632300 1153
1632310 1153
1632320 1149
1632330 1145
1632340 1145
1632350 1141
1632360 1137
1632370 1137
1632380 1134
1632390 1132
1632400 1132
1632410 1129
1632420 1127
1632430 1123
1632440 1123
1632450 1119
1632460 1114
1632470 1114
1632480 1111
1632490 1114
1632500 1114
1632510 1115
1632520 1115
1632530 1115
1632540 1115
1632550 1115
1632560 1115
1632570 1114
1632580 1114
1632590 1114
1632600 1113
1632610 1113
1632620 1113
1632630 1113
1632640 1115
1632650 1116
1632660 1116
1632670 1118
1632680 1120
1632690 1120
1632700 1122
1632710 1124
1632720 1124
1632730 1126
1632740 1128
1632750 1128
1632760 1130
1632770 1133
1632780 1133
1632790 1133
1632800 1135
1632810 1136
1632820 1136
1632830 1139
1632840 1141
1632850 1141
1632860 1144
1632870 1146
1632880 1146
1632890 1148
1632900 1151
1632910 1151
1632920 1157
1632930 1160
1632940 1160
1632950 1163
1632960 1165
1632970 1168
1632980 1168
1632990 1171
1633000 1174
1633010 1174
1633020 1177
1633030 1180
1633040 1180
1633050 1183
1633060 1186
1633070 1186
1633080 1188
1633090 1191
1633100 1191
1633110 1194
1633120 1197
1633130 1200
1633140 1200
1633150 1203
1633160 1207
1633170 1207
1633180 1212
1633190 1217
1633200 1217
1633210 1223
1633220 1228
1633230 1228
1633240 1231
1633250 1232
1633260 1232
1633270 1234
1633280 1236
1633290 1236
1633300 1237
1633310 1239
1633320 1242
1633330 1242
1633340 1244
1633350 1246
1633360 1246
1633370 1249
1633380 1252
1633390 1252
1633400 1255
1633410 1258
1633420 1258
1633430 1261
1633440 1262
1633450 1262
1633460 1263
1633470 1261
1633480 1259
1633490 1259
1633500 1257
1633510 1256
1633520 1256
1633530 1255
1633540 1254
1633550 1254
1633560 1254
1633570 1253
1633580 1253
1633590 1252
1633600 1252
1633610 1252
1633620 1251
1633630 1251
1633640 1251
1633650 1251
1633660 1251
1633670 1251
1633680 1251
1633690 1251
1633700 1251
1633710 1251
1633720 1250
1633730 1249
1633740 1249
1633750 1249
1633760 1247
1633770 1247
1633780 1245
1633790 1243
1633800 1243
1633810 1243
1633820 1242
1633830 1242
1633840 1242
1633850 1243
1633860 1243
1633870 1243
1633880 1245
1633890 1246
1633900 1246
1633910 1247
1633920 1248
1633930 1248
1633940 1250
1633950 1252
1633960 1252
1633970 1253
1633980 1255
1633990 1257
1634000 1257
1634010 1259
1634020 1260
1634030 1260
1634040 1261
1634050 1262
1634060 1262
1634070 1262
1634080 1262
1634090 1262
1634100 1263
1634110 1263
1634120 1263
1634130 1264
1634140 1264
1634150 1264
1634160 1264
1634170 1265
1634180 1265
1634190 1265
1634200 1266
1634210 1268
1634220 1268
1634230 1271
1634240 1272
1634250 1272
1634260 1271
1634270 1269
1634280 1269
1634290 1268
1634300 1267
1634310 1267
1634320 1266
1634330 1266
1634340 1265
1634350 1265
1634360 1263
1634370 1260
1634380 1260
1634390 1257
1634400 1254
1634410 1254
1634420 1251
1634430 1247
1634440 1247
1634450 1242
1634460 1237
1634470 1237
1634480 1235
1634490 1233
1634500 1233
1634510 1230
1634520 1228
1634530 1226
1634540 1226
1634550 1223
1634560 1221
1634570 1221
1634580 1219
1634590 1217
1634600 1217
1634610 1212
1634620 1209
1634630 1209
1634640 1207
1634650 1204
1634660 1204
1634670 1202
1634680 1199
1634690 1197
1634700 1197
1634710 1196
1634720 1192
1634730 1192
1634740 1189
1634750 1187
1634760 1187
1634770 1184
1634780 1182
1634790 1182
1634800 1180
1634810 1177
1634820 1177
1634830 1175
1634840 1173
1634850 1173
1634860 1171
1634870 1169
1634880 1167
1634890 1167
1634900 1164
1634910 1161
1634920 1161
1634930 1158
1634940 1156
1634950 1156
1634960 1154
1634970 1152
1634980 1152
1634990 1150
1635000 1147
1635010 1147
1635020 1146
1635030 1144
1635040 1143
1635050 1143
1635060 1141
1635070 1140
1635080 1140
1635090 1139
1635100 1137
1635110 1137
1635120 1135
1635130 1133
1635140 1133
1635150 1131
1635160 1130
1635170 1130
1635180 1128
1635190 1126
1635200 1124
1635210 1124
1635220 1121
1635230 1119
1635240 1119
1635250 1117
1635260 1115
1635270 1115
1635280 1112
1635290 1109
1635300 1109
1635310 1106
1635320 1103
1635330 1103
1635340 1101
1635350 1100
1635360 1100
1635370 1098
1635380 1096
1635390 1094
1635400 1094
1635410 1092
1635420 1090
1635430 1090
1635440 1086
1635450 1082
1635460 1082
1635470 1076
1635480 1070
1635490 1070
1635500 1067
1635510 1066
1635520 1066
1635530 1064
1635540 1062
1635550 1060
1635560 1060
1635570 1059
1635580 1058
1635590 1058
1635600 1056
1635610 1054
1635620 1054
1635630 1054
1635640 1053
1635650 1053
1635660 1050
1635670 1046
1635680 1046
1635690 1041
1635700 1037
1635710 1037
1635720 1034
1635730 1034
1635740 1036
1635750 1036
1635760 1036
1635770 1036
1635780 1036
1635790 1035
1635800 1034
1635810 1034
1635820 1033
1635830 1032
1635840 1032
1635850 1031
1635860 1029
1635870 1029
1635880 1028
1635890 1028
1635900 1027
1635910 1027
1635920 1026
1635930 1025
1635940 1025
1635950 1024
1635960 1024
1635970 1024
1635980 1022
1635990 1019
1636000 1019
1636010 1017
1636020 1014
1636030 1014
1636040 1011
1636050 1008
1636060 1008
1636070 1005
1636080 1003
1636090 1002
1636100 1002
1636110 1000
1636120 998
1636130 998
1636140 996
1636150 993
1636160 993
1636170 992
1636180 990
1636190 990
1636200 988
1636210 985
1636220 985
1636230 982
1636240 979
1636250 975
1636260 975
1636270 972
1636280 966
1636290 966
1636300 963
1636310 959
1636320 959
1636330 956
1636340 954
1636350 954
1636360 949
1636370 944
1636380 944
1636390 940
1636400 937
1636410 937
1636420 933
1636430 929
1636440 926
1636450 926
1636460 924
1636470 921
1636480 921
1636490 919
1636500 916
1636510 916
1636520 912
1636530 907
1636540 907
1636550 902
1636560 897
1636570 897
1636580 892
1636590 889
1636600 885
1636610 885
1636620 882
1636630 880
1636640 880
1636650 883
1636660 885
1636670 885
1636680 885
1636690 884
1636700 884
1636710 883
1636720 882
1636730 882
1636740 882
1636750 883
1636760 882
1636770 882
1636780 877
1636790 870
1636800 870
1636810 862
1636820 855
1636830 855
1636840 856
1636850 865
1636860 865
1636870 873
1636880 880
1636890 880
1636900 887
1636910 890
1636920 890
1636930 891
1636940 890
1636950 889
1636960 889
1636970 888
1636980 887
1636990 887
1637000 886
1637010 885
1637020 885
1637030 883
1637040 881
1637050 881
1637060 876
1637070 878
1637080 878
1637090 882
1637100 891
1637110 895
1637120 895
1637130 899
1637140 905
1637150 905
1637160 911
1637170 918
1637180 918
1637190 925
1637200 931
1637210 931
1637220 935
1637230 940
1637240 940
1637250 945
1637260 948
1637270 948
1637280 952
1637290 955
1637300 957
1637310 957
1637320 959
1637330 959
1637340 959
1637350 958
1637360 955
1637370 955
1637380 952
1637390 947
1637400 947
1637410 943
1637420 939
1637430 939
1637440 934
1637450 930
1637460 924
1637470 924
1637480 919
1637490 921
1637500 921
1637510 924
1637520 928
1637530 928
1637540 932
1637550 936
1637560 936
1637570 939
1637580 943
1637590 943
1637600 948
1637610 953
1637620 953
1637630 958
1637640 965
1637650 969
1637660 969
1637670 977
1637680 984
1637690 984
1637700 990
1637710 996
1637720 996
1637730 1000
1637740 1004
1637750 1004
1637760 1009
1637770 1012
1637780 1012
1637790 1015
1637800 1017
1637810 1019
1637820 1019
1637830 1021
1637840 1022
1637850 1022
1637860 1024
1637870 1024
1637880 1024
1637890 1024
1637900 1023
1637910 1023
1637920 1021
1637930 1022
1637940 1022
1637950 1020
1637960 1017
1637970 1017
1637980 1013
1637990 1010
1638000 1006
1638010 1006
1638020 1002
1638030 998
1638040 998
1638050 994
1638060 990
1638070 990
1638080 986
1638090 983
1638100 983
1638110 979
1638120 975
1638130 975
1638140 972
1638150 968
1638160 966
1638170 966
1638180 963
1638190 959
1638200 959
1638210 956
1638220 952
1638230 952
1638240 949
1638250 946
1638260 946
1638270 943
1638280 940
1638290 940
1638300 937
1638310 934
1638320 934
1638330 931
1638340 928
1638350 925
1638360 925
1638370 923
1638380 922
1638390 922
1638400 920
1638410 918
1638420 918
1638430 917
1638440 917
1638450 917
1638460 916
1638470 915
1638480 915
1638490 915
1638500 913
1638510 912
1638520 912
1638530 910
1638540 908
1638550 908
1638560 905
1638570 903
1638580 903
1638590 900
1638600 898
1638610 898
1638620 896
1638630 895
1638640 895
1638650 893
1638660 893
1638670 892
1638680 892
1638690 891
1638700 890
1638710 890
1638720 889
1638730 888
1638740 888
1638750 884
1638760 883
1638770 883
1638780 881
1638790 879
1638800 879
1638810 875
1638820 870
1638830 870
1638840 866
1638850 864
1638860 863
1638870 863
1638880 861
1638890 858
1638900 858
1638910 856
1638920 854
1638930 854
1638940 852
1638950 849
1638960 849
1638970 844
1638980 840
1638990 840
1639000 840
1639010 841
1639020 842
1639030 842
1639040 843
1639050 845
1639060 845
1639070 848
1639080 849
1639090 849
1639100 849
1639110 848
1639120 848
1639130 846
1639140 844
1639150 844
1639160 842
1639170 839
1639180 839
1639190 836
1639200 835
1639210 833
1639220 833
1639230 831
1639240 830
1639250 830
1639260 830
1639270 830
1639280 830
1639290 829
1639300 827
1639310 827
1639320 824
1639330 822
1639340 822
1639350 821
1639360 822
1639370 824
1639380 824
1639390 827
1639400 828
1639410 828
1639420 826
1639430 822
1639440 822
1639450 819
1639460 819
1639470 819
1639480 817
1639490 817
1639500 817
1639510 820
1639520 825
1639530 825
1639540 827
1639550 827
1639560 831
1639570 831
1639580 831
1639590 832
1639600 832
1639610 831
1639620 827
1639630 827
1639640 820
1639650 815
1639660 815
1639670 812
1639680 809
1639690 809
1639700 806
1639710 803
1639720 800
1639730 800
1639740 798
1639750 796
1639760 796
1639770 793
1639780 790
1639790 790
1639800 785
1639810 782
1639820 782
1639830 779
1639840 774
1639850 774
1639860 769
1639870 764
1639880 764
1639890 760
1639900 756
1639910 754
1639920 754
1639930 754
1639940 754
1639950 754
1639960 757
1639970 762
1639980 762
1639990 769
