1620000 661
1620010 665
1620020 667
1620030 667
1620040 670
1620050 672
1620060 672
1620070 674
1620080 677
1620090 677
1620100 681
1620110 685
1620120 689
1620130 689
1620140 693
1620150 697
1620160 697
1620170 701
1620180 706
1620190 706
1620200 710
1620210 714
1620220 714
1620230 719
1620240 724
1620250 724
1620260 728
1620270 731
1620280 731
1620290 734
1620300 736
1620310 739
1620320 739
1620330 742
1620340 743
1620350 743
1620360 743
1620370 744
1620380 744
1620390 745
1620400 746
1620410 746
1620420 747
1620430 749
1620440 749
1620450 751
1620460 754
1620470 757
1620480 757
1620490 760
1620500 764
1620510 768
1620520 772
1620530 776
1620540 776
1620550 780
1620560 783
1620570 783
1620580 786
1620590 789
1620600 789
1620610 793
1620620 797
1620630 797
1620640 801
1620650 806
1620660 810
1620670 810
1620680 815
1620690 819
1620700 819
1620710 822
1620720 824
1620730 824
1620740 823
1620750 819
1620760 819
1620770 820
1620780 826
1620790 826
1620800 833
1620810 838
1620820 843
1620830 843
1620840 851
1620850 858
1620860 858
1620870 865
1620880 871
1620890 871
1620900 876
1620910 879
1620920 879
1620930 881
1620940 883
1620950 883
1620960 884
1620970 886
1620980 886
1620990 887
1621000 890
1621010 893
1621020 893
1621030 895
1621040 897
1621050 897
1621060 901
1621070 906
1621080 906
1621090 911
1621100 914
1621110 914
1621120 917
1621130 920
1621140 920
1621150 922
1621160 925
1621170 928
1621180 928
1621190 931
1621200 934
1621210 934
1621220 937
1621230 939
1621240 939
1621250 942
1621260 945
1621270 945
1621280 948
1621290 950
1621300 950
1621310 954
1621320 958
1621330 958
1621340 963
1621350 967
1621360 971
1621370 971
1621380 972
1621390 973
1621400 973
1621410 974
1621420 975
1621430 975
1621440 974
1621450 976
1621460 976
1621470 980
1621480 983
1621490 983
1621500 984
1621510 987
1621520 990
1621530 990
1621540 993
1621550 996
1621560 996
1621570 999
1621580 1003
1621590 1003
1621600 1005
1621610 1007
1621620 1007
1621630 1009
1621640 1012
1621650 1012
1621660 1014
1621670 1017
1621680 1017
1621690 1018
1621700 1019
1621710 1018
1621720 1018
1621730 1017
1621740 1015
1621750 1015
1621760 1014
1621770 1012
1621780 1012
1621790 1010
1621800 1008
1621810 1008
1621820 1007
1621830 1005
1621840 1005
1621850 1003
1621860 1000
1621870 997
1621880 997
1621890 996
1621900 996
1621910 996
1621920 996
1621930 996
1621940 996
1621950 997
1621960 997
1621970 997
1621980 998
1621990 999
1622000 999
1622010 999
1622020 1000
1622030 1000
1622040 1000
1622050 999
1622060 998
1622070 998
1622080 995
1622090 992
1622100 992
1622110 989
1622120 986
1622130 986
1622140 983
1622150 981
1622160 981
1622170 979
1622180 976
1622190 976
1622200 974
1622210 975
1622220 975
1622230 975
1622240 976
1622250 976
1622260 976
1622270 976
1622280 976
1622290 976
1622300 976
1622310 975
1622320 975
1622330 974
1622340 974
1622350 974
1622360 975
1622370 979
1622380 979
1622390 981
1622400 981
1622410 981
1622420 981
1622430 981
1622440 982
1622450 982
1622460 983
1622470 985
1622480 985
1622490 987
1622500 988
1622510 988
1622520 990
1622530 991
1622540 991
1622550 992
1622560 992
1622570 990
1622580 990
1622590 988
1622600 984
1622610 984
1622620 980
1622630 977
1622640 977
1622650 974
1622660 969
1622670 969
1622680 965
1622690 961
1622700 961
1622710 953
1622720 955
1622730 955
1622740 962
1622750 967
1622760 971
1622770 971
1622780 976
1622790 980
1622800 980
1622810 983
1622820 983
1622830 983
1622840 978
1622850 969
1622860 969
1622870 960
1622880 954
1622890 954
1622900 952
1622910 949
1622920 946
1622930 946
1622940 949
1622950 955
1622960 955
1622970 957
1622980 960
1622990 960
1623000 963
1623010 965
1623020 965
1623030 967
1623040 969
1623050 969
1623060 968
1623070 968
1623080 968
1623090 968
1623100 968
1623110 969
1623120 969
1623130 970
1623140 973
1623150 973
1623160 976
1623170 980
1623180 980
1623190 982
1623200 981
1623210 981
1623220 977
1623230 973
1623240 973
1623250 969
1623260 964
1623270 957
1623280 957
1623290 953
1623300 950
1623310 950
1623320 948
1623330 948
1623340 948
1623350 946
1623360 943
1623370 943
1623380 937
1623390 929
1623400 929
1623410 924
1623420 921
1623430 916
1623440 916
1623450 912
1623460 913
1623470 913
1623480 914
1623490 913
1623500 913
1623510 913
1623520 913
1623530 913
1623540 912
1623550 911
1623560 911
1623570 909
1623580 907
1623590 907
1623600 905
1623610 905
1623620 905
1623630 905
1623640 903
1623650 900
1623660 900
1623670 896
1623680 892
1623690 892
1623700 889
1623710 887
1623720 887
1623730 888
1623740 889
1623750 889
1623760 889
1623770 889
1623780 891
1623790 891
1623800 895
1623810 901
1623820 901
1623830 907
1623840 913
1623850 913
1623860 918
1623870 923
1623880 923
1623890 927
1623900 931
1623910 931
1623920 935
1623930 938
1623940 938
1623950 941
1623960 943
1623970 944
1623980 944
1623990 942
1624000 939
1624010 939
1624020 936
1624030 933
1624040 933
1624050 928
1624060 922
1624070 922
1624080 918
1624090 914
1624100 914
1624110 911
1624120 909
1624130 906
1624140 906
1624150 905
1624160 904
1624170 901
1624180 901
1624190 900
1624200 900
1624210 899
1624220 897
1624230 897
1624240 893
1624250 889
1624260 889
1624270 884
1624280 880
1624290 880
1624300 874
1624310 868
1624320 864
1624330 864
1624340 861
1624350 857
1624360 857
1624370 855
1624380 853
1624390 853
1624400 851
1624410 848
1624420 848
1624430 846
1624440 847
1624450 847
1624460 848
1624470 849
1624480 851
1624490 851
1624500 853
1624510 855
1624520 855
1624530 857
1624540 861
1624550 861
1624560 866
1624570 871
1624580 871
1624590 878
1624600 885
1624610 885
1624620 887
1624630 883
1624640 883
1624650 880
1624660 879
1624670 877
1624680 877
1624690 877
1624700 879
1624710 879
1624720 881
1624730 883
1624740 883
1624750 888
1624760 892
1624770 892
1624780 897
1624790 902
1624800 902
1624810 906
1624820 910
1624830 914
1624840 914
1624850 916
1624860 917
1624870 917
1624880 920
1624890 922
1624900 922
1624910 925
1624920 927
1624930 927
1624940 929
1624950 932
1624960 932
1624970 935
1624980 939
1624990 939
1625000 944
1625010 947
1625020 950
1625030 950
1625040 953
1625050 955
1625060 955
1625070 961
1625080 968
1625090 968
1625100 972
1625110 976
1625120 976
1625130 979
1625140 981
1625150 981
1625160 983
1625170 986
1625180 989
1625190 989
1625200 991
1625210 994
1625220 994
1625230 996
1625240 998
1625250 998
1625260 1001
1625270 1003
1625280 1003
1625290 1006
1625300 1008
1625310 1008
1625320 1010
1625330 1012
1625340 1012
1625350 1013
1625360 1016
1625370 1019
1625380 1019
1625390 1022
1625400 1025
1625410 1025
1625420 1027
1625430 1028
1625440 1028
1625450 1030
1625460 1031
1625470 1031
1625480 1033
1625490 1035
1625500 1035
1625510 1037
1625520 1039
1625530 1039
1625540 1039
1625550 1041
1625560 1042
1625570 1042
1625580 1044
1625590 1048
1625600 1048
1625610 1052
1625620 1055
1625630 1055
1625640 1058
1625650 1061
1625660 1061
1625670 1063
1625680 1066
1625690 1066
1625700 1067
1625710 1067
1625720 1071
1625730 1071
1625740 1074
1625750 1076
1625760 1076
1625770 1078
1625780 1079
1625790 1079
1625800 1081
1625810 1082
1625820 1082
1625830 1083
1625840 1089
1625850 1089
1625860 1095
1625870 1098
1625880 1100
1625890 1100
1625900 1102
1625910 1103
1625920 1103
1625930 1105
1625940 1107
1625950 1107
1625960 1109
1625970 1108
1625980 1108
1625990 1110
1626000 1113
1626010 1113
1626020 1115
1626030 1118
1626040 1118
1626050 1120
1626060 1122
1626070 1124
1626080 1124
1626090 1126
1626100 1129
1626110 1129
1626120 1130
1626130 1131
1626140 1131
1626150 1132
1626160 1133
1626170 1133
1626180 1135
1626190 1137
1626200 1137
1626210 1140
1626220 1143
1626230 1146
1626240 1146
1626250 1149
1626260 1154
1626270 1154
1626280 1158
1626290 1161
1626300 1161
1626310 1164
1626320 1167
1626330 1167
1626340 1170
1626350 1173
1626360 1173
1626370 1174
1626380 1176
1626390 1176
1626400 1178
1626410 1179
1626420 1181
1626430 1181
1626440 1184
1626450 1186
1626460 1186
1626470 1187
1626480 1189
1626490 1189
1626500 1191
1626510 1194
1626520 1194
1626530 1196
1626540 1198
1626550 1198
1626560 1201
1626570 1205
1626580 1209
1626590 1209
1626600 1213
1626610 1217
1626620 1217
1626630 1221
1626640 1225
1626650 1225
1626660 1228
1626670 1231
1626680 1231
1626690 1234
1626700 1237
1626710 1237
1626720 1239
1626730 1241
1626740 1241
1626750 1243
1626760 1245
1626770 1248
1626780 1248
1626790 1250
1626800 1252
1626810 1252
1626820 1254
1626830 1256
1626840 1256
1626850 1258
1626860 1259
1626870 1259
1626880 1262
1626890 1265
1626900 1265
1626910 1267
1626920 1269
1626930 1271
1626940 1271
1626950 1274
1626960 1278
1626970 1278
1626980 1282
1626990 1286
1627000 1286
1627010 1290
1627020 1293
1627030 1293
1627040 1297
1627050 1301
1627060 1301
1627070 1304
1627080 1307
1627090 1307
1627100 1310
1627110 1312
1627120 1315
1627130 1315
1627140 1318
1627150 1321
1627160 1321
1627170 1323
1627180 1325
1627190 1325
1627200 1328
1627210 1330
1627220 1330
1627230 1333
1627240 1336
1627250 1336
1627260 1339
1627270 1340
1627280 1341
1627290 1341
1627300 1341
1627310 1341
1627320 1341
1627330 1342
1627340 1343
1627350 1343
1627360 1344
1627370 1345
1627380 1345
1627390 1347
1627400 1348
1627410 1348
1627420 1350
1627430 1353
1627440 1353
1627450 1356
1627460 1357
1627470 1359
1627480 1359
1627490 1361
1627500 1364
1627510 1364
1627520 1367
1627530 1369
1627540 1369
1627550 1371
1627560 1374
1627570 1374
1627580 1376
1627590 1379
1627600 1379
1627610 1381
1627620 1384
1627630 1386
1627640 1386
1627650 1388
1627660 1391
1627670 1391
1627680 1394
1627690 1398
1627700 1398
1627710 1401
1627720 1403
1627730 1403
1627740 1404
1627750 1406
1627760 1406
1627770 1410
1627780 1414
1627790 1414
1627800 1417
1627810 1420
1627820 1421
1627830 1421
1627840 1423
1627850 1425
1627860 1425
1627870 1427
1627880 1430
1627890 1430
1627900 1432
1627910 1434
1627920 1434
1627930 1436
1627940 1437
1627950 1437
1627960 1439
1627970 1441
1627980 1443
1627990 1443
1628000 1445
1628010 1447
1628020 1447
1628030 1449
1628040 1450
1628050 1450
1628060 1452
1628070 1453
1628080 1453
1628090 1455
1628100 1456
1628110 1456
1628120 1458
1628130 1461
1628140 1461
1628150 1463
1628160 1465
1628170 1467
1628180 1467
1628190 1469
1628200 1471
1628210 1471
1628220 1473
1628230 1475
1628240 1475
1628250 1477
1628260 1479
1628270 1479
1628280 1481
1628290 1483
1628300 1483
1628310 1485
1628320 1486
1628330 1488
1628340 1488
1628350 1491
1628360 1493
1628370 1493
1628380 1495
1628390 1497
1628400 1497
1628410 1500
1628420 1503
1628430 1503
1628440 1505
1628450 1508
1628460 1508
1628470 1510
1628480 1512
1628490 1513
1628500 1513
1628510 1515
1628520 1517
1628530 1517
1628540 1518
1628550 1520
1628560 1520
1628570 1521
1628580 1522
1628590 1522
1628600 1523
1628610 1524
1628620 1524
1628630 1524
1628640 1524
1628650 1524
1628660 1524
1628670 1524
1628680 1524
1628690 1524
1628700 1525
1628710 1525
1628720 1525
1628730 1525
1628740 1525
1628750 1525
1628760 1525
1628770 1525
1628780 1525
1628790 1525
1628800 1525
1628810 1525
1628820 1525
1628830 1524
1628840 1523
1628850 1523
1628860 1523
1628870 1522
1628880 1522
1628890 1521
1628900 1519
1628910 1519
1628920 1518
1628930 1516
1628940 1516
1628950 1514
1628960 1513
1628970 1513
1628980 1510
1628990 1508
1629000 1508
1629010 1505
1629020 1503
1629030 1500
1629040 1500
1629050 1498
1629060 1495
1629070 1495
1629080 1491
1629090 1487
1629100 1487
1629110 1484
1629120 1481
1629130 1481
1629140 1478
1629150 1475
1629160 1475
1629170 1472
1629180 1469
1629190 1465
1629200 1465
1629210 1462
1629220 1459
1629230 1459
1629240 1455
1629250 1453
1629260 1453
1629270 1449
1629280 1446
1629290 1446
1629300 1444
1629310 1441
1629320 1441
1629330 1439
1629340 1437
1629350 1437
1629360 1435
1629370 1432
1629380 1428
1629390 1428
1629400 1425
1629410 1421
1629420 1421
1629430 1417
1629440 1414
1629450 1414
1629460 1413
1629470 1413
1629480 1413
1629490 1411
1629500 1413
1629510 1413
1629520 1413
1629530 1413
1629540 1413
1629550 1413
1629560 1412
1629570 1408
1629580 1408
1629590 1404
1629600 1400
1629610 1400
1629620 1396
1629630 1391
1629640 1391
1629650 1388
1629660 1385
1629670 1385
1629680 1383
1629690 1380
1629700 1380
1629710 1376
1629720 1374
1629730 1374
1629740 1374
1629750 1372
1629760 1369
1629770 1369
1629780 1366
1629790 1363
1629800 1363
1629810 1359
1629820 1357
1629830 1357
1629840 1356
1629850 1354
1629860 1354
1629870 1352
1629880 1349
1629890 1346
1629900 1346
1629910 1343
1629920 1338
1629930 1338
1629940 1334
1629950 1330
1629960 1330
1629970 1328
1629980 1326
1629990 1326
1630000 1326
1630010 1326
1630020 1326
1630030 1327
1630040 1327
1630050 1327
1630060 1327
1630070 1328
1630080 1328
1630090 1328
1630100 1327
1630110 1326
1630120 1326
1630130 1325
1630140 1324
1630150 1324
1630160 1324
1630170 1323
1630180 1323
1630190 1322
1630200 1321
1630210 1321
1630220 1319
1630230 1317
1630240 1315
1630250 1315
1630260 1314
1630270 1313
1630280 1313
1630290 1313
1630300 1311
1630310 1311
1630320 1309
1630330 1307
1630340 1307
1630350 1307
1630360 1309
1630370 1312
1630380 1314
1630390 1317
1630400 1317
1630410 1320
1630420 1323
1630430 1325
1630440 1325
1630450 1327
1630460 1329
1630470 1329
1630480 1331
1630490 1333
1630500 1333
1630510 1334
1630520 1336
1630530 1336
1630540 1337
1630550 1339
1630560 1339
1630570 1341
1630580 1343
1630590 1344
1630600 1344
1630610 1345
1630620 1346
1630630 1346
1630640 1347
1630650 1347
1630660 1347
1630670 1348
1630680 1347
1630690 1347
1630700 1347
1630710 1346
1630720 1346
1630730 1345
1630740 1344
1630750 1344
1630760 1342
1630770 1340
1630780 1338
1630790 1338
1630800 1336
1630810 1335
1630820 1335
1630830 1333
1630840 1331
1630850 1331
1630860 1329
1630870 1327
1630880 1327
1630890 1326
1630900 1323
1630910 1323
1630920 1321
1630930 1319
1630940 1317
1630950 1317
1630960 1314
1630970 1312
1630980 1312
1630990 1310
1631000 1308
1631010 1308
1631020 1305
1631030 1303
1631040 1303
1631050 1301
1631060 1298
1631070 1298
1631080 1296
1631090 1293
1631100 1293
1631110 1290
1631120 1286
1631130 1282
1631140 1282
1631150 1278
1631160 1274
1631170 1274
1631180 1271
1631190 1267
1631200 1267
1631210 1264
1631220 1261
1631230 1260
1631240 1258
1631250 1257
1631260 1257
1631270 1256
1631280 1255
1631290 1253
1631300 1253
1631310 1250
1631320 1249
1631330 1249
1631340 1247
1631350 1246
1631360 1246
1631370 1244
1631380 1242
1631390 1242
1631400 1241
1631410 1240
1631420 1240
1631430 1239
1631440 1239
1631450 1239
1631460 1238
1631470 1237
1631480 1236
1631490 1236
1631500 1235
1631510 1234
1631520 1234
1631530 1233
1631540 1232
1631550 1232
1631560 1231
1631570 1230
1631580 1230
1631590 1227
1631600 1225
1631610 1225
1631620 1223
1631630 1222
1631640 1222
1631650 1222
1631660 1221
1631670 1220
1631680 1220
1631690 1219
1631700 1216
1631710 1216
1631720 1213
1631730 1212
1631740 1212
1631750 1210
1631760 1209
1631770 1209
1631780 1208
1631790 1206
1631800 1206
1631810 1207
1631820 1211
1631830 1215
1631840 1215
1631850 1219
1631860 1222
1631870 1222
1631880 1223
1631890 1225
1631900 1225
1631910 1226
1631920 1228
1631930 1228
1631940 1231
1631950 1234
1631960 1234
1631970 1236
1631980 1238
1631990 1241
1632000 1241
1632010 1244
1632020 1247
1632030 1247
1632040 1250
1632050 1253
1632060 1253
1632070 1255
1632080 1258
1632090 1261
1632100 1263
1632110 1266
1632120 1266
1632130 1268
1632140 1270
1632150 1270
1632160 1272
1632170 1274
1632180 1276
1632190 1276
1632200 1279
1632210 1281
1632220 1281
1632230 1283
1632240 1286
1632250 1286
1632260 1289
1632270 1290
1632280 1290
1632290 1291
1632300 1292
1632310 1292
1632320 1293
1632330 1294
1632340 1294
1632350 1294
1632360 1295
1632370 1295
1632380 1295
1632390 1295
1632400 1295
1632410 1295
1632420 1295
1632430 1296
1632440 1296
1632450 1296
1632460 1296
1632470 1296
1632480 1296
1632490 1296
1632500 1296
1632510 1296
1632520 1296
1632530 1296
1632540 1296
1632550 1296
1632560 1295
1632570 1295
1632580 1294
1632590 1293
1632600 1293
1632610 1292
1632620 1291
1632630 1291
1632640 1290
1632650 1289
1632660 1289
1632670 1288
1632680 1286
1632690 1285
1632700 1285
1632710 1283
1632720 1281
1632730 1281
1632740 1279
1632750 1276
1632760 1276
1632770 1274
1632780 1272
1632790 1272
1632800 1269
1632810 1267
1632820 1267
1632830 1264
1632840 1262
1632850 1262
1632860 1259
1632870 1257
1632880 1254
1632890 1254
1632900 1252
1632910 1249
1632920 1249
1632930 1246
1632940 1243
1632950 1243
1632960 1240
1632970 1238
1632980 1238
1632990 1236
1633000 1234
1633010 1234
1633020 1230
1633030 1227
1633040 1225
1633050 1225
1633060 1222
1633070 1219
1633080 1219
1633090 1217
1633100 1215
1633110 1215
1633120 1212
1633130 1209
1633140 1209
1633150 1205
1633160 1202
1633170 1202
1633180 1198
1633190 1196
1633200 1196
1633210 1194
1633220 1193
1633230 1191
1633240 1191
1633250 1188
1633260 1186
1633270 1186
1633280 1184
1633290 1183
1633300 1183
1633310 1181
1633320 1180
1633330 1180
1633340 1180
1633350 1179
1633360 1179
1633370 1179
1633380 1177
1633390 1175
1633400 1175
1633410 1172
1633420 1169
1633430 1169
1633440 1165
1633450 1162
1633460 1162
1633470 1159
1633480 1156
1633490 1156
1633500 1152
1633510 1148
1633520 1148
1633530 1145
1633540 1143
1633550 1141
1633560 1141
1633570 1139
1633580 1137
1633590 1137
1633600 1135
1633610 1132
1633620 1132
1633630 1129
1633640 1126
1633650 1126
1633660 1123
1633670 1121
1633680 1121
1633690 1119
1633700 1118
1633710 1118
1633720 1116
1633730 1115
1633740 1113
1633750 1113
1633760 1111
1633770 1109
1633780 1109
1633790 1106
1633800 1102
1633810 1102
1633820 1098
1633830 1094
1633840 1094
1633850 1091
1633860 1088
1633870 1088
1633880 1085
1633890 1082
1633900 1079
1633910 1079
1633920 1076
1633930 1073
1633940 1073
1633950 1070
1633960 1069
1633970 1069
1633980 1068
1633990 1070
1634000 1070
1634010 1072
1634020 1076
1634030 1076
1634040 1080
1634050 1083
1634060 1083
1634070 1087
1634080 1090
1634090 1093
1634100 1093
1634110 1094
1634120 1095
1634130 1095
1634140 1094
1634150 1094
1634160 1094
1634170 1093
1634180 1093
1634190 1093
1634200 1091
1634210 1090
1634220 1090
1634230 1088
1634240 1087
1634250 1085
1634260 1085
1634270 1083
1634280 1082
1634290 1082
1634300 1080
1634310 1079
1634320 1079
1634330 1077
1634340 1076
1634350 1076
1634360 1074
1634370 1074
1634380 1074
1634390 1075
1634400 1076
1634410 1076
1634420 1077
1634430 1077
1634440 1078
1634450 1078
1634460 1079
1634470 1080
1634480 1080
1634490 1081
1634500 1081
1634510 1081
1634520 1081
1634530 1080
1634540 1080
1634550 1080
1634560 1079
1634570 1079
1634580 1079
1634590 1077
1634600 1075
1634610 1075
1634620 1073
1634630 1074
1634640 1074
1634650 1073
1634660 1070
1634670 1070
1634680 1068
1634690 1066
1634700 1066
1634710 1065
1634720 1064
1634730 1064
1634740 1063
1634750 1062
1634760 1062
1634770 1061
1634780 1060
1634790 1058
1634800 1058
1634810 1056
1634820 1055
1634830 1055
1634840 1054
1634850 1054
1634860 1054
1634870 1054
1634880 1055
1634890 1055
1634900 1056
1634910 1058
1634920 1058
1634930 1060
1634940 1061
1634950 1063
1634960 1063
1634970 1065
1634980 1067
1634990 1067
1635000 1067
1635010 1066
1635020 1066
1635030 1065
1635040 1063
1635050 1063
1635060 1061
1635070 1060
1635080 1060
1635090 1057
1635100 1055
1635110 1055
1635120 1053
1635130 1052
1635140 1050
1635150 1050
1635160 1048
1635170 1046
1635180 1046
1635190 1042
1635200 1038
1635210 1038
1635220 1033
1635230 1029
1635240 1029
1635250 1024
1635260 1022
1635270 1022
1635280 1019
1635290 1017
1635300 1015
1635310 1015
1635320 1013
1635330 1010
1635340 1010
1635350 1005
1635360 999
1635370 999
1635380 992
1635390 986
1635400 986
1635410 980
1635420 974
1635430 974
1635440 969
1635450 968
1635460 968
1635470 967
1635480 965
1635490 966
1635500 966
1635510 968
1635520 968
1635530 968
1635540 968
1635550 968
1635560 968
1635570 966
1635580 965
1635590 965
1635600 963
1635610 962
1635620 962
1635630 960
1635640 959
1635650 957
1635660 957
1635670 955
1635680 950
1635690 950
1635700 945
1635710 940
1635720 940
1635730 936
1635740 934
1635750 934
1635760 932
1635770 930
1635780 930
1635790 928
1635800 926
1635810 926
1635820 926
1635830 926
1635840 926
1635850 926
1635860 926
1635870 934
1635880 934
1635890 947
1635900 955
1635910 955
1635920 960
1635930 966
1635940 966
1635950 971
1635960 975
1635970 975
1635980 979
1635990 983
1636000 988
1636010 988
1636020 993
1636030 998
1636040 998
1636050 1003
1636060 1008
1636070 1008
1636080 1013
1636090 1019
1636100 1019
1636110 1023
1636120 1027
1636130 1027
1636140 1031
1636150 1035
1636160 1035
1636170 1040
1636180 1043
1636190 1046
1636200 1046
1636210 1049
1636220 1051
1636230 1051
1636240 1053
1636250 1056
1636260 1056
1636270 1058
1636280 1061
1636290 1061
1636300 1062
1636310 1065
1636320 1065
1636330 1068
1636340 1071
1636350 1073
1636360 1073
1636370 1074
1636380 1076
1636390 1076
1636400 1079
1636410 1082
1636420 1082
1636430 1086
1636440 1089
1636450 1089
1636460 1093
1636470 1097
1636480 1097
1636490 1101
1636500 1105
1636510 1105
1636520 1109
1636530 1112
1636540 1116
1636550 1116
1636560 1120
1636570 1124
1636580 1124
1636590 1128
1636600 1132
1636610 1132
1636620 1135
1636630 1139
1636640 1139
1636650 1143
1636660 1147
1636670 1147
1636680 1150
1636690 1155
1636700 1158
1636710 1158
1636720 1162
1636730 1166
1636740 1166
1636750 1169
1636760 1171
1636770 1171
1636780 1173
1636790 1175
1636800 1175
1636810 1177
1636820 1178
1636830 1178
1636840 1178
1636850 1178
1636860 1178
1636870 1177
1636880 1176
1636890 1175
1636900 1175
1636910 1174
1636920 1174
1636930 1174
1636940 1173
1636950 1172
1636960 1172
1636970 1171
1636980 1170
1636990 1170
1637000 1170
1637010 1168
1637020 1168
1637030 1167
1637040 1166
1637050 1166
1637060 1166
1637070 1167
1637080 1168
1637090 1168
1637100 1169
1637110 1171
1637120 1171
1637130 1176
1637140 1177
1637150 1177
1637160 1177
1637170 1178
1637180 1178
1637190 1179
1637200 1181
1637210 1181
1637220 1181
1637230 1179
1637240 1176
1637250 1176
1637260 1173
1637270 1169
1637280 1169
1637290 1166
1637300 1163
1637310 1163
1637320 1161
1637330 1158
1637340 1158
1637350 1157
1637360 1155
1637370 1155
1637380 1153
1637390 1152
1637400 1150
1637410 1150
1637420 1149
1637430 1147
1637440 1147
1637450 1146
1637460 1144
1637470 1144
1637480 1142
1637490 1141
1637500 1141
1637510 1141
1637520 1142
1637530 1142
1637540 1143
1637550 1144
1637560 1144
1637570 1145
1637580 1146
1637590 1147
1637600 1147
1637610 1148
1637620 1150
1637630 1150
1637640 1151
1637650 1152
1637660 1152
1637670 1153
1637680 1154
1637690 1154
1637700 1155
1637710 1157
1637720 1157
1637730 1159
1637740 1160
1637750 1161
1637760 1161
1637770 1162
1637780 1164
1637790 1164
1637800 1165
1637810 1167
1637820 1167
1637830 1168
1637840 1170
1637850 1170
1637860 1172
1637870 1173
1637880 1173
1637890 1175
1637900 1176
1637910 1176
1637920 1178
1637930 1180
1637940 1182
1637950 1182
1637960 1184
1637970 1185
1637980 1185
1637990 1184
1638000 1184
1638010 1184
1638020 1183
1638030 1183
1638040 1183
1638050 1183
1638060 1183
1638070 1183
1638080 1183
1638090 1182
1638100 1181
1638110 1181
1638120 1179
1638130 1177
1638140 1177
1638150 1175
1638160 1173
1638170 1173
1638180 1171
1638190 1168
1638200 1168
1638210 1166
1638220 1163
1638230 1163
1638240 1160
1638250 1158
1638260 1158
1638270 1155
1638280 1152
1638290 1149
1638300 1149
1638310 1146
1638320 1144
1638330 1144
1638340 1141
1638350 1137
1638360 1137
1638370 1134
1638380 1131
1638390 1131
1638400 1128
1638410 1124
1638420 1124
1638430 1121
1638440 1117
1638450 1114
1638460 1114
1638470 1111
1638480 1108
1638490 1108
1638500 1105
1638510 1101
1638520 1101
1638530 1097
1638540 1093
1638550 1093
1638560 1090
1638570 1086
1638580 1086
1638590 1083
1638600 1079
1638610 1075
1638620 1075
1638630 1070
1638640 1065
1638650 1065
1638660 1060
1638670 1055
1638680 1055
1638690 1051
1638700 1046
1638710 1046
1638720 1042
1638730 1038
1638740 1038
1638750 1035
1638760 1032
1638770 1032
1638780 1027
1638790 1024
1638800 1022
1638810 1022
1638820 1020
1638830 1018
1638840 1018
1638850 1016
1638860 1014
1638870 1014
1638880 1012
1638890 1009
1638900 1009
1638910 1007
1638920 1004
1638930 1004
1638940 1001
1638950 998
1638960 995
1638970 995
1638980 992
1638990 989
1639000 989
1639010 986
1639020 983
1639030 983
1639040 980
1639050 977
1639060 977
1639070 973
1639080 970
1639090 970
1639100 967
1639110 963
1639120 963
1639130 960
1639140 956
1639150 953
1639160 953
1639170 950
1639180 947
1639190 947
1639200 944
1639210 942
1639220 942
1639230 941
1639240 938
1639250 938
1639260 934
1639270 931
1639280 931
1639290 929
1639300 926
1639310 922
1639320 922
1639330 919
1639340 916
1639350 916
1639360 913
1639370 911
1639380 911
1639390 907
1639400 904
1639410 904
1639420 901
1639430 897
1639440 897
1639450 893
1639460 889
1639470 889
1639480 883
1639490 879
1639500 876
1639510 876
1639520 872
1639530 867
1639540 867
1639550 862
1639560 863
1639570 863
1639580 863
1639590 867
1639600 867
1639610 870
1639620 873
1639630 873
1639640 877
1639650 882
1639660 887
1639670 887
1639680 892
1639690 895
1639700 895
1639710 892
1639720 887
1639730 887
1639740 879
1639750 871
1639760 871
1639770 861
1639780 862
1639790 862
1639800 870
1639810 877
1639820 877
1639830 881
1639840 883
1639850 888
1639860 888
1639870 891
1639880 894
1639890 894
1639900 899
1639910 903
1639920 903
1639930 908
1639940 912
1639950 912
1639960 917
1639970 924
1639980 924
1639990 929
