1620000 551
1620010 551
1620020 551
1620030 551
1620040 551
1620050 551
1620060 552
1620070 552
1620080 552
1620090 552
1620100 552
1620110 552
1620120 553
1620130 552
1620140 552
1620150 552
1620160 553
1620170 553
1620180 552
1620190 553
1620200 553
1620210 552
1620220 553
1620230 553
1620240 553
1620250 553
1620260 553
1620270 555
1620280 559
1620290 559
1620300 562
1620310 563
1620320 565
1620330 564
1620340 565
1620350 565
1620360 565
1620370 565
1620380 565
1620390 565
1620400 565
1620410 565
1620420 565
1620430 565
1620440 565
1620450 565
1620460 566
1620470 566
1620480 568
1620490 568
1620500 571
1620510 576
1620520 576
1620530 581
1620540 586
1620550 586
1620560 590
1620570 594
1620580 594
1620590 598
1620600 602
1620610 602
1620620 605
1620630 609
1620640 609
1620650 613
1620660 619
1620670 623
1620680 623
1620690 627
1620700 632
1620710 632
1620720 637
1620730 642
1620740 642
1620750 647
1620760 652
1620770 652
1620780 655
1620790 659
1620800 659
1620810 661
1620820 664
1620830 666
1620840 666
1620850 667
1620860 669
1620870 669
1620880 671
1620890 673
1620900 673
1620910 675
1620920 677
1620930 677
1620940 679
1620950 681
1620960 681
1620970 682
1620980 683
1620990 683
1621000 685
1621010 687
1621020 690
1621030 690
1621040 693
1621050 696
1621060 696
1621070 699
1621080 702
1621090 702
1621100 705
1621110 710
1621120 710
1621130 713
1621140 716
1621150 716
1621160 718
1621170 720
1621180 722
1621190 722
1621200 725
1621210 730
1621220 730
1621230 735
1621240 740
1621250 740
1621260 744
1621270 749
1621280 749
1621290 753
1621300 755
1621310 755
1621320 758
1621330 760
1621340 760
1621350 763
1621360 766
1621370 768
1621380 768
1621390 771
1621400 775
1621410 775
1621420 778
1621430 780
1621440 780
1621450 780
1621460 779
1621470 779
1621480 779
1621490 778
1621500 778
1621510 777
1621520 776
1621530 776
1621540 776
1621550 779
1621560 783
1621570 783
1621580 784
1621590 784
1621600 784
1621610 785
1621620 786
1621630 786
1621640 787
1621650 788
1621660 788
1621670 788
1621680 787
1621690 787
1621700 784
1621710 780
1621720 773
1621730 773
1621740 766
1621750 761
1621760 761
1621770 757
1621780 753
1621790 753
1621800 749
1621810 742
1621820 742
1621830 735
1621840 729
1621850 729
1621860 721
1621870 709
1621880 709
1621890 702
1621900 694
1621910 689
1621920 689
1621930 686
1621940 688
1621950 688
1621960 690
1621970 696
1621980 696
1621990 702
1622000 705
1622010 705
1622020 708
1622030 712
1622040 712
1622050 716
1622060 722
1622070 727
1622080 727
1622090 730
1622100 734
1622110 734
1622120 739
1622130 743
1622140 743
1622150 747
1622160 751
1622170 751
1622180 754
1622190 755
1622200 755
1622210 756
1622220 757
1622230 757
1622240 758
1622250 760
1622260 767
1622270 767
1622280 771
1622290 775
1622300 775
1622310 779
1622320 783
1622330 783
1622340 785
1622350 788
1622360 788
1622370 794
1622380 801
1622390 801
1622400 806
1622410 814
1622420 817
1622430 817
1622440 819
1622450 822
1622460 822
1622470 825
1622480 828
1622490 828
1622500 831
1622510 834
1622520 834
1622530 836
1622540 837
1622550 837
1622560 834
1622570 830
1622580 830
1622590 825
1622600 823
1622610 823
1622620 823
1622630 825
1622640 828
1622650 828
1622660 831
1622670 835
1622680 835
1622690 838
1622700 842
1622710 842
1622720 847
1622730 852
1622740 852
1622750 856
1622760 860
1622770 864
1622780 864
1622790 869
1622800 872
1622810 872
1622820 875
1622830 877
1622840 877
1622850 879
1622860 881
1622870 881
1622880 883
1622890 884
1622900 884
1622910 886
1622920 886
1622930 886
1622940 886
1622950 885
1622960 882
1622970 882
1622980 879
1622990 874
1623000 874
1623010 870
1623020 866
1623030 866
1623040 863
1623050 861
1623060 861
1623070 859
1623080 856
1623090 863
1623100 860
1623110 855
1623120 847
1623130 847
1623140 840
1623150 844
1623160 844
1623170 846
1623180 849
1623190 849
1623200 853
1623210 856
1623220 856
1623230 859
1623240 862
1623250 862
1623260 865
1623270 867
1623280 867
1623290 868
1623300 868
1623310 869
1623320 869
1623330 876
1623340 884
1623350 884
1623360 890
1623370 896
1623380 896
1623390 901
1623400 908
1623410 908
1623420 915
1623430 920
1623440 920
1623450 923
1623460 926
1623470 929
1623480 929
1623490 931
1623500 932
1623510 932
1623520 931
1623530 929
1623540 929
1623550 927
1623560 926
1623570 926
1623580 925
1623590 924
1623600 924
1623610 923
1623620 922
1623630 922
1623640 925
1623650 928
1623660 930
1623670 930
1623680 934
1623690 937
1623700 937
1623710 939
1623720 941
1623730 941
1623740 943
1623750 946
1623760 946
1623770 949
1623780 950
1623790 950
1623800 951
1623810 952
1623820 954
1623830 954
1623840 957
1623850 960
1623860 960
1623870 964
1623880 966
1623890 966
1623900 967
1623910 968
1623920 968
1623930 969
1623940 969
1623950 969
1623960 971
1623970 975
1623980 975
1623990 979
1624000 986
1624010 989
1624020 989
1624030 992
1624040 996
1624050 996
1624060 1001
1624070 1005
1624080 1005
1624090 1008
1624100 1012
1624110 1012
1624120 1014
1624130 1015
1624140 1015
1624150 1017
1624160 1019
1624170 1019
1624180 1021
1624190 1023
1624200 1025
1624210 1025
1624220 1027
1624230 1029
1624240 1029
1624250 1031
1624260 1034
1624270 1034
1624280 1036
1624290 1039
1624300 1039
1624310 1042
1624320 1045
1624330 1045
1624340 1048
1624350 1051
1624360 1055
1624370 1055
1624380 1058
1624390 1061
1624400 1061
1624410 1065
1624420 1069
1624430 1069
1624440 1073
1624450 1078
1624460 1078
1624470 1084
1624480 1091
1624490 1091
1624500 1098
1624510 1104
1624520 1104
1624530 1110
1624540 1112
1624550 1115
1624560 1115
1624570 1117
1624580 1119
1624590 1119
1624600 1122
1624610 1125
1624620 1125
1624630 1127
1624640 1130
1624650 1130
1624660 1133
1624670 1137
1624680 1137
1624690 1140
1624700 1143
1624710 1146
1624720 1146
1624730 1149
1624740 1152
1624750 1152
1624760 1156
1624770 1160
1624780 1160
1624790 1163
1624800 1167
1624810 1167
1624820 1170
1624830 1172
1624840 1172
1624850 1175
1624860 1177
1624870 1177
1624880 1178
1624890 1179
1624900 1183
1624910 1183
1624920 1185
1624930 1187
1624940 1187
1624950 1191
1624960 1196
1624970 1196
1624980 1200
1624990 1202
1625000 1202
1625010 1204
1625020 1207
1625030 1207
1625040 1210
1625050 1212
1625060 1213
1625070 1213
1625080 1215
1625090 1216
1625100 1216
1625110 1217
1625120 1218
1625130 1218
1625140 1216
1625150 1216
1625160 1216
1625170 1217
1625180 1220
1625190 1220
1625200 1222
1625210 1224
1625220 1224
1625230 1227
1625240 1229
1625250 1232
1625260 1232
1625270 1235
1625280 1238
1625290 1238
1625300 1241
1625310 1241
1625320 1241
1625330 1240
1625340 1237
1625350 1237
1625360 1232
1625370 1228
1625380 1228
1625390 1223
1625400 1219
1625410 1215
1625420 1215
1625430 1212
1625440 1208
1625450 1208
1625460 1204
1625470 1200
1625480 1200
1625490 1198
1625500 1195
1625510 1195
1625520 1193
1625530 1191
1625540 1191
1625550 1189
1625560 1187
1625570 1187
1625580 1184
1625590 1182
1625600 1181
1625610 1181
1625620 1180
1625630 1179
1625640 1179
1625650 1179
1625660 1179
1625670 1179
1625680 1179
1625690 1180
1625700 1180
1625710 1181
1625720 1182
1625730 1182
1625740 1184
1625750 1185
1625760 1185
1625770 1185
1625780 1187
1625790 1189
1625800 1184
1625810 1186
1625820 1188
1625830 1188
1625840 1192
1625850 1195
1625860 1195
1625870 1196
1625880 1197
1625890 1197
1625900 1196
1625910 1195
1625920 1195
1625930 1193
1625940 1191
1625950 1190
1625960 1190
1625970 1188
1625980 1186
1625990 1186
1626000 1185
1626010 1183
1626020 1183
1626030 1182
1626040 1180
1626050 1180
1626060 1178
1626070 1177
1626080 1177
1626090 1175
1626100 1175
1626110 1174
1626120 1174
1626130 1172
1626140 1171
1626150 1171
1626160 1170
1626170 1169
1626180 1169
1626190 1169
1626200 1168
1626210 1168
1626220 1168
1626230 1169
1626240 1169
1626250 1172
1626260 1175
1626270 1175
1626280 1179
1626290 1183
1626300 1187
1626310 1187
1626320 1191
1626330 1194
1626340 1194
1626350 1195
1626360 1195
1626370 1195
1626380 1194
1626390 1192
1626400 1192
1626410 1188
1626420 1185
1626430 1185
1626440 1182
1626450 1178
1626460 1178
1626470 1175
1626480 1173
1626490 1170
1626500 1170
1626510 1166
1626520 1162
1626530 1162
1626540 1158
1626550 1155
1626560 1155
1626570 1152
1626580 1149
1626590 1149
1626600 1145
1626610 1142
1626620 1142
1626630 1140
1626640 1137
1626650 1133
1626660 1133
1626670 1129
1626680 1125
1626690 1121
1626700 1117
1626710 1117
1626720 1117
1626730 1118
1626740 1121
1626750 1121
1626760 1125
1626770 1129
1626780 1129
1626790 1132
1626800 1136
1626810 1136
1626820 1141
1626830 1146
1626840 1150
1626850 1150
1626860 1155
1626870 1160
1626880 1160
1626890 1165
1626900 1170
1626910 1170
1626920 1174
1626930 1179
1626940 1179
1626950 1183
1626960 1188
1626970 1188
1626980 1192
1626990 1196
1627000 1200
1627010 1200
1627020 1204
1627030 1208
1627040 1208
1627050 1212
1627060 1215
1627070 1215
1627080 1219
1627090 1223
1627100 1223
1627110 1226
1627120 1229
1627130 1229
1627140 1233
1627150 1236
1627160 1236
1627170 1239
1627180 1242
1627190 1245
1627200 1245
1627210 1249
1627220 1253
1627230 1253
1627240 1255
1627250 1258
1627260 1258
1627270 1259
1627280 1261
1627290 1261
1627300 1262
1627310 1263
1627320 1263
1627330 1263
1627340 1263
1627350 1262
1627360 1262
1627370 1262
1627380 1259
1627390 1259
1627400 1257
1627410 1255
1627420 1255
1627430 1252
1627440 1249
1627450 1249
1627460 1247
1627470 1246
1627480 1246
1627490 1245
1627500 1244
1627510 1244
1627520 1243
1627530 1242
1627540 1241
1627550 1241
1627560 1240
1627570 1240
1627580 1240
1627590 1241
1627600 1244
1627610 1244
1627620 1249
1627630 1254
1627640 1254
1627650 1260
1627660 1264
1627670 1264
1627680 1270
1627690 1275
1627700 1279
1627710 1279
1627720 1282
1627730 1284
1627740 1284
1627750 1285
1627760 1285
1627770 1285
1627780 1284
1627790 1284
1627800 1284
1627810 1284
1627820 1283
1627830 1283
1627840 1282
1627850 1281
1627860 1281
1627870 1280
1627880 1279
1627890 1279
1627900 1279
1627910 1277
1627920 1276
1627930 1276
1627940 1275
1627950 1274
1627960 1274
1627970 1275
1627980 1275
1627990 1275
1628000 1276
1628010 1276
1628020 1276
1628030 1276
1628040 1276
1628050 1276
1628060 1276
1628070 1276
1628080 1275
1628090 1275
1628100 1276
1628110 1276
1628120 1276
1628130 1277
1628140 1278
1628150 1278
1628160 1279
1628170 1280
1628180 1280
1628190 1280
1628200 1281
1628210 1281
1628220 1282
1628230 1282
1628240 1282
1628250 1282
1628260 1282
1628270 1282
1628280 1282
1628290 1282
1628300 1282
1628310 1282
1628320 1281
1628330 1281
1628340 1281
1628350 1279
1628360 1276
1628370 1276
1628380 1273
1628390 1269
1628400 1269
1628410 1265
1628420 1266
1628430 1267
1628440 1267
1628450 1267
1628460 1267
1628470 1267
1628480 1267
1628490 1268
1628500 1268
1628510 1268
1628520 1268
1628530 1268
1628540 1269
1628550 1270
1628560 1270
1628570 1271
1628580 1272
1628590 1274
1628600 1274
1628610 1276
1628620 1278
1628630 1278
1628640 1280
1628650 1282
1628660 1282
1628670 1282
1628680 1282
1628690 1282
1628700 1283
1628710 1282
1628720 1282
1628730 1282
1628740 1282
1628750 1282
1628760 1282
1628770 1282
1628780 1282
1628790 1282
1628800 1282
1628810 1282
1628820 1282
1628830 1283
1628840 1282
1628850 1282
1628860 1281
1628870 1280
1628880 1280
1628890 1280
1628900 1279
1628910 1279
1628920 1279
1628930 1279
1628940 1279
1628950 1279
1628960 1279
1628970 1280
1628980 1280
1628990 1281
1629000 1284
1629010 1284
1629020 1287
1629030 1290
1629040 1290
1629050 1294
1629060 1297
1629070 1297
1629080 1299
1629090 1301
1629100 1301
1629110 1301
1629120 1299
1629130 1298
1629140 1298
1629150 1297
1629160 1296
1629170 1296
1629180 1295
1629190 1294
1629200 1294
1629210 1294
1629220 1294
1629230 1294
1629240 1294
1629250 1294
1629260 1294
1629270 1294
1629280 1295
1629290 1297
1629300 1297
1629310 1299
1629320 1301
1629330 1304
1629340 1306
1629350 1309
1629360 1309
1629370 1311
1629380 1314
1629390 1314
1629400 1317
1629410 1320
1629420 1320
1629430 1323
1629440 1326
1629450 1326
1629460 1329
1629470 1331
1629480 1333
1629490 1333
1629500 1335
1629510 1338
1629520 1338
1629530 1340
1629540 1342
1629550 1342
1629560 1344
1629570 1346
1629580 1346
1629590 1350
1629600 1353
1629610 1353
1629620 1355
1629630 1357
1629640 1358
1629650 1358
1629660 1359
1629670 1360
1629680 1360
1629690 1360
1629700 1360
1629710 1360
1629720 1361
1629730 1363
1629740 1363
1629750 1366
1629760 1369
1629770 1369
1629780 1371
1629790 1374
1629800 1374
1629810 1376
1629820 1378
1629830 1380
1629840 1380
1629850 1382
1629860 1384
1629870 1384
1629880 1387
1629890 1389
1629900 1389
1629910 1391
1629920 1393
1629930 1393
1629940 1394
1629950 1395
1629960 1395
1629970 1398
1629980 1399
1629990 1402
1630000 1402
1630010 1404
1630020 1406
1630030 1406
1630040 1409
1630050 1412
1630060 1412
1630070 1415
1630080 1417
1630090 1417
1630100 1420
1630110 1422
1630120 1422
1630130 1424
1630140 1428
1630150 1428
1630160 1431
1630170 1433
1630180 1435
1630190 1435
1630200 1437
1630210 1440
1630220 1440
1630230 1442
1630240 1445
1630250 1445
1630260 1447
1630270 1450
1630280 1450
1630290 1453
1630300 1455
1630310 1455
1630320 1458
1630330 1460
1630340 1460
1630350 1462
1630360 1465
1630370 1467
1630380 1467
1630390 1469
1630400 1471
1630410 1471
1630420 1473
1630430 1474
1630440 1474
1630450 1476
1630460 1478
1630470 1478
1630480 1479
1630490 1481
1630500 1481
1630510 1482
1630520 1484
1630530 1485
1630540 1485
1630550 1487
1630560 1488
1630570 1488
1630580 1489
1630590 1490
1630600 1490
1630610 1491
1630620 1492
1630630 1492
1630640 1493
1630650 1494
1630660 1494
1630670 1495
1630680 1496
1630690 1496
1630700 1497
1630710 1498
1630720 1500
1630730 1500
1630740 1501
1630750 1502
1630760 1502
1630770 1502
1630780 1502
1630790 1502
1630800 1503
1630810 1503
1630820 1503
1630830 1503
1630840 1504
1630850 1504
1630860 1504
1630870 1503
1630880 1502
1630890 1502
1630900 1500
1630910 1499
1630920 1499
1630930 1497
1630940 1494
1630950 1494
1630960 1492
1630970 1490
1630980 1490
1630990 1488
1631000 1486
1631010 1486
1631020 1483
1631030 1481
1631040 1481
1631050 1479
1631060 1476
1631070 1473
1631080 1473
1631090 1471
1631100 1469
1631110 1469
1631120 1468
1631130 1466
1631140 1466
1631150 1465
1631160 1463
1631170 1463
1631180 1462
1631190 1460
1631200 1460
1631210 1459
1631220 1457
1631230 1456
1631240 1456
1631250 1455
1631260 1454
1631270 1454
1631280 1453
1631290 1453
1631300 1453
1631310 1452
1631320 1452
1631330 1452
1631340 1451
1631350 1450
1631360 1450
1631370 1449
1631380 1448
1631390 1448
1631400 1447
1631410 1446
1631420 1444
1631430 1444
1631440 1443
1631450 1441
1631460 1441
1631470 1440
1631480 1438
1631490 1438
1631500 1437
1631510 1435
1631520 1435
1631530 1433
1631540 1431
1631550 1431
1631560 1428
1631570 1427
1631580 1425
1631590 1425
1631600 1423
1631610 1422
1631620 1422
1631630 1420
1631640 1418
1631650 1418
1631660 1416
1631670 1414
1631680 1414
1631690 1411
1631700 1409
1631710 1409
1631720 1406
1631730 1404
1631740 1404
1631750 1402
1631760 1399
1631770 1397
1631780 1397
1631790 1394
1631800 1390
1631810 1390
1631820 1387
1631830 1384
1631840 1384
1631850 1381
1631860 1379
1631870 1379
1631880 1376
1631890 1371
1631900 1371
1631910 1368
1631920 1364
1631930 1361
1631940 1361
1631950 1359
1631960 1357
1631970 1357
1631980 1355
1631990 1354
1632000 1354
1632010 1352
1632020 1351
1632030 1351
1632040 1349
1632050 1348
1632060 1348
1632070 1346
1632080 1345
1632090 1345
1632100 1344
1632110 1344
1632120 1344
1632130 1344
1632140 1344
1632150 1343
1632160 1343
1632170 1342
1632180 1341
1632190 1341
1632200 1340
1632210 1339
1632220 1339
1632230 1338
1632240 1336
1632250 1336
1632260 1334
1632270 1332
1632280 1332
1632290 1330
1632300 1326
1632310 1323
1632320 1323
1632330 1320
1632340 1317
1632350 1317
1632360 1315
1632370 1314
1632380 1314
1632390 1312
1632400 1310
1632410 1310
1632420 1308
1632430 1305
1632440 1305
1632450 1302
1632460 1299
1632470 1296
1632480 1296
1632490 1293
1632500 1289
1632510 1289
1632520 1284
1632530 1281
1632540 1281
1632550 1278
1632560 1275
1632570 1275
1632580 1272
1632590 1268
1632600 1268
1632610 1264
1632620 1262
1632630 1262
1632640 1259
1632650 1257
1632660 1255
1632670 1255
1632680 1253
1632690 1251
1632700 1251
1632710 1247
1632720 1244
1632730 1244
1632740 1240
1632750 1236
1632760 1236
1632770 1231
1632780 1224
1632790 1224
1632800 1220
1632810 1215
1632820 1211
1632830 1211
1632840 1208
1632850 1206
1632860 1206
1632870 1204
1632880 1202
1632890 1202
1632900 1200
1632910 1198
1632920 1198
1632930 1195
1632940 1192
1632950 1192
1632960 1189
1632970 1185
1632980 1185
1632990 1182
1633000 1179
1633010 1176
1633020 1176
1633030 1173
1633040 1170
1633050 1170
1633060 1167
1633070 1163
1633080 1163
1633090 1161
1633100 1158
1633110 1158
1633120 1156
1633130 1154
1633140 1154
1633150 1149
1633160 1147
1633170 1147
1633180 1147
1633190 1147
1633200 1150
1633210 1150
1633220 1153
1633230 1154
1633240 1154
1633250 1155
1633260 1154
1633270 1154
1633280 1154
1633290 1155
1633300 1155
1633310 1156
1633320 1156
1633330 1156
1633340 1154
1633350 1152
1633360 1147
1633370 1147
1633380 1146
1633390 1150
1633400 1150
1633410 1152
1633420 1153
1633430 1153
1633440 1155
1633450 1158
1633460 1158
1633470 1162
1633480 1167
1633490 1167
1633500 1169
1633510 1171
1633520 1173
1633530 1173
1633540 1176
1633550 1179
1633560 1179
1633570 1182
1633580 1183
1633590 1183
1633600 1186
1633610 1189
1633620 1193
1633630 1196
1633640 1199
1633650 1199
1633660 1202
1633670 1205
1633680 1205
1633690 1208
1633700 1211
1633710 1213
1633720 1213
1633730 1215
1633740 1217
1633750 1217
1633760 1219
1633770 1220
1633780 1220
1633790 1223
1633800 1225
1633810 1225
1633820 1224
1633830 1219
1633840 1219
1633850 1215
1633860 1211
1633870 1207
1633880 1207
1633890 1203
1633900 1200
1633910 1200
1633920 1197
1633930 1195
1633940 1195
1633950 1193
1633960 1190
1633970 1190
1633980 1188
1633990 1186
1634000 1186
1634010 1184
1634020 1183
1634030 1183
1634040 1181
1634050 1179
1634060 1177
1634070 1177
1634080 1173
1634090 1170
1634100 1170
1634110 1167
1634120 1163
1634130 1163
1634140 1158
1634150 1154
1634160 1154
1634170 1150
1634180 1145
1634190 1145
1634200 1141
1634210 1136
1634220 1129
1634230 1129
1634240 1122
1634250 1114
1634260 1114
1634270 1107
1634280 1100
1634290 1100
1634300 1095
1634310 1090
1634320 1090
1634330 1088
1634340 1091
1634350 1091
1634360 1097
1634370 1103
1634380 1103
1634390 1107
1634400 1111
1634410 1115
1634420 1115
1634430 1118
1634440 1121
1634450 1121
1634460 1124
1634470 1125
1634480 1125
1634490 1127
1634500 1130
1634510 1130
1634520 1134
1634530 1138
1634540 1138
1634550 1141
1634560 1145
1634570 1145
1634580 1149
1634590 1154
1634600 1160
1634610 1160
1634620 1167
1634630 1170
1634640 1170
1634650 1173
1634660 1177
1634670 1177
1634680 1182
1634690 1186
1634700 1186
1634710 1189
1634720 1193
1634730 1193
1634740 1196
1634750 1200
1634760 1203
1634770 1203
1634780 1206
1634790 1209
1634800 1209
1634810 1211
1634820 1214
1634830 1214
1634840 1217
1634850 1221
1634860 1221
1634870 1223
1634880 1226
1634890 1226
1634900 1230
1634910 1234
1634920 1234
1634930 1238
1634940 1240
1634950 1243
1634960 1243
1634970 1245
1634980 1249
1634990 1249
1635000 1253
1635010 1256
1635020 1256
1635030 1259
1635040 1262
1635050 1262
1635060 1265
1635070 1269
1635080 1269
1635090 1272
1635100 1275
1635110 1278
1635120 1278
1635130 1280
1635140 1283
1635150 1283
1635160 1286
1635170 1289
1635180 1289
1635190 1292
1635200 1295
1635210 1295
1635220 1297
1635230 1300
1635240 1300
1635250 1303
1635260 1307
1635270 1307
1635280 1312
1635290 1316
1635300 1319
1635310 1322
1635320 1324
1635330 1326
1635340 1326
1635350 1327
1635360 1329
1635370 1329
1635380 1331
1635390 1333
1635400 1333
1635410 1335
1635420 1335
1635430 1335
1635440 1335
1635450 1335
1635460 1335
1635470 1335
1635480 1334
1635490 1331
1635500 1331
1635510 1327
1635520 1323
1635530 1323
1635540 1320
1635550 1317
1635560 1317
1635570 1314
1635580 1310
1635590 1310
1635600 1306
1635610 1301
1635620 1301
1635630 1297
1635640 1293
1635650 1290
1635660 1290
1635670 1287
1635680 1283
1635690 1283
1635700 1280
1635710 1276
1635720 1276
1635730 1272
1635740 1267
1635750 1267
1635760 1263
1635770 1258
1635780 1258
1635790 1254
1635800 1250
1635810 1248
1635820 1248
1635830 1246
1635840 1244
1635850 1244
1635860 1241
1635870 1239
1635880 1239
1635890 1237
1635900 1234
1635910 1234
1635920 1230
1635930 1226
1635940 1226
1635950 1223
1635960 1222
1635970 1222
1635980 1222
1635990 1224
1636000 1229
1636010 1229
1636020 1233
1636030 1236
1636040 1236
1636050 1238
1636060 1240
1636070 1240
1636080 1241
1636090 1243
1636100 1243
1636110 1244
1636120 1245
1636130 1245
1636140 1250
1636150 1251
1636160 1252
1636170 1252
1636180 1253
1636190 1253
1636200 1253
1636210 1253
1636220 1253
1636230 1253
1636240 1253
1636250 1254
1636260 1254
1636270 1255
1636280 1257
1636290 1257
1636300 1257
1636310 1258
1636320 1258
1636330 1258
1636340 1259
1636350 1259
1636360 1259
1636370 1259
1636380 1259
1636390 1259
1636400 1258
1636410 1257
1636420 1257
1636430 1257
1636440 1257
1636450 1257
1636460 1257
1636470 1257
1636480 1257
1636490 1256
1636500 1255
1636510 1254
1636520 1254
1636530 1254
1636540 1253
1636550 1253
1636560 1252
1636570 1251
1636580 1251
1636590 1250
1636600 1250
1636610 1250
1636620 1249
1636630 1249
1636640 1249
1636650 1248
1636660 1247
1636670 1247
1636680 1246
1636690 1245
1636700 1244
1636710 1244
1636720 1242
1636730 1240
1636740 1240
1636750 1238
1636760 1236
1636770 1236
1636780 1234
1636790 1233
1636800 1233
1636810 1230
1636820 1228
1636830 1228
1636840 1226
1636850 1224
1636860 1224
1636870 1222
1636880 1221
1636890 1220
1636900 1220
1636910 1218
1636920 1216
1636930 1216
1636940 1214
1636950 1212
1636960 1212
1636970 1215
1636980 1215
1636990 1215
1637000 1216
1637010 1217
1637020 1217
1637030 1217
1637040 1217
1637050 1218
1637060 1218
1637070 1218
1637080 1218
1637090 1218
1637100 1217
1637110 1217
1637120 1217
1637130 1215
1637140 1214
1637150 1214
1637160 1213
1637170 1211
1637180 1211
1637190 1209
1637200 1206
1637210 1206
1637220 1204
1637230 1203
1637240 1204
1637250 1204
1637260 1205
1637270 1208
1637280 1208
1637290 1210
1637300 1213
1637310 1213
1637320 1215
1637330 1216
1637340 1216
1637350 1216
1637360 1216
1637370 1216
1637380 1215
1637390 1215
1637400 1214
1637410 1214
1637420 1212
1637430 1211
1637440 1211
1637450 1209
1637460 1207
1637470 1207
1637480 1205
1637490 1203
1637500 1203
1637510 1202
1637520 1200
1637530 1200
1637540 1198
1637550 1197
1637560 1197
1637570 1195
1637580 1193
1637590 1191
1637600 1191
1637610 1190
1637620 1189
1637630 1189
1637640 1188
1637650 1187
1637660 1187
1637670 1187
1637680 1186
1637690 1186
1637700 1186
1637710 1186
1637720 1186
1637730 1186
1637740 1186
1637750 1185
1637760 1185
1637770 1183
1637780 1182
1637790 1182
1637800 1177
1637810 1175
1637820 1175
1637830 1174
1637840 1172
1637850 1172
1637860 1170
1637870 1169
1637880 1169
1637890 1169
1637900 1168
1637910 1168
1637920 1168
1637930 1167
1637940 1166
1637950 1166
1637960 1165
1637970 1164
1637980 1164
1637990 1163
1638000 1162
1638010 1162
1638020 1160
1638030 1159
1638040 1159
1638050 1158
1638060 1157
1638070 1157
1638080 1156
1638090 1156
1638100 1155
1638110 1155
1638120 1154
1638130 1153
1638140 1153
1638150 1151
1638160 1149
1638170 1149
1638180 1147
1638190 1146
1638200 1146
1638210 1145
1638220 1145
1638230 1145
1638240 1143
1638250 1141
1638260 1141
1638270 1139
1638280 1138
1638290 1138
1638300 1138
1638310 1137
1638320 1136
1638330 1136
1638340 1136
1638350 1136
1638360 1136
1638370 1137
1638380 1137
1638390 1137
1638400 1137
1638410 1137
1638420 1137
1638430 1137
1638440 1137
1638450 1136
1638460 1136
1638470 1136
1638480 1136
1638490 1136
1638500 1136
1638510 1136
1638520 1136
1638530 1136
1638540 1137
1638550 1137
1638560 1139
1638570 1140
1638580 1140
1638590 1141
1638600 1142
1638610 1142
1638620 1139
1638630 1140
1638640 1140
1638650 1140
1638660 1141
1638670 1141
1638680 1141
1638690 1142
1638700 1143
1638710 1143
1638720 1145
1638730 1145
1638740 1145
1638750 1145
1638760 1147
1638770 1147
1638780 1148
1638790 1149
1638800 1149
1638810 1149
1638820 1148
1638830 1148
1638840 1148
1638850 1147
1638860 1148
1638870 1148
1638880 1148
1638890 1148
1638900 1148
1638910 1148
1638920 1147
1638930 1147
1638940 1148
1638950 1147
1638960 1147
1638970 1145
1638980 1142
1638990 1140
1639000 1140
1639010 1138
1639020 1136
1639030 1136
1639040 1135
1639050 1134
1639060 1134
1639070 1133
1639080 1132
1639090 1132
1639100 1130
1639110 1127
1639120 1127
1639130 1125
1639140 1123
1639150 1123
1639160 1121
1639170 1119
1639180 1116
1639190 1116
1639200 1114
1639210 1110
1639220 1110
1639230 1107
1639240 1105
1639250 1105
1639260 1103
1639270 1102
1639280 1102
1639290 1100
1639300 1098
1639310 1098
1639320 1097
1639330 1095
1639340 1094
1639350 1094
1639360 1092
1639370 1091
1639380 1091
1639390 1090
1639400 1088
1639410 1088
1639420 1087
1639430 1086
1639440 1086
1639450 1085
1639460 1084
1639470 1084
1639480 1082
1639490 1081
1639500 1081
1639510 1079
1639520 1078
1639530 1077
1639540 1077
1639550 1077
1639560 1076
1639570 1076
1639580 1075
1639590 1074
1639600 1074
1639610 1073
1639620 1072
1639630 1072
1639640 1071
1639650 1071
1639660 1071
1639670 1070
1639680 1071
1639690 1071
1639700 1071
1639710 1072
1639720 1072
1639730 1072
1639740 1073
1639750 1074
1639760 1074
1639770 1076
1639780 1077
1639790 1077
1639800 1077
1639810 1077
1639820 1077
1639830 1077
1639840 1077
1639850 1077
1639860 1077
1639870 1077
1639880 1077
1639890 1077
1639900 1077
1639910 1076
1639920 1076
1639930 1076
1639940 1076
1639950 1076
1639960 1077
1639970 1077
1639980 1077
1639990 1078
