1620000 622
1620010 611
1620020 603
1620030 603
1620040 595
1620050 589
1620060 584
1620070 584
1620080 580
1620090 575
1620100 575
1620110 569
1620120 563
1620130 563
1620140 561
1620150 560
1620160 560
1620170 560
1620180 559
1620190 559
1620200 559
1620210 559
1620220 559
1620230 558
1620240 559
1620250 559
1620260 559
1620270 559
1620280 559
1620290 559
1620300 559
1620310 558
1620320 558
1620330 558
1620340 558
1620350 558
1620360 558
1620370 558
1620380 558
1620390 558
1620400 559
1620410 559
1620420 561
1620430 565
1620440 568
1620450 568
1620460 568
1620470 571
1620480 571
1620490 573
1620500 573
1620510 573
1620520 573
1620530 573
1620540 573
1620550 573
1620560 574
1620570 574
1620580 575
1620590 576
1620600 578
1620610 578
1620620 579
1620630 580
1620640 580
1620650 583
1620660 589
1620670 589
1620680 594
1620690 598
1620700 598
1620710 603
1620720 605
1620730 605
1620740 607
1620750 610
1620760 610
1620770 613
1620780 616
1620790 619
1620800 619
1620810 622
1620820 626
1620830 626
1620840 631
1620850 635
1620860 635
1620870 639
1620880 645
1620890 645
1620900 648
1620910 652
1620920 652
1620930 657
1620940 662
1620950 666
1620960 666
1620970 672
1620980 678
1620990 678
1621000 685
1621010 692
1621020 692
1621030 696
1621040 698
1621050 698
1621060 701
1621070 704
1621080 704
1621090 707
1621100 710
1621110 710
1621120 715
1621130 717
1621140 718
1621150 718
1621160 725
1621170 731
1621180 731
1621190 735
1621200 738
1621210 738
1621220 740
1621230 741
1621240 741
1621250 743
1621260 745
1621270 745
1621280 745
1621290 746
1621300 746
1621310 746
1621320 746
1621330 746
1621340 750
1621350 750
1621360 750
1621370 750
1621380 751
1621390 753
1621400 753
1621410 755
1621420 758
1621430 758
1621440 760
1621450 763
1621460 763
1621470 766
1621480 768
1621490 771
1621500 771
1621510 773
1621520 775
1621530 775
1621540 776
1621550 778
1621560 778
1621570 779
1621580 781
1621590 781
1621600 783
1621610 784
1621620 784
1621630 786
1621640 788
1621650 788
1621660 789
1621670 792
1621680 795
1621690 795
1621700 798
1621710 800
1621720 800
1621730 802
1621740 803
1621750 803
1621760 806
1621770 807
1621780 807
1621790 809
1621800 812
1621810 812
1621820 817
1621830 821
1621840 825
1621850 825
1621860 828
1621870 832
1621880 832
1621890 837
1621900 840
1621910 840
1621920 842
1621930 844
1621940 844
1621950 847
1621960 849
1621970 849
1621980 852
1621990 854
1622000 854
1622010 857
1622020 859
1622030 861
1622040 861
1622050 865
1622060 866
1622070 866
1622080 869
1622090 874
1622100 874
1622110 879
1622120 881
1622130 881
1622140 884
1622150 887
1622160 887
1622170 889
1622180 891
1622190 893
1622200 893
1622210 895
1622220 899
1622230 899
1622240 902
1622250 905
1622260 907
1622270 909
1622280 913
1622290 913
1622300 917
1622310 921
1622320 921
1622330 921
1622340 917
1622350 917
1622360 913
1622370 910
1622380 910
1622390 910
1622400 911
1622410 913
1622420 913
1622430 913
1622440 911
1622450 911
1622460 906
1622470 904
1622480 904
1622490 902
1622500 902
1622510 902
1622520 902
1622530 901
1622540 901
1622550 901
1622560 904
1622570 910
1622580 910
1622590 916
1622600 919
1622610 919
1622620 918
1622630 917
1622640 917
1622650 916
1622660 914
1622670 914
1622680 911
1622690 909
1622700 909
1622710 908
1622720 907
1622730 908
1622740 908
1622750 908
1622760 909
1622770 909
1622780 910
1622790 909
1622800 909
1622810 908
1622820 907
1622830 907
1622840 904
1622850 901
1622860 901
1622870 898
1622880 896
1622890 896
1622900 894
1622910 892
1622920 890
1622930 890
1622940 888
1622950 887
1622960 887
1622970 887
1622980 885
1622990 885
1623000 882
1623010 883
1623020 883
1623030 884
1623040 885
1623050 885
1623060 885
1623070 886
1623080 888
1623090 888
1623100 890
1623110 892
1623120 892
1623130 894
1623140 896
1623150 896
1623160 897
1623170 897
1623180 901
1623190 902
1623200 901
1623210 901
1623220 894
1623230 888
1623240 888
1623250 880
1623260 875
1623270 874
1623280 874
1623290 873
1623300 875
1623310 875
1623320 880
1623330 885
1623340 885
1623350 889
1623360 894
1623370 894
1623380 899
1623390 902
1623400 902
1623410 902
1623420 901
1623430 900
1623440 900
1623450 902
1623460 903
1623470 903
1623480 906
1623490 908
1623500 908
1623510 909
1623520 912
1623530 912
1623540 915
1623550 917
1623560 917
1623570 919
1623580 921
1623590 921
1623600 921
1623610 921
1623620 920
1623630 920
1623640 920
1623650 920
1623660 920
1623670 919
1623680 916
1623690 916
1623700 915
1623710 915
1623720 915
1623730 917
1623740 919
1623750 919
1623760 921
1623770 923
1623780 924
1623790 924
1623800 924
1623810 924
1623820 924
1623830 925
1623840 929
1623850 929
1623860 931
1623870 934
1623880 934
1623890 938
1623900 940
1623910 940
1623920 942
1623930 944
1623940 944
1623950 945
1623960 947
1623970 947
1623980 947
1623990 947
1624000 948
1624010 948
1624020 949
1624030 950
1624040 950
1624050 951
1624060 952
1624070 952
1624080 957
1624090 959
1624100 959
1624110 960
1624120 961
1624130 961
1624140 962
1624150 963
1624160 963
1624170 963
1624180 964
1624190 964
1624200 964
1624210 964
1624220 964
1624230 964
1624240 964
1624250 964
1624260 964
1624270 964
1624280 964
1624290 964
1624300 964
1624310 964
1624320 965
1624330 965
1624340 965
1624350 965
1624360 965
1624370 966
1624380 968
1624390 968
1624400 970
1624410 971
1624420 971
1624430 970
1624440 968
1624450 968
1624460 964
1624470 957
1624480 957
1624490 956
1624500 960
1624510 964
1624520 964
1624530 966
1624540 968
1624550 968
1624560 969
1624570 970
1624580 970
1624590 969
1624600 968
1624610 968
1624620 966
1624630 965
1624640 965
1624650 964
1624660 966
1624670 968
1624680 968
1624690 969
1624700 969
1624710 969
1624720 969
1624730 971
1624740 971
1624750 976
1624760 980
1624770 980
1624780 984
1624790 985
1624800 985
1624810 986
1624820 985
1624830 985
1624840 984
1624850 984
1624860 985
1624870 985
1624880 987
1624890 988
1624900 988
1624910 988
1624920 984
1624930 984
1624940 979
1624950 972
1624960 972
1624970 969
1624980 968
1624990 971
1625000 971
1625010 971
1625020 973
1625030 973
1625040 977
1625050 981
1625060 981
1625070 984
1625080 986
1625090 986
1625100 988
1625110 989
1625120 989
1625130 990
1625140 991
1625150 991
1625160 992
1625170 993
1625180 993
1625190 993
1625200 994
1625210 994
1625220 994
1625230 993
1625240 995
1625250 995
1625260 1000
1625270 1005
1625280 1005
1625290 1010
1625300 1014
1625310 1014
1625320 1018
1625330 1021
1625340 1021
1625350 1023
1625360 1023
1625370 1023
1625380 1023
1625390 1024
1625400 1026
1625410 1026
1625420 1029
1625430 1036
1625440 1036
1625450 1043
1625460 1048
1625470 1048
1625480 1053
1625490 1059
1625500 1059
1625510 1066
1625520 1072
1625530 1072
1625540 1077
1625550 1082
1625560 1087
1625570 1087
1625580 1091
1625590 1095
1625600 1095
1625610 1099
1625620 1103
1625630 1103
1625640 1107
1625650 1111
1625660 1111
1625670 1116
1625680 1121
1625690 1121
1625700 1124
1625710 1128
1625720 1128
1625730 1132
1625740 1134
1625750 1135
1625760 1135
1625770 1134
1625780 1133
1625790 1133
1625800 1132
1625810 1127
1625820 1127
1625830 1123
1625840 1121
1625850 1121
1625860 1122
1625870 1127
1625880 1132
1625890 1137
1625900 1142
1625910 1146
1625920 1146
1625930 1149
1625940 1154
1625950 1154
1625960 1159
1625970 1161
1625980 1161
1625990 1160
1626000 1159
1626010 1159
1626020 1158
1626030 1159
1626040 1159
1626050 1159
1626060 1159
1626070 1159
1626080 1161
1626090 1163
1626100 1166
1626110 1166
1626120 1169
1626130 1172
1626140 1172
1626150 1173
1626160 1172
1626170 1172
1626180 1173
1626190 1172
1626200 1172
1626210 1172
1626220 1174
1626230 1174
1626240 1176
1626250 1179
1626260 1182
1626270 1182
1626280 1186
1626290 1188
1626300 1188
1626310 1191
1626320 1194
1626330 1194
1626340 1198
1626350 1201
1626360 1201
1626370 1205
1626380 1208
1626390 1208
1626400 1212
1626410 1216
1626420 1216
1626430 1220
1626440 1223
1626450 1226
1626460 1226
1626470 1229
1626480 1233
1626490 1233
1626500 1237
1626510 1240
1626520 1240
1626530 1242
1626540 1244
1626550 1244
1626560 1248
1626570 1253
1626580 1253
1626590 1257
1626600 1260
1626610 1265
1626620 1265
1626630 1268
1626640 1271
1626650 1271
1626660 1274
1626670 1277
1626680 1277
1626690 1280
1626700 1282
1626710 1282
1626720 1284
1626730 1287
1626740 1287
1626750 1289
1626760 1291
1626770 1293
1626780 1296
1626790 1298
1626800 1300
1626810 1300
1626820 1302
1626830 1304
1626840 1304
1626850 1307
1626860 1309
1626870 1309
1626880 1310
1626890 1312
1626900 1312
1626910 1313
1626920 1314
1626930 1314
1626940 1315
1626950 1315
1626960 1315
1626970 1315
1626980 1315
1626990 1315
1627000 1315
1627010 1315
1627020 1315
1627030 1315
1627040 1316
1627050 1316
1627060 1316
1627070 1316
1627080 1315
1627090 1315
1627100 1314
1627110 1313
1627120 1313
1627130 1311
1627140 1310
1627150 1309
1627160 1309
1627170 1307
1627180 1305
1627190 1305
1627200 1303
1627210 1300
1627220 1300
1627230 1298
1627240 1295
1627250 1295
1627260 1292
1627270 1289
1627280 1289
1627290 1286
1627300 1284
1627310 1284
1627320 1282
1627330 1280
1627340 1278
1627350 1278
1627360 1276
1627370 1274
1627380 1274
1627390 1274
1627400 1276
1627410 1276
1627420 1278
1627430 1280
1627440 1280
1627450 1282
1627460 1283
1627470 1283
1627480 1284
1627490 1286
1627500 1287
1627510 1287
1627520 1287
1627530 1288
1627540 1288
1627550 1289
1627560 1292
1627570 1292
1627580 1293
1627590 1295
1627600 1295
1627610 1296
1627620 1298
1627630 1298
1627640 1299
1627650 1299
1627660 1297
1627670 1297
1627680 1297
1627690 1296
1627700 1296
1627710 1297
1627720 1299
1627730 1299
1627740 1300
1627750 1301
1627760 1301
1627770 1302
1627780 1304
1627790 1304
1627800 1305
1627810 1305
1627820 1305
1627830 1306
1627840 1308
1627850 1308
1627860 1309
1627870 1310
1627880 1311
1627890 1311
1627900 1311
1627910 1311
1627920 1311
1627930 1311
1627940 1311
1627950 1311
1627960 1311
1627970 1311
1627980 1311
1627990 1311
1628000 1312
1628010 1312
1628020 1312
1628030 1313
1628040 1313
1628050 1313
1628060 1314
1628070 1315
1628080 1315
1628090 1316
1628100 1317
1628110 1317
1628120 1317
1628130 1318
1628140 1318
1628150 1319
1628160 1320
1628170 1320
1628180 1321
1628190 1322
1628200 1322
1628210 1324
1628220 1325
1628230 1326
1628240 1326
1628250 1327
1628260 1329
1628270 1329
1628280 1330
1628290 1332
1628300 1332
1628310 1334
1628320 1336
1628330 1336
1628340 1339
1628350 1341
1628360 1341
1628370 1343
1628380 1345
1628390 1346
1628400 1346
1628410 1347
1628420 1346
1628430 1346
1628440 1345
1628450 1344
1628460 1344
1628470 1343
1628480 1342
1628490 1342
1628500 1341
1628510 1341
1628520 1341
1628530 1340
1628540 1344
1628550 1344
1628560 1343
1628570 1342
1628580 1342
1628590 1342
1628600 1342
1628610 1342
1628620 1342
1628630 1343
1628640 1344
1628650 1344
1628660 1344
1628670 1346
1628680 1346
1628690 1348
1628700 1351
1628710 1351
1628720 1353
1628730 1355
1628740 1358
1628750 1358
1628760 1360
1628770 1362
1628780 1362
1628790 1364
1628800 1367
1628810 1367
1628820 1370
1628830 1372
1628840 1372
1628850 1374
1628860 1376
1628870 1376
1628880 1378
1628890 1380
1628900 1380
1628910 1382
1628920 1384
1628930 1386
1628940 1386
1628950 1387
1628960 1388
1628970 1388
1628980 1389
1628990 1389
1629000 1389
1629010 1389
1629020 1389
1629030 1389
1629040 1390
1629050 1391
1629060 1391
1629070 1391
1629080 1392
1629090 1392
1629100 1392
1629110 1393
1629120 1394
1629130 1394
1629140 1394
1629150 1395
1629160 1395
1629170 1396
1629180 1396
1629190 1396
1629200 1396
1629210 1396
1629220 1396
1629230 1396
1629240 1396
1629250 1396
1629260 1397
1629270 1397
1629280 1397
1629290 1397
1629300 1396
1629310 1394
1629320 1394
1629330 1393
1629340 1394
1629350 1394
1629360 1394
1629370 1394
1629380 1394
1629390 1393
1629400 1389
1629410 1393
1629420 1389
1629430 1385
1629440 1385
1629450 1381
1629460 1379
1629470 1378
1629480 1378
1629490 1379
1629500 1380
1629510 1380
1629520 1381
1629530 1379
1629540 1379
1629550 1377
1629560 1375
1629570 1375
1629580 1375
1629590 1375
1629600 1375
1629610 1375
1629620 1376
1629630 1378
1629640 1378
1629650 1380
1629660 1383
1629670 1383
1629680 1385
1629690 1390
1629700 1390
1629710 1394
1629720 1398
1629730 1398
1629740 1402
1629750 1406
1629760 1406
1629770 1409
1629780 1412
1629790 1412
1629800 1415
1629810 1417
1629820 1420
1629830 1420
1629840 1424
1629850 1427
1629860 1427
1629870 1429
1629880 1431
1629890 1431
1629900 1434
1629910 1436
1629920 1436
1629930 1438
1629940 1440
1629950 1440
1629960 1442
1629970 1445
1629980 1448
1629990 1448
1630000 1450
1630010 1452
1630020 1452
1630030 1455
1630040 1457
1630050 1457
1630060 1459
1630070 1461
1630080 1461
1630090 1462
1630100 1464
1630110 1464
1630120 1467
1630130 1470
1630140 1470
1630150 1473
1630160 1475
1630170 1477
1630180 1477
1630190 1479
1630200 1481
1630210 1481
1630220 1483
1630230 1485
1630240 1485
1630250 1488
1630260 1490
1630270 1490
1630280 1491
1630290 1493
1630300 1493
1630310 1495
1630320 1497
1630330 1497
1630340 1499
1630350 1500
1630360 1502
1630370 1502
1630380 1503
1630390 1503
1630400 1503
1630410 1503
1630420 1503
1630430 1503
1630440 1503
1630450 1502
1630460 1502
1630470 1501
1630480 1499
1630490 1499
1630500 1498
1630510 1496
1630520 1494
1630530 1494
1630540 1492
1630550 1490
1630560 1490
1630570 1488
1630580 1486
1630590 1486
1630600 1484
1630610 1482
1630620 1482
1630630 1480
1630640 1478
1630650 1478
1630660 1476
1630670 1473
1630680 1473
1630690 1471
1630700 1468
1630710 1465
1630720 1465
1630730 1462
1630740 1460
1630750 1460
1630760 1458
1630770 1456
1630780 1456
1630790 1454
1630800 1452
1630810 1452
1630820 1449
1630830 1446
1630840 1446
1630850 1443
1630860 1440
1630870 1436
1630880 1436
1630890 1433
1630900 1429
1630910 1429
1630920 1426
1630930 1424
1630940 1424
1630950 1425
1630960 1425
1630970 1425
1630980 1425
1630990 1425
1631000 1425
1631010 1426
1631020 1427
1631030 1427
1631040 1430
1631050 1432
1631060 1434
1631070 1434
1631080 1437
1631090 1440
1631100 1440
1631110 1443
1631120 1446
1631130 1446
1631140 1454
1631150 1457
1631160 1457
1631170 1460
1631180 1462
1631190 1462
1631200 1463
1631210 1465
1631220 1467
1631230 1467
1631240 1468
1631250 1469
1631260 1469
1631270 1470
1631280 1470
1631290 1470
1631300 1470
1631310 1471
1631320 1471
1631330 1472
1631340 1472
1631350 1472
1631360 1474
1631370 1475
1631380 1475
1631390 1475
1631400 1475
1631410 1475
1631420 1475
1631430 1475
1631440 1475
1631450 1475
1631460 1474
1631470 1473
1631480 1473
1631490 1473
1631500 1472
1631510 1472
1631520 1471
1631530 1469
1631540 1469
1631550 1468
1631560 1467
1631570 1467
1631580 1465
1631590 1464
1631600 1463
1631610 1463
1631620 1462
1631630 1460
1631640 1460
1631650 1457
1631660 1455
1631670 1455
1631680 1453
1631690 1453
1631700 1453
1631710 1454
1631720 1454
1631730 1454
1631740 1454
1631750 1454
1631760 1455
1631770 1455
1631780 1455
1631790 1455
1631800 1455
1631810 1455
1631820 1455
1631830 1455
1631840 1455
1631850 1455
1631860 1455
1631870 1456
1631880 1456
1631890 1456
1631900 1457
1631910 1458
1631920 1458
1631930 1459
1631940 1460
1631950 1460
1631960 1460
1631970 1460
1631980 1459
1631990 1459
1632000 1459
1632010 1458
1632020 1458
1632030 1456
1632040 1454
1632050 1454
1632060 1452
1632070 1449
1632080 1449
1632090 1447
1632100 1444
1632110 1441
1632120 1441
1632130 1438
1632140 1435
1632150 1435
1632160 1430
1632170 1426
1632180 1426
1632190 1421
1632200 1418
1632210 1418
1632220 1415
1632230 1411
1632240 1411
1632250 1409
1632260 1407
1632270 1407
1632280 1404
1632290 1400
1632300 1398
1632310 1398
1632320 1395
1632330 1391
1632340 1391
1632350 1387
1632360 1384
1632370 1384
1632380 1382
1632390 1380
1632400 1380
1632410 1377
1632420 1376
1632430 1376
1632440 1374
1632450 1373
1632460 1372
1632470 1372
1632480 1373
1632490 1375
1632500 1375
1632510 1377
1632520 1379
1632530 1379
1632540 1380
1632550 1381
1632560 1381
1632570 1382
1632580 1383
1632590 1383
1632600 1384
1632610 1384
1632620 1384
1632630 1384
1632640 1385
1632650 1385
1632660 1385
1632670 1386
1632680 1387
1632690 1387
1632700 1388
1632710 1388
1632720 1388
1632730 1388
1632740 1388
1632750 1388
1632760 1388
1632770 1388
1632780 1388
1632790 1388
1632800 1387
1632810 1387
1632820 1388
1632830 1388
1632840 1388
1632850 1388
1632860 1390
1632870 1390
1632880 1390
1632890 1390
1632900 1389
1632910 1389
1632920 1389
1632930 1389
1632940 1389
1632950 1389
1632960 1389
1632970 1389
1632980 1389
1632990 1389
1633000 1389
1633010 1389
1633020 1388
1633030 1388
1633040 1388
1633050 1387
1633060 1387
1633070 1387
1633080 1387
1633090 1387
1633100 1387
1633110 1388
1633120 1389
1633130 1389
1633140 1390
1633150 1392
1633160 1392
1633170 1394
1633180 1395
1633190 1396
1633200 1396
1633210 1397
1633220 1398
1633230 1398
1633240 1400
1633250 1402
1633260 1402
1633270 1403
1633280 1405
1633290 1405
1633300 1405
1633310 1405
1633320 1405
1633330 1405
1633340 1406
1633350 1406
1633360 1406
1633370 1405
1633380 1403
1633390 1403
1633400 1402
1633410 1399
1633420 1399
1633430 1396
1633440 1393
1633450 1393
1633460 1389
1633470 1385
1633480 1385
1633490 1381
1633500 1377
1633510 1377
1633520 1374
1633530 1370
1633540 1364
1633550 1364
1633560 1359
1633570 1354
1633580 1354
1633590 1351
1633600 1349
1633610 1349
1633620 1347
1633630 1344
1633640 1344
1633650 1342
1633660 1340
1633670 1340
1633680 1338
1633690 1336
1633700 1335
1633710 1335
1633720 1333
1633730 1331
1633740 1331
1633750 1328
1633760 1323
1633770 1323
1633780 1318
1633790 1315
1633800 1315
1633810 1312
1633820 1307
1633830 1307
1633840 1303
1633850 1300
1633860 1300
1633870 1298
1633880 1296
1633890 1294
1633900 1294
1633910 1291
1633920 1289
1633930 1289
1633940 1287
1633950 1285
1633960 1285
1633970 1284
1633980 1283
1633990 1283
1634000 1282
1634010 1281
1634020 1281
1634030 1281
1634040 1281
1634050 1281
1634060 1281
1634070 1281
1634080 1281
1634090 1281
1634100 1281
1634110 1281
1634120 1281
1634130 1281
1634140 1280
1634150 1280
1634160 1277
1634170 1275
1634180 1275
1634190 1273
1634200 1271
1634210 1271
1634220 1266
1634230 1262
1634240 1259
1634250 1259
1634260 1258
1634270 1256
1634280 1256
1634290 1251
1634300 1244
1634310 1244
1634320 1238
1634330 1233
1634340 1233
1634350 1228
1634360 1222
1634370 1222
1634380 1213
1634390 1204
1634400 1204
1634410 1197
1634420 1190
1634430 1186
1634440 1186
1634450 1183
1634460 1188
1634470 1188
1634480 1194
1634490 1198
1634500 1198
1634510 1201
1634520 1201
1634530 1201
1634540 1201
1634550 1203
1634560 1203
1634570 1201
1634580 1198
1634590 1195
1634600 1195
1634610 1197
1634620 1200
1634630 1200
1634640 1203
1634650 1206
1634660 1206
1634670 1210
1634680 1214
1634690 1214
1634700 1217
1634710 1220
1634720 1220
1634730 1223
1634740 1226
1634750 1226
1634760 1230
1634770 1235
1634780 1239
1634790 1239
1634800 1242
1634810 1246
1634820 1246
1634830 1250
1634840 1254
1634850 1254
1634860 1258
1634870 1263
1634880 1263
1634890 1267
1634900 1272
1634910 1272
1634920 1276
1634930 1281
1634940 1285
1634950 1285
1634960 1288
1634970 1292
1634980 1292
1634990 1295
1635000 1298
1635010 1298
1635020 1301
1635030 1303
1635040 1303
1635050 1306
1635060 1308
1635070 1308
1635080 1311
1635090 1314
1635100 1314
1635110 1317
1635120 1319
1635130 1322
1635140 1322
1635150 1325
1635160 1328
1635170 1328
1635180 1330
1635190 1333
1635200 1333
1635210 1335
1635220 1337
1635230 1337
1635240 1339
1635250 1341
1635260 1341
1635270 1342
1635280 1343
1635290 1342
1635300 1342
1635310 1341
1635320 1339
1635330 1339
1635340 1340
1635350 1340
1635360 1340
1635370 1340
1635380 1341
1635390 1342
1635400 1344
1635410 1345
1635420 1345
1635430 1347
1635440 1349
1635450 1349
1635460 1351
1635470 1352
1635480 1354
1635490 1354
1635500 1355
1635510 1357
1635520 1357
1635530 1358
1635540 1359
1635550 1359
1635560 1361
1635570 1362
1635580 1362
1635590 1363
1635600 1364
1635610 1364
1635620 1365
1635630 1366
1635640 1366
1635650 1367
1635660 1367
1635670 1367
1635680 1367
1635690 1367
1635700 1367
1635710 1367
1635720 1367
1635730 1367
1635740 1367
1635750 1367
1635760 1367
1635770 1367
1635780 1366
1635790 1366
1635800 1366
1635810 1366
1635820 1366
1635830 1365
1635840 1365
1635850 1365
1635860 1365
1635870 1365
1635880 1365
1635890 1365
1635900 1365
1635910 1365
1635920 1363
1635930 1363
1635940 1362
1635950 1360
1635960 1360
1635970 1358
1635980 1356
1635990 1356
1636000 1353
1636010 1351
1636020 1350
1636030 1350
1636040 1349
1636050 1348
1636060 1348
1636070 1347
1636080 1346
1636090 1346
1636100 1345
1636110 1343
1636120 1343
1636130 1342
1636140 1341
1636150 1341
1636160 1339
1636170 1337
1636180 1336
1636190 1336
1636200 1335
1636210 1334
1636220 1335
1636230 1335
1636240 1335
1636250 1335
1636260 1335
1636270 1335
1636280 1335
1636290 1335
1636300 1335
1636310 1335
1636320 1335
1636330 1335
1636340 1335
1636350 1335
1636360 1335
1636370 1335
1636380 1335
1636390 1335
1636400 1334
1636410 1334
1636420 1334
1636430 1333
1636440 1333
1636450 1332
1636460 1331
1636470 1331
1636480 1330
1636490 1329
1636500 1329
1636510 1327
1636520 1326
1636530 1324
1636540 1324
1636550 1322
1636560 1320
1636570 1320
1636580 1318
1636590 1316
1636600 1316
1636610 1314
1636620 1312
1636630 1312
1636640 1310
1636650 1307
1636660 1307
1636670 1304
1636680 1302
1636690 1302
1636700 1300
1636710 1298
1636720 1295
1636730 1295
1636740 1293
1636750 1291
1636760 1291
1636770 1288
1636780 1285
1636790 1285
1636800 1283
1636810 1280
1636820 1280
1636830 1277
1636840 1275
1636850 1275
1636860 1275
1636870 1273
1636880 1273
1636890 1272
1636900 1269
1636910 1266
1636920 1266
1636930 1264
1636940 1261
1636950 1261
1636960 1260
1636970 1259
1636980 1259
1636990 1258
1637000 1257
1637010 1257
1637020 1256
1637030 1254
1637040 1254
1637050 1250
1637060 1248
1637070 1246
1637080 1246
1637090 1244
1637100 1243
1637110 1243
1637120 1241
1637130 1240
1637140 1240
1637150 1238
1637160 1235
1637170 1235
1637180 1233
1637190 1231
1637200 1231
1637210 1228
1637220 1227
1637230 1227
1637240 1226
1637250 1226
1637260 1225
1637270 1225
1637280 1224
1637290 1224
1637300 1224
1637310 1225
1637320 1226
1637330 1226
1637340 1228
1637350 1227
1637360 1227
1637370 1225
1637380 1222
1637390 1222
1637400 1219
1637410 1217
1637420 1214
1637430 1214
1637440 1212
1637450 1210
1637460 1210
1637470 1207
1637480 1205
1637490 1205
1637500 1201
1637510 1198
1637520 1198
1637530 1194
1637540 1192
1637550 1192
1637560 1191
1637570 1191
1637580 1191
1637590 1190
1637600 1189
1637610 1190
1637620 1190
1637630 1190
1637640 1191
1637650 1191
1637660 1191
1637670 1191
1637680 1191
1637690 1190
1637700 1190
1637710 1190
1637720 1190
1637730 1189
1637740 1189
1637750 1189
1637760 1189
1637770 1189
1637780 1189
1637790 1190
1637800 1190
1637810 1190
1637820 1190
1637830 1191
1637840 1191
1637850 1191
1637860 1190
1637870 1190
1637880 1187
1637890 1187
1637900 1187
1637910 1186
1637920 1186
1637930 1186
1637940 1186
1637950 1186
1637960 1186
1637970 1186
1637980 1187
1637990 1187
1638000 1187
1638010 1187
1638020 1186
1638030 1186
1638040 1186
1638050 1186
1638060 1186
1638070 1186
1638080 1185
1638090 1185
1638100 1185
1638110 1184
1638120 1184
1638130 1183
1638140 1182
1638150 1182
1638160 1182
1638170 1180
1638180 1178
1638190 1178
1638200 1177
1638210 1175
1638220 1175
1638230 1173
1638240 1172
1638250 1172
1638260 1170
1638270 1168
1638280 1168
1638290 1168
1638300 1165
1638310 1163
1638320 1163
1638330 1162
1638340 1160
1638350 1160
1638360 1157
1638370 1155
1638380 1155
1638390 1153
1638400 1150
1638410 1150
1638420 1148
1638430 1146
1638440 1146
1638450 1144
1638460 1142
1638470 1142
1638480 1140
1638490 1138
1638500 1136
1638510 1136
1638520 1135
1638530 1133
1638540 1133
1638550 1132
1638560 1130
1638570 1130
1638580 1129
1638590 1128
1638600 1128
1638610 1128
1638620 1128
1638630 1128
1638640 1127
1638650 1124
1638660 1122
1638670 1122
1638680 1119
1638690 1117
1638700 1116
1638710 1114
1638720 1112
1638730 1112
1638740 1110
1638750 1107
1638760 1107
1638770 1104
1638780 1102
1638790 1102
1638800 1100
1638810 1098
1638820 1098
1638830 1096
1638840 1094
1638850 1092
1638860 1092
1638870 1090
1638880 1089
1638890 1089
1638900 1087
1638910 1085
1638920 1085
1638930 1083
1638940 1082
1638950 1082
1638960 1080
1638970 1079
1638980 1079
1638990 1078
1639000 1078
1639010 1076
1639020 1076
1639030 1074
1639040 1074
1639050 1074
1639060 1072
1639070 1069
1639080 1069
1639090 1067
1639100 1064
1639110 1064
1639120 1061
1639130 1059
1639140 1059
1639150 1058
1639160 1056
1639170 1056
1639180 1055
1639190 1053
1639200 1051
1639210 1051
1639220 1050
1639230 1048
1639240 1048
1639250 1046
1639260 1043
1639270 1043
1639280 1040
1639290 1038
1639300 1038
1639310 1036
1639320 1034
1639330 1034
1639340 1033
1639350 1032
1639360 1032
1639370 1030
1639380 1027
1639390 1025
1639400 1025
1639410 1022
1639420 1021
1639430 1021
1639440 1021
1639450 1021
1639460 1021
1639470 1022
1639480 1022
1639490 1022
1639500 1020
1639510 1018
1639520 1025
1639530 1024
1639540 1022
1639550 1020
1639560 1020
1639570 1018
1639580 1017
1639590 1017
1639600 1017
1639610 1017
1639620 1017
1639630 1016
1639640 1014
1639650 1014
1639660 1011
1639670 1009
1639680 1009
1639690 1007
1639700 1005
1639710 1005
1639720 1003
1639730 1000
1639740 997
1639750 997
1639760 995
1639770 994
1639780 994
1639790 993
1639800 991
1639810 991
1639820 989
1639830 988
1639840 988
1639850 987
1639860 987
1639870 987
1639880 987
1639890 987
1639900 987
1639910 987
1639920 987
1639930 986
1639940 986
1639950 985
1639960 984
1639970 984
1639980 985
1639990 986
