1620000 617
1620010 616
1620020 614
1620030 614
1620040 613
1620050 611
1620060 611
1620070 606
1620080 599
1620090 599
1620100 592
1620110 584
1620120 575
1620130 575
1620140 569
1620150 564
1620160 564
1620170 561
1620180 560
1620190 560
1620200 560
1620210 560
1620220 560
1620230 560
1620240 559
1620250 559
1620260 559
1620270 560
1620280 559
1620290 559
1620300 559
1620310 559
1620320 559
1620330 559
1620340 559
1620350 559
1620360 560
1620370 559
1620380 559
1620390 559
1620400 560
1620410 560
1620420 562
1620430 567
1620440 567
1620450 567
1620460 568
1620470 571
1620480 571
1620490 573
1620500 573
1620510 573
1620520 573
1620530 573
1620540 573
1620550 573
1620560 574
1620570 574
1620580 574
1620590 577
1620600 577
1620610 578
1620620 578
1620630 580
1620640 580
1620650 581
1620660 582
1620670 582
1620680 585
1620690 589
1620700 589
1620710 591
1620720 596
1620730 596
1620740 601
1620750 606
1620760 606
1620770 611
1620780 616
1620790 616
1620800 621
1620810 626
1620820 632
1620830 632
1620840 636
1620850 641
1620860 641
1620870 645
1620880 649
1620890 649
1620900 652
1620910 655
1620920 655
1620930 658
1620940 663
1620950 663
1620960 669
1620970 675
1620980 675
1620990 681
1621000 688
1621010 691
1621020 691
1621030 694
1621040 698
1621050 698
1621060 701
1621070 704
1621080 704
1621090 708
1621100 711
1621110 711
1621120 714
1621130 717
1621140 717
1621150 721
1621160 724
1621170 727
1621180 727
1621190 731
1621200 736
1621210 736
1621220 738
1621230 740
1621240 740
1621250 742
1621260 744
1621270 744
1621280 746
1621290 748
1621300 748
1621310 750
1621320 752
1621330 752
1621340 753
1621350 755
1621360 756
1621370 756
1621380 758
1621390 760
1621400 760
1621410 762
1621420 764
1621430 764
1621440 766
1621450 768
1621460 768
1621470 770
1621480 772
1621490 772
1621500 774
1621510 777
1621520 780
1621530 780
1621540 782
1621550 784
1621560 784
1621570 786
1621580 788
1621590 788
1621600 790
1621610 792
1621620 792
1621630 795
1621640 797
1621650 797
1621660 799
1621670 801
1621680 801
1621690 803
1621700 805
1621710 807
1621720 807
1621730 808
1621740 809
1621750 809
1621760 811
1621770 813
1621780 813
1621790 816
1621800 819
1621810 819
1621820 821
1621830 824
1621840 824
1621850 827
1621860 831
1621870 834
1621880 834
1621890 838
1621900 841
1621910 841
1621920 843
1621930 845
1621940 845
1621950 848
1621960 850
1621970 850
1621980 853
1621990 857
1622000 857
1622010 858
1622020 861
1622030 861
1622040 863
1622050 865
1622060 870
1622070 870
1622080 873
1622090 877
1622100 877
1622110 881
1622120 886
1622130 886
1622140 891
1622150 892
1622160 892
1622170 895
1622180 898
1622190 898
1622200 901
1622210 905
1622220 905
1622230 908
1622240 911
1622250 913
1622260 913
1622270 916
1622280 918
1622290 918
1622300 920
1622310 923
1622320 923
1622330 926
1622340 930
1622350 930
1622360 934
1622370 935
1622380 935
1622390 935
1622400 936
1622410 937
1622420 937
1622430 937
1622440 936
1622450 936
1622460 941
1622470 939
1622480 939
1622490 939
1622500 940
1622510 940
1622520 940
1622530 939
1622540 939
1622550 937
1622560 937
1622570 937
1622580 936
1622590 936
1622600 937
1622610 937
1622620 937
1622630 935
1622640 935
1622650 933
1622660 931
1622670 931
1622680 927
1622690 925
1622700 925
1622710 923
1622720 923
1622730 923
1622740 923
1622750 925
1622760 926
1622770 926
1622780 926
1622790 925
1622800 925
1622810 924
1622820 922
1622830 922
1622840 919
1622850 916
1622860 916
1622870 913
1622880 911
1622890 911
1622900 908
1622910 904
1622920 904
1622930 898
1622940 895
1622950 894
1622960 894
1622970 893
1622980 893
1622990 893
1623000 892
1623010 893
1623020 893
1623030 894
1623040 895
1623050 895
1623060 896
1623070 897
1623080 897
1623090 900
1623100 903
1623110 906
1623120 906
1623130 908
1623140 910
1623150 910
1623160 911
1623170 912
1623180 912
1623190 912
1623200 913
1623210 913
1623220 913
1623230 911
1623240 911
1623250 906
1623260 900
1623270 900
1623280 895
1623290 893
1623300 895
1623310 895
1623320 899
1623330 906
1623340 906
1623350 912
1623360 917
1623370 922
1623380 927
1623390 928
1623400 928
1623410 930
1623420 930
1623430 930
1623440 930
1623450 929
1623460 929
1623470 930
1623480 935
1623490 941
1623500 941
1623510 945
1623520 948
1623530 948
1623540 953
1623550 955
1623560 955
1623570 958
1623580 959
1623590 959
1623600 956
1623610 953
1623620 953
1623630 951
1623640 949
1623650 947
1623660 947
1623670 946
1623680 944
1623690 944
1623700 944
1623710 946
1623720 946
1623730 948
1623740 949
1623750 949
1623760 949
1623770 947
1623780 947
1623790 946
1623800 948
1623810 948
1623820 949
1623830 946
1623840 942
1623850 942
1623860 943
1623870 946
1623880 946
1623890 951
1623900 957
1623910 957
1623920 960
1623930 963
1623940 963
1623950 965
1623960 966
1623970 966
1623980 966
1623990 966
1624000 967
1624010 967
1624020 967
1624030 969
1624040 969
1624050 971
1624060 973
1624070 973
1624080 975
1624090 975
1624100 975
1624110 975
1624120 975
1624130 975
1624140 975
1624150 975
1624160 975
1624170 974
1624180 974
1624190 974
1624200 974
1624210 974
1624220 974
1624230 974
1624240 974
1624250 973
1624260 973
1624270 972
1624280 975
1624290 975
1624300 975
1624310 975
1624320 975
1624330 976
1624340 976
1624350 977
1624360 977
1624370 978
1624380 980
1624390 980
1624400 981
1624410 982
1624420 982
1624430 982
1624440 982
1624450 982
1624460 981
1624470 979
1624480 979
1624490 979
1624500 981
1624510 981
1624520 982
1624530 982
1624540 984
1624550 984
1624560 985
1624570 985
1624580 985
1624590 986
1624600 986
1624610 986
1624620 986
1624630 984
1624640 984
1624650 981
1624660 980
1624670 980
1624680 981
1624690 983
1624700 983
1624710 986
1624720 986
1624730 985
1624740 985
1624750 984
1624760 987
1624770 987
1624780 989
1624790 991
1624800 991
1624810 993
1624820 995
1624830 995
1624840 997
1624850 998
1624860 998
1624870 999
1624880 999
1624890 997
1624900 997
1624910 994
1624920 989
1624930 989
1624940 985
1624950 983
1624960 983
1624970 982
1624980 983
1624990 983
1625000 984
1625010 984
1625020 984
1625030 985
1625040 989
1625050 989
1625060 994
1625070 998
1625080 1002
1625090 1002
1625100 1006
1625110 1009
1625120 1009
1625130 1012
1625140 1012
1625150 1012
1625160 1012
1625170 1012
1625180 1017
1625190 1016
1625200 1015
1625210 1015
1625220 1013
1625230 1013
1625240 1014
1625250 1014
1625260 1016
1625270 1019
1625280 1019
1625290 1021
1625300 1022
1625310 1022
1625320 1024
1625330 1026
1625340 1026
1625350 1030
1625360 1033
1625370 1033
1625380 1035
1625390 1038
1625400 1038
1625410 1043
1625420 1050
1625430 1058
1625440 1058
1625450 1065
1625460 1071
1625470 1071
1625480 1078
1625490 1083
1625500 1083
1625510 1088
1625520 1092
1625530 1092
1625540 1097
1625550 1101
1625560 1101
1625570 1106
1625580 1111
1625590 1114
1625600 1114
1625610 1118
1625620 1123
1625630 1123
1625640 1128
1625650 1133
1625660 1133
1625670 1137
1625680 1141
1625690 1141
1625700 1145
1625710 1150
1625720 1150
1625730 1153
1625740 1157
1625750 1157
1625760 1160
1625770 1159
1625780 1156
1625790 1156
1625800 1154
1625810 1153
1625820 1153
1625830 1153
1625840 1153
1625850 1153
1625860 1155
1625870 1158
1625880 1158
1625890 1162
1625900 1165
1625910 1165
1625920 1169
1625930 1173
1625940 1173
1625950 1175
1625960 1177
1625970 1178
1625980 1178
1625990 1178
1626000 1177
1626010 1177
1626020 1176
1626030 1176
1626040 1176
1626050 1176
1626060 1177
1626070 1177
1626080 1183
1626090 1184
1626100 1184
1626110 1186
1626120 1188
1626130 1189
1626140 1189
1626150 1190
1626160 1191
1626170 1191
1626180 1192
1626190 1193
1626200 1193
1626210 1194
1626220 1196
1626230 1196
1626240 1197
1626250 1200
1626260 1200
1626270 1202
1626280 1205
1626290 1205
1626300 1209
1626310 1212
1626320 1215
1626330 1215
1626340 1218
1626350 1222
1626360 1222
1626370 1225
1626380 1226
1626390 1226
1626400 1228
1626410 1230
1626420 1230
1626430 1234
1626440 1236
1626450 1236
1626460 1238
1626470 1241
1626480 1244
1626490 1244
1626500 1246
1626510 1249
1626520 1249
1626530 1252
1626540 1257
1626550 1257
1626560 1262
1626570 1266
1626580 1266
1626590 1270
1626600 1273
1626610 1273
1626620 1276
1626630 1278
1626640 1278
1626650 1280
1626660 1282
1626670 1284
1626680 1284
1626690 1286
1626700 1288
1626710 1288
1626720 1290
1626730 1292
1626740 1292
1626750 1293
1626760 1295
1626770 1295
1626780 1296
1626790 1296
1626800 1296
1626810 1298
1626820 1301
1626830 1302
1626840 1302
1626850 1302
1626860 1302
1626870 1302
1626880 1303
1626890 1304
1626900 1304
1626910 1304
1626920 1305
1626930 1305
1626940 1306
1626950 1306
1626960 1306
1626970 1303
1626980 1304
1626990 1304
1627000 1305
1627010 1305
1627020 1306
1627030 1306
1627040 1306
1627050 1306
1627060 1306
1627070 1305
1627080 1305
1627090 1305
1627100 1304
1627110 1304
1627120 1304
1627130 1304
1627140 1304
1627150 1304
1627160 1305
1627170 1305
1627180 1305
1627190 1304
1627200 1303
1627210 1302
1627220 1302
1627230 1300
1627240 1299
1627250 1299
1627260 1297
1627270 1294
1627280 1294
1627290 1292
1627300 1290
1627310 1290
1627320 1288
1627330 1286
1627340 1286
1627350 1284
1627360 1283
1627370 1282
1627380 1282
1627390 1283
1627400 1283
1627410 1283
1627420 1283
1627430 1283
1627440 1283
1627450 1282
1627460 1282
1627470 1282
1627480 1281
1627490 1281
1627500 1281
1627510 1280
1627520 1279
1627530 1279
1627540 1279
1627550 1279
1627560 1280
1627570 1280
1627580 1282
1627590 1283
1627600 1283
1627610 1284
1627620 1286
1627630 1286
1627640 1287
1627650 1288
1627660 1288
1627670 1290
1627680 1292
1627690 1292
1627700 1293
1627710 1295
1627720 1298
1627730 1298
1627740 1301
1627750 1303
1627760 1303
1627770 1304
1627780 1305
1627790 1305
1627800 1306
1627810 1306
1627820 1306
1627830 1307
1627840 1308
1627850 1308
1627860 1309
1627870 1310
1627880 1310
1627890 1312
1627900 1313
1627910 1315
1627920 1315
1627930 1316
1627940 1317
1627950 1317
1627960 1318
1627970 1320
1627980 1320
1627990 1321
1628000 1321
1628010 1321
1628020 1322
1628030 1322
1628040 1322
1628050 1323
1628060 1324
1628070 1324
1628080 1324
1628090 1324
1628100 1324
1628110 1324
1628120 1324
1628130 1324
1628140 1324
1628150 1324
1628160 1325
1628170 1325
1628180 1326
1628190 1327
1628200 1327
1628210 1328
1628220 1329
1628230 1329
1628240 1331
1628250 1333
1628260 1335
1628270 1335
1628280 1337
1628290 1339
1628300 1339
1628310 1341
1628320 1343
1628330 1343
1628340 1344
1628350 1346
1628360 1346
1628370 1348
1628380 1350
1628390 1350
1628400 1351
1628410 1352
1628420 1352
1628430 1353
1628440 1354
1628450 1355
1628460 1355
1628470 1355
1628480 1355
1628490 1355
1628500 1355
1628510 1355
1628520 1355
1628530 1355
1628540 1355
1628550 1355
1628560 1355
1628570 1354
1628580 1354
1628590 1353
1628600 1352
1628610 1351
1628620 1351
1628630 1350
1628640 1350
1628650 1350
1628660 1351
1628670 1353
1628680 1353
1628690 1355
1628700 1358
1628710 1358
1628720 1360
1628730 1363
1628740 1363
1628750 1366
1628760 1368
1628770 1368
1628780 1370
1628790 1373
1628800 1375
1628810 1375
1628820 1376
1628830 1377
1628840 1377
1628850 1378
1628860 1379
1628870 1379
1628880 1380
1628890 1380
1628900 1380
1628910 1380
1628920 1381
1628930 1381
1628940 1382
1628950 1383
1628960 1384
1628970 1384
1628980 1384
1628990 1384
1629000 1384
1629010 1385
1629020 1387
1629030 1387
1629040 1388
1629050 1389
1629060 1389
1629070 1390
1629080 1391
1629090 1391
1629100 1392
1629110 1395
1629120 1395
1629130 1398
1629140 1400
1629150 1402
1629160 1402
1629170 1404
1629180 1406
1629190 1406
1629200 1408
1629210 1408
1629220 1408
1629230 1409
1629240 1409
1629250 1409
1629260 1410
1629270 1412
1629280 1412
1629290 1412
1629300 1411
1629310 1411
1629320 1410
1629330 1410
1629340 1409
1629350 1409
1629360 1409
1629370 1409
1629380 1409
1629390 1408
1629400 1407
1629410 1407
1629420 1405
1629430 1402
1629440 1402
1629450 1400
1629460 1397
1629470 1397
1629480 1396
1629490 1395
1629500 1394
1629510 1394
1629520 1394
1629530 1394
1629540 1394
1629550 1394
1629560 1393
1629570 1393
1629580 1393
1629590 1393
1629600 1398
1629610 1397
1629620 1395
1629630 1395
1629640 1394
1629650 1395
1629660 1395
1629670 1394
1629680 1395
1629690 1397
1629700 1397
1629710 1399
1629720 1400
1629730 1400
1629740 1401
1629750 1404
1629760 1404
1629770 1408
1629780 1411
1629790 1411
1629800 1414
1629810 1418
1629820 1418
1629830 1421
1629840 1424
1629850 1427
1629860 1427
1629870 1429
1629880 1432
1629890 1432
1629900 1435
1629910 1438
1629920 1438
1629930 1441
1629940 1443
1629950 1443
1629960 1445
1629970 1447
1629980 1447
1629990 1449
1630000 1451
1630010 1451
1630020 1454
1630030 1455
1630040 1458
1630050 1458
1630060 1460
1630070 1462
1630080 1462
1630090 1464
1630100 1466
1630110 1466
1630120 1468
1630130 1470
1630140 1470
1630150 1473
1630160 1474
1630170 1474
1630180 1477
1630190 1479
1630200 1481
1630210 1481
1630220 1483
1630230 1485
1630240 1485
1630250 1487
1630260 1489
1630270 1489
1630280 1490
1630290 1492
1630300 1492
1630310 1494
1630320 1496
1630330 1496
1630340 1497
1630350 1499
1630360 1499
1630370 1499
1630380 1500
1630390 1501
1630400 1501
1630410 1501
1630420 1500
1630430 1500
1630440 1500
1630450 1499
1630460 1499
1630470 1499
1630480 1498
1630490 1498
1630500 1497
1630510 1497
1630520 1497
1630530 1495
1630540 1494
1630550 1494
1630560 1493
1630570 1491
1630580 1490
1630590 1490
1630600 1488
1630610 1485
1630620 1485
1630630 1482
1630640 1480
1630650 1480
1630660 1477
1630670 1473
1630680 1473
1630690 1469
1630700 1466
1630710 1466
1630720 1463
1630730 1459
1630740 1456
1630750 1456
1630760 1452
1630770 1449
1630780 1449
1630790 1446
1630800 1442
1630810 1442
1630820 1439
1630830 1438
1630840 1438
1630850 1437
1630860 1437
1630870 1437
1630880 1438
1630890 1439
1630900 1439
1630910 1440
1630920 1441
1630930 1442
1630940 1442
1630950 1442
1630960 1444
1630970 1444
1630980 1444
1630990 1445
1631000 1445
1631010 1446
1631020 1447
1631030 1447
1631040 1447
1631050 1450
1631060 1450
1631070 1452
1631080 1455
1631090 1459
1631100 1459
1631110 1462
1631120 1465
1631130 1465
1631140 1469
1631150 1472
1631160 1472
1631170 1475
1631180 1477
1631190 1477
1631200 1480
1631210 1482
1631220 1482
1631230 1483
1631240 1484
1631250 1484
1631260 1485
1631270 1485
1631280 1485
1631290 1485
1631300 1486
1631310 1486
1631320 1486
1631330 1490
1631340 1490
1631350 1490
1631360 1490
1631370 1491
1631380 1491
1631390 1492
1631400 1493
1631410 1493
1631420 1493
1631430 1492
1631440 1491
1631450 1491
1631460 1490
1631470 1488
1631480 1488
1631490 1487
1631500 1485
1631510 1485
1631520 1484
1631530 1482
1631540 1482
1631550 1479
1631560 1478
1631570 1478
1631580 1477
1631590 1476
1631600 1476
1631610 1475
1631620 1474
1631630 1474
1631640 1474
1631650 1474
1631660 1473
1631670 1473
1631680 1473
1631690 1472
1631700 1472
1631710 1472
1631720 1471
1631730 1471
1631740 1471
1631750 1471
1631760 1471
1631770 1471
1631780 1470
1631790 1470
1631800 1470
1631810 1470
1631820 1470
1631830 1470
1631840 1471
1631850 1471
1631860 1471
1631870 1471
1631880 1472
1631890 1472
1631900 1473
1631910 1473
1631920 1473
1631930 1473
1631940 1472
1631950 1472
1631960 1471
1631970 1469
1631980 1467
1631990 1467
1632000 1465
1632010 1463
1632020 1463
1632030 1460
1632040 1457
1632050 1457
1632060 1454
1632070 1451
1632080 1451
1632090 1447
1632100 1444
1632110 1444
1632120 1440
1632130 1436
1632140 1436
1632150 1431
1632160 1427
1632170 1423
1632180 1423
1632190 1418
1632200 1416
1632210 1416
1632220 1414
1632230 1413
1632240 1413
1632250 1412
1632260 1410
1632270 1410
1632280 1409
1632290 1407
1632300 1407
1632310 1405
1632320 1403
1632330 1401
1632340 1401
1632350 1399
1632360 1397
1632370 1397
1632380 1394
1632390 1390
1632400 1390
1632410 1385
1632420 1386
1632430 1386
1632440 1388
1632450 1390
1632460 1390
1632470 1392
1632480 1394
1632490 1394
1632500 1395
1632510 1395
1632520 1396
1632530 1396
1632540 1397
1632550 1397
1632560 1397
1632570 1397
1632580 1398
1632590 1398
1632600 1398
1632610 1398
1632620 1398
1632630 1398
1632640 1398
1632650 1398
1632660 1397
1632670 1397
1632680 1396
1632690 1396
1632700 1395
1632710 1395
1632720 1395
1632730 1394
1632740 1394
1632750 1394
1632760 1395
1632770 1395
1632780 1395
1632790 1395
1632800 1395
1632810 1395
1632820 1396
1632830 1395
1632840 1395
1632850 1395
1632860 1395
1632870 1395
1632880 1395
1632890 1394
1632900 1394
1632910 1394
1632920 1393
1632930 1393
1632940 1393
1632950 1393
1632960 1392
1632970 1392
1632980 1392
1632990 1392
1633000 1392
1633010 1392
1633020 1393
1633030 1393
1633040 1394
1633050 1394
1633060 1394
1633070 1394
1633080 1395
1633090 1396
1633100 1396
1633110 1397
1633120 1398
1633130 1398
1633140 1400
1633150 1402
1633160 1402
1633170 1404
1633180 1405
1633190 1405
1633200 1406
1633210 1408
1633220 1410
1633230 1410
1633240 1412
1633250 1413
1633260 1413
1633270 1415
1633280 1416
1633290 1416
1633300 1416
1633310 1417
1633320 1417
1633330 1418
1633340 1417
1633350 1417
1633360 1417
1633370 1416
1633380 1416
1633390 1414
1633400 1410
1633410 1406
1633420 1406
1633430 1402
1633440 1397
1633450 1397
1633460 1394
1633470 1391
1633480 1391
1633490 1388
1633500 1385
1633510 1385
1633520 1382
1633530 1378
1633540 1378
1633550 1374
1633560 1370
1633570 1366
1633580 1366
1633590 1361
1633600 1357
1633610 1357
1633620 1352
1633630 1349
1633640 1349
1633650 1348
1633660 1346
1633670 1346
1633680 1345
1633690 1343
1633700 1343
1633710 1341
1633720 1340
1633730 1340
1633740 1338
1633750 1335
1633760 1333
1633770 1333
1633780 1331
1633790 1328
1633800 1328
1633810 1324
1633820 1320
1633830 1320
1633840 1317
1633850 1314
1633860 1314
1633870 1312
1633880 1310
1633890 1315
1633900 1313
1633910 1312
1633920 1312
1633930 1312
1633940 1311
1633950 1310
1633960 1310
1633970 1309
1633980 1308
1633990 1308
1634000 1307
1634010 1307
1634020 1307
1634030 1306
1634040 1306
1634050 1306
1634060 1304
1634070 1302
1634080 1302
1634090 1300
1634100 1299
1634110 1297
1634120 1297
1634130 1296
1634140 1294
1634150 1294
1634160 1292
1634170 1290
1634180 1290
1634190 1288
1634200 1285
1634210 1285
1634220 1281
1634230 1277
1634240 1277
1634250 1272
1634260 1266
1634270 1261
1634280 1261
1634290 1256
1634300 1249
1634310 1249
1634320 1243
1634330 1236
1634340 1236
1634350 1228
1634360 1221
1634370 1221
1634380 1214
1634390 1207
1634400 1207
1634410 1203
1634420 1200
1634430 1200
1634440 1198
1634450 1198
1634460 1203
1634470 1203
1634480 1209
1634490 1213
1634500 1213
1634510 1217
1634520 1220
1634530 1220
1634540 1220
1634550 1219
1634560 1219
1634570 1217
1634580 1214
1634590 1214
1634600 1209
1634610 1205
1634620 1205
1634630 1206
1634640 1209
1634650 1212
1634660 1212
1634670 1214
1634680 1218
1634690 1218
1634700 1222
1634710 1225
1634720 1225
1634730 1227
1634740 1230
1634750 1230
1634760 1232
1634770 1234
1634780 1234
1634790 1240
1634800 1249
1634810 1253
1634820 1253
1634830 1256
1634840 1260
1634850 1260
1634860 1264
1634870 1268
1634880 1268
1634890 1273
1634900 1277
1634910 1277
1634920 1281
1634930 1286
1634940 1286
1634950 1291
1634960 1295
1634970 1295
1634980 1299
1634990 1301
1635000 1304
1635010 1304
1635020 1306
1635030 1310
1635040 1310
1635050 1314
1635060 1320
1635070 1320
1635080 1323
1635090 1325
1635100 1325
1635110 1327
1635120 1326
1635130 1326
1635140 1326
1635150 1328
1635160 1330
1635170 1330
1635180 1333
1635190 1335
1635200 1335
1635210 1337
1635220 1339
1635230 1339
1635240 1341
1635250 1342
1635260 1342
1635270 1342
1635280 1343
1635290 1343
1635300 1344
1635310 1345
1635320 1345
1635330 1346
1635340 1347
1635350 1348
1635360 1348
1635370 1349
1635380 1351
1635390 1351
1635400 1352
1635410 1353
1635420 1353
1635430 1354
1635440 1356
1635450 1356
1635460 1358
1635470 1359
1635480 1359
1635490 1360
1635500 1361
1635510 1362
1635520 1362
1635530 1363
1635540 1364
1635550 1364
1635560 1365
1635570 1366
1635580 1366
1635590 1367
1635600 1368
1635610 1368
1635620 1368
1635630 1369
1635640 1369
1635650 1369
1635660 1370
1635670 1370
1635680 1370
1635690 1370
1635700 1370
1635710 1370
1635720 1370
1635730 1370
1635740 1370
1635750 1371
1635760 1372
1635770 1372
1635780 1373
1635790 1373
1635800 1373
1635810 1373
1635820 1372
1635830 1372
1635840 1372
1635850 1372
1635860 1372
1635870 1372
1635880 1371
1635890 1369
1635900 1369
1635910 1367
1635920 1365
1635930 1365
1635940 1363
1635950 1361
1635960 1361
1635970 1359
1635980 1358
1635990 1358
1636000 1356
1636010 1355
1636020 1355
1636030 1354
1636040 1353
1636050 1351
1636060 1351
1636070 1350
1636080 1348
1636090 1348
1636100 1347
1636110 1345
1636120 1345
1636130 1344
1636140 1345
1636150 1345
1636160 1345
1636170 1344
1636180 1344
1636190 1343
1636200 1343
1636210 1343
1636220 1343
1636230 1343
1636240 1343
1636250 1343
1636260 1343
1636270 1343
1636280 1343
1636290 1343
1636300 1343
1636310 1343
1636320 1345
1636330 1346
1636340 1346
1636350 1346
1636360 1344
1636370 1344
1636380 1343
1636390 1341
1636400 1342
1636410 1342
1636420 1340
1636430 1339
1636440 1339
1636450 1338
1636460 1336
1636470 1336
1636480 1334
1636490 1333
1636500 1333
1636510 1331
1636520 1328
1636530 1328
1636540 1326
1636550 1323
1636560 1323
1636570 1320
1636580 1317
1636590 1314
1636600 1314
1636610 1312
1636620 1311
1636630 1311
1636640 1309
1636650 1307
1636660 1307
1636670 1304
1636680 1302
1636690 1302
1636700 1299
1636710 1297
1636720 1297
1636730 1295
1636740 1293
1636750 1290
1636760 1290
1636770 1286
1636780 1283
1636790 1283
1636800 1280
1636810 1279
1636820 1279
1636830 1277
1636840 1275
1636850 1275
1636860 1274
1636870 1272
1636880 1272
1636890 1269
1636900 1265
1636910 1265
1636920 1263
1636930 1260
1636940 1259
1636950 1259
1636960 1257
1636970 1255
1636980 1255
1636990 1253
1637000 1250
1637010 1250
1637020 1246
1637030 1243
1637040 1243
1637050 1241
1637060 1240
1637070 1240
1637080 1238
1637090 1237
1637100 1237
1637110 1235
1637120 1233
1637130 1232
1637140 1232
1637150 1230
1637160 1227
1637170 1227
1637180 1225
1637190 1223
1637200 1223
1637210 1222
1637220 1221
1637230 1219
1637240 1219
1637250 1218
1637260 1218
1637270 1217
1637280 1215
1637290 1213
1637300 1213
1637310 1213
1637320 1213
1637330 1213
1637340 1213
1637350 1212
1637360 1212
1637370 1211
1637380 1210
1637390 1210
1637400 1207
1637410 1205
1637420 1205
1637430 1203
1637440 1200
1637450 1200
1637460 1198
1637470 1197
1637480 1195
1637490 1195
1637500 1193
1637510 1191
1637520 1191
1637530 1188
1637540 1185
1637550 1185
1637560 1183
1637570 1182
1637580 1182
1637590 1180
1637600 1178
1637610 1178
1637620 1176
1637630 1176
1637640 1178
1637650 1178
1637660 1179
1637670 1180
1637680 1180
1637690 1180
1637700 1179
1637710 1179
1637720 1177
1637730 1177
1637740 1177
1637750 1178
1637760 1178
1637770 1178
1637780 1178
1637790 1177
1637800 1177
1637810 1177
1637820 1176
1637830 1176
1637840 1176
1637850 1175
1637860 1175
1637870 1175
1637880 1175
1637890 1175
1637900 1175
1637910 1175
1637920 1175
1637930 1175
1637940 1176
1637950 1177
1637960 1177
1637970 1177
1637980 1178
1637990 1178
1638000 1178
1638010 1179
1638020 1180
1638030 1180
1638040 1180
1638050 1178
1638060 1178
1638070 1177
1638080 1176
1638090 1176
1638100 1176
1638110 1175
1638120 1175
1638130 1174
1638140 1174
1638150 1174
1638160 1173
1638170 1173
1638180 1172
1638190 1172
1638200 1171
1638210 1170
1638220 1170
1638230 1169
1638240 1168
1638250 1168
1638260 1166
1638270 1165
1638280 1165
1638290 1163
1638300 1161
1638310 1161
1638320 1160
1638330 1158
1638340 1158
1638350 1157
1638360 1156
1638370 1154
1638380 1154
1638390 1153
1638400 1151
1638410 1151
1638420 1149
1638430 1148
1638440 1148
1638450 1146
1638460 1143
1638470 1143
1638480 1141
1638490 1140
1638500 1140
1638510 1138
1638520 1136
1638530 1134
1638540 1134
1638550 1132
1638560 1131
1638570 1131
1638580 1130
1638590 1128
1638600 1128
1638610 1126
1638620 1123
1638630 1123
1638640 1121
1638650 1118
1638660 1118
1638670 1116
1638680 1114
1638690 1114
1638700 1112
1638710 1109
1638720 1107
1638730 1107
1638740 1104
1638750 1101
1638760 1101
1638770 1099
1638780 1096
1638790 1096
1638800 1094
1638810 1092
1638820 1092
1638830 1091
1638840 1090
1638850 1090
1638860 1088
1638870 1087
1638880 1083
1638890 1083
1638900 1080
1638910 1078
1638920 1078
1638930 1076
1638940 1075
1638950 1075
1638960 1073
1638970 1070
1638980 1070
1638990 1068
1639000 1067
1639010 1067
1639020 1065
1639030 1064
1639040 1064
1639050 1063
1639060 1062
1639070 1060
1639080 1060
1639090 1058
1639100 1057
1639110 1057
1639120 1055
1639130 1053
1639140 1053
1639150 1052
1639160 1051
1639170 1051
1639180 1049
1639190 1047
1639200 1047
1639210 1046
1639220 1045
1639230 1043
1639240 1043
1639250 1042
1639260 1038
1639270 1038
1639280 1037
1639290 1036
1639300 1036
1639310 1036
1639320 1037
1639330 1037
1639340 1038
1639350 1040
1639360 1040
1639370 1040
1639380 1040
1639390 1040
1639400 1039
1639410 1039
1639420 1039
1639430 1039
1639440 1038
1639450 1038
1639460 1038
1639470 1038
1639480 1038
1639490 1038
1639500 1038
1639510 1037
1639520 1037
1639530 1037
1639540 1036
1639550 1036
1639560 1035
1639570 1034
1639580 1034
1639590 1033
1639600 1031
1639610 1028
1639620 1028
1639630 1025
1639640 1021
1639650 1021
1639660 1018
1639670 1015
1639680 1015
1639690 1008
1639700 1008
1639710 1008
1639720 1009
1639730 1009
1639740 1009
1639750 1010
1639760 1011
1639770 1013
1639780 1013
1639790 1015
1639800 1017
1639810 1017
1639820 1018
1639830 1018
1639840 1018
1639850 1018
1639860 1018
1639870 1018
1639880 1017
1639890 1018
1639900 1018
1639910 1018
1639920 1018
1639930 1018
1639940 1018
1639950 1017
1639960 1016
1639970 1016
1639980 1014
1639990 1013
