1620000 700
1620010 693
1620020 693
1620030 684
1620040 674
1620050 674
1620060 668
1620070 660
1620080 660
1620090 652
1620100 646
1620110 642
1620120 642
1620130 635
1620140 631
1620150 631
1620160 629
1620170 626
1620180 626
1620190 623
1620200 622
1620210 622
1620220 620
1620230 618
1620240 618
1620250 616
1620260 615
1620270 613
1620280 613
1620290 612
1620300 610
1620310 610
1620320 608
1620330 606
1620340 606
1620350 606
1620360 604
1620370 604
1620380 602
1620390 600
1620400 600
1620410 599
1620420 602
1620430 602
1620440 605
1620450 608
1620460 609
1620470 609
1620480 611
1620490 611
1620500 611
1620510 606
1620520 595
1620530 595
1620540 583
1620550 570
1620560 570
1620570 569
1620580 569
1620590 569
1620600 569
1620610 570
1620620 570
1620630 570
1620640 571
1620650 574
1620660 574
1620670 576
1620680 579
1620690 579
1620700 580
1620710 582
1620720 582
1620730 583
1620740 583
1620750 583
1620760 582
1620770 581
1620780 581
1620790 579
1620800 578
1620810 577
1620820 577
1620830 577
1620840 577
1620850 577
1620860 577
1620870 578
1620880 578
1620890 578
1620900 577
1620910 577
1620920 578
1620930 578
1620940 578
1620950 579
1620960 580
1620970 580
1620980 581
1620990 581
1621000 582
1621010 582
1621020 582
1621030 583
1621040 583
1621050 584
1621060 584
1621070 584
1621080 586
1621090 588
1621100 588
1621110 591
1621120 593
1621130 593
1621140 595
1621150 597
1621160 599
1621170 599
1621180 602
1621190 606
1621200 606
1621210 609
1621220 611
1621230 611
1621240 614
1621250 617
1621260 617
1621270 619
1621280 622
1621290 622
1621300 624
1621310 627
1621320 627
1621330 629
1621340 632
1621350 635
1621360 635
1621370 638
1621380 641
1621390 641
1621400 645
1621410 648
1621420 648
1621430 649
1621440 651
1621450 651
1621460 652
1621470 655
1621480 655
1621490 659
1621500 660
1621510 660
1621520 662
1621530 663
1621540 664
1621550 664
1621560 666
1621570 668
1621580 668
1621590 669
1621600 670
1621610 670
1621620 672
1621630 676
1621640 676
1621650 679
1621660 682
1621670 682
1621680 688
1621690 694
1621700 698
1621710 698
1621720 704
1621730 707
1621740 707
1621750 710
1621760 712
1621770 712
1621780 714
1621790 717
1621800 717
1621810 721
1621820 724
1621830 724
1621840 728
1621850 732
1621860 732
1621870 736
1621880 739
1621890 743
1621900 743
1621910 749
1621920 757
1621930 757
1621940 766
1621950 773
1621960 773
1621970 780
1621980 785
1621990 785
1622000 787
1622010 787
1622020 787
1622030 787
1622040 788
1622050 788
1622060 788
1622070 790
1622080 791
1622090 791
1622100 792
1622110 794
1622120 794
1622130 796
1622140 798
1622150 798
1622160 799
1622170 800
1622180 800
1622190 801
1622200 802
1622210 802
1622220 803
1622230 805
1622240 806
1622250 806
1622260 808
1622270 809
1622280 809
1622290 811
1622300 812
1622310 812
1622320 814
1622330 815
1622340 815
1622350 817
1622360 819
1622370 819
1622380 821
1622390 823
1622400 823
1622410 825
1622420 825
1622430 828
1622440 828
1622450 831
1622460 834
1622470 834
1622480 837
1622490 838
1622500 838
1622510 838
1622520 835
1622530 835
1622540 827
1622550 821
1622560 821
1622570 817
1622580 814
1622590 811
1622600 811
1622610 807
1622620 805
1622630 805
1622640 802
1622650 801
1622660 801
1622670 800
1622680 800
1622690 800
1622700 800
1622710 799
1622720 799
1622730 796
1622740 793
1622750 793
1622760 790
1622770 785
1622780 788
1622790 788
1622800 797
1622810 804
1622820 804
1622830 810
1622840 817
1622850 817
1622860 823
1622870 827
1622880 827
1622890 832
1622900 838
1622910 838
1622920 843
1622930 849
1622940 855
1622950 855
1622960 860
1622970 864
1622980 864
1622990 867
1623000 868
1623010 868
1623020 869
1623030 867
1623040 867
1623050 865
1623060 861
1623070 861
1623080 856
1623090 853
1623100 853
1623110 849
1623120 844
1623130 839
1623140 839
1623150 834
1623160 829
1623170 829
1623180 825
1623190 821
1623200 821
1623210 816
1623220 812
1623230 812
1623240 809
1623250 805
1623260 805
1623270 802
1623280 796
1623290 796
1623300 789
1623310 786
1623320 785
1623330 785
1623340 784
1623350 784
1623360 784
1623370 781
1623380 780
1623390 780
1623400 783
1623410 788
1623420 788
1623430 794
1623440 801
1623450 801
1623460 807
1623470 814
1623480 821
1623490 821
1623500 828
1623510 836
1623520 836
1623530 844
1623540 853
1623550 853
1623560 860
1623570 867
1623580 867
1623590 874
1623600 879
1623610 879
1623620 881
1623630 881
1623640 881
1623650 881
1623660 881
1623670 882
1623680 882
1623690 882
1623700 882
1623710 882
1623720 883
1623730 884
1623740 884
1623750 885
1623760 887
1623770 887
1623780 888
1623790 889
1623800 889
1623810 889
1623820 890
1623830 894
1623840 894
1623850 898
1623860 898
1623870 898
1623880 902
1623890 903
1623900 903
1623910 903
1623920 903
1623930 903
1623940 905
1623950 906
1623960 906
1623970 908
1623980 910
1623990 910
1624000 912
1624010 914
1624020 919
1624030 919
1624040 920
1624050 919
1624060 919
1624070 919
1624080 918
1624090 918
1624100 920
1624110 919
1624120 919
1624130 918
1624140 922
1624150 922
1624160 925
1624170 925
1624180 925
1624190 924
1624200 920
1624210 918
1624220 918
1624230 919
1624240 916
1624250 916
1624260 919
1624270 919
1624280 919
1624290 919
1624300 918
1624310 918
1624320 915
1624330 913
1624340 913
1624350 912
1624360 911
1624370 910
1624380 910
1624390 908
1624400 906
1624410 906
1624420 904
1624430 901
1624440 901
1624450 898
1624460 896
1624470 896
1624480 895
1624490 895
1624500 895
1624510 894
1624520 894
1624530 894
1624540 894
1624550 893
1624560 891
1624570 891
1624580 885
1624590 880
1624600 880
1624610 883
1624620 890
1624630 890
1624640 898
1624650 905
1624660 905
1624670 913
1624680 918
1624690 918
1624700 924
1624710 930
1624720 936
1624730 936
1624740 942
1624750 948
1624760 948
1624770 954
1624780 959
1624790 959
1624800 965
1624810 970
1624820 970
1624830 973
1624840 974
1624850 974
1624860 974
1624870 973
1624880 973
1624890 972
1624900 972
1624910 971
1624920 971
1624930 969
1624940 968
1624950 968
1624960 967
1624970 967
1624980 967
1624990 967
1625000 966
1625010 966
1625020 964
1625030 962
1625040 962
1625050 961
1625060 961
1625070 961
1625080 960
1625090 958
1625100 958
1625110 958
1625120 958
1625130 958
1625140 951
1625150 952
1625160 953
1625170 953
1625180 954
1625190 953
1625200 953
1625210 952
1625220 950
1625230 950
1625240 950
1625250 953
1625260 956
1625270 956
1625280 957
1625290 957
1625300 957
1625310 956
1625320 955
1625330 955
1625340 953
1625350 949
1625360 949
1625370 944
1625380 939
1625390 939
1625400 935
1625410 935
1625420 935
1625430 934
1625440 933
1625450 929
1625460 929
1625470 924
1625480 917
1625490 917
1625500 910
1625510 902
1625520 902
1625530 901
1625540 905
1625550 905
1625560 911
1625570 916
1625580 916
1625590 918
1625600 919
1625610 920
1625620 920
1625630 922
1625640 923
1625650 923
1625660 924
1625670 924
1625680 924
1625690 925
1625700 925
1625710 925
1625720 925
1625730 925
1625740 925
1625750 926
1625760 928
1625770 928
1625780 928
1625790 930
1625800 934
1625810 934
1625820 938
1625830 941
1625840 941
1625850 942
1625860 941
1625870 941
1625880 938
1625890 935
1625900 935
1625910 933
1625920 934
1625930 934
1625940 933
1625950 936
1625960 936
1625970 937
1625980 941
1625990 945
1626000 945
1626010 947
1626020 949
1626030 949
1626040 946
1626050 950
1626060 950
1626070 954
1626080 958
1626090 958
1626100 964
1626110 969
1626120 969
1626130 975
1626140 982
1626150 987
1626160 987
1626170 988
1626180 988
1626190 988
1626200 986
1626210 986
1626220 986
1626230 986
1626240 987
1626250 987
1626260 988
1626270 988
1626280 988
1626290 985
1626300 981
1626310 981
1626320 977
1626330 974
1626340 970
1626350 970
1626360 966
1626370 961
1626380 961
1626390 956
1626400 952
1626410 952
1626420 948
1626430 944
1626440 944
1626450 941
1626460 937
1626470 937
1626480 937
1626490 939
1626500 945
1626510 945
1626520 952
1626530 959
1626540 959
1626550 965
1626560 971
1626570 971
1626580 978
1626590 983
1626600 983
1626610 990
1626620 996
1626630 996
1626640 1003
1626650 1009
1626660 1009
1626670 1014
1626680 1016
1626690 1018
1626700 1018
1626710 1020
1626720 1023
1626730 1023
1626740 1026
1626750 1031
1626760 1031
1626770 1036
1626780 1042
1626790 1042
1626800 1048
1626810 1058
1626820 1058
1626830 1068
1626840 1074
1626850 1074
1626860 1080
1626870 1088
1626880 1095
1626890 1095
1626900 1103
1626910 1110
1626920 1110
1626930 1122
1626940 1132
1626950 1132
1626960 1142
1626970 1149
1626980 1149
1626990 1156
1627000 1164
1627010 1164
1627020 1171
1627030 1179
1627040 1183
1627050 1183
1627060 1184
1627070 1185
1627080 1185
1627090 1188
1627100 1191
1627110 1191
1627120 1195
1627130 1199
1627140 1199
1627150 1204
1627160 1211
1627170 1211
1627180 1217
1627190 1221
1627200 1221
1627210 1225
1627220 1230
1627230 1236
1627240 1236
1627250 1242
1627260 1250
1627270 1250
1627280 1269
1627290 1276
1627300 1276
1627310 1278
1627320 1283
1627330 1283
1627340 1289
1627350 1287
1627360 1287
1627370 1283
1627380 1281
1627390 1281
1627400 1282
1627410 1284
1627420 1285
1627430 1285
1627440 1287
1627450 1286
1627460 1286
1627470 1281
1627480 1274
1627490 1274
1627500 1271
1627510 1269
1627520 1269
1627530 1270
1627540 1271
1627550 1271
1627560 1272
1627570 1274
1627580 1276
1627590 1276
1627600 1277
1627610 1278
1627620 1278
1627630 1279
1627640 1279
1627650 1279
1627660 1281
1627670 1283
1627680 1283
1627690 1285
1627700 1287
1627710 1287
1627720 1290
1627730 1293
1627740 1293
1627750 1296
1627760 1298
1627770 1301
1627780 1301
1627790 1304
1627800 1306
1627810 1310
1627820 1312
1627830 1314
1627840 1314
1627850 1314
1627860 1314
1627870 1314
1627880 1313
1627890 1314
1627900 1314
1627910 1315
1627920 1318
1627930 1320
1627940 1320
1627950 1322
1627960 1323
1627970 1323
1627980 1325
1627990 1327
1628000 1327
1628010 1328
1628020 1329
1628030 1329
1628040 1330
1628050 1330
1628060 1330
1628070 1330
1628080 1330
1628090 1330
1628100 1328
1628110 1324
1628120 1320
1628130 1320
1628140 1316
1628150 1314
1628160 1314
1628170 1315
1628180 1316
1628190 1316
1628200 1318
1628210 1321
1628220 1321
1628230 1323
1628240 1325
1628250 1325
1628260 1327
1628270 1327
1628280 1327
1628290 1328
1628300 1330
1628310 1333
1628320 1333
1628330 1337
1628340 1341
1628350 1341
1628360 1344
1628370 1346
1628380 1346
1628390 1347
1628400 1348
1628410 1348
1628420 1350
1628430 1351
1628440 1351
1628450 1353
1628460 1353
1628470 1354
1628480 1354
1628490 1355
1628500 1355
1628510 1355
1628520 1354
1628530 1354
1628540 1354
1628550 1353
1628560 1350
1628570 1350
1628580 1348
1628590 1346
1628600 1346
1628610 1345
1628620 1347
1628630 1347
1628640 1350
1628650 1354
1628660 1356
1628670 1356
1628680 1358
1628690 1361
1628700 1361
1628710 1363
1628720 1364
1628730 1364
1628740 1366
1628750 1369
1628760 1369
1628770 1373
1628780 1377
1628790 1377
1628800 1378
1628810 1377
1628820 1376
1628830 1376
1628840 1374
1628850 1372
1628860 1372
1628870 1368
1628880 1364
1628890 1364
1628900 1360
1628910 1356
1628920 1356
1628930 1352
1628940 1347
1628950 1347
1628960 1342
1628970 1337
1628980 1337
1628990 1332
1629000 1328
1629010 1324
1629020 1324
1629030 1322
1629040 1320
1629050 1320
1629060 1320
1629070 1320
1629080 1320
1629090 1317
1629100 1316
1629110 1316
1629120 1317
1629130 1318
1629140 1318
1629150 1321
1629160 1325
1629170 1325
1629180 1328
1629190 1332
1629200 1335
1629210 1335
1629220 1339
1629230 1342
1629240 1342
1629250 1345
1629260 1348
1629270 1348
1629280 1352
1629290 1357
1629300 1357
1629310 1362
1629320 1367
1629330 1367
1629340 1372
1629350 1376
1629360 1378
1629370 1378
1629380 1380
1629390 1383
1629400 1383
1629410 1385
1629420 1388
1629430 1388
1629440 1390
1629450 1392
1629460 1392
1629470 1394
1629480 1396
1629490 1396
1629500 1398
1629510 1400
1629520 1400
1629530 1403
1629540 1407
1629550 1411
1629560 1409
1629570 1413
1629580 1417
1629590 1417
1629600 1420
1629610 1423
1629620 1423
1629630 1426
1629640 1428
1629650 1428
1629660 1430
1629670 1431
1629680 1431
1629690 1432
1629700 1433
1629710 1434
1629720 1434
1629730 1435
1629740 1437
1629750 1437
1629760 1439
1629770 1441
1629780 1441
1629790 1443
1629800 1445
1629810 1445
1629820 1448
1629830 1450
1629840 1450
1629850 1453
1629860 1455
1629870 1455
1629880 1457
1629890 1459
1629900 1462
1629910 1462
1629920 1465
1629930 1468
1629940 1468
1629950 1471
1629960 1473
1629970 1473
1629980 1475
1629990 1477
1630000 1477
1630010 1478
1630020 1480
1630030 1480
1630040 1483
1630050 1486
1630060 1486
1630070 1490
1630080 1494
1630090 1499
1630100 1499
1630110 1504
1630120 1510
1630130 1510
1630140 1515
1630150 1519
1630160 1519
1630170 1522
1630180 1527
1630190 1527
1630200 1531
1630210 1535
1630220 1535
1630230 1538
1630240 1541
1630250 1544
1630260 1544
1630270 1548
1630280 1550
1630290 1550
1630300 1553
1630310 1557
1630320 1557
1630330 1561
1630340 1564
1630350 1564
1630360 1567
1630370 1570
1630380 1570
1630390 1572
1630400 1576
1630410 1576
1630420 1579
1630430 1584
1630440 1588
1630450 1588
1630460 1591
1630470 1595
1630480 1595
1630490 1599
1630500 1602
1630510 1602
1630520 1606
1630530 1610
1630540 1610
1630550 1612
1630560 1615
1630570 1615
1630580 1618
1630590 1621
1630600 1624
1630610 1624
1630620 1626
1630630 1628
1630640 1628
1630650 1630
1630660 1633
1630670 1633
1630680 1635
1630690 1638
1630700 1638
1630710 1641
1630720 1643
1630730 1643
1630740 1645
1630750 1646
1630760 1646
1630770 1649
1630780 1651
1630790 1652
1630800 1652
1630810 1653
1630820 1653
1630830 1653
1630840 1654
1630850 1655
1630860 1655
1630870 1655
1630880 1656
1630890 1656
1630900 1657
1630910 1658
1630920 1658
1630930 1659
1630940 1659
1630950 1659
1630960 1660
1630970 1661
1630980 1663
1630990 1663
1631000 1664
1631010 1665
1631020 1665
1631030 1666
1631040 1667
1631050 1667
1631060 1668
1631070 1669
1631080 1669
1631090 1669
1631100 1670
1631110 1670
1631120 1671
1631130 1673
1631140 1674
1631150 1674
1631160 1675
1631170 1676
1631180 1676
1631190 1678
1631200 1680
1631210 1680
1631220 1681
1631230 1682
1631240 1682
1631250 1683
1631260 1684
1631270 1684
1631280 1684
1631290 1687
1631300 1687
1631310 1688
1631320 1688
1631330 1688
1631340 1688
1631350 1687
1631360 1687
1631370 1687
1631380 1686
1631390 1685
1631400 1685
1631410 1684
1631420 1682
1631430 1682
1631440 1679
1631450 1677
1631460 1677
1631470 1673
1631480 1670
1631490 1666
1631500 1666
1631510 1663
1631520 1659
1631530 1659
1631540 1657
1631550 1655
1631560 1655
1631570 1652
1631580 1650
1631590 1650
1631600 1647
1631610 1642
1631620 1642
1631630 1638
1631640 1633
1631650 1633
1631660 1628
1631670 1623
1631680 1618
1631690 1618
1631700 1614
1631710 1611
1631720 1611
1631730 1609
1631740 1606
1631750 1606
1631760 1603
1631770 1601
1631780 1601
1631790 1600
1631800 1598
1631810 1598
1631820 1598
1631830 1598
1631840 1598
1631850 1598
1631860 1598
1631870 1598
1631880 1598
1631890 1598
1631900 1598
1631910 1598
1631920 1598
1631930 1598
1631940 1598
1631950 1598
1631960 1598
1631970 1598
1631980 1598
1631990 1598
1632000 1598
1632010 1598
1632020 1599
1632030 1600
1632040 1600
1632050 1601
1632060 1603
1632070 1603
1632080 1604
1632090 1605
1632100 1605
1632110 1607
1632120 1608
1632130 1608
1632140 1609
1632150 1612
1632160 1612
1632170 1613
1632180 1613
1632190 1613
1632200 1613
1632210 1613
1632220 1613
1632230 1613
1632240 1613
1632250 1613
1632260 1613
1632270 1612
1632280 1611
1632290 1611
1632300 1610
1632310 1608
1632320 1608
1632330 1607
1632340 1605
1632350 1605
1632360 1603
1632370 1600
1632380 1597
1632390 1597
1632400 1594
1632410 1591
1632420 1591
1632430 1588
1632440 1585
1632450 1585
1632460 1581
1632470 1577
1632480 1577
1632490 1573
1632500 1569
1632510 1569
1632520 1565
1632530 1560
1632540 1560
1632550 1555
1632560 1552
1632570 1549
1632580 1549
1632590 1545
1632600 1541
1632610 1541
1632620 1538
1632630 1534
1632640 1534
1632650 1530
1632660 1527
1632670 1527
1632680 1523
1632690 1519
1632700 1519
1632710 1515
1632720 1510
1632730 1510
1632740 1506
1632750 1502
1632760 1497
1632770 1497
1632780 1492
1632790 1486
1632800 1486
1632810 1481
1632820 1476
1632830 1476
1632840 1471
1632850 1467
1632860 1467
1632870 1463
1632880 1460
1632890 1460
1632900 1457
1632910 1452
1632920 1448
1632930 1448
1632940 1444
1632950 1441
1632960 1441
1632970 1438
1632980 1437
1632990 1437
1633000 1442
1633010 1442
1633020 1442
1633030 1442
1633040 1441
1633050 1441
1633060 1439
1633070 1438
1633080 1438
1633090 1436
1633100 1435
1633110 1435
1633120 1435
1633130 1435
1633140 1436
1633150 1436
1633160 1438
1633170 1439
1633180 1439
1633190 1439
1633200 1440
1633210 1440
1633220 1442
1633230 1444
1633240 1444
1633250 1446
1633260 1448
1633270 1451
1633280 1451
1633290 1452
1633300 1453
1633310 1453
1633320 1452
1633330 1452
1633340 1452
1633350 1453
1633360 1454
1633370 1454
1633380 1455
1633390 1456
1633400 1456
1633410 1457
1633420 1457
1633430 1457
1633440 1457
1633450 1456
1633460 1454
1633470 1454
1633480 1452
1633490 1450
1633500 1450
1633510 1447
1633520 1445
1633530 1445
1633540 1443
1633550 1441
1633560 1441
1633570 1438
1633580 1436
1633590 1436
1633600 1433
1633610 1430
1633620 1430
1633630 1426
1633640 1423
1633650 1420
1633660 1420
1633670 1416
1633680 1413
1633690 1413
1633700 1409
1633710 1405
1633720 1405
1633730 1401
1633740 1396
1633750 1396
1633760 1391
1633770 1386
1633780 1386
1633790 1381
1633800 1376
1633810 1371
1633820 1371
1633830 1367
1633840 1363
1633850 1363
1633860 1359
1633870 1355
1633880 1355
1633890 1351
1633900 1347
1633910 1347
1633920 1343
1633930 1341
1633940 1341
1633950 1342
1633960 1345
1633970 1345
1633980 1349
1633990 1352
1634000 1356
1634010 1356
1634020 1360
1634030 1364
1634040 1364
1634050 1367
1634060 1373
1634070 1373
1634080 1379
1634090 1378
1634100 1378
1634110 1375
1634120 1375
1634130 1375
1634140 1376
1634150 1377
1634160 1377
1634170 1377
1634180 1378
1634190 1378
1634200 1378
1634210 1378
1634220 1377
1634230 1377
1634240 1376
1634250 1376
1634260 1376
1634270 1375
1634280 1375
1634290 1375
1634300 1374
1634310 1374
1634320 1374
1634330 1375
1634340 1376
1634350 1376
1634360 1376
1634370 1376
1634380 1377
1634390 1377
1634400 1377
1634410 1379
1634420 1379
1634430 1380
1634440 1380
1634450 1380
1634460 1382
1634470 1383
1634480 1383
1634490 1384
1634500 1384
1634510 1384
1634520 1385
1634530 1387
1634540 1389
1634550 1389
1634560 1392
1634570 1394
1634580 1394
1634590 1397
1634600 1399
1634610 1399
1634620 1402
1634630 1406
1634640 1406
1634650 1408
1634660 1410
1634670 1410
1634680 1411
1634690 1413
1634700 1412
1634710 1412
1634720 1412
1634730 1411
1634740 1411
1634750 1410
1634760 1410
1634770 1410
1634780 1410
1634790 1410
1634800 1410
1634810 1410
1634820 1411
1634830 1411
1634840 1411
1634850 1411
1634860 1411
1634870 1411
1634880 1410
1634890 1409
1634900 1409
1634910 1408
1634920 1408
1634930 1408
1634940 1408
1634950 1408
1634960 1408
1634970 1409
1634980 1409
1634990 1409
1635000 1409
1635010 1409
1635020 1409
1635030 1409
1635040 1410
1635050 1411
1635060 1411
1635070 1412
1635080 1412
1635090 1412
1635100 1412
1635110 1411
1635120 1411
1635130 1410
1635140 1411
1635150 1411
1635160 1411
1635170 1411
1635180 1411
1635190 1410
1635200 1409
1635210 1409
1635220 1407
1635230 1406
1635240 1404
1635250 1404
1635260 1402
1635270 1401
1635280 1401
1635290 1400
1635300 1399
1635310 1399
1635320 1398
1635330 1398
1635340 1398
1635350 1397
1635360 1397
1635370 1397
1635380 1396
1635390 1395
1635400 1395
1635410 1395
1635420 1394
1635430 1394
1635440 1394
1635450 1394
1635460 1395
1635470 1395
1635480 1396
1635490 1396
1635500 1396
1635510 1395
1635520 1395
1635530 1391
1635540 1391
1635550 1391
1635560 1391
1635570 1391
1635580 1390
1635590 1388
1635600 1388
1635610 1387
1635620 1384
1635630 1384
1635640 1382
1635650 1379
1635660 1379
1635670 1377
1635680 1375
1635690 1375
1635700 1374
1635710 1373
1635720 1373
1635730 1373
1635740 1371
1635750 1371
1635760 1370
1635770 1369
1635780 1368
1635790 1368
1635800 1366
1635810 1365
1635820 1365
1635830 1363
1635840 1361
1635850 1361
1635860 1359
1635870 1358
1635880 1358
1635890 1357
1635900 1355
1635910 1355
1635920 1354
1635930 1352
1635940 1351
1635950 1351
1635960 1351
1635970 1351
1635980 1351
1635990 1351
1636000 1351
1636010 1351
1636020 1350
1636030 1350
1636040 1350
1636050 1349
1636060 1348
1636070 1348
1636080 1347
1636090 1347
1636100 1347
1636110 1347
1636120 1347
1636130 1347
1636140 1347
1636150 1346
1636160 1346
1636170 1346
1636180 1344
1636190 1343
1636200 1343
1636210 1341
1636220 1340
1636230 1340
1636240 1338
1636250 1336
1636260 1336
1636270 1334
1636280 1332
1636290 1332
1636300 1330
1636310 1329
1636320 1327
1636330 1327
1636340 1326
1636350 1325
1636360 1325
1636370 1321
1636380 1320
1636390 1320
1636400 1319
1636410 1318
1636420 1318
1636430 1317
1636440 1316
1636450 1316
1636460 1315
1636470 1313
1636480 1312
1636490 1312
1636500 1310
1636510 1308
1636520 1308
1636530 1307
1636540 1305
1636550 1305
1636560 1304
1636570 1302
1636580 1302
1636590 1301
1636600 1300
1636610 1300
1636620 1298
1636630 1297
1636640 1297
1636650 1295
1636660 1293
1636670 1292
1636680 1292
1636690 1290
1636700 1289
1636710 1289
1636720 1287
1636730 1286
1636740 1286
1636750 1284
1636760 1282
1636770 1282
1636780 1280
1636790 1279
1636800 1279
1636810 1277
1636820 1275
1636830 1273
1636840 1273
1636850 1271
1636860 1269
1636870 1269
1636880 1265
1636890 1263
1636900 1263
1636910 1260
1636920 1258
1636930 1258
1636940 1256
1636950 1253
1636960 1253
1636970 1251
1636980 1249
1636990 1249
1637000 1247
1637010 1245
1637020 1244
1637030 1244
1637040 1244
1637050 1243
1637060 1243
1637070 1242
1637080 1243
1637090 1243
1637100 1243
1637110 1244
1637120 1244
1637130 1245
1637140 1246
1637150 1246
1637160 1247
1637170 1246
1637180 1246
1637190 1246
1637200 1244
1637210 1243
1637220 1243
1637230 1243
1637240 1242
1637250 1242
1637260 1242
1637270 1242
1637280 1242
1637290 1242
1637300 1241
1637310 1241
1637320 1241
1637330 1239
1637340 1239
1637350 1238
1637360 1237
1637370 1236
1637380 1236
1637390 1234
1637400 1233
1637410 1233
1637420 1230
1637430 1228
1637440 1228
1637450 1226
1637460 1224
1637470 1224
1637480 1222
1637490 1220
1637500 1220
1637510 1218
1637520 1217
1637530 1217
1637540 1215
1637550 1214
1637560 1212
1637570 1212
1637580 1210
1637590 1207
1637600 1207
1637610 1205
1637620 1203
1637630 1203
1637640 1200
1637650 1197
1637660 1197
1637670 1195
1637680 1193
1637690 1193
1637700 1190
1637710 1187
1637720 1185
1637730 1185
1637740 1182
1637750 1179
1637760 1179
1637770 1177
1637780 1174
1637790 1174
1637800 1172
1637810 1169
1637820 1169
1637830 1168
1637840 1167
1637850 1167
1637860 1166
1637870 1165
1637880 1165
1637890 1164
1637900 1163
1637910 1162
1637920 1162
1637930 1161
1637940 1160
1637950 1160
1637960 1159
1637970 1159
1637980 1159
1637990 1159
1638000 1158
1638010 1158
1638020 1154
1638030 1152
1638040 1152
1638050 1150
1638060 1147
1638070 1147
1638080 1144
1638090 1142
1638100 1140
1638110 1140
1638120 1137
1638130 1135
1638140 1135
1638150 1132
1638160 1129
1638170 1129
1638180 1126
1638190 1124
1638200 1124
1638210 1121
1638220 1120
1638230 1120
1638240 1119
1638250 1118
1638260 1117
1638270 1117
1638280 1116
1638290 1114
1638300 1114
1638310 1112
1638320 1109
1638330 1109
1638340 1105
1638350 1101
1638360 1101
1638370 1098
1638380 1096
1638390 1096
1638400 1095
1638410 1094
1638420 1094
1638430 1092
1638440 1092
1638450 1090
1638460 1090
1638470 1089
1638480 1089
1638490 1089
1638500 1089
1638510 1089
1638520 1089
1638530 1089
1638540 1089
1638550 1089
1638560 1088
1638570 1087
1638580 1087
1638590 1085
1638600 1083
1638610 1081
1638620 1081
1638630 1079
1638640 1076
1638650 1076
1638660 1073
1638670 1070
1638680 1070
1638690 1068
1638700 1065
1638710 1065
1638720 1062
1638730 1059
1638740 1059
1638750 1056
1638760 1053
1638770 1053
1638780 1051
1638790 1050
1638800 1048
1638810 1048
1638820 1047
1638830 1046
1638840 1043
1638850 1041
1638860 1039
1638870 1039
1638880 1037
1638890 1034
1638900 1034
1638910 1032
1638920 1030
1638930 1030
1638940 1028
1638950 1026
1638960 1026
1638970 1024
1638980 1023
1638990 1022
1639000 1022
1639010 1021
1639020 1020
1639030 1020
1639040 1019
1639050 1016
1639060 1016
1639070 1014
1639080 1012
1639090 1012
1639100 1010
1639110 1009
1639120 1009
1639130 1008
1639140 1007
1639150 1006
1639160 1006
1639170 1005
1639180 1004
1639190 1004
1639200 1002
1639210 1000
1639220 1000
1639230 998
1639240 996
1639250 996
1639260 994
1639270 991
1639280 991
1639290 986
1639300 982
1639310 982
1639320 979
1639330 975
1639340 971
1639350 971
1639360 966
1639370 962
1639380 962
1639390 957
1639400 953
1639410 953
1639420 947
1639430 941
1639440 941
1639450 934
1639460 929
1639470 929
1639480 925
1639490 923
1639500 923
1639510 923
1639520 922
1639530 920
1639540 920
1639550 915
1639560 909
1639570 909
1639580 904
1639590 902
1639600 902
1639610 904
1639620 906
1639630 906
1639640 910
1639650 915
1639660 913
1639670 917
1639680 918
1639690 919
1639700 919
1639710 919
1639720 919
1639730 919
1639740 919
1639750 918
1639760 918
1639770 918
1639780 918
1639790 918
1639800 918
1639810 918
1639820 918
1639830 916
1639840 914
1639850 914
1639860 910
1639870 907
1639880 906
1639890 906
1639900 906
1639910 906
1639920 906
1639930 905
1639940 903
1639950 903
1639960 900
1639970 897
1639980 897
1639990 892
