1620000 691
1620010 691
1620020 688
1620030 687
1620040 687
1620050 686
1620060 686
1620070 686
1620080 686
1620090 686
1620100 684
1620110 684
1620120 681
1620130 677
1620140 677
1620150 675
1620160 674
1620170 674
1620180 671
1620190 669
1620200 669
1620210 666
1620220 663
1620230 663
1620240 662
1620250 663
1620260 663
1620270 662
1620280 660
1620290 657
1620300 657
1620310 655
1620320 653
1620330 653
1620340 648
1620350 645
1620360 645
1620370 642
1620380 640
1620390 640
1620400 636
1620410 632
1620420 632
1620430 634
1620440 629
1620450 622
1620460 622
1620470 617
1620480 611
1620490 611
1620500 599
1620510 584
1620520 584
1620530 574
1620540 571
1620550 571
1620560 571
1620570 571
1620580 571
1620590 571
1620600 571
1620610 571
1620620 570
1620630 570
1620640 570
1620650 570
1620660 574
1620670 583
1620680 583
1620690 596
1620700 606
1620710 606
1620720 614
1620730 622
1620740 622
1620750 629
1620760 633
1620770 633
1620780 637
1620790 641
1620800 641
1620810 646
1620820 650
1620830 652
1620840 652
1620850 651
1620860 650
1620870 650
1620880 642
1620890 633
1620900 633
1620910 631
1620920 624
1620930 624
1620940 620
1620950 617
1620960 617
1620970 615
1620980 612
1620990 608
1621000 608
1621010 602
1621020 598
1621030 598
1621040 597
1621050 596
1621060 596
1621070 594
1621080 594
1621090 594
1621100 593
1621110 593
1621120 593
1621130 593
1621140 593
1621150 593
1621160 593
1621170 593
1621180 593
1621190 593
1621200 593
1621210 593
1621220 593
1621230 594
1621240 594
1621250 594
1621260 594
1621270 594
1621280 594
1621290 593
1621300 594
1621310 594
1621320 596
1621330 598
1621340 598
1621350 598
1621360 599
1621370 600
1621380 600
1621390 602
1621400 603
1621410 603
1621420 604
1621430 605
1621440 605
1621450 609
1621460 611
1621470 611
1621480 612
1621490 614
1621500 614
1621510 619
1621520 623
1621530 625
1621540 625
1621550 627
1621560 630
1621570 630
1621580 633
1621590 637
1621600 637
1621610 639
1621620 642
1621630 642
1621640 645
1621650 648
1621660 648
1621670 650
1621680 652
1621690 652
1621700 652
1621710 654
1621720 654
1621730 654
1621740 655
1621750 657
1621760 657
1621770 660
1621780 662
1621790 662
1621800 665
1621810 667
1621820 667
1621830 669
1621840 674
1621850 674
1621860 679
1621870 683
1621880 685
1621890 685
1621900 687
1621910 689
1621920 689
1621930 691
1621940 692
1621950 692
1621960 693
1621970 692
1621980 692
1621990 692
1622000 691
1622010 691
1622020 694
1622030 698
1622040 698
1622050 701
1622060 703
1622070 707
1622080 707
1622090 713
1622100 717
1622110 717
1622120 722
1622130 725
1622140 725
1622150 729
1622160 734
1622170 734
1622180 739
1622190 744
1622200 744
1622210 748
1622220 752
1622230 757
1622240 757
1622250 761
1622260 765
1622270 765
1622280 768
1622290 771
1622300 771
1622310 775
1622320 778
1622330 778
1622340 782
1622350 784
1622360 784
1622370 786
1622380 788
1622390 788
1622400 790
1622410 791
1622420 791
1622430 791
1622440 787
1622450 783
1622460 783
1622470 778
1622480 773
1622490 773
1622500 768
1622510 766
1622520 766
1622530 764
1622540 762
1622550 762
1622560 760
1622570 758
1622580 758
1622590 756
1622600 754
1622610 752
1622620 752
1622630 749
1622640 746
1622650 746
1622660 743
1622670 739
1622680 739
1622690 732
1622700 724
1622710 724
1622720 717
1622730 712
1622740 712
1622750 710
1622760 705
1622770 703
1622780 703
1622790 710
1622800 717
1622810 717
1622820 723
1622830 729
1622840 729
1622850 732
1622860 733
1622870 733
1622880 733
1622890 732
1622900 732
1622910 731
1622920 729
1622930 729
1622940 728
1622950 727
1622960 726
1622970 726
1622980 724
1622990 721
1623000 721
1623010 721
1623020 719
1623030 719
1623040 717
1623050 714
1623060 714
1623070 712
1623080 708
1623090 708
1623100 706
1623110 706
1623120 706
1623130 706
1623140 706
1623150 707
1623160 707
1623170 703
1623180 704
1623190 704
1623200 705
1623210 706
1623220 706
1623230 707
1623240 708
1623250 708
1623260 709
1623270 711
1623280 711
1623290 717
1623300 723
1623310 727
1623320 727
1623330 732
1623340 737
1623350 737
1623360 742
1623370 746
1623380 746
1623390 749
1623400 749
1623410 749
1623420 743
1623430 732
1623440 732
1623450 722
1623460 715
1623470 715
1623480 713
1623490 713
1623500 714
1623510 714
1623520 715
1623530 719
1623540 719
1623550 724
1623560 733
1623570 733
1623580 740
1623590 745
1623600 745
1623610 751
1623620 755
1623630 755
1623640 752
1623650 749
1623660 745
1623670 745
1623680 742
1623690 740
1623700 740
1623710 740
1623720 740
1623730 740
1623740 739
1623750 737
1623760 737
1623770 736
1623780 737
1623790 737
1623800 737
1623810 736
1623820 736
1623830 735
1623840 736
1623850 739
1623860 739
1623870 743
1623880 747
1623890 747
1623900 751
1623910 755
1623920 755
1623930 758
1623940 760
1623950 760
1623960 765
1623970 772
1623980 772
1623990 779
1624000 786
1624010 786
1624020 791
1624030 796
1624040 799
1624050 799
1624060 799
1624070 797
1624080 789
1624090 788
1624100 787
1624110 787
1624120 786
1624130 785
1624140 785
1624150 785
1624160 784
1624170 784
1624180 784
1624190 784
1624200 784
1624210 784
1624220 784
1624230 784
1624240 784
1624250 784
1624260 782
1624270 782
1624280 780
1624290 782
1624300 782
1624310 784
1624320 784
1624330 784
1624340 783
1624350 784
1624360 784
1624370 786
1624380 787
1624390 783
1624400 783
1624410 780
1624420 778
1624430 778
1624440 778
1624450 777
1624460 777
1624470 778
1624480 779
1624490 779
1624500 778
1624510 780
1624520 780
1624530 780
1624540 780
1624550 780
1624560 780
1624570 780
1624580 780
1624590 780
1624600 780
1624610 780
1624620 780
1624630 780
1624640 781
1624650 781
1624660 785
1624670 790
1624680 790
1624690 795
1624700 799
1624710 799
1624720 803
1624730 806
1624740 810
1624750 810
1624760 814
1624770 818
1624780 818
1624790 821
1624800 824
1624810 824
1624820 825
1624830 824
1624840 824
1624850 823
1624860 821
1624870 821
1624880 821
1624890 822
1624900 822
1624910 822
1624920 823
1624930 824
1624940 824
1624950 825
1624960 823
1624970 823
1624980 814
1624990 808
1625000 808
1625010 804
1625020 803
1625030 803
1625040 804
1625050 808
1625060 808
1625070 810
1625080 811
1625090 810
1625100 810
1625110 809
1625120 810
1625130 810
1625140 811
1625150 812
1625160 812
1625170 812
1625180 812
1625190 812
1625200 813
1625210 817
1625220 817
1625230 821
1625240 824
1625250 824
1625260 825
1625270 825
1625280 822
1625290 822
1625300 821
1625310 822
1625320 822
1625330 825
1625340 830
1625350 830
1625360 836
1625370 842
1625380 842
1625390 849
1625400 855
1625410 855
1625420 862
1625430 868
1625440 873
1625450 873
1625460 878
1625470 882
1625480 882
1625490 887
1625500 892
1625510 892
1625520 893
1625530 894
1625540 894
1625550 894
1625560 894
1625570 894
1625580 895
1625590 895
1625600 895
1625610 895
1625620 894
1625630 892
1625640 892
1625650 892
1625660 894
1625670 894
1625680 895
1625690 889
1625700 889
1625710 884
1625720 881
1625730 881
1625740 879
1625750 877
1625760 877
1625770 873
1625780 872
1625790 872
1625800 873
1625810 875
1625820 879
1625830 879
1625840 883
1625850 884
1625860 884
1625870 888
1625880 900
1625890 900
1625900 907
1625910 914
1625920 914
1625930 923
1625940 929
1625950 929
1625960 938
1625970 943
1625980 944
1625990 944
1626000 940
1626010 935
1626020 935
1626030 931
1626040 930
1626050 930
1626060 930
1626070 931
1626080 931
1626090 930
1626100 931
1626110 931
1626120 934
1626130 935
1626140 935
1626150 937
1626160 937
1626170 937
1626180 937
1626190 937
1626200 937
1626210 937
1626220 937
1626230 935
1626240 935
1626250 932
1626260 930
1626270 930
1626280 927
1626290 924
1626300 924
1626310 921
1626320 917
1626330 914
1626340 914
1626350 913
1626360 914
1626370 914
1626380 915
1626390 917
1626400 917
1626410 919
1626420 923
1626430 923
1626440 929
1626450 935
1626460 935
1626470 941
1626480 948
1626490 948
1626500 954
1626510 958
1626520 964
1626530 964
1626540 968
1626550 972
1626560 972
1626570 977
1626580 983
1626590 983
1626600 989
1626610 995
1626620 995
1626630 1001
1626640 1007
1626650 1007
1626660 1014
1626670 1022
1626680 1022
1626690 1030
1626700 1037
1626710 1044
1626720 1044
1626730 1051
1626740 1057
1626750 1057
1626760 1063
1626770 1068
1626780 1068
1626790 1075
1626800 1081
1626810 1081
1626820 1088
1626830 1094
1626840 1094
1626850 1100
1626860 1107
1626870 1114
1626880 1114
1626890 1120
1626900 1127
1626910 1127
1626920 1134
1626930 1141
1626940 1141
1626950 1147
1626960 1152
1626970 1152
1626980 1156
1626990 1162
1627000 1162
1627010 1167
1627020 1173
1627030 1173
1627040 1178
1627050 1182
1627060 1187
1627070 1187
1627080 1192
1627090 1196
1627100 1196
1627110 1200
1627120 1204
1627130 1204
1627140 1207
1627150 1210
1627160 1210
1627170 1214
1627180 1216
1627190 1216
1627200 1219
1627210 1222
1627220 1222
1627230 1223
1627240 1225
1627250 1226
1627260 1226
1627270 1226
1627280 1227
1627290 1227
1627300 1228
1627310 1229
1627320 1229
1627330 1229
1627340 1228
1627350 1228
1627360 1227
1627370 1227
1627380 1227
1627390 1227
1627400 1229
1627410 1230
1627420 1230
1627430 1233
1627440 1238
1627450 1238
1627460 1242
1627470 1247
1627480 1247
1627490 1253
1627500 1258
1627510 1258
1627520 1263
1627530 1268
1627540 1268
1627550 1273
1627560 1278
1627570 1278
1627580 1282
1627590 1287
1627600 1292
1627610 1292
1627620 1296
1627630 1300
1627640 1300
1627650 1302
1627660 1306
1627670 1306
1627680 1310
1627690 1312
1627700 1312
1627710 1315
1627720 1317
1627730 1317
1627740 1318
1627750 1319
1627760 1319
1627770 1319
1627780 1317
1627790 1316
1627800 1316
1627810 1316
1627820 1315
1627830 1315
1627840 1314
1627850 1316
1627860 1316
1627870 1319
1627880 1321
1627890 1321
1627900 1323
1627910 1326
1627920 1326
1627930 1328
1627940 1331
1627950 1333
1627960 1333
1627970 1333
1627980 1333
1627990 1333
1628000 1334
1628010 1335
1628020 1335
1628030 1337
1628040 1342
1628050 1342
1628060 1346
1628070 1351
1628080 1351
1628090 1355
1628100 1358
1628110 1358
1628120 1361
1628130 1364
1628140 1367
1628150 1367
1628160 1370
1628170 1372
1628180 1372
1628190 1375
1628200 1377
1628210 1377
1628220 1379
1628230 1382
1628240 1382
1628250 1384
1628260 1386
1628270 1386
1628280 1388
1628290 1390
1628300 1392
1628310 1392
1628320 1394
1628330 1396
1628340 1396
1628350 1397
1628360 1399
1628370 1399
1628380 1401
1628390 1403
1628400 1403
1628410 1405
1628420 1407
1628430 1407
1628440 1409
1628450 1410
1628460 1410
1628470 1411
1628480 1411
1628490 1411
1628500 1411
1628510 1413
1628520 1414
1628530 1415
1628540 1415
1628550 1415
1628560 1415
1628570 1415
1628580 1415
1628590 1415
1628600 1416
1628610 1417
1628620 1417
1628630 1418
1628640 1419
1628650 1420
1628660 1420
1628670 1420
1628680 1420
1628690 1420
1628700 1420
1628710 1420
1628720 1420
1628730 1420
1628740 1420
1628750 1420
1628760 1421
1628770 1423
1628780 1423
1628790 1424
1628800 1425
1628810 1425
1628820 1425
1628830 1425
1628840 1425
1628850 1425
1628860 1424
1628870 1423
1628880 1423
1628890 1421
1628900 1420
1628910 1420
1628920 1417
1628930 1415
1628940 1415
1628950 1413
1628960 1409
1628970 1409
1628980 1405
1628990 1403
1629000 1403
1629010 1401
1629020 1400
1629030 1400
1629040 1400
1629050 1401
1629060 1402
1629070 1402
1629080 1402
1629090 1402
1629100 1402
1629110 1402
1629120 1398
1629130 1398
1629140 1395
1629150 1393
1629160 1393
1629170 1390
1629180 1386
1629190 1382
1629200 1382
1629210 1378
1629220 1376
1629230 1376
1629240 1376
1629250 1375
1629260 1375
1629270 1372
1629280 1372
1629290 1372
1629300 1372
1629310 1370
1629320 1370
1629330 1370
1629340 1372
1629350 1372
1629360 1375
1629370 1378
1629380 1381
1629390 1381
1629400 1382
1629410 1386
1629420 1386
1629430 1385
1629440 1384
1629450 1384
1629460 1381
1629470 1378
1629480 1378
1629490 1375
1629500 1374
1629510 1374
1629520 1375
1629530 1376
1629540 1376
1629550 1378
1629560 1379
1629570 1381
1629580 1381
1629590 1384
1629600 1387
1629610 1387
1629620 1388
1629630 1390
1629640 1390
1629650 1388
1629660 1388
1629670 1388
1629680 1390
1629690 1393
1629700 1393
1629710 1396
1629720 1399
1629730 1401
1629740 1401
1629750 1404
1629760 1407
1629770 1407
1629780 1410
1629790 1412
1629800 1412
1629810 1415
1629820 1418
1629830 1418
1629840 1421
1629850 1425
1629860 1425
1629870 1428
1629880 1432
1629890 1432
1629900 1436
1629910 1440
1629920 1444
1629930 1444
1629940 1448
1629950 1452
1629960 1452
1629970 1455
1629980 1458
1629990 1458
1630000 1461
1630010 1464
1630020 1464
1630030 1466
1630040 1469
1630050 1469
1630060 1472
1630070 1476
1630080 1481
1630090 1481
1630100 1485
1630110 1490
1630120 1490
1630130 1494
1630140 1498
1630150 1498
1630160 1502
1630170 1506
1630180 1506
1630190 1511
1630200 1515
1630210 1515
1630220 1520
1630230 1524
1630240 1524
1630250 1528
1630260 1532
1630270 1534
1630280 1534
1630290 1538
1630300 1542
1630310 1542
1630320 1547
1630330 1551
1630340 1551
1630350 1554
1630360 1558
1630370 1558
1630380 1562
1630390 1565
1630400 1565
1630410 1568
1630420 1571
1630430 1571
1630440 1575
1630450 1578
1630460 1581
1630470 1581
1630480 1583
1630490 1586
1630500 1586
1630510 1590
1630520 1593
1630530 1593
1630540 1596
1630550 1599
1630560 1599
1630570 1602
1630580 1604
1630590 1604
1630600 1606
1630610 1608
1630620 1610
1630630 1610
1630640 1613
1630650 1616
1630660 1616
1630670 1619
1630680 1621
1630690 1621
1630700 1624
1630710 1625
1630720 1625
1630730 1627
1630740 1628
1630750 1628
1630760 1630
1630770 1631
1630780 1631
1630790 1633
1630800 1635
1630810 1638
1630820 1638
1630830 1640
1630840 1643
1630850 1643
1630860 1644
1630870 1646
1630880 1646
1630890 1649
1630900 1651
1630910 1651
1630920 1653
1630930 1655
1630940 1655
1630950 1657
1630960 1659
1630970 1661
1630980 1661
1630990 1664
1631000 1666
1631010 1666
1631020 1669
1631030 1671
1631040 1671
1631050 1674
1631060 1678
1631070 1678
1631080 1681
1631090 1684
1631100 1684
1631110 1688
1631120 1693
1631130 1693
1631140 1697
1631150 1701
1631160 1704
1631170 1704
1631180 1707
1631190 1710
1631200 1710
1631210 1713
1631220 1715
1631230 1715
1631240 1717
1631250 1719
1631260 1719
1631270 1720
1631280 1721
1631290 1721
1631300 1721
1631310 1721
1631320 1721
1631330 1721
1631340 1720
1631350 1719
1631360 1719
1631370 1718
1631380 1716
1631390 1716
1631400 1714
1631410 1711
1631420 1711
1631430 1709
1631440 1707
1631450 1707
1631460 1705
1631470 1702
1631480 1702
1631490 1699
1631500 1695
1631510 1692
1631520 1692
1631530 1689
1631540 1686
1631550 1686
1631560 1683
1631570 1680
1631580 1680
1631590 1678
1631600 1675
1631610 1675
1631620 1672
1631630 1668
1631640 1668
1631650 1665
1631660 1662
1631670 1662
1631680 1661
1631690 1659
1631700 1657
1631710 1657
1631720 1657
1631730 1656
1631740 1656
1631750 1657
1631760 1657
1631770 1657
1631780 1657
1631790 1657
1631800 1657
1631810 1656
1631820 1656
1631830 1656
1631840 1656
1631850 1656
1631860 1654
1631870 1654
1631880 1652
1631890 1652
1631900 1652
1631910 1652
1631920 1652
1631930 1652
1631940 1652
1631950 1652
1631960 1652
1631970 1653
1631980 1653
1631990 1653
1632000 1655
1632010 1654
1632020 1654
1632030 1654
1632040 1653
1632050 1653
1632060 1653
1632070 1653
1632080 1652
1632090 1652
1632100 1651
1632110 1650
1632120 1650
1632130 1650
1632140 1649
1632150 1649
1632160 1648
1632170 1647
1632180 1647
1632190 1646
1632200 1644
1632210 1644
1632220 1642
1632230 1639
1632240 1636
1632250 1636
1632260 1634
1632270 1631
1632280 1631
1632290 1628
1632300 1625
1632310 1625
1632320 1622
1632330 1619
1632340 1619
1632350 1615
1632360 1611
1632370 1611
1632380 1607
1632390 1602
1632400 1598
1632410 1598
1632420 1593
1632430 1589
1632440 1589
1632450 1586
1632460 1583
1632470 1583
1632480 1580
1632490 1577
1632500 1577
1632510 1574
1632520 1571
1632530 1571
1632540 1567
1632550 1564
1632560 1564
1632570 1560
1632580 1557
1632590 1552
1632600 1552
1632610 1547
1632620 1543
1632630 1543
1632640 1539
1632650 1534
1632660 1534
1632670 1529
1632680 1525
1632690 1525
1632700 1522
1632710 1519
1632720 1519
1632730 1517
1632740 1516
1632750 1514
1632760 1514
1632770 1513
1632780 1513
1632790 1513
1632800 1514
1632810 1515
1632820 1515
1632830 1515
1632840 1515
1632850 1519
1632860 1519
1632870 1519
1632880 1519
1632890 1519
1632900 1519
1632910 1519
1632920 1520
1632930 1520
1632940 1520
1632950 1520
1632960 1521
1632970 1521
1632980 1521
1632990 1521
1633000 1521
1633010 1521
1633020 1522
1633030 1522
1633040 1522
1633050 1522
1633060 1522
1633070 1522
1633080 1522
1633090 1522
1633100 1522
1633110 1522
1633120 1521
1633130 1521
1633140 1521
1633150 1521
1633160 1521
1633170 1521
1633180 1521
1633190 1522
1633200 1522
1633210 1523
1633220 1523
1633230 1523
1633240 1522
1633250 1520
1633260 1520
1633270 1518
1633280 1517
1633290 1515
1633300 1515
1633310 1513
1633320 1510
1633330 1510
1633340 1507
1633350 1504
1633360 1504
1633370 1501
1633380 1498
1633390 1498
1633400 1495
1633410 1491
1633420 1491
1633430 1488
1633440 1485
1633450 1485
1633460 1482
1633470 1480
1633480 1477
1633490 1477
1633500 1474
1633510 1471
1633520 1471
1633530 1467
1633540 1463
1633550 1463
1633560 1458
1633570 1453
1633580 1453
1633590 1449
1633600 1444
1633610 1444
1633620 1440
1633630 1436
1633640 1431
1633650 1431
1633660 1427
1633670 1422
1633680 1422
1633690 1418
1633700 1420
1633710 1420
1633720 1421
1633730 1422
1633740 1422
1633750 1422
1633760 1421
1633770 1421
1633780 1421
1633790 1421
1633800 1421
1633810 1422
1633820 1423
1633830 1424
1633840 1424
1633850 1425
1633860 1427
1633870 1427
1633880 1428
1633890 1430
1633900 1430
1633910 1431
1633920 1432
1633930 1432
1633940 1433
1633950 1433
1633960 1433
1633970 1433
1633980 1433
1633990 1433
1634000 1433
1634010 1434
1634020 1435
1634030 1435
1634040 1436
1634050 1438
1634060 1438
1634070 1439
1634080 1440
1634090 1440
1634100 1441
1634110 1443
1634120 1443
1634130 1445
1634140 1445
1634150 1445
1634160 1446
1634170 1446
1634180 1445
1634190 1445
1634200 1444
1634210 1442
1634220 1442
1634230 1441
1634240 1440
1634250 1440
1634260 1439
1634270 1437
1634280 1437
1634290 1432
1634300 1428
1634310 1428
1634320 1427
1634330 1426
1634340 1426
1634350 1427
1634360 1427
1634370 1428
1634380 1428
1634390 1433
1634400 1437
1634410 1437
1634420 1438
1634430 1436
1634440 1436
1634450 1435
1634460 1435
1634470 1435
1634480 1435
1634490 1436
1634500 1436
1634510 1436
1634520 1437
1634530 1437
1634540 1441
1634550 1441
1634560 1441
1634570 1441
1634580 1442
1634590 1443
1634600 1443
1634610 1443
1634620 1444
1634630 1444
1634640 1445
1634650 1446
1634660 1446
1634670 1447
1634680 1448
1634690 1448
1634700 1449
1634710 1450
1634720 1450
1634730 1450
1634740 1451
1634750 1451
1634760 1451
1634770 1451
1634780 1451
1634790 1451
1634800 1451
1634810 1450
1634820 1450
1634830 1449
1634840 1448
1634850 1448
1634860 1446
1634870 1444
1634880 1444
1634890 1442
1634900 1440
1634910 1436
1634920 1436
1634930 1433
1634940 1432
1634950 1432
1634960 1430
1634970 1428
1634980 1428
1634990 1427
1635000 1426
1635010 1426
1635020 1425
1635030 1423
1635040 1423
1635050 1422
1635060 1420
1635070 1418
1635080 1418
1635090 1416
1635100 1414
1635110 1414
1635120 1412
1635130 1411
1635140 1411
1635150 1409
1635160 1407
1635170 1407
1635180 1406
1635190 1404
1635200 1404
1635210 1402
1635220 1400
1635230 1400
1635240 1397
1635250 1395
1635260 1392
1635270 1392
1635280 1389
1635290 1384
1635300 1384
1635310 1379
1635320 1375
1635330 1375
1635340 1371
1635350 1367
1635360 1367
1635370 1364
1635380 1360
1635390 1360
1635400 1357
1635410 1354
1635420 1354
1635430 1350
1635440 1347
1635450 1344
1635460 1344
1635470 1341
1635480 1338
1635490 1338
1635500 1335
1635510 1334
1635520 1334
1635530 1332
1635540 1331
1635550 1331
1635560 1329
1635570 1327
1635580 1327
1635590 1326
1635600 1325
1635610 1324
1635620 1324
1635630 1323
1635640 1323
1635650 1323
1635660 1322
1635670 1321
1635680 1321
1635690 1320
1635700 1319
1635710 1319
1635720 1319
1635730 1318
1635740 1318
1635750 1317
1635760 1314
1635770 1314
1635780 1310
1635790 1308
1635800 1306
1635810 1306
1635820 1304
1635830 1303
1635840 1303
1635850 1301
1635860 1300
1635870 1300
1635880 1300
1635890 1299
1635900 1299
1635910 1298
1635920 1298
1635930 1298
1635940 1297
1635950 1297
1635960 1296
1635970 1296
1635980 1296
1635990 1296
1636000 1296
1636010 1296
1636020 1296
1636030 1296
1636040 1297
1636050 1298
1636060 1298
1636070 1299
1636080 1300
1636090 1300
1636100 1300
1636110 1300
1636120 1300
1636130 1299
1636140 1299
1636150 1299
1636160 1299
1636170 1299
1636180 1299
1636190 1299
1636200 1298
1636210 1297
1636220 1295
1636230 1293
1636240 1291
1636250 1291
1636260 1289
1636270 1287
1636280 1287
1636290 1285
1636300 1285
1636310 1285
1636320 1283
1636330 1282
1636340 1280
1636350 1280
1636360 1278
1636370 1277
1636380 1277
1636390 1276
1636400 1276
1636410 1276
1636420 1275
1636430 1274
1636440 1274
1636450 1273
1636460 1271
1636470 1271
1636480 1269
1636490 1269
1636500 1268
1636510 1268
1636520 1267
1636530 1267
1636540 1267
1636550 1267
1636560 1265
1636570 1265
1636580 1264
1636590 1262
1636600 1262
1636610 1260
1636620 1258
1636630 1258
1636640 1257
1636650 1255
1636660 1255
1636670 1253
1636680 1251
1636690 1248
1636700 1248
1636710 1246
1636720 1245
1636730 1245
1636740 1243
1636750 1240
1636760 1240
1636770 1239
1636780 1237
1636790 1237
1636800 1236
1636810 1235
1636820 1235
1636830 1233
1636840 1231
1636850 1229
1636860 1229
1636870 1228
1636880 1227
1636890 1227
1636900 1226
1636910 1225
1636920 1225
1636930 1223
1636940 1221
1636950 1221
1636960 1219
1636970 1217
1636980 1217
1636990 1215
1637000 1211
1637010 1211
1637020 1207
1637030 1203
1637040 1200
1637050 1198
1637060 1195
1637070 1192
1637080 1192
1637090 1188
1637100 1186
1637110 1186
1637120 1187
1637130 1188
1637140 1188
1637150 1189
1637160 1189
1637170 1189
1637180 1191
1637190 1192
1637200 1192
1637210 1192
1637220 1193
1637230 1193
1637240 1193
1637250 1193
1637260 1193
1637270 1193
1637280 1192
1637290 1191
1637300 1191
1637310 1190
1637320 1188
1637330 1188
1637340 1186
1637350 1186
1637360 1186
1637370 1185
1637380 1186
1637390 1186
1637400 1186
1637410 1187
1637420 1188
1637430 1188
1637440 1189
1637450 1189
1637460 1189
1637470 1189
1637480 1189
1637490 1189
1637500 1189
1637510 1188
1637520 1188
1637530 1188
1637540 1188
1637550 1188
1637560 1188
1637570 1189
1637580 1188
1637590 1188
1637600 1186
1637610 1183
1637620 1183
1637630 1181
1637640 1178
1637650 1178
1637660 1176
1637670 1175
1637680 1175
1637690 1171
1637700 1165
1637710 1165
1637720 1160
1637730 1158
1637740 1155
1637750 1155
1637760 1152
1637770 1149
1637780 1149
1637790 1146
1637800 1141
1637810 1141
1637820 1135
1637830 1129
1637840 1129
1637850 1124
1637860 1120
1637870 1120
1637880 1116
1637890 1113
1637900 1113
1637910 1111
1637920 1109
1637930 1108
1637940 1108
1637950 1107
1637960 1105
1637970 1105
1637980 1102
1637990 1098
1638000 1098
1638010 1097
1638020 1096
1638030 1096
1638040 1097
1638050 1098
1638060 1098
1638070 1098
1638080 1096
1638090 1096
1638100 1094
1638110 1091
1638120 1089
1638130 1089
1638140 1087
1638150 1084
1638160 1084
1638170 1082
1638180 1080
1638190 1080
1638200 1078
1638210 1077
1638220 1077
1638230 1076
1638240 1077
1638250 1077
1638260 1077
1638270 1078
1638280 1078
1638290 1078
1638300 1075
1638310 1070
1638320 1070
1638330 1065
1638340 1058
1638350 1058
1638360 1051
1638370 1044
1638380 1044
1638390 1038
1638400 1034
1638410 1034
1638420 1032
1638430 1030
1638440 1030
1638450 1029
1638460 1027
1638470 1027
1638480 1027
1638490 1028
1638500 1027
1638510 1027
1638520 1026
1638530 1023
1638540 1023
1638550 1020
1638560 1016
1638570 1016
1638580 1014
1638590 1013
1638600 1013
1638610 1011
1638620 1011
1638630 1011
1638640 1012
1638650 1012
1638660 1011
1638670 1011
1638680 1011
1638690 1009
1638700 1005
1638710 1003
1638720 1003
1638730 1003
1638740 1004
1638750 1006
1638760 1006
1638770 1007
1638780 1009
1638790 1009
1638800 1010
1638810 1010
1638820 1011
1638830 1011
1638840 1011
1638850 1011
1638860 1011
1638870 1011
1638880 1009
1638890 1009
1638900 1008
1638910 1006
1638920 1006
1638930 1004
1638940 1002
1638950 1002
1638960 999
1638970 996
1638980 996
1638990 993
1639000 989
1639010 986
1639020 986
1639030 983
1639040 980
1639050 980
1639060 977
1639070 973
1639080 973
1639090 968
1639100 965
1639110 965
1639120 961
1639130 959
1639140 959
1639150 957
1639160 957
1639170 958
1639180 958
1639190 958
1639200 957
1639210 957
1639220 956
1639230 956
1639240 956
1639250 955
1639260 953
1639270 953
1639280 950
1639290 946
1639300 946
1639310 942
1639320 938
1639330 938
1639340 935
1639350 931
1639360 928
1639370 928
1639380 925
1639390 922
1639400 922
1639410 920
1639420 918
1639430 918
1639440 916
1639450 911
1639460 911
1639470 908
1639480 906
1639490 906
1639500 905
1639510 912
1639520 912
1639530 914
1639540 914
1639550 913
1639560 913
1639570 913
1639580 912
1639590 912
1639600 913
1639610 917
1639620 917
1639630 923
1639640 931
1639650 931
1639660 935
1639670 937
1639680 937
1639690 939
1639700 941
1639710 944
1639720 944
1639730 947
1639740 949
1639750 949
1639760 950
1639770 950
1639780 950
1639790 949
1639800 948
1639810 948
1639820 944
1639830 939
1639840 939
1639850 933
1639860 928
1639870 928
1639880 925
1639890 924
1639900 924
1639910 924
1639920 925
1639930 924
1639940 924
1639950 923
1639960 922
1639970 922
1639980 920
1639990 919
