1620000 742
1620010 742
1620020 743
1620030 743
1620040 743
1620050 743
1620060 742
1620070 742
1620080 741
1620090 743
1620100 743
1620110 746
1620120 748
1620130 748
1620140 751
1620150 753
1620160 753
1620170 756
1620180 758
1620190 758
1620200 758
1620210 757
1620220 754
1620230 754
1620240 749
1620250 742
1620260 742
1620270 739
1620280 739
1620290 739
1620300 742
1620310 745
1620320 745
1620330 749
1620340 753
1620350 753
1620360 757
1620370 760
1620380 760
1620390 764
1620400 767
1620410 772
1620420 772
1620430 772
1620440 777
1620450 777
1620460 780
1620470 782
1620480 782
1620490 783
1620500 786
1620510 786
1620520 788
1620530 791
1620540 791
1620550 794
1620560 796
1620570 796
1620580 796
1620590 794
1620600 791
1620610 791
1620620 789
1620630 787
1620640 787
1620650 786
1620660 787
1620670 787
1620680 788
1620690 788
1620700 788
1620710 788
1620720 786
1620730 786
1620740 784
1620750 783
1620760 783
1620770 781
1620780 779
1620790 779
1620800 779
1620810 779
1620820 781
1620830 781
1620840 782
1620850 780
1620860 780
1620870 777
1620880 772
1620890 772
1620900 766
1620910 759
1620920 759
1620930 753
1620940 748
1620950 747
1620960 747
1620970 749
1620980 752
1620990 752
1621000 753
1621010 753
1621020 753
1621030 755
1621040 762
1621050 762
1621060 769
1621070 774
1621080 774
1621090 778
1621100 783
1621110 783
1621120 786
1621130 788
1621140 790
1621150 790
1621160 791
1621170 790
1621180 790
1621190 787
1621200 786
1621210 786
1621220 789
1621230 792
1621240 792
1621250 795
1621260 796
1621270 796
1621280 794
1621290 790
1621300 790
1621310 785
1621320 779
1621330 773
1621340 773
1621350 767
1621360 759
1621370 759
1621380 752
1621390 745
1621400 745
1621410 741
1621420 736
1621430 736
1621440 733
1621450 729
1621460 729
1621470 726
1621480 722
1621490 719
1621500 719
1621510 717
1621520 716
1621530 716
1621540 715
1621550 714
1621560 714
1621570 711
1621580 710
1621590 710
1621600 711
1621610 712
1621620 712
1621630 715
1621640 718
1621650 718
1621660 720
1621670 723
1621680 725
1621690 725
1621700 729
1621710 730
1621720 730
1621730 733
1621740 736
1621750 736
1621760 739
1621770 743
1621780 743
1621790 746
1621800 749
1621810 749
1621820 752
1621830 754
1621840 754
1621850 756
1621860 758
1621870 760
1621880 760
1621890 761
1621900 763
1621910 763
1621920 764
1621930 765
1621940 765
1621950 766
1621960 767
1621970 767
1621980 767
1621990 768
1622000 768
1622010 769
1622020 771
1622030 773
1622040 773
1622050 776
1622060 780
1622070 780
1622080 783
1622090 785
1622100 785
1622110 789
1622120 792
1622130 792
1622140 794
1622150 795
1622160 795
1622170 797
1622180 801
1622190 801
1622200 804
1622210 806
1622220 808
1622230 808
1622240 811
1622250 816
1622260 816
1622270 823
1622280 832
1622290 832
1622300 836
1622310 837
1622320 837
1622330 834
1622340 826
1622350 826
1622360 821
1622370 825
1622380 825
1622390 833
1622400 840
1622410 847
1622420 847
1622430 853
1622440 858
1622450 858
1622460 863
1622470 867
1622480 867
1622490 869
1622500 872
1622510 872
1622520 874
1622530 876
1622540 876
1622550 879
1622560 881
1622570 883
1622580 883
1622590 885
1622600 887
1622610 887
1622620 888
1622630 889
1622640 889
1622650 890
1622660 890
1622670 890
1622680 889
1622690 887
1622700 887
1622710 886
1622720 885
1622730 885
1622740 883
1622750 883
1622760 884
1622770 884
1622780 886
1622790 888
1622800 888
1622810 891
1622820 893
1622830 893
1622840 895
1622850 898
1622860 898
1622870 902
1622880 909
1622890 909
1622900 914
1622910 920
1622920 920
1622930 925
1622940 927
1622950 930
1622960 930
1622970 933
1622980 935
1622990 935
1623000 938
1623010 941
1623020 941
1623030 944
1623040 946
1623050 946
1623060 947
1623070 948
1623080 948
1623090 950
1623100 952
1623110 955
1623120 955
1623130 957
1623140 956
1623150 956
1623160 951
1623170 945
1623180 945
1623190 942
1623200 939
1623210 939
1623220 937
1623230 936
1623240 936
1623250 936
1623260 935
1623270 935
1623280 933
1623290 933
1623300 933
1623310 933
1623320 933
1623330 933
1623340 933
1623350 936
1623360 940
1623370 940
1623380 944
1623390 948
1623400 948
1623410 950
1623420 951
1623430 951
1623440 953
1623450 955
1623460 955
1623470 958
1623480 962
1623490 965
1623500 965
1623510 967
1623520 968
1623530 968
1623540 968
1623550 969
1623560 969
1623570 969
1623580 967
1623590 967
1623600 964
1623610 962
1623620 962
1623630 960
1623640 958
1623650 956
1623660 956
1623670 954
1623680 956
1623690 956
1623700 956
1623710 954
1623720 954
1623730 954
1623740 959
1623750 959
1623760 965
1623770 969
1623780 969
1623790 973
1623800 977
1623810 977
1623820 979
1623830 979
1623840 978
1623850 978
1623860 975
1623870 974
1623880 974
1623890 976
1623900 980
1623910 980
1623920 987
1623930 994
1623940 994
1623950 998
1623960 1002
1623970 1002
1623980 1007
1623990 1012
1624000 1012
1624010 1018
1624020 1023
1624030 1028
1624040 1028
1624050 1033
1624060 1039
1624070 1039
1624080 1045
1624090 1051
1624100 1048
1624110 1055
1624120 1062
1624130 1062
1624140 1067
1624150 1073
1624160 1073
1624170 1077
1624180 1080
1624190 1080
1624200 1083
1624210 1085
1624220 1087
1624230 1087
1624240 1090
1624250 1094
1624260 1094
1624270 1099
1624280 1103
1624290 1103
1624300 1106
1624310 1110
1624320 1110
1624330 1114
1624340 1119
1624350 1119
1624360 1124
1624370 1129
1624380 1134
1624390 1134
1624400 1138
1624410 1143
1624420 1143
1624430 1146
1624440 1151
1624450 1151
1624460 1155
1624470 1160
1624480 1160
1624490 1164
1624500 1169
1624510 1169
1624520 1173
1624530 1177
1624540 1177
1624550 1181
1624560 1186
1624570 1191
1624580 1191
1624590 1197
1624600 1201
1624610 1201
1624620 1205
1624630 1209
1624640 1209
1624650 1213
1624660 1216
1624670 1216
1624680 1219
1624690 1222
1624700 1222
1624710 1224
1624720 1226
1624730 1226
1624740 1228
1624750 1229
1624760 1231
1624770 1231
1624780 1232
1624790 1234
1624800 1234
1624810 1236
1624820 1239
1624830 1239
1624840 1241
1624850 1244
1624860 1244
1624870 1247
1624880 1249
1624890 1249
1624900 1250
1624910 1250
1624920 1251
1624930 1251
1624940 1253
1624950 1255
1624960 1255
1624970 1257
1624980 1260
1624990 1260
1625000 1259
1625010 1262
1625020 1262
1625030 1264
1625040 1266
1625050 1266
1625060 1267
1625070 1269
1625080 1269
1625090 1271
1625100 1272
1625110 1272
1625120 1272
1625130 1271
1625140 1271
1625150 1271
1625160 1270
1625170 1271
1625180 1271
1625190 1272
1625200 1274
1625210 1274
1625220 1275
1625230 1277
1625240 1277
1625250 1279
1625260 1281
1625270 1281
1625280 1284
1625290 1287
1625300 1290
1625310 1290
1625320 1292
1625330 1295
1625340 1295
1625350 1297
1625360 1299
1625370 1299
1625380 1301
1625390 1303
1625400 1303
1625410 1305
1625420 1307
1625430 1307
1625440 1309
1625450 1312
1625460 1314
1625470 1314
1625480 1317
1625490 1319
1625500 1319
1625510 1322
1625520 1323
1625530 1323
1625540 1325
1625550 1326
1625560 1326
1625570 1328
1625580 1330
1625590 1330
1625600 1332
1625610 1333
1625620 1333
1625630 1335
1625640 1337
1625650 1339
1625660 1339
1625670 1339
1625680 1340
1625690 1340
1625700 1341
1625710 1342
1625720 1342
1625730 1343
1625740 1345
1625750 1345
1625760 1346
1625770 1347
1625780 1347
1625790 1347
1625800 1349
1625810 1349
1625820 1351
1625830 1353
1625840 1354
1625850 1354
1625860 1356
1625870 1357
1625880 1357
1625890 1358
1625900 1354
1625910 1354
1625920 1355
1625930 1356
1625940 1356
1625950 1356
1625960 1354
1625970 1354
1625980 1352
1625990 1350
1626000 1348
1626010 1348
1626020 1345
1626030 1344
1626040 1344
1626050 1342
1626060 1341
1626070 1341
1626080 1341
1626090 1343
1626100 1343
1626110 1344
1626120 1346
1626130 1346
1626140 1351
1626150 1355
1626160 1355
1626170 1360
1626180 1364
1626190 1368
1626200 1368
1626210 1372
1626220 1376
1626230 1376
1626240 1379
1626250 1382
1626260 1382
1626270 1383
1626280 1384
1626290 1384
1626300 1387
1626310 1390
1626320 1390
1626330 1394
1626340 1398
1626350 1398
1626360 1401
1626370 1404
1626380 1406
1626390 1406
1626400 1408
1626410 1411
1626420 1411
1626430 1412
1626440 1415
1626450 1415
1626460 1417
1626470 1419
1626480 1419
1626490 1422
1626500 1424
1626510 1424
1626520 1426
1626530 1428
1626540 1428
1626550 1431
1626560 1433
1626570 1436
1626580 1436
1626590 1439
1626600 1441
1626610 1441
1626620 1443
1626630 1444
1626640 1444
1626650 1446
1626660 1448
1626670 1448
1626680 1450
1626690 1451
1626700 1451
1626710 1452
1626720 1453
1626730 1455
1626740 1455
1626750 1456
1626760 1457
1626770 1457
1626780 1458
1626790 1462
1626800 1462
1626810 1464
1626820 1465
1626830 1465
1626840 1465
1626850 1465
1626860 1465
1626870 1466
1626880 1466
1626890 1466
1626900 1466
1626910 1465
1626920 1463
1626930 1463
1626940 1462
1626950 1462
1626960 1462
1626970 1463
1626980 1463
1626990 1463
1627000 1463
1627010 1462
1627020 1462
1627030 1462
1627040 1462
1627050 1462
1627060 1462
1627070 1462
1627080 1462
1627090 1462
1627100 1462
1627110 1464
1627120 1464
1627130 1465
1627140 1467
1627150 1467
1627160 1467
1627170 1465
1627180 1465
1627190 1462
1627200 1457
1627210 1457
1627220 1453
1627230 1454
1627240 1454
1627250 1455
1627260 1457
1627270 1459
1627280 1459
1627290 1461
1627300 1463
1627310 1463
1627320 1465
1627330 1468
1627340 1468
1627350 1470
1627360 1472
1627370 1472
1627380 1473
1627390 1475
1627400 1475
1627410 1477
1627420 1478
1627430 1478
1627440 1479
1627450 1479
1627460 1480
1627470 1480
1627480 1482
1627490 1483
1627500 1483
1627510 1483
1627520 1483
1627530 1483
1627540 1483
1627550 1484
1627560 1484
1627570 1485
1627580 1485
1627590 1485
1627600 1486
1627610 1486
1627620 1486
1627630 1487
1627640 1486
1627650 1486
1627660 1486
1627670 1486
1627680 1488
1627690 1488
1627700 1488
1627710 1489
1627720 1489
1627730 1489
1627740 1490
1627750 1490
1627760 1491
1627770 1491
1627780 1491
1627790 1492
1627800 1493
1627810 1495
1627820 1495
1627830 1496
1627840 1498
1627850 1498
1627860 1499
1627870 1500
1627880 1500
1627890 1501
1627900 1502
1627910 1502
1627920 1502
1627930 1502
1627940 1502
1627950 1502
1627960 1501
1627970 1501
1627980 1501
1627990 1500
1628000 1498
1628010 1498
1628020 1497
1628030 1496
1628040 1496
1628050 1496
1628060 1497
1628070 1497
1628080 1498
1628090 1498
1628100 1498
1628110 1499
1628120 1499
1628130 1499
1628140 1500
1628150 1501
1628160 1501
1628170 1500
1628180 1499
1628190 1499
1628200 1499
1628210 1499
1628220 1501
1628230 1501
1628240 1503
1628250 1505
1628260 1505
1628270 1507
1628280 1507
1628290 1507
1628300 1508
1628310 1510
1628320 1510
1628330 1512
1628340 1512
1628350 1515
1628360 1515
1628370 1517
1628380 1516
1628390 1516
1628400 1515
1628410 1513
1628420 1513
1628430 1514
1628440 1517
1628450 1517
1628460 1521
1628470 1524
1628480 1524
1628490 1527
1628500 1530
1628510 1530
1628520 1531
1628530 1531
1628540 1531
1628550 1534
1628560 1534
1628570 1535
1628580 1535
1628590 1535
1628600 1536
1628610 1536
1628620 1537
1628630 1538
1628640 1538
1628650 1539
1628660 1540
1628670 1540
1628680 1540
1628690 1540
1628700 1540
1628710 1540
1628720 1539
1628730 1540
1628740 1540
1628750 1543
1628760 1546
1628770 1546
1628780 1548
1628790 1551
1628800 1551
1628810 1553
1628820 1556
1628830 1556
1628840 1558
1628850 1560
1628860 1560
1628870 1562
1628880 1565
1628890 1567
1628900 1567
1628910 1569
1628920 1570
1628930 1570
1628940 1570
1628950 1571
1628960 1571
1628970 1571
1628980 1571
1628990 1571
1629000 1570
1629010 1569
1629020 1569
1629030 1568
1629040 1568
1629050 1568
1629060 1568
1629070 1567
1629080 1566
1629090 1566
1629100 1564
1629110 1564
1629120 1564
1629130 1571
1629140 1578
1629150 1578
1629160 1582
1629170 1587
1629180 1587
1629190 1590
1629200 1592
1629210 1592
1629220 1596
1629230 1602
1629240 1602
1629250 1606
1629260 1610
1629270 1614
1629280 1614
1629290 1619
1629300 1624
1629310 1624
1629320 1629
1629330 1633
1629340 1633
1629350 1636
1629360 1639
1629370 1639
1629380 1642
1629390 1644
1629400 1644
1629410 1646
1629420 1648
1629430 1648
1629440 1650
1629450 1652
1629460 1655
1629470 1655
1629480 1657
1629490 1661
1629500 1661
1629510 1664
1629520 1666
1629530 1666
1629540 1668
1629550 1671
1629560 1671
1629570 1674
1629580 1676
1629590 1676
1629600 1678
1629610 1680
1629620 1683
1629630 1683
1629640 1686
1629650 1689
1629660 1689
1629670 1692
1629680 1696
1629690 1696
1629700 1701
1629710 1706
1629720 1706
1629730 1711
1629740 1716
1629750 1716
1629760 1721
1629770 1725
1629780 1725
1629790 1729
1629800 1733
1629810 1738
1629820 1738
1629830 1743
1629840 1748
1629850 1748
1629860 1752
1629870 1757
1629880 1757
1629890 1762
1629900 1767
1629910 1767
1629920 1771
1629930 1775
1629940 1775
1629950 1779
1629960 1782
1629970 1782
1629980 1785
1629990 1788
1630000 1790
1630010 1790
1630020 1794
1630030 1797
1630040 1797
1630050 1801
1630060 1805
1630070 1805
1630080 1808
1630090 1811
1630100 1811
1630110 1813
1630120 1813
1630130 1813
1630140 1814
1630150 1815
1630160 1817
1630170 1817
1630180 1818
1630190 1819
1630200 1819
1630210 1821
1630220 1822
1630230 1822
1630240 1823
1630250 1824
1630260 1824
1630270 1825
1630280 1827
1630290 1827
1630300 1827
1630310 1829
1630320 1829
1630330 1831
1630340 1832
1630350 1834
1630360 1834
1630370 1835
1630380 1837
1630390 1837
1630400 1838
1630410 1840
1630420 1840
1630430 1841
1630440 1842
1630450 1842
1630460 1843
1630470 1844
1630480 1844
1630490 1846
1630500 1848
1630510 1848
1630520 1850
1630530 1852
1630540 1854
1630550 1854
1630560 1856
1630570 1857
1630580 1857
1630590 1859
1630600 1861
1630610 1861
1630620 1863
1630630 1864
1630640 1864
1630650 1866
1630660 1867
1630670 1867
1630680 1868
1630690 1870
1630700 1871
1630710 1871
1630720 1872
1630730 1873
1630740 1873
1630750 1874
1630760 1875
1630770 1875
1630780 1876
1630790 1877
1630800 1877
1630810 1877
1630820 1878
1630830 1878
1630840 1879
1630850 1879
1630860 1879
1630870 1879
1630880 1879
1630890 1879
1630900 1879
1630910 1879
1630920 1879
1630930 1879
1630940 1879
1630950 1878
1630960 1878
1630970 1878
1630980 1877
1630990 1877
1631000 1877
1631010 1875
1631020 1875
1631030 1874
1631040 1873
1631050 1873
1631060 1871
1631070 1870
1631080 1869
1631090 1869
1631100 1868
1631110 1866
1631120 1866
1631130 1865
1631140 1863
1631150 1863
1631160 1861
1631170 1860
1631180 1860
1631190 1858
1631200 1857
1631210 1857
1631220 1856
1631230 1853
1631240 1852
1631250 1852
1631260 1850
1631270 1849
1631280 1849
1631290 1848
1631300 1846
1631310 1846
1631320 1844
1631330 1842
1631340 1842
1631350 1840
1631360 1838
1631370 1838
1631380 1837
1631390 1837
1631400 1837
1631410 1836
1631420 1835
1631430 1834
1631440 1834
1631450 1833
1631460 1831
1631470 1831
1631480 1830
1631490 1829
1631500 1829
1631510 1827
1631520 1826
1631530 1826
1631540 1825
1631550 1824
1631560 1824
1631570 1824
1631580 1823
1631590 1823
1631600 1822
1631610 1821
1631620 1819
1631630 1819
1631640 1818
1631650 1818
1631660 1818
1631670 1818
1631680 1817
1631690 1817
1631700 1816
1631710 1815
1631720 1815
1631730 1814
1631740 1813
1631750 1813
1631760 1813
1631770 1813
1631780 1812
1631790 1812
1631800 1812
1631810 1812
1631820 1812
1631830 1811
1631840 1810
1631850 1810
1631860 1809
1631870 1809
1631880 1809
1631890 1808
1631900 1807
1631910 1807
1631920 1806
1631930 1805
1631940 1805
1631950 1803
1631960 1801
1631970 1798
1631980 1798
1631990 1795
1632000 1792
1632010 1792
1632020 1785
1632030 1782
1632040 1782
1632050 1779
1632060 1776
1632070 1776
1632080 1773
1632090 1771
1632100 1771
1632110 1767
1632120 1763
1632130 1763
1632140 1759
1632150 1757
1632160 1753
1632170 1753
1632180 1750
1632190 1748
1632200 1748
1632210 1745
1632220 1742
1632230 1742
1632240 1739
1632250 1736
1632260 1736
1632270 1733
1632280 1730
1632290 1730
1632300 1727
1632310 1724
1632320 1724
1632330 1720
1632340 1716
1632350 1713
1632360 1713
1632370 1712
1632380 1710
1632390 1710
1632400 1708
1632410 1705
1632420 1705
1632430 1703
1632440 1700
1632450 1700
1632460 1697
1632470 1694
1632480 1694
1632490 1692
1632500 1689
1632510 1686
1632520 1686
1632530 1684
1632540 1683
1632550 1683
1632560 1682
1632570 1679
1632580 1679
1632590 1677
1632600 1675
1632610 1675
1632620 1673
1632630 1671
1632640 1671
1632650 1668
1632660 1665
1632670 1665
1632680 1662
1632690 1659
1632700 1655
1632710 1655
1632720 1652
1632730 1648
1632740 1648
1632750 1643
1632760 1638
1632770 1638
1632780 1634
1632790 1629
1632800 1629
1632810 1625
1632820 1621
1632830 1621
1632840 1617
1632850 1613
1632860 1613
1632870 1607
1632880 1603
1632890 1599
1632900 1599
1632910 1595
1632920 1591
1632930 1591
1632940 1587
1632950 1583
1632960 1583
1632970 1579
1632980 1575
1632990 1575
1633000 1571
1633010 1568
1633020 1568
1633030 1564
1633040 1559
1633050 1554
1633060 1554
1633070 1550
1633080 1546
1633090 1546
1633100 1541
1633110 1536
1633120 1536
1633130 1532
1633140 1528
1633150 1528
1633160 1525
1633170 1521
1633180 1521
1633190 1517
1633200 1514
1633210 1514
1633220 1510
1633230 1507
1633240 1503
1633250 1503
1633260 1499
1633270 1495
1633280 1495
1633290 1491
1633300 1488
1633310 1488
1633320 1483
1633330 1480
1633340 1480
1633350 1475
1633360 1471
1633370 1471
1633380 1467
1633390 1465
1633400 1465
1633410 1464
1633420 1464
1633430 1465
1633440 1465
1633450 1464
1633460 1464
1633470 1464
1633480 1463
1633490 1462
1633500 1462
1633510 1460
1633520 1459
1633530 1459
1633540 1459
1633550 1460
1633560 1460
1633570 1461
1633580 1461
1633590 1461
1633600 1461
1633610 1462
1633620 1462
1633630 1462
1633640 1463
1633650 1464
1633660 1464
1633670 1465
1633680 1465
1633690 1465
1633700 1465
1633710 1465
1633720 1472
1633730 1472
1633740 1472
1633750 1472
1633760 1471
1633770 1469
1633780 1468
1633790 1468
1633800 1467
1633810 1465
1633820 1465
1633830 1463
1633840 1461
1633850 1461
1633860 1458
1633870 1456
1633880 1456
1633890 1453
1633900 1449
1633910 1449
1633920 1445
1633930 1442
1633940 1442
1633950 1438
1633960 1435
1633970 1431
1633980 1431
1633990 1428
1634000 1425
1634010 1425
1634020 1421
1634030 1416
1634040 1416
1634050 1409
1634060 1405
1634070 1405
1634080 1401
1634090 1397
1634100 1397
1634110 1393
1634120 1389
1634130 1386
1634140 1386
1634150 1382
1634160 1378
1634170 1378
1634180 1375
1634190 1371
1634200 1371
1634210 1367
1634220 1363
1634230 1363
1634240 1359
1634250 1356
1634260 1356
1634270 1353
1634280 1350
1634290 1350
1634300 1346
1634310 1343
1634320 1339
1634330 1339
1634340 1335
1634350 1331
1634360 1331
1634370 1326
1634380 1322
1634390 1322
1634400 1319
1634410 1317
1634420 1317
1634430 1313
1634440 1305
1634450 1305
1634460 1299
1634470 1301
1634480 1301
1634490 1304
1634500 1304
1634510 1305
1634520 1305
1634530 1306
1634540 1309
1634550 1309
1634560 1311
1634570 1314
1634580 1314
1634590 1315
1634600 1316
1634610 1316
1634620 1317
1634630 1319
1634640 1319
1634650 1320
1634660 1321
1634670 1322
1634680 1322
1634690 1323
1634700 1325
1634710 1325
1634720 1325
1634730 1326
1634740 1326
1634750 1327
1634760 1327
1634770 1327
1634780 1327
1634790 1327
1634800 1327
1634810 1327
1634820 1327
1634830 1327
1634840 1328
1634850 1330
1634860 1330
1634870 1330
1634880 1331
1634890 1331
1634900 1331
1634910 1331
1634920 1331
1634930 1331
1634940 1330
1634950 1330
1634960 1330
1634970 1329
1634980 1328
1634990 1328
1635000 1326
1635010 1323
1635020 1323
1635030 1320
1635040 1318
1635050 1317
1635060 1317
1635070 1317
1635080 1316
1635090 1316
1635100 1315
1635110 1315
1635120 1315
1635130 1315
1635140 1313
1635150 1313
1635160 1313
1635170 1312
1635180 1312
1635190 1310
1635200 1309
1635210 1308
1635220 1308
1635230 1308
1635240 1307
1635250 1307
1635260 1308
1635270 1309
1635280 1309
1635290 1309
1635300 1309
1635310 1309
1635320 1309
1635330 1307
1635340 1307
1635350 1305
1635360 1302
1635370 1302
1635380 1298
1635390 1293
1635400 1289
1635410 1291
1635420 1288
1635430 1285
1635440 1285
1635450 1279
1635460 1271
1635470 1271
1635480 1267
1635490 1265
1635500 1265
1635510 1266
1635520 1272
1635530 1272
1635540 1275
1635550 1276
1635560 1276
1635570 1279
1635580 1282
1635590 1284
1635600 1284
1635610 1286
1635620 1288
1635630 1288
1635640 1289
1635650 1290
1635660 1290
1635670 1291
1635680 1293
1635690 1293
1635700 1294
1635710 1296
1635720 1296
1635730 1297
1635740 1299
1635750 1299
1635760 1300
1635770 1300
1635780 1301
1635790 1301
1635800 1301
1635810 1301
1635820 1301
1635830 1302
1635840 1303
1635850 1303
1635860 1303
1635870 1303
1635880 1303
1635890 1304
1635900 1304
1635910 1304
1635920 1304
1635930 1304
1635940 1303
1635950 1303
1635960 1303
1635970 1303
1635980 1303
1635990 1303
1636000 1302
1636010 1302
1636020 1301
1636030 1300
1636040 1300
1636050 1298
1636060 1296
1636070 1296
1636080 1294
1636090 1292
1636100 1292
1636110 1290
1636120 1288
1636130 1286
1636140 1286
1636150 1284
1636160 1282
1636170 1282
1636180 1279
1636190 1277
1636200 1277
1636210 1274
1636220 1271
1636230 1271
1636240 1268
1636250 1265
1636260 1265
1636270 1265
1636280 1265
1636290 1265
1636300 1263
1636310 1261
1636320 1258
1636330 1258
1636340 1258
1636350 1257
1636360 1257
1636370 1257
1636380 1257
1636390 1257
1636400 1257
1636410 1256
1636420 1256
1636430 1255
1636440 1254
1636450 1254
1636460 1253
1636470 1252
1636480 1252
1636490 1252
1636500 1252
1636510 1251
1636520 1251
1636530 1248
1636540 1246
1636550 1246
1636560 1244
1636570 1240
1636580 1240
1636590 1239
1636600 1238
1636610 1238
1636620 1236
1636630 1235
1636640 1235
1636650 1235
1636660 1234
1636670 1234
1636680 1234
1636690 1233
1636700 1231
1636710 1231
1636720 1229
1636730 1225
1636740 1225
1636750 1222
1636760 1219
1636770 1219
1636780 1215
1636790 1213
1636800 1213
1636810 1209
1636820 1207
1636830 1207
1636840 1205
1636850 1204
1636860 1203
1636870 1203
1636880 1202
1636890 1201
1636900 1201
1636910 1200
1636920 1199
1636930 1199
1636940 1198
1636950 1195
1636960 1195
1636970 1192
1636980 1188
1636990 1188
1637000 1185
1637010 1183
1637020 1181
1637030 1181
1637040 1178
1637050 1176
1637060 1176
1637070 1178
1637080 1177
1637090 1177
1637100 1174
1637110 1172
1637120 1172
1637130 1174
1637140 1175
1637150 1175
1637160 1175
1637170 1175
1637180 1175
1637190 1174
1637200 1175
1637210 1174
1637220 1174
1637230 1172
1637240 1169
1637250 1169
1637260 1164
1637270 1158
1637280 1158
1637290 1154
1637300 1149
1637310 1149
1637320 1143
1637330 1137
1637340 1137
1637350 1131
1637360 1126
1637370 1126
1637380 1121
1637390 1118
1637400 1119
1637410 1119
1637420 1123
1637430 1126
1637440 1126
1637450 1127
1637460 1128
1637470 1128
1637480 1130
1637490 1134
1637500 1134
1637510 1139
1637520 1144
1637530 1144
1637540 1150
1637550 1155
1637560 1160
1637570 1160
1637580 1164
1637590 1168
1637600 1168
1637610 1172
1637620 1174
1637630 1174
1637640 1178
1637650 1182
1637660 1182
1637670 1187
1637680 1190
1637690 1190
1637700 1189
1637710 1185
1637720 1185
1637730 1182
1637740 1180
1637750 1179
1637760 1179
1637770 1181
1637780 1183
1637790 1183
1637800 1185
1637810 1186
1637820 1186
1637830 1187
1637840 1187
1637850 1187
1637860 1188
1637870 1189
1637880 1189
1637890 1191
1637900 1193
1637910 1193
1637920 1196
1637930 1199
1637940 1201
1637950 1201
1637960 1204
1637970 1208
1637980 1208
1637990 1211
1638000 1214
1638010 1214
1638020 1217
1638030 1219
1638040 1219
1638050 1220
1638060 1220
1638070 1220
1638080 1220
1638090 1221
1638100 1223
1638110 1223
1638120 1224
1638130 1224
1638140 1224
1638150 1224
1638160 1222
1638170 1222
1638180 1221
1638190 1220
1638200 1220
1638210 1218
1638220 1217
1638230 1217
1638240 1216
1638250 1216
1638260 1216
1638270 1216
1638280 1217
1638290 1217
1638300 1217
1638310 1216
1638320 1215
1638330 1215
1638340 1214
1638350 1214
1638360 1214
1638370 1213
1638380 1210
1638390 1210
1638400 1208
1638410 1208
1638420 1208
1638430 1208
1638440 1207
1638450 1207
1638460 1204
1638470 1201
1638480 1198
1638490 1198
1638500 1196
1638510 1193
1638520 1193
1638530 1190
1638540 1187
1638550 1187
1638560 1184
1638570 1180
1638580 1180
1638590 1176
1638600 1173
1638610 1173
1638620 1170
1638630 1169
1638640 1169
1638650 1169
1638660 1170
1638670 1172
1638680 1172
1638690 1173
1638700 1175
1638710 1175
1638720 1178
1638730 1176
1638740 1176
1638750 1174
1638760 1171
1638770 1171
1638780 1167
1638790 1164
1638800 1164
1638810 1161
1638820 1158
1638830 1157
1638840 1157
1638850 1155
1638860 1152
1638870 1152
1638880 1150
1638890 1147
1638900 1147
1638910 1145
1638920 1142
1638930 1142
1638940 1139
1638950 1136
1638960 1136
1638970 1134
1638980 1132
1638990 1132
1639000 1130
1639010 1126
1639020 1123
1639030 1123
1639040 1121
1639050 1119
1639060 1119
1639070 1117
1639080 1115
1639090 1115
1639100 1113
1639110 1112
1639120 1112
1639130 1111
1639140 1109
1639150 1109
1639160 1107
1639170 1104
1639180 1104
1639190 1102
1639200 1100
1639210 1099
1639220 1099
1639230 1098
1639240 1097
1639250 1097
1639260 1097
1639270 1095
1639280 1095
1639290 1093
1639300 1092
1639310 1092
1639320 1090
1639330 1091
1639340 1091
1639350 1092
1639360 1091
1639370 1090
1639380 1090
1639390 1088
1639400 1086
1639410 1086
1639420 1083
1639430 1084
1639440 1084
1639450 1084
1639460 1084
1639470 1084
1639480 1082
1639490 1081
1639500 1081
1639510 1078
1639520 1074
1639530 1074
1639540 1072
1639550 1072
1639560 1073
1639570 1073
1639580 1074
1639590 1075
1639600 1075
1639610 1075
1639620 1073
1639630 1073
1639640 1070
1639650 1068
1639660 1068
1639670 1068
1639680 1070
1639690 1070
1639700 1071
1639710 1072
1639720 1072
1639730 1073
1639740 1074
1639750 1075
1639760 1075
1639770 1076
1639780 1077
1639790 1077
1639800 1078
1639810 1079
1639820 1079
1639830 1080
1639840 1079
1639850 1079
1639860 1079
1639870 1078
1639880 1078
1639890 1077
1639900 1077
1639910 1076
1639920 1076
1639930 1075
1639940 1072
1639950 1072
1639960 1069
1639970 1066
1639980 1066
1639990 1064
