1620000 829
1620010 830
1620020 830
1620030 832
1620040 833
1620050 833
1620060 834
1620070 834
1620080 834
1620090 834
1620100 834
1620110 834
1620120 834
1620130 832
1620140 832
1620150 831
1620160 828
1620170 828
1620180 825
1620190 823
1620200 822
1620210 822
1620220 820
1620230 819
1620240 819
1620250 817
1620260 814
1620270 814
1620280 811
1620290 806
1620300 806
1620310 801
1620320 796
1620330 796
1620340 791
1620350 790
1620360 790
1620370 794
1620380 794
1620390 793
1620400 793
1620410 795
1620420 799
1620430 799
1620440 804
1620450 808
1620460 808
1620470 812
1620480 816
1620490 816
1620500 820
1620510 822
1620520 822
1620530 824
1620540 822
1620550 817
1620560 817
1620570 812
1620580 809
1620590 809
1620600 805
1620610 801
1620620 801
1620630 802
1620640 805
1620650 805
1620660 807
1620670 808
1620680 808
1620690 810
1620700 811
1620710 811
1620720 813
1620730 814
1620740 815
1620750 815
1620760 815
1620770 815
1620780 815
1620790 813
1620800 813
1620810 813
1620820 814
1620830 818
1620840 818
1620850 815
1620860 813
1620870 813
1620880 811
1620890 810
1620900 810
1620910 814
1620920 820
1620930 824
1620940 824
1620950 826
1620960 828
1620970 828
1620980 830
1620990 831
1621000 831
1621010 833
1621020 835
1621030 835
1621040 836
1621050 839
1621060 839
1621070 841
1621080 844
1621090 844
1621100 846
1621110 848
1621120 851
1621130 851
1621140 853
1621150 855
1621160 855
1621170 858
1621180 860
1621190 860
1621200 862
1621210 863
1621220 863
1621230 863
1621240 863
1621250 863
1621260 860
1621270 858
1621280 858
1621290 857
1621300 856
1621310 857
1621320 857
1621330 857
1621340 855
1621350 855
1621360 850
1621370 854
1621380 854
1621390 859
1621400 863
1621410 863
1621420 867
1621430 869
1621440 869
1621450 871
1621460 872
1621470 872
1621480 873
1621490 871
1621500 869
1621510 869
1621520 867
1621530 865
1621540 865
1621550 862
1621560 866
1621570 866
1621580 871
1621590 874
1621600 874
1621610 878
1621620 880
1621630 880
1621640 881
1621650 882
1621660 882
1621670 882
1621680 882
1621690 881
1621700 881
1621710 881
1621720 882
1621730 882
1621740 882
1621750 884
1621760 887
1621770 888
1621780 890
1621790 890
1621800 892
1621810 895
1621820 895
1621830 897
1621840 898
1621850 900
1621860 900
1621870 900
1621880 899
1621890 899
1621900 898
1621910 898
1621920 898
1621930 898
1621940 900
1621950 900
1621960 903
1621970 904
1621980 904
1621990 905
1622000 906
1622010 906
1622020 906
1622030 910
1622040 914
1622050 914
1622060 919
1622070 925
1622080 925
1622090 930
1622100 935
1622110 935
1622120 939
1622130 942
1622140 942
1622150 945
1622160 948
1622170 948
1622180 950
1622190 953
1622200 953
1622210 957
1622220 961
1622230 966
1622240 966
1622250 971
1622260 977
1622270 977
1622280 982
1622290 985
1622300 985
1622310 988
1622320 993
1622330 993
1622340 999
1622350 1003
1622360 1003
1622370 999
1622380 995
1622390 995
1622400 993
1622410 993
1622420 994
1622430 994
1622440 995
1622450 997
1622460 997
1622470 1000
1622480 1003
1622490 1003
1622500 1005
1622510 1006
1622520 1006
1622530 1007
1622540 1009
1622550 1009
1622560 1011
1622570 1013
1622580 1013
1622590 1017
1622600 1022
1622610 1027
1622620 1027
1622630 1032
1622640 1035
1622650 1035
1622660 1036
1622670 1038
1622680 1041
1622690 1043
1622700 1043
1622710 1043
1622720 1043
1622730 1044
1622740 1044
1622750 1044
1622760 1045
1622770 1045
1622780 1044
1622790 1042
1622800 1039
1622810 1039
1622820 1037
1622830 1035
1622840 1035
1622850 1033
1622860 1033
1622870 1033
1622880 1034
1622890 1036
1622900 1036
1622910 1038
1622920 1043
1622930 1043
1622940 1046
1622950 1048
1622960 1048
1622970 1050
1622980 1051
1622990 1052
1623000 1052
1623010 1053
1623020 1055
1623030 1055
1623040 1057
1623050 1059
1623060 1059
1623070 1060
1623080 1060
1623090 1060
1623100 1061
1623110 1061
1623120 1061
1623130 1062
1623140 1064
1623150 1067
1623160 1067
1623170 1069
1623180 1073
1623190 1073
1623200 1077
1623210 1082
1623220 1082
1623230 1084
1623240 1083
1623250 1083
1623260 1082
1623270 1083
1623280 1083
1623290 1081
1623300 1079
1623310 1079
1623320 1080
1623330 1083
1623340 1088
1623350 1088
1623360 1091
1623370 1095
1623380 1095
1623390 1098
1623400 1100
1623410 1100
1623420 1102
1623430 1105
1623440 1105
1623450 1109
1623460 1113
1623470 1113
1623480 1116
1623490 1120
1623500 1120
1623510 1125
1623520 1130
1623530 1134
1623540 1134
1623550 1139
1623560 1144
1623570 1144
1623580 1150
1623590 1150
1623600 1150
1623610 1153
1623620 1154
1623630 1154
1623640 1157
1623650 1159
1623660 1159
1623670 1161
1623680 1162
1623690 1162
1623700 1166
1623710 1170
1623720 1175
1623730 1175
1623740 1179
1623750 1182
1623760 1182
1623770 1184
1623780 1186
1623790 1186
1623800 1188
1623810 1191
1623820 1191
1623830 1193
1623840 1195
1623850 1195
1623860 1199
1623870 1202
1623880 1202
1623890 1205
1623900 1208
1623910 1210
1623920 1210
1623930 1213
1623940 1216
1623950 1216
1623960 1218
1623970 1220
1623980 1220
1623990 1222
1624000 1224
1624010 1224
1624020 1226
1624030 1229
1624040 1229
1624050 1232
1624060 1235
1624070 1235
1624080 1238
1624090 1241
1624100 1243
1624110 1243
1624120 1245
1624130 1247
1624140 1247
1624150 1249
1624160 1251
1624170 1251
1624180 1254
1624190 1256
1624200 1256
1624210 1258
1624220 1260
1624230 1260
1624240 1261
1624250 1263
1624260 1263
1624270 1264
1624280 1265
1624290 1266
1624300 1266
1624310 1267
1624320 1269
1624330 1269
1624340 1270
1624350 1272
1624360 1272
1624370 1274
1624380 1276
1624390 1276
1624400 1277
1624410 1279
1624420 1279
1624430 1280
1624440 1281
1624450 1282
1624460 1282
1624470 1283
1624480 1284
1624490 1284
1624500 1286
1624510 1288
1624520 1288
1624530 1289
1624540 1291
1624550 1291
1624560 1294
1624570 1296
1624580 1296
1624590 1298
1624600 1300
1624610 1300
1624620 1301
1624630 1303
1624640 1304
1624650 1304
1624660 1305
1624670 1306
1624680 1306
1624690 1308
1624700 1310
1624710 1310
1624720 1312
1624730 1316
1624740 1316
1624750 1318
1624760 1319
1624770 1319
1624780 1321
1624790 1322
1624800 1322
1624810 1324
1624820 1325
1624830 1326
1624840 1326
1624850 1328
1624860 1330
1624870 1330
1624880 1331
1624890 1333
1624900 1333
1624910 1333
1624920 1334
1624930 1334
1624940 1336
1624950 1338
1624960 1338
1624970 1341
1624980 1343
1624990 1343
1625000 1346
1625010 1349
1625020 1352
1625030 1352
1625040 1356
1625050 1359
1625060 1359
1625070 1362
1625080 1365
1625090 1365
1625100 1368
1625110 1371
1625120 1371
1625130 1374
1625140 1376
1625150 1376
1625160 1379
1625170 1382
1625180 1382
1625190 1384
1625200 1385
1625210 1385
1625220 1385
1625230 1386
1625240 1387
1625250 1387
1625260 1389
1625270 1392
1625280 1392
1625290 1394
1625300 1395
1625310 1395
1625320 1397
1625330 1399
1625340 1399
1625350 1401
1625360 1403
1625370 1403
1625380 1405
1625390 1406
1625400 1408
1625410 1408
1625420 1410
1625430 1413
1625440 1413
1625450 1415
1625460 1417
1625470 1417
1625480 1418
1625490 1419
1625500 1419
1625510 1420
1625520 1421
1625530 1421
1625540 1423
1625550 1425
1625560 1427
1625570 1427
1625580 1429
1625590 1431
1625600 1431
1625610 1432
1625620 1434
1625630 1434
1625640 1436
1625650 1438
1625660 1438
1625670 1441
1625680 1443
1625690 1443
1625700 1444
1625710 1447
1625720 1447
1625730 1449
1625740 1452
1625750 1455
1625760 1455
1625770 1457
1625780 1459
1625790 1459
1625800 1461
1625810 1463
1625820 1463
1625830 1464
1625840 1465
1625850 1465
1625860 1466
1625870 1467
1625880 1467
1625890 1468
1625900 1469
1625910 1469
1625920 1471
1625930 1472
1625940 1473
1625950 1473
1625960 1475
1625970 1476
1625980 1476
1625990 1478
1626000 1480
1626010 1480
1626020 1482
1626030 1484
1626040 1484
1626050 1486
1626060 1488
1626070 1488
1626080 1489
1626090 1491
1626100 1491
1626110 1492
1626120 1493
1626130 1494
1626140 1494
1626150 1496
1626160 1496
1626170 1496
1626180 1497
1626190 1499
1626200 1499
1626210 1500
1626220 1501
1626230 1501
1626240 1502
1626250 1503
1626260 1503
1626270 1504
1626280 1508
1626290 1502
1626300 1504
1626310 1508
1626320 1510
1626330 1510
1626340 1512
1626350 1513
1626360 1513
1626370 1514
1626380 1515
1626390 1515
1626400 1516
1626410 1517
1626420 1517
1626430 1519
1626440 1519
1626450 1519
1626460 1520
1626470 1520
1626480 1520
1626490 1519
1626500 1517
1626510 1515
1626520 1515
1626530 1514
1626540 1510
1626550 1510
1626560 1506
1626570 1502
1626580 1502
1626590 1499
1626600 1499
1626610 1499
1626620 1499
1626630 1499
1626640 1499
1626650 1500
1626660 1501
1626670 1501
1626680 1502
1626690 1504
1626700 1507
1626710 1507
1626720 1510
1626730 1513
1626740 1513
1626750 1516
1626760 1520
1626770 1520
1626780 1523
1626790 1527
1626800 1527
1626810 1530
1626820 1534
1626830 1534
1626840 1536
1626850 1539
1626860 1542
1626870 1542
1626880 1545
1626890 1549
1626900 1549
1626910 1551
1626920 1553
1626930 1553
1626940 1556
1626950 1559
1626960 1559
1626970 1562
1626980 1565
1626990 1565
1627000 1567
1627010 1570
1627020 1570
1627030 1573
1627040 1574
1627050 1577
1627060 1577
1627070 1579
1627080 1581
1627090 1581
1627100 1583
1627110 1586
1627120 1586
1627130 1589
1627140 1593
1627150 1593
1627160 1596
1627170 1599
1627180 1599
1627190 1602
1627200 1605
1627210 1605
1627220 1608
1627230 1611
1627240 1613
1627250 1613
1627260 1616
1627270 1619
1627280 1619
1627290 1621
1627300 1623
1627310 1623
1627320 1626
1627330 1628
1627340 1628
1627350 1630
1627360 1632
1627370 1632
1627380 1635
1627390 1637
1627400 1637
1627410 1639
1627420 1641
1627430 1643
1627440 1643
1627450 1645
1627460 1646
1627470 1646
1627480 1648
1627490 1650
1627500 1650
1627510 1652
1627520 1654
1627530 1654
1627540 1655
1627550 1657
1627560 1657
1627570 1658
1627580 1659
1627590 1659
1627600 1660
1627610 1661
1627620 1662
1627630 1662
1627640 1663
1627650 1663
1627660 1663
1627670 1663
1627680 1662
1627690 1662
1627700 1661
1627710 1662
1627720 1662
1627730 1662
1627740 1663
1627750 1663
1627760 1664
1627770 1665
1627780 1665
1627790 1667
1627800 1669
1627810 1670
1627820 1670
1627830 1672
1627840 1674
1627850 1674
1627860 1676
1627870 1678
1627880 1678
1627890 1681
1627900 1683
1627910 1683
1627920 1686
1627930 1688
1627940 1688
1627950 1690
1627960 1695
1627970 1695
1627980 1700
1627990 1704
1628000 1707
1628010 1707
1628020 1710
1628030 1713
1628040 1713
1628050 1717
1628060 1719
1628070 1719
1628080 1722
1628090 1725
1628100 1725
1628110 1729
1628120 1732
1628130 1732
1628140 1735
1628150 1737
1628160 1740
1628170 1740
1628180 1742
1628190 1744
1628200 1744
1628210 1746
1628220 1747
1628230 1747
1628240 1750
1628250 1751
1628260 1751
1628270 1754
1628280 1756
1628290 1756
1628300 1759
1628310 1760
1628320 1760
1628330 1762
1628340 1764
1628350 1765
1628360 1765
1628370 1767
1628380 1769
1628390 1769
1628400 1771
1628410 1772
1628420 1772
1628430 1774
1628440 1776
1628450 1776
1628460 1777
1628470 1779
1628480 1779
1628490 1780
1628500 1781
1628510 1781
1628520 1782
1628530 1783
1628540 1784
1628550 1784
1628560 1786
1628570 1787
1628580 1787
1628590 1789
1628600 1790
1628610 1790
1628620 1792
1628630 1793
1628640 1793
1628650 1794
1628660 1796
1628670 1796
1628680 1797
1628690 1798
1628700 1798
1628710 1799
1628720 1801
1628730 1802
1628740 1802
1628750 1803
1628760 1805
1628770 1805
1628780 1806
1628790 1808
1628800 1808
1628810 1810
1628820 1811
1628830 1811
1628840 1813
1628850 1815
1628860 1815
1628870 1817
1628880 1819
1628890 1819
1628900 1821
1628910 1824
1628920 1826
1628930 1826
1628940 1828
1628950 1830
1628960 1830
1628970 1833
1628980 1839
1628990 1839
1629000 1843
1629010 1844
1629020 1844
1629030 1844
1629040 1846
1629050 1846
1629060 1848
1629070 1850
1629080 1850
1629090 1852
1629100 1854
1629110 1856
1629120 1856
1629130 1858
1629140 1862
1629150 1862
1629160 1863
1629170 1865
1629180 1865
1629190 1867
1629200 1869
1629210 1869
1629220 1870
1629230 1870
1629240 1870
1629250 1871
1629260 1871
1629270 1871
1629280 1871
1629290 1872
1629300 1875
1629310 1875
1629320 1878
1629330 1881
1629340 1881
1629350 1883
1629360 1884
1629370 1884
1629380 1886
1629390 1887
1629400 1887
1629410 1888
1629420 1890
1629430 1890
1629440 1892
1629450 1895
1629460 1899
1629470 1899
1629480 1904
1629490 1911
1629500 1911
1629510 1917
1629520 1922
1629530 1922
1629540 1925
1629550 1928
1629560 1928
1629570 1932
1629580 1935
1629590 1935
1629600 1938
1629610 1941
1629620 1941
1629630 1944
1629640 1946
1629650 1948
1629660 1948
1629670 1950
1629680 1951
1629690 1951
1629700 1953
1629710 1958
1629720 1958
1629730 1962
1629740 1965
1629750 1965
1629760 1968
1629770 1970
1629780 1970
1629790 1973
1629800 1976
1629810 1974
1629820 1977
1629830 1979
1629840 1981
1629850 1981
1629860 1983
1629870 1986
1629880 1986
1629890 1988
1629900 1991
1629910 1991
1629920 1993
1629930 1995
1629940 1995
1629950 1996
1629960 1997
1629970 1997
1629980 1999
1629990 2001
1630000 2001
1630010 2002
1630020 2002
1630030 2000
1630040 2000
1630050 1997
1630060 1994
1630070 1994
1630080 1991
1630090 1991
1630100 1991
1630110 1990
1630120 1990
1630130 1990
1630140 1989
1630150 1988
1630160 1988
1630170 1987
1630180 1985
1630190 1985
1630200 1983
1630210 1981
1630220 1978
1630230 1978
1630240 1975
1630250 1973
1630260 1973
1630270 1971
1630280 1969
1630290 1969
1630300 1966
1630310 1962
1630320 1962
1630330 1959
1630340 1956
1630350 1956
1630360 1953
1630370 1949
1630380 1949
1630390 1944
1630400 1939
1630410 1934
1630420 1934
1630430 1931
1630440 1929
1630450 1929
1630460 1926
1630470 1924
1630480 1924
1630490 1920
1630500 1918
1630510 1918
1630520 1916
1630530 1912
1630540 1912
1630550 1907
1630560 1904
1630570 1903
1630580 1903
1630590 1900
1630600 1897
1630610 1897
1630620 1894
1630630 1890
1630640 1890
1630650 1885
1630660 1880
1630670 1880
1630680 1878
1630690 1875
1630700 1875
1630710 1873
1630720 1872
1630730 1872
1630740 1870
1630750 1868
1630760 1865
1630770 1865
1630780 1863
1630790 1861
1630800 1861
1630810 1858
1630820 1855
1630830 1855
1630840 1851
1630850 1846
1630860 1846
1630870 1843
1630880 1842
1630890 1842
1630900 1841
1630910 1838
1630920 1838
1630930 1832
1630940 1825
1630950 1820
1630960 1820
1630970 1816
1630980 1814
1630990 1814
1631000 1814
1631010 1815
1631020 1815
1631030 1816
1631040 1817
1631050 1817
1631060 1816
1631070 1814
1631080 1814
1631090 1813
1631100 1812
1631110 1812
1631120 1812
1631130 1812
1631140 1811
1631150 1811
1631160 1808
1631170 1803
1631180 1803
1631190 1799
1631200 1794
1631210 1794
1631220 1789
1631230 1786
1631240 1786
1631250 1783
1631260 1782
1631270 1782
1631280 1780
1631290 1778
1631300 1778
1631310 1775
1631320 1772
1631330 1771
1631340 1771
1631350 1769
1631360 1770
1631370 1770
1631380 1769
1631390 1768
1631400 1768
1631410 1764
1631420 1760
1631430 1760
1631440 1756
1631450 1753
1631460 1753
1631470 1750
1631480 1748
1631490 1748
1631500 1746
1631510 1742
1631520 1739
1631530 1739
1631540 1740
1631550 1737
1631560 1737
1631570 1734
1631580 1730
1631590 1730
1631600 1725
1631610 1721
1631620 1721
1631630 1716
1631640 1713
1631650 1713
1631660 1710
1631670 1706
1631680 1706
1631690 1702
1631700 1698
1631710 1697
1631720 1697
1631730 1696
1631740 1694
1631750 1694
1631760 1692
1631770 1690
1631780 1690
1631790 1688
1631800 1686
1631810 1686
1631820 1683
1631830 1681
1631840 1681
1631850 1679
1631860 1677
1631870 1675
1631880 1675
1631890 1673
1631900 1670
1631910 1670
1631920 1668
1631930 1665
1631940 1665
1631950 1664
1631960 1662
1631970 1662
1631980 1660
1631990 1658
1632000 1658
1632010 1656
1632020 1654
1632030 1654
1632040 1650
1632050 1646
1632060 1642
1632070 1642
1632080 1639
1632090 1635
1632100 1635
1632110 1630
1632120 1625
1632130 1625
1632140 1620
1632150 1615
1632160 1615
1632170 1611
1632180 1609
1632190 1609
1632200 1607
1632210 1605
1632220 1605
1632230 1602
1632240 1599
1632250 1597
1632260 1597
1632270 1595
1632280 1594
1632290 1594
1632300 1593
1632310 1592
1632320 1592
1632330 1590
1632340 1590
1632350 1590
1632360 1589
1632370 1587
1632380 1587
1632390 1586
1632400 1585
1632410 1585
1632420 1584
1632430 1581
1632440 1579
1632450 1579
1632460 1578
1632470 1576
1632480 1576
1632490 1573
1632500 1570
1632510 1570
1632520 1567
1632530 1562
1632540 1562
1632550 1556
1632560 1550
1632570 1550
1632580 1544
1632590 1538
1632600 1538
1632610 1535
1632620 1532
1632630 1528
1632640 1528
1632650 1526
1632660 1524
1632670 1524
1632680 1523
1632690 1522
1632700 1522
1632710 1520
1632720 1517
1632730 1517
1632740 1515
1632750 1510
1632760 1510
1632770 1502
1632780 1496
1632790 1496
1632800 1491
1632810 1486
1632820 1486
1632830 1486
1632840 1489
1632850 1491
1632860 1491
1632870 1492
1632880 1490
1632890 1490
1632900 1488
1632910 1487
1632920 1487
1632930 1487
1632940 1488
1632950 1488
1632960 1490
1632970 1492
1632980 1492
1632990 1495
1633000 1499
1633010 1502
1633020 1502
1633030 1504
1633040 1508
1633050 1508
1633060 1512
1633070 1516
1633080 1516
1633090 1519
1633100 1521
1633110 1521
1633120 1523
1633130 1524
1633140 1524
1633150 1525
1633160 1527
1633170 1529
1633180 1529
1633190 1531
1633200 1533
1633210 1533
1633220 1533
1633230 1532
1633240 1532
1633250 1530
1633260 1528
1633270 1528
1633280 1527
1633290 1527
1633300 1527
1633310 1527
1633320 1526
1633330 1526
1633340 1525
1633350 1523
1633360 1520
1633370 1520
1633380 1516
1633390 1512
1633400 1512
1633410 1510
1633420 1509
1633430 1509
1633440 1506
1633450 1502
1633460 1502
1633470 1499
1633480 1495
1633490 1495
1633500 1491
1633510 1486
1633520 1486
1633530 1482
1633540 1476
1633550 1472
1633560 1472
1633570 1467
1633580 1463
1633590 1463
1633600 1458
1633610 1454
1633620 1454
1633630 1450
1633640 1445
1633650 1445
1633660 1440
1633670 1435
1633680 1435
1633690 1431
1633700 1428
1633710 1428
1633720 1427
1633730 1426
1633740 1424
1633750 1424
1633760 1421
1633770 1418
1633780 1418
1633790 1414
1633800 1409
1633810 1409
1633820 1406
1633830 1404
1633840 1404
1633850 1402
1633860 1400
1633870 1400
1633880 1398
1633890 1396
1633900 1396
1633910 1394
1633920 1393
1633930 1391
1633940 1391
1633950 1389
1633960 1386
1633970 1386
1633980 1385
1633990 1383
1634000 1383
1634010 1382
1634020 1380
1634030 1380
1634040 1378
1634050 1376
1634060 1376
1634070 1375
1634080 1374
1634090 1374
1634100 1369
1634110 1368
1634120 1367
1634130 1367
1634140 1366
1634150 1365
1634160 1365
1634170 1364
1634180 1362
1634190 1362
1634200 1361
1634210 1359
1634220 1359
1634230 1357
1634240 1356
1634250 1356
1634260 1353
1634270 1351
1634280 1350
1634290 1350
1634300 1348
1634310 1346
1634320 1346
1634330 1342
1634340 1340
1634350 1340
1634360 1338
1634370 1334
1634380 1334
1634390 1331
1634400 1327
1634410 1327
1634420 1323
1634430 1319
1634440 1319
1634450 1314
1634460 1311
1634470 1310
1634480 1310
1634490 1308
1634500 1303
1634510 1303
1634520 1300
1634530 1298
1634540 1298
1634550 1295
1634560 1291
1634570 1291
1634580 1289
1634590 1286
1634600 1286
1634610 1282
1634620 1277
1634630 1277
1634640 1272
1634650 1266
1634660 1258
1634670 1258
1634680 1251
1634690 1244
1634700 1244
1634710 1237
1634720 1234
1634730 1234
1634740 1232
1634750 1230
1634760 1230
1634770 1227
1634780 1225
1634790 1225
1634800 1223
1634810 1220
1634820 1220
1634830 1218
1634840 1217
1634850 1217
1634860 1217
1634870 1216
1634880 1216
1634890 1216
1634900 1217
1634910 1218
1634920 1218
1634930 1217
1634940 1224
1634950 1224
1634960 1223
1634970 1223
1634980 1223
1634990 1221
1635000 1219
1635010 1219
1635020 1216
1635030 1213
1635040 1209
1635050 1209
1635060 1204
1635070 1198
1635080 1198
1635090 1194
1635100 1191
1635110 1191
1635120 1189
1635130 1187
1635140 1187
1635150 1184
1635160 1180
1635170 1180
1635180 1177
1635190 1176
1635200 1176
1635210 1175
1635220 1175
1635230 1173
1635240 1173
1635250 1167
1635260 1163
1635270 1163
1635280 1162
1635290 1160
1635300 1160
1635310 1159
1635320 1157
1635330 1157
1635340 1155
1635350 1155
1635360 1155
1635370 1153
1635380 1152
1635390 1152
1635400 1150
1635410 1149
1635420 1148
1635430 1148
1635440 1147
1635450 1145
1635460 1145
1635470 1144
1635480 1144
1635490 1144
1635500 1145
1635510 1144
1635520 1144
1635530 1144
1635540 1146
1635550 1146
1635560 1149
1635570 1150
1635580 1151
1635590 1151
1635600 1151
1635610 1151
1635620 1151
1635630 1152
1635640 1152
1635650 1152
1635660 1154
1635670 1156
1635680 1156
1635690 1159
1635700 1161
1635710 1161
1635720 1164
1635730 1167
1635740 1167
1635750 1170
1635760 1173
1635770 1175
1635780 1179
1635790 1181
1635800 1185
1635810 1185
1635820 1190
1635830 1192
1635840 1192
1635850 1195
1635860 1197
1635870 1197
1635880 1200
1635890 1204
1635900 1204
1635910 1207
1635920 1209
1635930 1209
1635940 1213
1635950 1216
1635960 1220
1635970 1220
1635980 1223
1635990 1226
1636000 1226
1636010 1227
1636020 1228
1636030 1228
1636040 1228
1636050 1227
1636060 1227
1636070 1226
1636080 1226
1636090 1226
1636100 1227
1636110 1227
1636120 1227
1636130 1228
1636140 1227
1636150 1225
1636160 1225
1636170 1222
1636180 1219
1636190 1219
1636200 1215
1636210 1212
1636220 1212
1636230 1210
1636240 1208
1636250 1208
1636260 1206
1636270 1203
1636280 1203
1636290 1201
1636300 1198
1636310 1198
1636320 1196
1636330 1192
1636340 1188
1636350 1188
1636360 1184
1636370 1180
1636380 1180
1636390 1175
1636400 1171
1636410 1171
1636420 1165
1636430 1161
1636440 1161
1636450 1158
1636460 1154
1636470 1154
1636480 1152
1636490 1151
1636500 1151
1636510 1148
1636520 1145
1636530 1142
1636540 1142
1636550 1139
1636560 1137
1636570 1137
1636580 1132
1636590 1134
1636600 1134
1636610 1144
1636620 1146
1636630 1146
1636640 1148
1636650 1148
1636660 1148
1636670 1149
1636680 1150
1636690 1151
1636700 1151
1636710 1150
1636720 1150
1636730 1150
1636740 1151
1636750 1152
1636760 1152
1636770 1155
1636780 1158
1636790 1158
1636800 1160
1636810 1160
1636820 1160
1636830 1155
1636840 1151
1636850 1151
1636860 1150
1636870 1155
1636880 1159
1636890 1159
1636900 1163
1636910 1165
1636920 1165
1636930 1168
1636940 1170
1636950 1170
1636960 1172
1636970 1174
1636980 1174
1636990 1175
1637000 1177
1637010 1177
1637020 1176
1637030 1175
1637040 1175
1637050 1175
1637060 1176
1637070 1177
1637080 1177
1637090 1178
1637100 1181
1637110 1181
1637120 1184
1637130 1186
1637140 1186
1637150 1187
1637160 1187
1637170 1187
1637180 1186
1637190 1186
1637200 1186
1637210 1188
1637220 1190
1637230 1190
1637240 1193
1637250 1196
1637260 1199
1637270 1199
1637280 1203
1637290 1206
1637300 1206
1637310 1211
1637320 1216
1637330 1216
1637340 1219
1637350 1222
1637360 1222
1637370 1223
1637380 1225
1637390 1225
1637400 1227
1637410 1227
1637420 1227
1637430 1226
1637440 1229
1637450 1230
1637460 1230
1637470 1231
1637480 1232
1637490 1232
1637500 1232
1637510 1232
1637520 1232
1637530 1230
1637540 1227
1637550 1227
1637560 1223
1637570 1220
1637580 1220
1637590 1218
1637600 1217
1637610 1217
1637620 1216
1637630 1215
1637640 1212
1637650 1212
1637660 1209
1637670 1207
1637680 1207
1637690 1204
1637700 1201
1637710 1201
1637720 1200
1637730 1199
1637740 1199
1637750 1197
1637760 1195
1637770 1195
1637780 1194
1637790 1193
1637800 1193
1637810 1193
1637820 1188
1637830 1184
1637840 1184
1637850 1181
1637860 1177
1637870 1177
1637880 1174
1637890 1173
1637900 1173
1637910 1171
1637920 1170
1637930 1170
1637940 1169
1637950 1167
1637960 1167
1637970 1164
1637980 1161
1637990 1161
1638000 1161
1638010 1166
1638020 1168
1638030 1168
1638040 1170
1638050 1172
1638060 1172
1638070 1174
1638080 1175
1638090 1175
1638100 1176
1638110 1177
1638120 1177
1638130 1177
1638140 1177
1638150 1177
1638160 1177
1638170 1176
1638180 1176
1638190 1176
1638200 1175
1638210 1174
1638220 1174
1638230 1174
1638240 1173
1638250 1173
1638260 1171
1638270 1174
1638280 1174
1638290 1172
1638300 1171
1638310 1171
1638320 1170
1638330 1171
1638340 1171
1638350 1174
1638360 1176
1638370 1174
1638380 1174
1638390 1172
1638400 1173
1638410 1173
1638420 1173
1638430 1173
1638440 1173
1638450 1173
1638460 1171
1638470 1171
1638480 1170
1638490 1170
1638500 1170
1638510 1171
1638520 1172
1638530 1172
1638540 1172
1638550 1171
1638560 1171
1638570 1171
1638580 1171
1638590 1171
1638600 1171
1638610 1171
1638620 1172
1638630 1172
1638640 1173
1638650 1174
1638660 1174
1638670 1175
1638680 1177
1638690 1177
1638700 1178
1638710 1180
1638720 1180
1638730 1182
1638740 1182
1638750 1183
1638760 1183
1638770 1185
1638780 1185
1638790 1185
1638800 1186
1638810 1187
1638820 1187
1638830 1187
1638840 1187
1638850 1187
1638860 1188
1638870 1189
1638880 1189
1638890 1189
1638900 1188
1638910 1188
1638920 1188
1638930 1189
1638940 1190
1638950 1190
1638960 1190
1638970 1190
1638980 1190
1638990 1190
1639000 1191
1639010 1191
1639020 1192
1639030 1193
1639040 1193
1639050 1194
1639060 1194
1639070 1194
1639080 1196
1639090 1200
1639100 1200
1639110 1201
1639120 1202
1639130 1203
1639140 1203
1639150 1204
1639160 1205
1639170 1205
1639180 1205
1639190 1205
1639200 1205
1639210 1205
1639220 1206
1639230 1206
1639240 1207
1639250 1208
1639260 1208
1639270 1209
1639280 1209
1639290 1209
1639300 1209
1639310 1209
1639320 1211
1639330 1211
1639340 1213
1639350 1214
1639360 1214
1639370 1215
1639380 1214
1639390 1214
1639400 1212
1639410 1210
1639420 1210
1639430 1207
1639440 1204
1639450 1204
1639460 1203
1639470 1201
1639480 1199
1639490 1199
1639500 1194
1639510 1191
1639520 1191
1639530 1190
1639540 1188
1639550 1188
1639560 1189
1639570 1189
1639580 1189
1639590 1190
1639600 1190
1639610 1190
1639620 1190
1639630 1189
1639640 1189
1639650 1189
1639660 1188
1639670 1186
1639680 1186
1639690 1185
1639700 1183
1639710 1183
1639720 1183
1639730 1182
1639740 1182
1639750 1183
1639760 1183
1639770 1183
1639780 1183
1639790 1182
1639800 1182
1639810 1182
1639820 1182
1639830 1182
1639840 1182
1639850 1183
1639860 1183
1639870 1183
1639880 1184
1639890 1183
1639900 1185
1639910 1185
1639920 1184
1639930 1184
1639940 1184
1639950 1183
1639960 1183
1639970 1182
1639980 1181
1639990 1181
