1620000 774
1620010 778
1620020 778
1620030 783
1620040 786
1620050 785
1620060 785
1620070 785
1620080 785
1620090 785
1620100 784
1620110 782
1620120 782
1620130 779
1620140 776
1620150 776
1620160 774
1620170 771
1620180 771
1620190 771
1620200 771
1620210 771
1620220 770
1620230 771
1620240 770
1620250 770
1620260 773
1620270 769
1620280 769
1620290 763
1620300 756
1620310 756
1620320 751
1620330 748
1620340 748
1620350 744
1620360 748
1620370 748
1620380 752
1620390 752
1620400 752
1620410 752
1620420 752
1620430 753
1620440 753
1620450 755
1620460 756
1620470 756
1620480 757
1620490 759
1620500 759
1620510 760
1620520 762
1620530 762
1620540 766
1620550 768
1620560 768
1620570 770
1620580 772
1620590 772
1620600 773
1620610 773
1620620 774
1620630 774
1620640 774
1620650 774
1620660 774
1620670 774
1620680 773
1620690 773
1620700 770
1620710 766
1620720 766
1620730 762
1620740 756
1620750 756
1620760 751
1620770 751
1620780 751
1620790 751
1620800 752
1620810 758
1620820 758
1620830 763
1620840 767
1620850 767
1620860 769
1620870 770
1620880 770
1620890 770
1620900 770
1620910 770
1620920 773
1620930 780
1620940 780
1620950 786
1620960 787
1620970 787
1620980 787
1620990 789
1621000 791
1621010 791
1621020 793
1621030 795
1621040 795
1621050 798
1621060 800
1621070 800
1621080 802
1621090 803
1621100 803
1621110 804
1621120 805
1621130 805
1621140 805
1621150 806
1621160 807
1621170 807
1621180 811
1621190 811
1621200 811
1621210 811
1621220 811
1621230 811
1621240 811
1621250 809
1621260 809
1621270 804
1621280 804
1621290 804
1621300 805
1621310 806
1621320 806
1621330 808
1621340 814
1621350 819
1621360 819
1621370 823
1621380 826
1621390 826
1621400 828
1621410 830
1621420 830
1621430 832
1621440 834
1621450 834
1621460 836
1621470 837
1621480 837
1621490 837
1621500 837
1621510 837
1621520 837
1621530 836
1621540 837
1621550 837
1621560 837
1621570 837
1621580 837
1621590 837
1621600 837
1621610 837
1621620 838
1621630 838
1621640 838
1621650 838
1621660 839
1621670 839
1621680 840
1621690 841
1621700 841
1621710 840
1621720 841
1621730 842
1621740 842
1621750 843
1621760 846
1621770 846
1621780 848
1621790 847
1621800 847
1621810 849
1621820 849
1621830 849
1621840 847
1621850 849
1621860 849
1621870 854
1621880 856
1621890 857
1621900 857
1621910 857
1621920 856
1621930 856
1621940 856
1621950 858
1621960 858
1621970 861
1621980 864
1621990 864
1622000 868
1622010 873
1622020 873
1622030 878
1622040 883
1622050 883
1622060 890
1622070 896
1622080 900
1622090 900
1622100 904
1622110 907
1622120 907
1622130 910
1622140 913
1622150 913
1622160 915
1622170 917
1622180 917
1622190 921
1622200 922
1622210 922
1622220 921
1622230 921
1622240 921
1622250 920
1622260 919
1622270 920
1622280 920
1622290 922
1622300 924
1622310 924
1622320 931
1622330 938
1622340 938
1622350 940
1622360 942
1622370 942
1622380 945
1622390 948
1622400 948
1622410 950
1622420 953
1622430 953
1622440 955
1622450 956
1622460 958
1622470 958
1622480 960
1622490 961
1622500 961
1622510 963
1622520 965
1622530 965
1622540 967
1622550 968
1622560 968
1622570 969
1622580 968
1622590 968
1622600 967
1622610 966
1622620 966
1622630 966
1622640 966
1622650 965
1622660 965
1622670 962
1622680 959
1622690 959
1622700 957
1622710 952
1622720 952
1622730 949
1622740 953
1622750 953
1622760 959
1622770 963
1622780 963
1622790 967
1622800 972
1622810 972
1622820 976
1622830 981
1622840 985
1622850 985
1622860 988
1622870 990
1622880 990
1622890 995
1622900 999
1622910 999
1622920 1006
1622930 1007
1622940 1007
1622950 1006
1622960 1006
1622970 1006
1622980 1007
1622990 1009
1623000 1009
1623010 1013
1623020 1023
1623030 1027
1623040 1027
1623050 1030
1623060 1031
1623070 1031
1623080 1029
1623090 1028
1623100 1028
1623110 1028
1623120 1029
1623130 1029
1623140 1031
1623150 1033
1623160 1033
1623170 1034
1623180 1036
1623190 1038
1623200 1038
1623210 1041
1623220 1045
1623230 1045
1623240 1050
1623250 1055
1623260 1055
1623270 1060
1623280 1065
1623290 1065
1623300 1070
1623310 1074
1623320 1074
1623330 1080
1623340 1084
1623350 1084
1623360 1087
1623370 1090
1623380 1093
1623390 1093
1623400 1096
1623410 1098
1623420 1098
1623430 1101
1623440 1103
1623450 1103
1623460 1105
1623470 1107
1623480 1107
1623490 1110
1623500 1116
1623510 1116
1623520 1123
1623530 1129
1623540 1129
1623550 1134
1623560 1139
1623570 1144
1623580 1144
1623590 1148
1623600 1152
1623610 1152
1623620 1157
1623630 1160
1623640 1160
1623650 1164
1623660 1167
1623670 1167
1623680 1170
1623690 1174
1623700 1174
1623710 1178
1623720 1180
1623730 1180
1623740 1182
1623750 1184
1623760 1186
1623770 1186
1623780 1188
1623790 1190
1623800 1190
1623810 1192
1623820 1194
1623830 1194
1623840 1196
1623850 1198
1623860 1198
1623870 1200
1623880 1202
1623890 1202
1623900 1204
1623910 1206
1623920 1206
1623930 1211
1623940 1213
1623950 1216
1623960 1216
1623970 1218
1623980 1220
1623990 1220
1624000 1223
1624010 1225
1624020 1225
1624030 1227
1624040 1229
1624050 1229
1624060 1230
1624070 1232
1624080 1232
1624090 1234
1624100 1235
1624110 1235
1624120 1236
1624130 1237
1624140 1237
1624150 1237
1624160 1237
1624170 1236
1624180 1236
1624190 1234
1624200 1233
1624210 1233
1624220 1231
1624230 1230
1624240 1230
1624250 1229
1624260 1230
1624270 1230
1624280 1231
1624290 1232
1624300 1234
1624310 1234
1624320 1235
1624330 1236
1624340 1236
1624350 1237
1624360 1239
1624370 1239
1624380 1241
1624390 1244
1624400 1244
1624410 1246
1624420 1249
1624430 1249
1624440 1253
1624450 1257
1624460 1257
1624470 1261
1624480 1264
1624490 1267
1624500 1267
1624510 1268
1624520 1270
1624530 1270
1624540 1272
1624550 1273
1624560 1273
1624570 1275
1624580 1277
1624590 1277
1624600 1279
1624610 1281
1624620 1281
1624630 1284
1624640 1287
1624650 1287
1624660 1288
1624670 1289
1624680 1288
1624690 1288
1624700 1289
1624710 1292
1624720 1292
1624730 1295
1624740 1297
1624750 1297
1624760 1299
1624770 1302
1624780 1302
1624790 1304
1624800 1306
1624810 1306
1624820 1309
1624830 1311
1624840 1312
1624850 1315
1624860 1317
1624870 1319
1624880 1319
1624890 1320
1624900 1323
1624910 1323
1624920 1325
1624930 1327
1624940 1327
1624950 1330
1624960 1333
1624970 1333
1624980 1336
1624990 1339
1625000 1339
1625010 1342
1625020 1344
1625030 1344
1625040 1347
1625050 1350
1625060 1354
1625070 1354
1625080 1356
1625090 1359
1625100 1359
1625110 1363
1625120 1365
1625130 1365
1625140 1366
1625150 1368
1625160 1368
1625170 1371
1625180 1374
1625190 1374
1625200 1377
1625210 1380
1625220 1380
1625230 1382
1625240 1384
1625250 1386
1625260 1386
1625270 1389
1625280 1391
1625290 1391
1625300 1394
1625310 1398
1625320 1398
1625330 1401
1625340 1405
1625350 1405
1625360 1408
1625370 1412
1625380 1412
1625390 1416
1625400 1420
1625410 1420
1625420 1424
1625430 1427
1625440 1430
1625450 1430
1625460 1433
1625470 1436
1625480 1436
1625490 1440
1625500 1442
1625510 1442
1625520 1445
1625530 1447
1625540 1447
1625550 1449
1625560 1452
1625570 1452
1625580 1454
1625590 1456
1625600 1458
1625610 1458
1625620 1461
1625630 1463
1625640 1463
1625650 1465
1625660 1467
1625670 1467
1625680 1468
1625690 1470
1625700 1470
1625710 1472
1625720 1474
1625730 1473
1625740 1475
1625750 1476
1625760 1476
1625770 1478
1625780 1479
1625790 1481
1625800 1481
1625810 1483
1625820 1485
1625830 1485
1625840 1486
1625850 1488
1625860 1488
1625870 1490
1625880 1491
1625890 1491
1625900 1493
1625910 1495
1625920 1495
1625930 1497
1625940 1498
1625950 1498
1625960 1500
1625970 1501
1625980 1503
1625990 1503
1626000 1504
1626010 1506
1626020 1506
1626030 1507
1626040 1508
1626050 1508
1626060 1511
1626070 1513
1626080 1513
1626090 1515
1626100 1517
1626110 1517
1626120 1519
1626130 1521
1626140 1521
1626150 1522
1626160 1524
1626170 1526
1626180 1526
1626190 1528
1626200 1529
1626210 1529
1626220 1530
1626230 1531
1626240 1531
1626250 1532
1626260 1533
1626270 1533
1626280 1535
1626290 1536
1626300 1536
1626310 1538
1626320 1540
1626330 1540
1626340 1542
1626350 1543
1626360 1545
1626370 1545
1626380 1546
1626390 1548
1626400 1548
1626410 1550
1626420 1552
1626430 1552
1626440 1555
1626450 1557
1626460 1557
1626470 1559
1626480 1561
1626490 1561
1626500 1563
1626510 1564
1626520 1564
1626530 1565
1626540 1567
1626550 1567
1626560 1567
1626570 1568
1626580 1568
1626590 1568
1626600 1569
1626610 1569
1626620 1569
1626630 1567
1626640 1567
1626650 1567
1626660 1567
1626670 1568
1626680 1568
1626690 1568
1626700 1568
1626710 1567
1626720 1567
1626730 1567
1626740 1567
1626750 1567
1626760 1567
1626770 1568
1626780 1568
1626790 1570
1626800 1573
1626810 1573
1626820 1575
1626830 1577
1626840 1577
1626850 1578
1626860 1579
1626870 1579
1626880 1581
1626890 1582
1626900 1583
1626910 1583
1626920 1585
1626930 1586
1626940 1586
1626950 1588
1626960 1589
1626970 1589
1626980 1591
1626990 1592
1627000 1592
1627010 1594
1627020 1596
1627030 1596
1627040 1597
1627050 1599
1627060 1599
1627070 1600
1627080 1601
1627090 1603
1627100 1603
1627110 1604
1627120 1605
1627130 1605
1627140 1607
1627150 1609
1627160 1609
1627170 1611
1627180 1613
1627190 1613
1627200 1615
1627210 1617
1627220 1617
1627230 1619
1627240 1620
1627250 1620
1627260 1622
1627270 1624
1627280 1625
1627290 1625
1627300 1627
1627310 1629
1627320 1629
1627330 1631
1627340 1633
1627350 1633
1627360 1635
1627370 1638
1627380 1638
1627390 1640
1627400 1642
1627410 1642
1627420 1645
1627430 1647
1627440 1647
1627450 1650
1627460 1653
1627470 1654
1627480 1654
1627490 1656
1627500 1658
1627510 1659
1627520 1661
1627530 1663
1627540 1663
1627550 1664
1627560 1667
1627570 1667
1627580 1669
1627590 1672
1627600 1672
1627610 1674
1627620 1676
1627630 1676
1627640 1679
1627650 1681
1627660 1683
1627670 1683
1627680 1686
1627690 1688
1627700 1688
1627710 1691
1627720 1693
1627730 1693
1627740 1695
1627750 1697
1627760 1697
1627770 1700
1627780 1703
1627790 1703
1627800 1706
1627810 1708
1627820 1709
1627830 1709
1627840 1711
1627850 1712
1627860 1712
1627870 1714
1627880 1715
1627890 1715
1627900 1716
1627910 1717
1627920 1717
1627930 1718
1627940 1718
1627950 1718
1627960 1719
1627970 1719
1627980 1719
1627990 1720
1628000 1721
1628010 1723
1628020 1723
1628030 1725
1628040 1727
1628050 1727
1628060 1729
1628070 1731
1628080 1731
1628090 1732
1628100 1735
1628110 1735
1628120 1737
1628130 1739
1628140 1739
1628150 1741
1628160 1744
1628170 1744
1628180 1746
1628190 1749
1628200 1751
1628210 1751
1628220 1753
1628230 1755
1628240 1755
1628250 1756
1628260 1758
1628270 1758
1628280 1759
1628290 1760
1628300 1760
1628310 1761
1628320 1763
1628330 1763
1628340 1765
1628350 1768
1628360 1768
1628370 1770
1628380 1771
1628390 1773
1628400 1773
1628410 1775
1628420 1777
1628430 1777
1628440 1779
1628450 1782
1628460 1782
1628470 1785
1628480 1787
1628490 1787
1628500 1788
1628510 1790
1628520 1790
1628530 1792
1628540 1794
1628550 1794
1628560 1795
1628570 1797
1628580 1799
1628590 1799
1628600 1800
1628610 1802
1628620 1802
1628630 1803
1628640 1805
1628650 1805
1628660 1807
1628670 1809
1628680 1809
1628690 1810
1628700 1812
1628710 1812
1628720 1814
1628730 1817
1628740 1817
1628750 1821
1628760 1824
1628770 1826
1628780 1826
1628790 1828
1628800 1829
1628810 1829
1628820 1831
1628830 1833
1628840 1833
1628850 1834
1628860 1836
1628870 1836
1628880 1838
1628890 1841
1628900 1841
1628910 1843
1628920 1846
1628930 1846
1628940 1848
1628950 1850
1628960 1851
1628970 1851
1628980 1853
1628990 1853
1629000 1853
1629010 1853
1629020 1854
1629030 1854
1629040 1854
1629050 1856
1629060 1856
1629070 1858
1629080 1860
1629090 1860
1629100 1863
1629110 1866
1629120 1868
1629130 1868
1629140 1870
1629150 1872
1629160 1872
1629170 1873
1629180 1875
1629190 1875
1629200 1878
1629210 1881
1629220 1881
1629230 1884
1629240 1886
1629250 1886
1629260 1886
1629270 1886
1629280 1886
1629290 1886
1629300 1888
1629310 1892
1629320 1892
1629330 1895
1629340 1898
1629350 1898
1629360 1903
1629370 1907
1629380 1907
1629390 1911
1629400 1914
1629410 1914
1629420 1918
1629430 1921
1629440 1921
1629450 1924
1629460 1928
1629470 1928
1629480 1931
1629490 1935
1629500 1938
1629510 1938
1629520 1941
1629530 1944
1629540 1944
1629550 1947
1629560 1951
1629570 1951
1629580 1954
1629590 1957
1629600 1957
1629610 1960
1629620 1963
1629630 1963
1629640 1966
1629650 1968
1629660 1968
1629670 1970
1629680 1971
1629690 1972
1629700 1972
1629710 1975
1629720 1978
1629730 1978
1629740 1981
1629750 1984
1629760 1984
1629770 1986
1629780 1989
1629790 1989
1629800 1992
1629810 1995
1629820 1995
1629830 1997
1629840 2000
1629850 2000
1629860 2002
1629870 2005
1629880 2008
1629890 2008
1629900 2011
1629910 2013
1629920 2013
1629930 2015
1629940 2018
1629950 2018
1629960 2020
1629970 2020
1629980 2020
1629990 2013
1630000 2006
1630010 2006
1630020 2002
1630030 1997
1630040 1997
1630050 1992
1630060 1988
1630070 1984
1630080 1984
1630090 1980
1630100 1975
1630110 1975
1630120 1971
1630130 1966
1630140 1968
1630150 1965
1630160 1962
1630170 1962
1630180 1958
1630190 1953
1630200 1953
1630210 1951
1630220 1950
1630230 1949
1630240 1949
1630250 1946
1630260 1943
1630270 1943
1630280 1938
1630290 1933
1630300 1933
1630310 1929
1630320 1923
1630330 1923
1630340 1918
1630350 1914
1630360 1914
1630370 1912
1630380 1910
1630390 1910
1630400 1907
1630410 1904
1630420 1900
1630430 1900
1630440 1896
1630450 1892
1630460 1892
1630470 1889
1630480 1885
1630490 1885
1630500 1880
1630510 1878
1630520 1878
1630530 1878
1630540 1877
1630550 1877
1630560 1874
1630570 1871
1630580 1871
1630590 1868
1630600 1863
1630610 1858
1630620 1858
1630630 1853
1630640 1850
1630650 1850
1630660 1846
1630670 1843
1630680 1843
1630690 1840
1630700 1836
1630710 1836
1630720 1834
1630730 1832
1630740 1832
1630750 1830
1630760 1829
1630770 1829
1630780 1826
1630790 1824
1630800 1821
1630810 1821
1630820 1818
1630830 1815
1630840 1815
1630850 1810
1630860 1806
1630870 1806
1630880 1803
1630890 1801
1630900 1801
1630910 1799
1630920 1796
1630930 1796
1630940 1793
1630950 1789
1630960 1789
1630970 1784
1630980 1780
1630990 1778
1631000 1778
1631010 1775
1631020 1773
1631030 1773
1631040 1771
1631050 1770
1631060 1770
1631070 1768
1631080 1767
1631090 1767
1631100 1764
1631110 1762
1631120 1762
1631130 1759
1631140 1757
1631150 1757
1631160 1755
1631170 1753
1631180 1752
1631190 1752
1631200 1750
1631210 1748
1631220 1748
1631230 1746
1631240 1744
1631250 1744
1631260 1742
1631270 1740
1631280 1740
1631290 1739
1631300 1738
1631310 1738
1631320 1737
1631330 1736
1631340 1736
1631350 1735
1631360 1734
1631370 1733
1631380 1733
1631390 1732
1631400 1731
1631410 1731
1631420 1730
1631430 1730
1631440 1730
1631450 1729
1631460 1728
1631470 1728
1631480 1727
1631490 1724
1631500 1724
1631510 1721
1631520 1719
1631530 1716
1631540 1716
1631550 1713
1631560 1711
1631570 1711
1631580 1710
1631590 1709
1631600 1709
1631610 1708
1631620 1707
1631630 1707
1631640 1706
1631650 1705
1631660 1705
1631670 1702
1631680 1700
1631690 1700
1631700 1697
1631710 1694
1631720 1691
1631730 1691
1631740 1689
1631750 1686
1631760 1686
1631770 1684
1631780 1680
1631790 1680
1631800 1673
1631810 1666
1631820 1666
1631830 1658
1631840 1652
1631850 1652
1631860 1647
1631870 1643
1631880 1643
1631890 1639
1631900 1635
1631910 1633
1631920 1633
1631930 1632
1631940 1632
1631950 1632
1631960 1631
1631970 1629
1631980 1629
1631990 1627
1632000 1626
1632010 1626
1632020 1624
1632030 1624
1632040 1624
1632050 1622
1632060 1620
1632070 1620
1632080 1618
1632090 1616
1632100 1613
1632110 1613
1632120 1611
1632130 1610
1632140 1610
1632150 1608
1632160 1607
1632170 1607
1632180 1605
1632190 1603
1632200 1603
1632210 1600
1632220 1598
1632230 1598
1632240 1595
1632250 1593
1632260 1593
1632270 1591
1632280 1589
1632290 1587
1632300 1587
1632310 1584
1632320 1582
1632330 1582
1632340 1578
1632350 1575
1632360 1575
1632370 1572
1632380 1569
1632390 1569
1632400 1565
1632410 1563
1632420 1563
1632430 1559
1632440 1556
1632450 1556
1632460 1553
1632470 1547
1632480 1542
1632490 1542
1632500 1537
1632510 1534
1632520 1534
1632530 1532
1632540 1531
1632550 1531
1632560 1531
1632570 1533
1632580 1533
1632590 1535
1632600 1537
1632610 1537
1632620 1539
1632630 1539
1632640 1538
1632650 1538
1632660 1537
1632670 1537
1632680 1537
1632690 1540
1632700 1544
1632710 1544
1632720 1543
1632730 1548
1632740 1548
1632750 1552
1632760 1556
1632770 1556
1632780 1561
1632790 1565
1632800 1565
1632810 1569
1632820 1573
1632830 1577
1632840 1577
1632850 1580
1632860 1584
1632870 1584
1632880 1587
1632890 1591
1632900 1591
1632910 1594
1632920 1596
1632930 1596
1632940 1598
1632950 1600
1632960 1600
1632970 1601
1632980 1601
1632990 1601
1633000 1601
1633010 1600
1633020 1598
1633030 1598
1633040 1596
1633050 1596
1633060 1596
1633070 1595
1633080 1594
1633090 1594
1633100 1593
1633110 1591
1633120 1591
1633130 1590
1633140 1590
1633150 1590
1633160 1589
1633170 1589
1633180 1589
1633190 1587
1633200 1585
1633210 1583
1633220 1583
1633230 1581
1633240 1580
1633250 1580
1633260 1579
1633270 1577
1633280 1577
1633290 1575
1633300 1574
1633310 1574
1633320 1572
1633330 1571
1633340 1571
1633350 1569
1633360 1566
1633370 1566
1633380 1563
1633390 1559
1633400 1555
1633410 1555
1633420 1552
1633430 1550
1633440 1550
1633450 1547
1633460 1543
1633470 1543
1633480 1540
1633490 1537
1633500 1537
1633510 1535
1633520 1533
1633530 1533
1633540 1530
1633550 1528
1633560 1528
1633570 1523
1633580 1520
1633590 1517
1633600 1517
1633610 1514
1633620 1512
1633630 1512
1633640 1510
1633650 1507
1633660 1507
1633670 1504
1633680 1500
1633690 1500
1633700 1498
1633710 1496
1633720 1496
1633730 1494
1633740 1492
1633750 1492
1633760 1490
1633770 1488
1633780 1485
1633790 1485
1633800 1482
1633810 1479
1633820 1479
1633830 1476
1633840 1474
1633850 1474
1633860 1472
1633870 1470
1633880 1470
1633890 1469
1633900 1468
1633910 1468
1633920 1466
1633930 1464
1633940 1464
1633950 1464
1633960 1463
1633970 1462
1633980 1462
1633990 1461
1634000 1460
1634010 1460
1634020 1459
1634030 1458
1634040 1458
1634050 1457
1634060 1456
1634070 1456
1634080 1455
1634090 1455
1634100 1455
1634110 1455
1634120 1454
1634130 1453
1634140 1453
1634150 1453
1634160 1452
1634170 1452
1634180 1451
1634190 1450
1634200 1450
1634210 1448
1634220 1447
1634230 1447
1634240 1444
1634250 1442
1634260 1442
1634270 1439
1634280 1436
1634290 1436
1634300 1432
1634310 1429
1634320 1425
1634330 1425
1634340 1422
1634350 1418
1634360 1418
1634370 1416
1634380 1413
1634390 1413
1634400 1410
1634410 1406
1634420 1400
1634430 1396
1634440 1392
1634450 1392
1634460 1389
1634470 1385
1634480 1385
1634490 1382
1634500 1378
1634510 1374
1634520 1374
1634530 1370
1634540 1364
1634550 1364
1634560 1358
1634570 1354
1634580 1354
1634590 1350
1634600 1347
1634610 1347
1634620 1344
1634630 1341
1634640 1341
1634650 1337
1634660 1334
1634670 1334
1634680 1331
1634690 1327
1634700 1323
1634710 1323
1634720 1319
1634730 1315
1634740 1315
1634750 1312
1634760 1309
1634770 1309
1634780 1307
1634790 1304
1634800 1304
1634810 1301
1634820 1297
1634830 1297
1634840 1293
1634850 1289
1634860 1289
1634870 1284
1634880 1279
1634890 1275
1634900 1275
1634910 1271
1634920 1267
1634930 1267
1634940 1263
1634950 1260
1634960 1260
1634970 1257
1634980 1254
1634990 1254
1635000 1252
1635010 1250
1635020 1250
1635030 1249
1635040 1247
1635050 1244
1635060 1244
1635070 1242
1635080 1240
1635090 1240
1635100 1239
1635110 1237
1635120 1237
1635130 1235
1635140 1234
1635150 1234
1635160 1233
1635170 1231
1635180 1231
1635190 1229
1635200 1226
1635210 1226
1635220 1224
1635230 1221
1635240 1219
1635250 1219
1635260 1214
1635270 1212
1635280 1212
1635290 1208
1635300 1205
1635310 1205
1635320 1201
1635330 1197
1635340 1197
1635350 1192
1635360 1187
1635370 1187
1635380 1183
1635390 1180
1635400 1180
1635410 1177
1635420 1174
1635430 1172
1635440 1172
1635450 1170
1635460 1168
1635470 1168
1635480 1165
1635490 1161
1635500 1161
1635510 1158
1635520 1154
1635530 1154
1635540 1151
1635550 1149
1635560 1149
1635570 1147
1635580 1145
1635590 1145
1635600 1143
1635610 1142
1635620 1140
1635630 1140
1635640 1138
1635650 1136
1635660 1136
1635670 1135
1635680 1132
1635690 1132
1635700 1124
1635710 1115
1635720 1115
1635730 1109
1635740 1107
1635750 1107
1635760 1108
1635770 1106
1635780 1106
1635790 1106
1635800 1108
1635810 1111
1635820 1111
1635830 1115
1635840 1117
1635850 1117
1635860 1119
1635870 1121
1635880 1121
1635890 1121
1635900 1122
1635910 1122
1635920 1123
1635930 1125
1635940 1125
1635950 1127
1635960 1127
1635970 1127
1635980 1127
1635990 1128
1636000 1128
1636010 1128
1636020 1128
1636030 1128
1636040 1128
1636050 1129
1636060 1131
1636070 1131
1636080 1131
1636090 1132
1636100 1137
1636110 1139
1636120 1140
1636130 1140
1636140 1140
1636150 1141
1636160 1141
1636170 1141
1636180 1141
1636190 1141
1636200 1141
1636210 1139
1636220 1137
1636230 1137
1636240 1135
1636250 1133
1636260 1133
1636270 1130
1636280 1127
1636290 1127
1636300 1124
1636310 1119
1636320 1119
1636330 1115
1636340 1109
1636350 1105
1636360 1105
1636370 1102
1636380 1101
1636390 1101
1636400 1101
1636410 1099
1636420 1099
1636430 1096
1636440 1093
1636450 1093
1636460 1089
1636470 1089
1636480 1089
1636490 1093
1636500 1101
1636510 1101
1636520 1106
1636530 1110
1636540 1114
1636550 1114
1636560 1116
1636570 1117
1636580 1117
1636590 1117
1636600 1116
1636610 1116
1636620 1114
1636630 1113
1636640 1113
1636650 1113
1636660 1112
1636670 1112
1636680 1109
1636690 1104
1636700 1104
1636710 1101
1636720 1099
1636730 1098
1636740 1098
1636750 1098
1636760 1096
1636770 1096
1636780 1095
1636790 1099
1636800 1099
1636810 1102
1636820 1103
1636830 1103
1636840 1104
1636850 1107
1636860 1107
1636870 1109
1636880 1110
1636890 1110
1636900 1112
1636910 1115
1636920 1120
1636930 1121
1636940 1125
1636950 1128
1636960 1128
1636970 1131
1636980 1133
1636990 1133
1637000 1134
1637010 1133
1637020 1133
1637030 1132
1637040 1131
1637050 1131
1637060 1131
1637070 1133
1637080 1133
1637090 1134
1637100 1136
1637110 1140
1637120 1140
1637130 1146
1637140 1150
1637150 1150
1637160 1152
1637170 1153
1637180 1153
1637190 1155
1637200 1157
1637210 1157
1637220 1159
1637230 1161
1637240 1161
1637250 1163
1637260 1165
1637270 1165
1637280 1166
1637290 1168
1637300 1170
1637310 1170
1637320 1171
1637330 1172
1637340 1172
1637350 1172
1637360 1171
1637370 1171
1637380 1171
1637390 1172
1637400 1172
1637410 1173
1637420 1173
1637430 1173
1637440 1173
1637450 1173
1637460 1173
1637470 1173
1637480 1173
1637490 1173
1637500 1173
1637510 1173
1637520 1173
1637530 1173
1637540 1173
1637550 1173
1637560 1173
1637570 1172
1637580 1171
1637590 1171
1637600 1170
1637610 1168
1637620 1168
1637630 1166
1637640 1164
1637650 1161
1637660 1161
1637670 1158
1637680 1152
1637690 1152
1637700 1148
1637710 1145
1637720 1145
1637730 1142
1637740 1139
1637750 1144
1637760 1141
1637770 1138
1637780 1138
1637790 1135
1637800 1134
1637810 1134
1637820 1133
1637830 1133
1637840 1131
1637850 1131
1637860 1126
1637870 1124
1637880 1124
1637890 1124
1637900 1121
1637910 1121
1637920 1125
1637930 1126
1637940 1126
1637950 1126
1637960 1125
1637970 1125
1637980 1123
1637990 1121
1638000 1121
1638010 1120
1638020 1119
1638030 1121
1638040 1121
1638050 1125
1638060 1128
1638070 1128
1638080 1130
1638090 1131
1638100 1131
1638110 1131
1638120 1131
1638130 1131
1638140 1133
1638150 1135
1638160 1135
1638170 1136
1638180 1136
1638190 1136
1638200 1135
1638210 1135
1638220 1134
1638230 1134
1638240 1133
1638250 1134
1638260 1134
1638270 1136
1638280 1138
1638290 1138
1638300 1139
1638310 1141
1638320 1141
1638330 1142
1638340 1140
1638350 1140
1638360 1134
1638370 1128
1638380 1128
1638390 1124
1638400 1123
1638410 1124
1638420 1124
1638430 1124
1638440 1124
1638450 1124
1638460 1121
1638470 1115
1638480 1115
1638490 1110
1638500 1110
1638510 1110
1638520 1111
1638530 1113
1638540 1113
1638550 1112
1638560 1110
1638570 1110
1638580 1114
1638590 1117
1638600 1126
1638610 1126
1638620 1133
1638630 1142
1638640 1142
1638650 1145
1638660 1146
1638670 1146
1638680 1146
1638690 1146
1638700 1146
1638710 1147
1638720 1151
1638730 1151
1638740 1153
1638750 1153
1638760 1151
1638770 1151
1638780 1150
1638790 1153
1638800 1153
1638810 1156
1638820 1157
1638830 1157
1638840 1157
1638850 1158
1638860 1158
1638870 1158
1638880 1158
1638890 1158
1638900 1158
1638910 1159
1638920 1159
1638930 1161
1638940 1162
1638950 1163
1638960 1163
1638970 1164
1638980 1165
1638990 1165
1639000 1166
1639010 1167
1639020 1167
1639030 1168
1639040 1169
1639050 1169
1639060 1169
1639070 1170
1639080 1170
1639090 1169
1639100 1169
1639110 1169
1639120 1169
1639130 1168
1639140 1167
1639150 1167
1639160 1166
1639170 1166
1639180 1166
1639190 1166
1639200 1166
1639210 1166
1639220 1166
1639230 1165
1639240 1165
1639250 1166
1639260 1166
1639270 1166
1639280 1166
1639290 1166
1639300 1166
1639310 1166
1639320 1167
1639330 1168
1639340 1168
1639350 1168
1639360 1168
1639370 1168
1639380 1168
1639390 1168
1639400 1169
1639410 1169
1639420 1169
1639430 1169
1639440 1169
1639450 1169
1639460 1169
1639470 1169
1639480 1169
1639490 1169
1639500 1168
1639510 1167
1639520 1166
1639530 1166
1639540 1165
1639550 1164
1639560 1164
1639570 1164
1639580 1163
1639590 1163
1639600 1163
1639610 1162
1639620 1162
1639630 1162
1639640 1160
1639650 1160
1639660 1159
1639670 1158
1639680 1158
1639690 1158
1639700 1157
1639710 1156
1639720 1156
1639730 1155
1639740 1155
1639750 1155
1639760 1154
1639770 1152
1639780 1152
1639790 1151
1639800 1148
1639810 1148
1639820 1145
1639830 1144
1639840 1144
1639850 1144
1639860 1144
1639870 1143
1639880 1143
1639890 1141
1639900 1139
1639910 1139
1639920 1136
1639930 1135
1639940 1135
1639950 1134
1639960 1135
1639970 1135
1639980 1135
1639990 1136
