1620000 808
1620010 812
1620020 815
1620030 815
1620040 818
1620050 822
1620060 822
1620070 826
1620080 830
1620090 830
1620100 833
1620110 836
1620120 836
1620130 839
1620140 843
1620150 843
1620160 845
1620170 848
1620180 848
1620190 850
1620200 853
1620210 855
1620220 855
1620230 854
1620240 856
1620250 856
1620260 858
1620270 859
1620280 859
1620290 861
1620300 863
1620310 863
1620320 864
1620330 865
1620340 865
1620350 866
1620360 867
1620370 867
1620380 868
1620390 868
1620400 869
1620410 869
1620420 870
1620430 871
1620440 871
1620450 872
1620460 874
1620470 874
1620480 875
1620490 876
1620500 876
1620510 877
1620520 878
1620530 878
1620540 878
1620550 879
1620560 879
1620570 879
1620580 879
1620590 879
1620600 879
1620610 879
1620620 880
1620630 880
1620640 880
1620650 880
1620660 880
1620670 879
1620680 878
1620690 878
1620700 877
1620710 877
1620720 877
1620730 876
1620740 876
1620750 876
1620760 877
1620770 877
1620780 877
1620790 877
1620800 878
1620810 879
1620820 879
1620830 879
1620840 879
1620850 879
1620860 880
1620870 881
1620880 881
1620890 883
1620900 886
1620910 886
1620920 889
1620930 893
1620940 893
1620950 896
1620960 898
1620970 900
1620980 900
1620990 903
1621000 905
1621010 905
1621020 908
1621030 911
1621040 911
1621050 915
1621060 918
1621070 918
1621080 920
1621090 922
1621100 922
1621110 925
1621120 927
1621130 927
1621140 930
1621150 932
1621160 934
1621170 934
1621180 937
1621190 940
1621200 940
1621210 942
1621220 945
1621230 945
1621240 949
1621250 953
1621260 953
1621270 955
1621280 957
1621290 957
1621300 959
1621310 961
1621320 961
1621330 963
1621340 965
1621350 969
1621360 969
1621370 972
1621380 976
1621390 976
1621400 979
1621410 982
1621420 982
1621430 985
1621440 987
1621450 987
1621460 989
1621470 992
1621480 992
1621490 993
1621500 995
1621510 995
1621520 997
1621530 999
1621540 1000
1621550 1000
1621560 1002
1621570 1003
1621580 1003
1621590 1004
1621600 1005
1621610 1005
1621620 1006
1621630 1008
1621640 1008
1621650 1012
1621660 1015
1621670 1015
1621680 1017
1621690 1019
1621700 1019
1621710 1020
1621720 1022
1621730 1024
1621740 1024
1621750 1025
1621760 1026
1621770 1026
1621780 1028
1621790 1029
1621800 1029
1621810 1031
1621820 1033
1621830 1033
1621840 1035
1621850 1037
1621860 1037
1621870 1039
1621880 1042
1621890 1042
1621900 1044
1621910 1046
1621920 1048
1621930 1048
1621940 1050
1621950 1050
1621960 1050
1621970 1052
1621980 1051
1621990 1051
1622000 1049
1622010 1045
1622020 1045
1622030 1041
1622040 1037
1622050 1037
1622060 1034
1622070 1032
1622080 1035
1622090 1035
1622100 1034
1622110 1033
1622120 1033
1622130 1032
1622140 1029
1622150 1029
1622160 1025
1622170 1021
1622180 1021
1622190 1015
1622200 1010
1622210 1010
1622220 1006
1622230 1003
1622240 1003
1622250 1002
1622260 1000
1622270 996
1622280 996
1622290 992
1622300 989
1622310 989
1622320 985
1622330 981
1622340 981
1622350 977
1622360 974
1622370 974
1622380 970
1622390 966
1622400 966
1622410 959
1622420 953
1622430 953
1622440 951
1622450 950
1622460 951
1622470 951
1622480 950
1622490 949
1622500 949
1622510 947
1622520 945
1622530 945
1622540 946
1622550 947
1622560 947
1622570 949
1622580 952
1622590 952
1622600 954
1622610 957
1622620 957
1622630 959
1622640 961
1622650 963
1622660 963
1622670 964
1622680 965
1622690 965
1622700 965
1622710 965
1622720 965
1622730 966
1622740 968
1622750 968
1622760 970
1622770 972
1622780 972
1622790 973
1622800 976
1622810 976
1622820 979
1622830 982
1622840 985
1622850 985
1622860 989
1622870 993
1622880 993
1622890 997
1622900 1002
1622910 1002
1622920 1006
1622930 1010
1622940 1010
1622950 1013
1622960 1015
1622970 1015
1622980 1017
1622990 1018
1623000 1018
1623010 1020
1623020 1023
1623030 1024
1623040 1024
1623050 1028
1623060 1029
1623070 1029
1623080 1031
1623090 1033
1623100 1033
1623110 1035
1623120 1037
1623130 1037
1623140 1039
1623150 1038
1623160 1038
1623170 1036
1623180 1035
1623190 1035
1623200 1034
1623210 1032
1623220 1030
1623230 1030
1623240 1025
1623250 1020
1623260 1020
1623270 1016
1623280 1010
1623290 1010
1623300 1007
1623310 1007
1623320 1007
1623330 1009
1623340 1010
1623350 1010
1623360 1010
1623370 1010
1623380 1010
1623390 1010
1623400 1010
1623410 1010
1623420 1010
1623430 1008
1623440 1004
1623450 1004
1623460 1002
1623470 999
1623480 999
1623490 996
1623500 993
1623510 993
1623520 988
1623530 985
1623540 985
1623550 982
1623560 982
1623570 982
1623580 984
1623590 988
1623600 990
1623610 990
1623620 991
1623630 991
1623640 991
1623650 994
1623660 999
1623670 999
1623680 1003
1623690 1005
1623700 1005
1623710 1008
1623720 1011
1623730 1011
1623740 1013
1623750 1015
1623760 1015
1623770 1018
1623780 1021
1623790 1027
1623800 1027
1623810 1031
1623820 1035
1623830 1035
1623840 1039
1623850 1043
1623860 1043
1623870 1046
1623880 1050
1623890 1050
1623900 1052
1623910 1055
1623920 1055
1623930 1059
1623940 1062
1623950 1062
1623960 1064
1623970 1065
1623980 1068
1623990 1068
1624000 1071
1624010 1074
1624020 1074
1624030 1075
1624040 1078
1624050 1078
1624060 1080
1624070 1083
1624080 1083
1624090 1085
1624100 1088
1624110 1088
1624120 1090
1624130 1092
1624140 1092
1624150 1093
1624160 1095
1624170 1097
1624180 1097
1624190 1102
1624200 1105
1624210 1105
1624220 1109
1624230 1112
1624240 1112
1624250 1114
1624260 1117
1624270 1117
1624280 1119
1624290 1122
1624300 1122
1624310 1125
1624320 1127
1624330 1130
1624340 1130
1624350 1132
1624360 1134
1624370 1134
1624380 1136
1624390 1138
1624400 1138
1624410 1141
1624420 1144
1624430 1144
1624440 1148
1624450 1152
1624460 1152
1624470 1154
1624480 1155
1624490 1155
1624500 1157
1624510 1158
1624520 1158
1624530 1158
1624540 1159
1624550 1160
1624560 1160
1624570 1160
1624580 1161
1624590 1161
1624600 1162
1624610 1164
1624620 1164
1624630 1165
1624640 1167
1624650 1167
1624660 1169
1624670 1170
1624680 1170
1624690 1171
1624700 1173
1624710 1176
1624720 1176
1624730 1179
1624740 1183
1624750 1183
1624760 1185
1624770 1187
1624780 1187
1624790 1188
1624800 1190
1624810 1188
1624820 1190
1624830 1192
1624840 1192
1624850 1194
1624860 1197
1624870 1197
1624880 1201
1624890 1204
1624900 1208
1624910 1208
1624920 1213
1624930 1218
1624940 1218
1624950 1221
1624960 1225
1624970 1225
1624980 1228
1624990 1232
1625000 1232
1625010 1236
1625020 1240
1625030 1240
1625040 1244
1625050 1248
1625060 1248
1625070 1252
1625080 1255
1625090 1257
1625100 1257
1625110 1259
1625120 1261
1625130 1261
1625140 1261
1625150 1261
1625160 1261
1625170 1261
1625180 1261
1625190 1261
1625200 1261
1625210 1263
1625220 1263
1625230 1266
1625240 1271
1625250 1271
1625260 1275
1625270 1280
1625280 1284
1625290 1284
1625300 1288
1625310 1293
1625320 1293
1625330 1301
1625340 1307
1625350 1307
1625360 1311
1625370 1315
1625380 1315
1625390 1318
1625400 1322
1625410 1322
1625420 1325
1625430 1329
1625440 1329
1625450 1333
1625460 1336
1625470 1338
1625480 1338
1625490 1341
1625500 1345
1625510 1345
1625520 1348
1625530 1350
1625540 1350
1625550 1352
1625560 1355
1625570 1355
1625580 1357
1625590 1361
1625600 1361
1625610 1365
1625620 1367
1625630 1367
1625640 1370
1625650 1371
1625660 1374
1625670 1374
1625680 1376
1625690 1379
1625700 1379
1625710 1378
1625720 1379
1625730 1379
1625740 1377
1625750 1372
1625760 1372
1625770 1369
1625780 1368
1625790 1368
1625800 1369
1625810 1370
1625820 1370
1625830 1372
1625840 1375
1625850 1380
1625860 1380
1625870 1386
1625880 1391
1625890 1391
1625900 1395
1625910 1398
1625920 1398
1625930 1401
1625940 1403
1625950 1403
1625960 1405
1625970 1409
1625980 1409
1625990 1413
1626000 1416
1626010 1416
1626020 1419
1626030 1421
1626040 1425
1626050 1425
1626060 1428
1626070 1431
1626080 1431
1626090 1433
1626100 1430
1626110 1430
1626120 1427
1626130 1423
1626140 1423
1626150 1420
1626160 1417
1626170 1417
1626180 1417
1626190 1418
1626200 1418
1626210 1420
1626220 1423
1626230 1425
1626240 1425
1626250 1428
1626260 1430
1626270 1430
1626280 1433
1626290 1436
1626300 1436
1626310 1440
1626320 1444
1626330 1444
1626340 1448
1626350 1451
1626360 1451
1626370 1455
1626380 1459
1626390 1459
1626400 1465
1626410 1469
1626420 1473
1626430 1473
1626440 1478
1626450 1482
1626460 1482
1626470 1487
1626480 1492
1626490 1492
1626500 1497
1626510 1503
1626520 1503
1626530 1508
1626540 1513
1626550 1513
1626560 1518
1626570 1522
1626580 1526
1626590 1526
1626600 1530
1626610 1533
1626620 1533
1626630 1536
1626640 1539
1626650 1539
1626660 1543
1626670 1548
1626680 1548
1626690 1553
1626700 1557
1626710 1557
1626720 1561
1626730 1564
1626740 1564
1626750 1568
1626760 1571
1626770 1574
1626780 1574
1626790 1577
1626800 1580
1626810 1580
1626820 1583
1626830 1586
1626840 1586
1626850 1590
1626860 1593
1626870 1593
1626880 1596
1626890 1599
1626900 1599
1626910 1601
1626920 1604
1626930 1604
1626940 1608
1626950 1611
1626960 1614
1626970 1614
1626980 1617
1626990 1620
1627000 1620
1627010 1623
1627020 1626
1627030 1626
1627040 1630
1627050 1633
1627060 1633
1627070 1636
1627080 1639
1627090 1639
1627100 1642
1627110 1645
1627120 1645
1627130 1648
1627140 1651
1627150 1654
1627160 1654
1627170 1658
1627180 1661
1627190 1661
1627200 1664
1627210 1667
1627220 1667
1627230 1670
1627240 1672
1627250 1672
1627260 1676
1627270 1679
1627280 1679
1627290 1682
1627300 1685
1627310 1685
1627320 1688
1627330 1692
1627340 1694
1627350 1694
1627360 1696
1627370 1698
1627380 1698
1627390 1701
1627400 1703
1627410 1703
1627420 1704
1627430 1707
1627440 1707
1627450 1709
1627460 1711
1627470 1711
1627480 1713
1627490 1715
1627500 1715
1627510 1717
1627520 1720
1627530 1722
1627540 1722
1627550 1724
1627560 1726
1627570 1726
1627580 1728
1627590 1730
1627600 1730
1627610 1732
1627620 1735
1627630 1735
1627640 1737
1627650 1739
1627660 1739
1627670 1740
1627680 1742
1627690 1742
1627700 1744
1627710 1746
1627720 1748
1627730 1748
1627740 1750
1627750 1752
1627760 1752
1627770 1754
1627780 1756
1627790 1756
1627800 1758
1627810 1761
1627820 1761
1627830 1763
1627840 1765
1627850 1765
1627860 1766
1627870 1769
1627880 1769
1627890 1770
1627900 1772
1627910 1774
1627920 1774
1627930 1776
1627940 1779
1627950 1779
1627960 1781
1627970 1784
1627980 1784
1627990 1786
1628000 1789
1628010 1789
1628020 1791
1628030 1794
1628040 1794
1628050 1796
1628060 1798
1628070 1798
1628080 1799
1628090 1801
1628100 1802
1628110 1802
1628120 1803
1628130 1804
1628140 1804
1628150 1805
1628160 1805
1628170 1805
1628180 1806
1628190 1807
1628200 1807
1628210 1808
1628220 1809
1628230 1809
1628240 1810
1628250 1811
1628260 1811
1628270 1812
1628280 1812
1628290 1813
1628300 1813
1628310 1814
1628320 1815
1628330 1815
1628340 1816
1628350 1817
1628360 1817
1628370 1817
1628380 1818
1628390 1818
1628400 1819
1628410 1820
1628420 1820
1628430 1822
1628440 1822
1628450 1822
1628460 1823
1628470 1824
1628480 1825
1628490 1825
1628500 1826
1628510 1828
1628520 1828
1628530 1829
1628540 1830
1628550 1830
1628560 1832
1628570 1833
1628580 1833
1628590 1834
1628600 1835
1628610 1835
1628620 1838
1628630 1840
1628640 1840
1628650 1842
1628660 1844
1628670 1846
1628680 1846
1628690 1848
1628700 1850
1628710 1850
1628720 1852
1628730 1854
1628740 1854
1628750 1856
1628760 1859
1628770 1859
1628780 1861
1628790 1864
1628800 1864
1628810 1866
1628820 1869
1628830 1869
1628840 1872
1628850 1874
1628860 1877
1628870 1877
1628880 1879
1628890 1882
1628900 1882
1628910 1884
1628920 1887
1628930 1887
1628940 1889
1628950 1892
1628960 1892
1628970 1894
1628980 1896
1628990 1896
1629000 1899
1629010 1901
1629020 1903
1629030 1903
1629040 1904
1629050 1906
1629060 1906
1629070 1908
1629080 1909
1629090 1909
1629100 1911
1629110 1912
1629120 1912
1629130 1914
1629140 1915
1629150 1915
1629160 1917
1629170 1919
1629180 1919
1629190 1921
1629200 1922
1629210 1924
1629220 1924
1629230 1927
1629240 1929
1629250 1928
1629260 1929
1629270 1930
1629280 1930
1629290 1933
1629300 1935
1629310 1935
1629320 1937
1629330 1939
1629340 1939
1629350 1941
1629360 1944
1629370 1944
1629380 1946
1629390 1948
1629400 1951
1629410 1951
1629420 1954
1629430 1956
1629440 1956
1629450 1958
1629460 1960
1629470 1960
1629480 1962
1629490 1964
1629500 1964
1629510 1965
1629520 1967
1629530 1967
1629540 1970
1629550 1972
1629560 1972
1629570 1974
1629580 1975
1629590 1977
1629600 1977
1629610 1978
1629620 1980
1629630 1980
1629640 1982
1629650 1983
1629660 1983
1629670 1985
1629680 1987
1629690 1987
1629700 1988
1629710 1990
1629720 1990
1629730 1991
1629740 1993
1629750 1993
1629760 1995
1629770 1996
1629780 1998
1629790 1998
1629800 1999
1629810 2000
1629820 2000
1629830 2003
1629840 2005
1629850 2005
1629860 2008
1629870 2010
1629880 2010
1629890 2012
1629900 2014
1629910 2014
1629920 2015
1629930 2017
1629940 2017
1629950 2019
1629960 2022
1629970 2024
1629980 2024
1629990 2026
1630000 2027
1630010 2027
1630020 2029
1630030 2030
1630040 2030
1630050 2032
1630060 2033
1630070 2033
1630080 2035
1630090 2036
1630100 2036
1630110 2036
1630120 2038
1630130 2038
1630140 2038
1630150 2039
1630160 2039
1630170 2039
1630180 2039
1630190 2039
1630200 2039
1630210 2039
1630220 2038
1630230 2038
1630240 2038
1630250 2037
1630260 2037
1630270 2037
1630280 2037
1630290 2037
1630300 2037
1630310 2036
1630320 2036
1630330 2036
1630340 2035
1630350 2035
1630360 2035
1630370 2034
1630380 2034
1630390 2034
1630400 2033
1630410 2032
1630420 2032
1630430 2031
1630440 2030
1630450 2030
1630460 2029
1630470 2027
1630480 2027
1630490 2026
1630500 2025
1630510 2025
1630520 2023
1630530 2022
1630540 2020
1630550 2020
1630560 2018
1630570 2017
1630580 2017
1630590 2015
1630600 2013
1630610 2013
1630620 2011
1630630 2008
1630640 2008
1630650 2006
1630660 2003
1630670 2003
1630680 2001
1630690 1998
1630700 1998
1630710 1995
1630720 1992
1630730 1990
1630740 1990
1630750 1988
1630760 1986
1630770 1986
1630780 1983
1630790 1981
1630800 1981
1630810 1978
1630820 1976
1630830 1976
1630840 1974
1630850 1972
1630860 1972
1630870 1971
1630880 1970
1630890 1970
1630900 1969
1630910 1968
1630920 1967
1630930 1967
1630940 1965
1630950 1963
1630960 1963
1630970 1960
1630980 1957
1630990 1961
1631000 1958
1631010 1957
1631020 1957
1631030 1957
1631040 1955
1631050 1955
1631060 1953
1631070 1951
1631080 1951
1631090 1950
1631100 1949
1631110 1948
1631120 1948
1631130 1947
1631140 1947
1631150 1947
1631160 1946
1631170 1946
1631180 1946
1631190 1945
1631200 1945
1631210 1945
1631220 1944
1631230 1944
1631240 1944
1631250 1943
1631260 1943
1631270 1943
1631280 1943
1631290 1942
1631300 1941
1631310 1941
1631320 1941
1631330 1941
1631340 1941
1631350 1941
1631360 1940
1631370 1940
1631380 1938
1631390 1937
1631400 1937
1631410 1935
1631420 1934
1631430 1934
1631440 1933
1631450 1931
1631460 1929
1631470 1929
1631480 1926
1631490 1924
1631500 1924
1631510 1921
1631520 1917
1631530 1917
1631540 1915
1631550 1913
1631560 1913
1631570 1910
1631580 1907
1631590 1907
1631600 1904
1631610 1901
1631620 1901
1631630 1899
1631640 1896
1631650 1893
1631660 1893
1631670 1890
1631680 1886
1631690 1886
1631700 1882
1631710 1878
1631720 1878
1631730 1874
1631740 1868
1631750 1868
1631760 1865
1631770 1864
1631780 1864
1631790 1862
1631800 1860
1631810 1860
1631820 1859
1631830 1857
1631840 1855
1631850 1851
1631860 1848
1631870 1846
1631880 1846
1631890 1843
1631900 1841
1631910 1841
1631920 1840
1631930 1838
1631940 1838
1631950 1836
1631960 1833
1631970 1833
1631980 1830
1631990 1827
1632000 1827
1632010 1825
1632020 1822
1632030 1819
1632040 1819
1632050 1817
1632060 1814
1632070 1814
1632080 1812
1632090 1809
1632100 1809
1632110 1806
1632120 1804
1632130 1804
1632140 1801
1632150 1798
1632160 1798
1632170 1796
1632180 1793
1632190 1793
1632200 1789
1632210 1784
1632220 1780
1632230 1780
1632240 1775
1632250 1770
1632260 1770
1632270 1766
1632280 1762
1632290 1762
1632300 1759
1632310 1754
1632320 1754
1632330 1748
1632340 1743
1632350 1743
1632360 1738
1632370 1734
1632380 1734
1632390 1730
1632400 1728
1632410 1726
1632420 1726
1632430 1723
1632440 1718
1632450 1718
1632460 1710
1632470 1703
1632480 1703
1632490 1698
1632500 1694
1632510 1694
1632520 1692
1632530 1692
1632540 1692
1632550 1690
1632560 1687
1632570 1687
1632580 1684
1632590 1682
1632600 1679
1632610 1679
1632620 1674
1632630 1669
1632640 1669
1632650 1664
1632660 1659
1632670 1659
1632680 1655
1632690 1650
1632700 1649
1632710 1646
1632720 1643
1632730 1643
1632740 1641
1632750 1639
1632760 1639
1632770 1639
1632780 1637
1632790 1633
1632800 1633
1632810 1632
1632820 1633
1632830 1633
1632840 1634
1632850 1637
1632860 1637
1632870 1638
1632880 1638
1632890 1638
1632900 1638
1632910 1639
1632920 1639
1632930 1640
1632940 1643
1632950 1643
1632960 1645
1632970 1647
1632980 1650
1632990 1650
1633000 1654
1633010 1657
1633020 1657
1633030 1660
1633040 1664
1633050 1664
1633060 1668
1633070 1672
1633080 1672
1633090 1678
1633100 1684
1633110 1684
1633120 1690
1633130 1695
1633140 1695
1633150 1697
1633160 1700
1633170 1701
1633180 1701
1633190 1701
1633200 1702
1633210 1702
1633220 1704
1633230 1707
1633240 1707
1633250 1710
1633260 1712
1633270 1712
1633280 1713
1633290 1715
1633300 1715
1633310 1717
1633320 1720
1633330 1720
1633340 1722
1633350 1725
1633360 1727
1633370 1727
1633380 1729
1633390 1731
1633400 1731
1633410 1733
1633420 1735
1633430 1735
1633440 1737
1633450 1738
1633460 1738
1633470 1739
1633480 1740
1633490 1740
1633500 1741
1633510 1743
1633520 1743
1633530 1743
1633540 1745
1633550 1749
1633560 1749
1633570 1750
1633580 1752
1633590 1752
1633600 1753
1633610 1755
1633620 1755
1633630 1756
1633640 1758
1633650 1758
1633660 1759
1633670 1761
1633680 1761
1633690 1762
1633700 1763
1633710 1764
1633720 1764
1633730 1765
1633740 1765
1633750 1765
1633760 1765
1633770 1764
1633780 1764
1633790 1763
1633800 1763
1633810 1763
1633820 1762
1633830 1762
1633840 1762
1633850 1762
1633860 1762
1633870 1762
1633880 1760
1633890 1758
1633900 1758
1633910 1758
1633920 1758
1633930 1757
1633940 1757
1633950 1756
1633960 1755
1633970 1755
1633980 1753
1633990 1749
1634000 1749
1634010 1749
1634020 1749
1634030 1749
1634040 1750
1634050 1749
1634060 1749
1634070 1748
1634080 1748
1634090 1747
1634100 1747
1634110 1745
1634120 1745
1634130 1745
1634140 1744
1634150 1745
1634160 1745
1634170 1746
1634180 1746
1634190 1746
1634200 1746
1634210 1747
1634220 1747
1634230 1748
1634240 1749
1634250 1749
1634260 1750
1634270 1751
1634280 1752
1634290 1752
1634300 1754
1634310 1755
1634320 1755
1634330 1756
1634340 1757
1634350 1757
1634360 1757
1634370 1757
1634380 1757
1634390 1758
1634400 1760
1634410 1760
1634420 1760
1634430 1760
1634440 1760
1634450 1759
1634460 1759
1634470 1758
1634480 1758
1634490 1758
1634500 1758
1634510 1758
1634520 1758
1634530 1758
1634540 1758
1634550 1758
1634560 1758
1634570 1758
1634580 1757
1634590 1757
1634600 1757
1634610 1757
1634620 1757
1634630 1757
1634640 1756
1634650 1756
1634660 1755
1634670 1755
1634680 1754
1634690 1754
1634700 1754
1634710 1753
1634720 1753
1634730 1753
1634740 1752
1634750 1752
1634760 1752
1634770 1751
1634780 1750
1634790 1750
1634800 1749
1634810 1748
1634820 1748
1634830 1747
1634840 1745
1634850 1744
1634860 1744
1634870 1742
1634880 1741
1634890 1741
1634900 1740
1634910 1738
1634920 1738
1634930 1737
1634940 1735
1634950 1735
1634960 1733
1634970 1732
1634980 1732
1634990 1730
1635000 1728
1635010 1728
1635020 1726
1635030 1725
1635040 1723
1635050 1723
1635060 1721
1635070 1720
1635080 1720
1635090 1718
1635100 1716
1635110 1716
1635120 1714
1635130 1712
1635140 1712
1635150 1711
1635160 1709
1635170 1709
1635180 1707
1635190 1705
1635200 1705
1635210 1702
1635220 1700
1635230 1698
1635240 1698
1635250 1696
1635260 1693
1635270 1693
1635280 1691
1635290 1689
1635300 1689
1635310 1686
1635320 1685
1635330 1685
1635340 1683
1635350 1681
1635360 1681
1635370 1679
1635380 1677
1635390 1677
1635400 1676
1635410 1674
1635420 1672
1635430 1672
1635440 1670
1635450 1668
1635460 1668
1635470 1666
1635480 1664
1635490 1664
1635500 1662
1635510 1659
1635520 1659
1635530 1657
1635540 1655
1635550 1655
1635560 1654
1635570 1652
1635580 1652
1635590 1650
1635600 1647
1635610 1645
1635620 1645
1635630 1642
1635640 1640
1635650 1640
1635660 1639
1635670 1637
1635680 1637
1635690 1636
1635700 1634
1635710 1634
1635720 1632
1635730 1631
1635740 1631
1635750 1629
1635760 1627
1635770 1627
1635780 1625
1635790 1624
1635800 1622
1635810 1622
1635820 1621
1635830 1618
1635840 1618
1635850 1616
1635860 1614
1635870 1614
1635880 1611
1635890 1609
1635900 1609
1635910 1607
1635920 1604
1635930 1604
1635940 1601
1635950 1599
1635960 1597
1635970 1597
1635980 1595
1635990 1593
1636000 1593
1636010 1591
1636020 1589
1636030 1589
1636040 1587
1636050 1585
1636060 1585
1636070 1583
1636080 1578
1636090 1578
1636100 1575
1636110 1573
1636120 1573
1636130 1570
1636140 1568
1636150 1566
1636160 1566
1636170 1565
1636180 1563
1636190 1563
1636200 1560
1636210 1558
1636220 1558
1636230 1556
1636240 1553
1636250 1553
1636260 1551
1636270 1549
1636280 1549
1636290 1547
1636300 1545
1636310 1545
1636320 1542
1636330 1540
1636340 1537
1636350 1537
1636360 1535
1636370 1533
1636380 1533
1636390 1530
1636400 1528
1636410 1528
1636420 1525
1636430 1522
1636440 1522
1636450 1519
1636460 1516
1636470 1516
1636480 1514
1636490 1511
1636500 1511
1636510 1508
1636520 1505
1636530 1504
1636540 1504
1636550 1502
1636560 1500
1636570 1500
1636580 1499
1636590 1498
1636600 1498
1636610 1497
1636620 1496
1636630 1496
1636640 1495
1636650 1493
1636660 1493
1636670 1492
1636680 1490
1636690 1490
1636700 1489
1636710 1488
1636720 1487
1636730 1487
1636740 1485
1636750 1484
1636760 1484
1636770 1482
1636780 1479
1636790 1479
1636800 1476
1636810 1472
1636820 1472
1636830 1468
1636840 1464
1636850 1464
1636860 1460
1636870 1456
1636880 1456
1636890 1453
1636900 1450
1636910 1445
1636920 1445
1636930 1444
1636940 1442
1636950 1442
1636960 1439
1636970 1435
1636980 1435
1636990 1432
1637000 1431
1637010 1431
1637020 1430
1637030 1429
1637040 1429
1637050 1427
1637060 1425
1637070 1425
1637080 1424
1637090 1422
1637100 1421
1637110 1421
1637120 1421
1637130 1420
1637140 1420
1637150 1419
1637160 1417
1637170 1417
1637180 1416
1637190 1415
1637200 1415
1637210 1413
1637220 1410
1637230 1410
1637240 1408
1637250 1405
1637260 1405
1637270 1404
1637280 1402
1637290 1399
1637300 1399
1637310 1395
1637320 1392
1637330 1392
1637340 1388
1637350 1384
1637360 1384
1637370 1379
1637380 1376
1637390 1376
1637400 1372
1637410 1368
1637420 1368
1637430 1366
1637440 1363
1637450 1363
1637460 1360
1637470 1356
1637480 1352
1637490 1352
1637500 1349
1637510 1347
1637520 1347
1637530 1344
1637540 1342
1637550 1342
1637560 1340
1637570 1336
1637580 1336
1637590 1333
1637600 1331
1637610 1331
1637620 1329
1637630 1326
1637640 1326
1637650 1324
1637660 1322
1637670 1319
1637680 1319
1637690 1317
1637700 1317
1637710 1317
1637720 1317
1637730 1313
1637740 1312
1637750 1309
1637760 1306
1637770 1306
1637780 1303
1637790 1300
1637800 1300
1637810 1296
1637820 1293
1637830 1293
1637840 1292
1637850 1290
1637860 1286
1637870 1286
1637880 1285
1637890 1285
1637900 1285
1637910 1284
1637920 1283
1637930 1283
1637940 1283
1637950 1283
1637960 1283
1637970 1283
1637980 1283
1637990 1283
1638000 1283
1638010 1283
1638020 1283
1638030 1282
1638040 1283
1638050 1284
1638060 1284
1638070 1285
1638080 1284
1638090 1284
1638100 1283
1638110 1281
1638120 1281
1638130 1280
1638140 1278
1638150 1278
1638160 1276
1638170 1274
1638180 1274
1638190 1273
1638200 1271
1638210 1271
1638220 1270
1638230 1268
1638240 1265
1638250 1265
1638260 1263
1638270 1260
1638280 1260
1638290 1258
1638300 1256
1638310 1256
1638320 1253
1638330 1251
1638340 1251
1638350 1250
1638360 1250
1638370 1250
1638380 1249
1638390 1247
1638400 1246
1638410 1246
1638420 1244
1638430 1243
1638440 1243
1638450 1242
1638460 1240
1638470 1240
1638480 1239
1638490 1237
1638500 1237
1638510 1236
1638520 1234
1638530 1234
1638540 1231
1638550 1228
1638560 1224
1638570 1221
1638580 1217
1638590 1212
1638600 1212
1638610 1208
1638620 1205
1638630 1205
1638640 1201
1638650 1198
1638660 1198
1638670 1194
1638680 1190
1638690 1190
1638700 1187
1638710 1184
1638720 1184
1638730 1181
1638740 1178
1638750 1178
1638760 1175
1638770 1171
1638780 1168
1638790 1168
1638800 1168
1638810 1169
1638820 1169
1638830 1169
1638840 1168
1638850 1168
1638860 1165
1638870 1162
1638880 1162
1638890 1159
1638900 1157
1638910 1157
1638920 1157
1638930 1155
1638940 1155
1638950 1154
1638960 1152
1638970 1151
1638980 1151
1638990 1150
1639000 1149
1639010 1149
1639020 1148
1639030 1147
1639040 1147
1639050 1145
1639060 1147
1639070 1147
1639080 1148
1639090 1150
1639100 1150
1639110 1152
1639120 1154
1639130 1154
1639140 1155
1639150 1157
1639160 1158
1639170 1158
1639180 1160
1639190 1163
1639200 1163
1639210 1165
1639220 1165
1639230 1165
1639240 1164
1639250 1164
1639260 1164
1639270 1163
1639280 1163
1639290 1163
1639300 1162
1639310 1160
1639320 1160
1639330 1158
1639340 1156
1639350 1155
1639360 1155
1639370 1155
1639380 1157
1639390 1157
1639400 1157
1639410 1157
1639420 1157
1639430 1158
1639440 1159
1639450 1159
1639460 1160
1639470 1161
1639480 1161
1639490 1161
1639500 1162
1639510 1162
1639520 1163
1639530 1165
1639540 1165
1639550 1165
1639560 1165
1639570 1165
1639580 1165
1639590 1165
1639600 1165
1639610 1165
1639620 1163
1639630 1161
1639640 1161
1639650 1159
1639660 1158
1639670 1158
1639680 1158
1639690 1159
1639700 1159
1639710 1160
1639720 1162
1639730 1164
1639740 1164
1639750 1168
1639760 1172
1639770 1172
1639780 1174
1639790 1177
1639800 1177
1639810 1179
1639820 1181
1639830 1181
1639840 1183
1639850 1184
1639860 1184
1639870 1185
1639880 1187
1639890 1187
1639900 1188
1639910 1190
1639920 1191
1639930 1191
1639940 1193
1639950 1194
1639960 1194
1639970 1196
1639980 1196
1639990 1196
