1620000 749
1620010 749
1620020 754
1620030 757
1620040 757
1620050 760
1620060 761
1620070 762
1620080 762
1620090 762
1620100 765
1620110 765
1620120 769
1620130 773
1620140 773
1620150 776
1620160 778
1620170 778
1620180 779
1620190 781
1620200 781
1620210 783
1620220 784
1620230 784
1620240 784
1620250 785
1620260 786
1620270 786
1620280 789
1620290 792
1620300 792
1620310 795
1620320 798
1620330 798
1620340 799
1620350 798
1620360 798
1620370 796
1620380 790
1620390 790
1620400 783
1620410 790
1620420 790
1620430 798
1620440 802
1620450 807
1620460 807
1620470 812
1620480 816
1620490 816
1620500 820
1620510 822
1620520 822
1620530 824
1620540 827
1620550 827
1620560 830
1620570 834
1620580 834
1620590 837
1620600 841
1620610 841
1620620 845
1620630 848
1620640 852
1620650 852
1620660 855
1620670 857
1620680 857
1620690 860
1620700 863
1620710 863
1620720 866
1620730 869
1620740 869
1620750 871
1620760 873
1620770 873
1620780 875
1620790 876
1620800 876
1620810 876
1620820 876
1620830 875
1620840 875
1620850 872
1620860 870
1620870 870
1620880 868
1620890 857
1620900 857
1620910 859
1620920 862
1620930 862
1620940 862
1620950 864
1620960 864
1620970 867
1620980 872
1620990 872
1621000 883
1621010 889
1621020 892
1621030 892
1621040 892
1621050 890
1621060 890
1621070 890
1621080 890
1621090 890
1621100 894
1621110 899
1621120 899
1621130 906
1621140 913
1621150 913
1621160 916
1621170 919
1621180 919
1621190 922
1621200 925
1621210 929
1621220 929
1621230 932
1621240 935
1621250 935
1621260 938
1621270 941
1621280 941
1621290 945
1621300 949
1621310 949
1621320 950
1621330 952
1621340 952
1621350 953
1621360 955
1621370 955
1621380 957
1621390 959
1621400 961
1621410 961
1621420 963
1621430 965
1621440 965
1621450 967
1621460 969
1621470 969
1621480 971
1621490 973
1621500 973
1621510 976
1621520 978
1621530 978
1621540 982
1621550 987
1621560 987
1621570 992
1621580 996
1621590 1001
1621600 1001
1621610 1006
1621620 1009
1621630 1009
1621640 1011
1621650 1013
1621660 1013
1621670 1015
1621680 1017
1621690 1017
1621700 1020
1621710 1024
1621720 1024
1621730 1027
1621740 1031
1621750 1031
1621760 1035
1621770 1038
1621780 1041
1621790 1041
1621800 1044
1621810 1047
1621820 1047
1621830 1048
1621840 1050
1621850 1050
1621860 1052
1621870 1054
1621880 1054
1621890 1057
1621900 1060
1621910 1060
1621920 1062
1621930 1064
1621940 1064
1621950 1066
1621960 1068
1621970 1070
1621980 1070
1621990 1072
1622000 1074
1622010 1074
1622020 1077
1622030 1079
1622040 1079
1622050 1081
1622060 1082
1622070 1082
1622080 1083
1622090 1084
1622100 1084
1622110 1085
1622120 1085
1622130 1085
1622140 1084
1622150 1083
1622160 1082
1622170 1082
1622180 1081
1622190 1078
1622200 1078
1622210 1076
1622220 1074
1622230 1074
1622240 1072
1622250 1070
1622260 1070
1622270 1068
1622280 1066
1622290 1066
1622300 1062
1622310 1057
1622320 1057
1622330 1052
1622340 1047
1622350 1042
1622360 1042
1622370 1036
1622380 1029
1622390 1029
1622400 1025
1622410 1023
1622420 1023
1622430 1022
1622440 1019
1622450 1019
1622460 1016
1622470 1012
1622480 1012
1622490 1008
1622500 1006
1622510 1006
1622520 1004
1622530 1004
1622540 1004
1622550 1004
1622560 1007
1622570 1009
1622580 1009
1622590 1010
1622600 1012
1622610 1012
1622620 1014
1622630 1017
1622640 1017
1622650 1019
1622660 1024
1622670 1024
1622680 1030
1622690 1034
1622700 1039
1622710 1039
1622720 1042
1622730 1047
1622740 1047
1622750 1050
1622760 1054
1622770 1054
1622780 1057
1622790 1059
1622800 1059
1622810 1062
1622820 1064
1622830 1064
1622840 1065
1622850 1066
1622860 1066
1622870 1068
1622880 1070
1622890 1071
1622900 1071
1622910 1072
1622920 1072
1622930 1072
1622940 1074
1622950 1076
1622960 1076
1622970 1079
1622980 1082
1622990 1082
1623000 1084
1623010 1084
1623020 1084
1623030 1081
1623040 1078
1623050 1078
1623060 1078
1623070 1079
1623080 1081
1623090 1081
1623100 1083
1623110 1085
1623120 1085
1623130 1086
1623140 1089
1623150 1089
1623160 1090
1623170 1091
1623180 1091
1623190 1093
1623200 1096
1623210 1096
1623220 1098
1623230 1101
1623240 1101
1623250 1104
1623260 1107
1623270 1109
1623280 1109
1623290 1112
1623300 1114
1623310 1114
1623320 1117
1623330 1119
1623340 1119
1623350 1120
1623360 1122
1623370 1122
1623380 1123
1623390 1123
1623400 1123
1623410 1123
1623420 1123
1623430 1123
1623440 1121
1623450 1119
1623460 1116
1623470 1116
1623480 1113
1623490 1109
1623500 1109
1623510 1105
1623520 1101
1623530 1101
1623540 1097
1623550 1093
1623560 1093
1623570 1089
1623580 1085
1623590 1085
1623600 1081
1623610 1076
1623620 1076
1623630 1072
1623640 1071
1623650 1068
1623660 1068
1623670 1065
1623680 1061
1623690 1061
1623700 1057
1623710 1054
1623720 1054
1623730 1051
1623740 1048
1623750 1048
1623760 1047
1623770 1046
1623780 1046
1623790 1044
1623800 1043
1623810 1043
1623820 1042
1623830 1041
1623840 1041
1623850 1041
1623860 1041
1623870 1041
1623880 1041
1623890 1041
1623900 1042
1623910 1042
1623920 1043
1623930 1046
1623940 1046
1623950 1050
1623960 1053
1623970 1053
1623980 1057
1623990 1061
1624000 1061
1624010 1064
1624020 1066
1624030 1069
1624040 1069
1624050 1071
1624060 1073
1624070 1073
1624080 1075
1624090 1079
1624100 1079
1624110 1082
1624120 1085
1624130 1085
1624140 1088
1624150 1090
1624160 1090
1624170 1092
1624180 1095
1624190 1095
1624200 1098
1624210 1100
1624220 1102
1624230 1102
1624240 1104
1624250 1106
1624260 1106
1624270 1108
1624280 1110
1624290 1110
1624300 1112
1624310 1114
1624320 1114
1624330 1117
1624340 1119
1624350 1119
1624360 1120
1624370 1123
1624380 1123
1624390 1124
1624400 1124
1624410 1124
1624420 1124
1624430 1125
1624440 1127
1624450 1127
1624460 1127
1624470 1127
1624480 1127
1624490 1126
1624500 1127
1624510 1127
1624520 1128
1624530 1129
1624540 1129
1624550 1129
1624560 1131
1624570 1131
1624580 1133
1624590 1134
1624600 1134
1624610 1134
1624620 1136
1624630 1137
1624640 1137
1624650 1138
1624660 1138
1624670 1138
1624680 1139
1624690 1140
1624700 1140
1624710 1141
1624720 1143
1624730 1143
1624740 1144
1624750 1146
1624760 1146
1624770 1147
1624780 1149
1624790 1152
1624800 1152
1624810 1154
1624820 1157
1624830 1157
1624840 1160
1624850 1162
1624860 1162
1624870 1164
1624880 1166
1624890 1166
1624900 1169
1624910 1173
1624920 1173
1624930 1174
1624940 1175
1624950 1175
1624960 1179
1624970 1183
1624980 1186
1624990 1186
1625000 1189
1625010 1192
1625020 1192
1625030 1195
1625040 1198
1625050 1198
1625060 1202
1625070 1206
1625080 1206
1625090 1209
1625100 1210
1625110 1210
1625120 1211
1625130 1211
1625140 1211
1625150 1211
1625160 1213
1625170 1215
1625180 1215
1625190 1218
1625200 1218
1625210 1218
1625220 1216
1625230 1212
1625240 1212
1625250 1209
1625260 1209
1625270 1209
1625280 1212
1625290 1217
1625300 1217
1625310 1221
1625320 1224
1625330 1226
1625340 1226
1625350 1230
1625360 1234
1625370 1234
1625380 1240
1625390 1245
1625400 1245
1625410 1250
1625420 1253
1625430 1253
1625440 1256
1625450 1258
1625460 1258
1625470 1259
1625480 1260
1625490 1260
1625500 1261
1625510 1264
1625520 1269
1625530 1269
1625540 1274
1625550 1279
1625560 1279
1625570 1284
1625580 1289
1625590 1289
1625600 1294
1625610 1299
1625620 1299
1625630 1305
1625640 1311
1625650 1311
1625660 1316
1625670 1320
1625680 1320
1625690 1326
1625700 1331
1625710 1335
1625720 1335
1625730 1337
1625740 1338
1625750 1338
1625760 1341
1625770 1345
1625780 1345
1625790 1349
1625800 1354
1625810 1354
1625820 1361
1625830 1371
1625840 1371
1625850 1375
1625860 1374
1625870 1374
1625880 1372
1625890 1371
1625900 1371
1625910 1371
1625920 1372
1625930 1374
1625940 1374
1625950 1377
1625960 1381
1625970 1381
1625980 1384
1625990 1385
1626000 1385
1626010 1387
1626020 1387
1626030 1387
1626040 1386
1626050 1386
1626060 1386
1626070 1387
1626080 1388
1626090 1389
1626100 1389
1626110 1391
1626120 1394
1626130 1394
1626140 1397
1626150 1400
1626160 1400
1626170 1404
1626180 1410
1626190 1410
1626200 1414
1626210 1420
1626220 1420
1626230 1426
1626240 1430
1626250 1430
1626260 1433
1626270 1436
1626280 1439
1626290 1439
1626300 1442
1626310 1445
1626320 1445
1626330 1449
1626340 1450
1626350 1450
1626360 1454
1626370 1458
1626380 1458
1626390 1461
1626400 1463
1626410 1463
1626420 1466
1626430 1468
1626440 1468
1626450 1470
1626460 1473
1626470 1476
1626480 1476
1626490 1480
1626500 1485
1626510 1485
1626520 1489
1626530 1493
1626540 1493
1626550 1497
1626560 1502
1626570 1502
1626580 1506
1626590 1511
1626600 1511
1626610 1516
1626620 1520
1626630 1520
1626640 1523
1626650 1526
1626660 1530
1626670 1530
1626680 1533
1626690 1537
1626700 1537
1626710 1541
1626720 1545
1626730 1545
1626740 1549
1626750 1553
1626760 1553
1626770 1557
1626780 1561
1626790 1561
1626800 1564
1626810 1567
1626820 1567
1626830 1569
1626840 1572
1626850 1576
1626860 1576
1626870 1580
1626880 1583
1626890 1583
1626900 1586
1626910 1589
1626920 1589
1626930 1592
1626940 1595
1626950 1595
1626960 1597
1626970 1601
1626980 1601
1626990 1604
1627000 1607
1627010 1607
1627020 1611
1627030 1614
1627040 1617
1627050 1617
1627060 1621
1627070 1624
1627080 1624
1627090 1626
1627100 1629
1627110 1629
1627120 1633
1627130 1636
1627140 1636
1627150 1638
1627160 1641
1627170 1641
1627180 1644
1627190 1647
1627200 1647
1627210 1650
1627220 1652
1627230 1654
1627240 1654
1627250 1656
1627260 1658
1627270 1658
1627280 1660
1627290 1662
1627300 1662
1627310 1664
1627320 1665
1627330 1665
1627340 1667
1627350 1670
1627360 1670
1627370 1672
1627380 1674
1627390 1674
1627400 1676
1627410 1678
1627420 1680
1627430 1680
1627440 1682
1627450 1685
1627460 1685
1627470 1687
1627480 1688
1627490 1688
1627500 1691
1627510 1693
1627520 1693
1627530 1695
1627540 1697
1627550 1697
1627560 1698
1627570 1700
1627580 1700
1627590 1702
1627600 1704
1627610 1705
1627620 1705
1627630 1708
1627640 1710
1627650 1710
1627660 1712
1627670 1714
1627680 1714
1627690 1716
1627700 1718
1627710 1718
1627720 1720
1627730 1722
1627740 1722
1627750 1725
1627760 1727
1627770 1727
1627780 1729
1627790 1732
1627800 1734
1627810 1734
1627820 1736
1627830 1737
1627840 1737
1627850 1739
1627860 1741
1627870 1741
1627880 1743
1627890 1745
1627900 1745
1627910 1746
1627920 1748
1627930 1748
1627940 1749
1627950 1751
1627960 1753
1627970 1753
1627980 1754
1627990 1756
1628000 1756
1628010 1757
1628020 1759
1628030 1759
1628040 1760
1628050 1761
1628060 1761
1628070 1762
1628080 1764
1628090 1764
1628100 1766
1628110 1768
1628120 1766
1628130 1768
1628140 1769
1628150 1771
1628160 1771
1628170 1773
1628180 1774
1628190 1774
1628200 1775
1628210 1776
1628220 1776
1628230 1777
1628240 1778
1628250 1778
1628260 1778
1628270 1778
1628280 1778
1628290 1777
1628300 1777
1628310 1777
1628320 1777
1628330 1777
1628340 1776
1628350 1776
1628360 1776
1628370 1775
1628380 1775
1628390 1775
1628400 1774
1628410 1774
1628420 1774
1628430 1772
1628440 1772
1628450 1772
1628460 1772
1628470 1772
1628480 1772
1628490 1772
1628500 1772
1628510 1773
1628520 1773
1628530 1774
1628540 1774
1628550 1775
1628560 1776
1628570 1776
1628580 1777
1628590 1778
1628600 1778
1628610 1779
1628620 1781
1628630 1781
1628640 1783
1628650 1785
1628660 1785
1628670 1786
1628680 1788
1628690 1788
1628700 1790
1628710 1792
1628720 1794
1628730 1794
1628740 1795
1628750 1797
1628760 1797
1628770 1800
1628780 1803
1628790 1803
1628800 1806
1628810 1808
1628820 1808
1628830 1811
1628840 1814
1628850 1814
1628860 1817
1628870 1820
1628880 1820
1628890 1823
1628900 1825
1628910 1827
1628920 1827
1628930 1831
1628940 1833
1628950 1833
1628960 1836
1628970 1838
1628980 1838
1628990 1837
1629000 1839
1629010 1839
1629020 1841
1629030 1844
1629040 1844
1629050 1846
1629060 1849
1629070 1849
1629080 1852
1629090 1854
1629100 1857
1629110 1857
1629120 1859
1629130 1859
1629140 1859
1629150 1861
1629160 1865
1629170 1865
1629180 1868
1629190 1872
1629200 1872
1629210 1875
1629220 1879
1629230 1879
1629240 1882
1629250 1886
1629260 1886
1629270 1890
1629280 1893
1629290 1896
1629300 1896
1629310 1899
1629320 1903
1629330 1903
1629340 1907
1629350 1911
1629360 1911
1629370 1914
1629380 1917
1629390 1917
1629400 1921
1629410 1924
1629420 1924
1629430 1927
1629440 1930
1629450 1930
1629460 1933
1629470 1935
1629480 1937
1629490 1937
1629500 1939
1629510 1941
1629520 1941
1629530 1943
1629540 1945
1629550 1945
1629560 1948
1629570 1950
1629580 1950
1629590 1952
1629600 1954
1629610 1954
1629620 1956
1629630 1958
1629640 1958
1629650 1960
1629660 1962
1629670 1963
1629680 1963
1629690 1965
1629700 1967
1629710 1967
1629720 1969
1629730 1972
1629740 1972
1629750 1973
1629760 1975
1629770 1975
1629780 1977
1629790 1980
1629800 1980
1629810 1982
1629820 1985
1629830 1985
1629840 1987
1629850 1990
1629860 1992
1629870 1991
1629880 1995
1629890 2001
1629900 2001
1629910 2005
1629920 2008
1629930 2008
1629940 2011
1629950 2013
1629960 2013
1629970 2015
1629980 2017
1629990 2017
1630000 2019
1630010 2021
1630020 2021
1630030 2023
1630040 2025
1630050 2026
1630060 2026
1630070 2028
1630080 2029
1630090 2029
1630100 2030
1630110 2031
1630120 2031
1630130 2032
1630140 2032
1630150 2032
1630160 2033
1630170 2034
1630180 2034
1630190 2035
1630200 2036
1630210 2036
1630220 2036
1630230 2037
1630240 2038
1630250 2038
1630260 2040
1630270 2041
1630280 2041
1630290 2042
1630300 2043
1630310 2043
1630320 2044
1630330 2044
1630340 2044
1630350 2045
1630360 2046
1630370 2046
1630380 2047
1630390 2047
1630400 2047
1630410 2048
1630420 2049
1630430 2049
1630440 2049
1630450 2049
1630460 2049
1630470 2049
1630480 2049
1630490 2048
1630500 2048
1630510 2047
1630520 2047
1630530 2047
1630540 2046
1630550 2044
1630560 2044
1630570 2043
1630580 2043
1630590 2043
1630600 2041
1630610 2040
1630620 2039
1630630 2039
1630640 2038
1630650 2036
1630660 2036
1630670 2035
1630680 2033
1630690 2033
1630700 2031
1630710 2030
1630720 2030
1630730 2029
1630740 2027
1630750 2027
1630760 2026
1630770 2025
1630780 2024
1630790 2024
1630800 2023
1630810 2021
1630820 2021
1630830 2018
1630840 2014
1630850 2014
1630860 2011
1630870 2006
1630880 2006
1630890 2002
1630900 1999
1630910 1999
1630920 1996
1630930 1993
1630940 1993
1630950 1990
1630960 1986
1630970 1984
1630980 1984
1630990 1981
1631000 1978
1631010 1978
1631020 1977
1631030 1975
1631040 1975
1631050 1972
1631060 1969
1631070 1969
1631080 1965
1631090 1961
1631100 1961
1631110 1957
1631120 1954
1631130 1954
1631140 1951
1631150 1949
1631160 1947
1631170 1947
1631180 1944
1631190 1942
1631200 1942
1631210 1939
1631220 1935
1631230 1935
1631240 1931
1631250 1929
1631260 1929
1631270 1927
1631280 1924
1631290 1924
1631300 1922
1631310 1919
1631320 1919
1631330 1915
1631340 1912
1631350 1911
1631360 1911
1631370 1910
1631380 1907
1631390 1907
1631400 1904
1631410 1900
1631420 1900
1631430 1896
1631440 1890
1631450 1890
1631460 1884
1631470 1880
1631480 1880
1631490 1878
1631500 1878
1631510 1878
1631520 1877
1631530 1874
1631540 1870
1631550 1870
1631560 1867
1631570 1864
1631580 1864
1631590 1861
1631600 1857
1631610 1857
1631620 1852
1631630 1847
1631640 1847
1631650 1839
1631660 1832
1631670 1832
1631680 1827
1631690 1826
1631700 1826
1631710 1826
1631720 1824
1631730 1818
1631740 1818
1631750 1813
1631760 1809
1631770 1809
1631780 1807
1631790 1804
1631800 1804
1631810 1802
1631820 1799
1631830 1799
1631840 1796
1631850 1793
1631860 1793
1631870 1792
1631880 1789
1631890 1789
1631900 1788
1631910 1786
1631920 1785
1631930 1785
1631940 1784
1631950 1783
1631960 1783
1631970 1783
1631980 1783
1631990 1783
1632000 1782
1632010 1780
1632020 1780
1632030 1779
1632040 1777
1632050 1777
1632060 1775
1632070 1772
1632080 1772
1632090 1769
1632100 1764
1632110 1761
1632120 1761
1632130 1758
1632140 1754
1632150 1754
1632160 1751
1632170 1748
1632180 1748
1632190 1745
1632200 1742
1632210 1742
1632220 1739
1632230 1737
1632240 1737
1632250 1736
1632260 1734
1632270 1734
1632280 1732
1632290 1731
1632300 1729
1632310 1729
1632320 1728
1632330 1726
1632340 1726
1632350 1724
1632360 1721
1632370 1721
1632380 1720
1632390 1718
1632400 1718
1632410 1717
1632420 1717
1632430 1717
1632440 1716
1632450 1717
1632460 1717
1632470 1717
1632480 1717
1632490 1716
1632500 1716
1632510 1716
1632520 1715
1632530 1715
1632540 1715
1632550 1715
1632560 1715
1632570 1715
1632580 1715
1632590 1715
1632600 1715
1632610 1715
1632620 1715
1632630 1716
1632640 1718
1632650 1718
1632660 1721
1632670 1724
1632680 1727
1632690 1727
1632700 1730
1632710 1732
1632720 1732
1632730 1733
1632740 1734
1632750 1734
1632760 1734
1632770 1737
1632780 1737
1632790 1739
1632800 1741
1632810 1741
1632820 1743
1632830 1744
1632840 1744
1632850 1744
1632860 1745
1632870 1746
1632880 1746
1632890 1748
1632900 1749
1632910 1749
1632920 1750
1632930 1752
1632940 1752
1632950 1751
1632960 1754
1632970 1754
1632980 1757
1632990 1761
1633000 1761
1633010 1764
1633020 1768
1633030 1768
1633040 1772
1633050 1776
1633060 1778
1633070 1778
1633080 1780
1633090 1782
1633100 1782
1633110 1785
1633120 1786
1633130 1786
1633140 1786
1633150 1787
1633160 1787
1633170 1788
1633180 1790
1633190 1790
1633200 1791
1633210 1792
1633220 1792
1633230 1793
1633240 1794
1633250 1794
1633260 1794
1633270 1796
1633280 1798
1633290 1798
1633300 1800
1633310 1805
1633320 1805
1633330 1806
1633340 1807
1633350 1807
1633360 1808
1633370 1810
1633380 1810
1633390 1811
1633400 1812
1633410 1812
1633420 1814
1633430 1815
1633440 1816
1633450 1816
1633460 1818
1633470 1819
1633480 1819
1633490 1820
1633500 1820
1633510 1820
1633520 1821
1633530 1821
1633540 1821
1633550 1822
1633560 1823
1633570 1823
1633580 1824
1633590 1824
1633600 1825
1633610 1825
1633620 1825
1633630 1827
1633640 1827
1633650 1828
1633660 1830
1633670 1830
1633680 1831
1633690 1832
1633700 1832
1633710 1833
1633720 1834
1633730 1834
1633740 1834
1633750 1834
1633760 1834
1633770 1835
1633780 1835
1633790 1836
1633800 1836
1633810 1836
1633820 1837
1633830 1837
1633840 1837
1633850 1837
1633860 1837
1633870 1837
1633880 1838
1633890 1838
1633900 1838
1633910 1838
1633920 1838
1633930 1838
1633940 1838
1633950 1838
1633960 1837
1633970 1836
1633980 1835
1633990 1835
1634000 1833
1634010 1832
1634020 1832
1634030 1830
1634040 1828
1634050 1828
1634060 1827
1634070 1825
1634080 1825
1634090 1824
1634100 1822
1634110 1822
1634120 1821
1634130 1819
1634140 1819
1634150 1818
1634160 1816
1634170 1814
1634180 1814
1634190 1812
1634200 1811
1634210 1811
1634220 1809
1634230 1808
1634240 1808
1634250 1807
1634260 1805
1634270 1805
1634280 1804
1634290 1803
1634300 1803
1634310 1801
1634320 1800
1634330 1800
1634340 1799
1634350 1798
1634360 1797
1634370 1797
1634380 1795
1634390 1793
1634400 1793
1634410 1792
1634420 1790
1634430 1790
1634440 1787
1634450 1785
1634460 1785
1634470 1783
1634480 1781
1634490 1781
1634500 1779
1634510 1776
1634520 1776
1634530 1773
1634540 1771
1634550 1768
1634560 1768
1634570 1765
1634580 1763
1634590 1763
1634600 1761
1634610 1758
1634620 1758
1634630 1754
1634640 1751
1634650 1751
1634660 1745
1634670 1742
1634680 1742
1634690 1740
1634700 1737
1634710 1737
1634720 1734
1634730 1731
1634740 1730
1634750 1730
1634760 1728
1634770 1726
1634780 1726
1634790 1725
1634800 1723
1634810 1723
1634820 1721
1634830 1718
1634840 1718
1634850 1715
1634860 1714
1634870 1714
1634880 1712
1634890 1710
1634900 1710
1634910 1707
1634920 1703
1634930 1702
1634940 1702
1634950 1701
1634960 1700
1634970 1700
1634980 1698
1634990 1696
1635000 1695
1635010 1694
1635020 1694
1635030 1694
1635040 1692
1635050 1691
1635060 1691
1635070 1688
1635080 1685
1635090 1685
1635100 1682
1635110 1679
1635120 1676
1635130 1676
1635140 1673
1635150 1670
1635160 1670
1635170 1667
1635180 1665
1635190 1665
1635200 1664
1635210 1662
1635220 1662
1635230 1660
1635240 1658
1635250 1658
1635260 1655
1635270 1654
1635280 1654
1635290 1652
1635300 1649
1635310 1647
1635320 1647
1635330 1645
1635340 1642
1635350 1642
1635360 1641
1635370 1640
1635380 1640
1635390 1638
1635400 1634
1635410 1634
1635420 1631
1635430 1629
1635440 1629
1635450 1628
1635460 1625
1635470 1625
1635480 1623
1635490 1621
1635500 1619
1635510 1619
1635520 1618
1635530 1617
1635540 1617
1635550 1615
1635560 1613
1635570 1613
1635580 1612
1635590 1611
1635600 1611
1635610 1609
1635620 1606
1635630 1606
1635640 1604
1635650 1602
1635660 1602
1635670 1600
1635680 1598
1635690 1596
1635700 1596
1635710 1595
1635720 1592
1635730 1592
1635740 1590
1635750 1588
1635760 1588
1635770 1585
1635780 1583
1635790 1583
1635800 1581
1635810 1579
1635820 1579
1635830 1578
1635840 1575
1635850 1575
1635860 1573
1635870 1572
1635880 1571
1635890 1571
1635900 1569
1635910 1568
1635920 1568
1635930 1566
1635940 1564
1635950 1564
1635960 1562
1635970 1561
1635980 1561
1635990 1559
1636000 1557
1636010 1557
1636020 1554
1636030 1552
1636040 1552
1636050 1551
1636060 1548
1636070 1546
1636080 1546
1636090 1543
1636100 1541
1636110 1541
1636120 1539
1636130 1536
1636140 1536
1636150 1534
1636160 1533
1636170 1533
1636180 1531
1636190 1529
1636200 1529
1636210 1526
1636220 1523
1636230 1520
1636240 1520
1636250 1519
1636260 1516
1636270 1516
1636280 1513
1636290 1510
1636300 1510
1636310 1508
1636320 1506
1636330 1506
1636340 1504
1636350 1501
1636360 1501
1636370 1499
1636380 1496
1636390 1496
1636400 1493
1636410 1490
1636420 1487
1636430 1487
1636440 1484
1636450 1481
1636460 1481
1636470 1477
1636480 1473
1636490 1473
1636500 1470
1636510 1467
1636520 1467
1636530 1465
1636540 1462
1636550 1462
1636560 1458
1636570 1454
1636580 1454
1636590 1451
1636600 1448
1636610 1446
1636620 1446
1636630 1444
1636640 1442
1636650 1442
1636660 1440
1636670 1435
1636680 1435
1636690 1434
1636700 1434
1636710 1434
1636720 1432
1636730 1428
1636740 1428
1636750 1425
1636760 1423
1636770 1423
1636780 1424
1636790 1423
1636800 1422
1636810 1422
1636820 1422
1636830 1420
1636840 1420
1636850 1419
1636860 1418
1636870 1418
1636880 1416
1636890 1415
1636900 1415
1636910 1413
1636920 1410
1636930 1410
1636940 1408
1636950 1406
1636960 1406
1636970 1403
1636980 1399
1636990 1396
1637000 1396
1637010 1391
1637020 1387
1637030 1387
1637040 1383
1637050 1379
1637060 1379
1637070 1376
1637080 1374
1637090 1374
1637100 1373
1637110 1370
1637120 1370
1637130 1369
1637140 1368
1637150 1368
1637160 1367
1637170 1364
1637180 1361
1637190 1361
1637200 1357
1637210 1353
1637220 1353
1637230 1350
1637240 1349
1637250 1349
1637260 1349
1637270 1349
1637280 1349
1637290 1348
1637300 1349
1637310 1349
1637320 1349
1637330 1348
1637340 1348
1637350 1347
1637360 1345
1637370 1343
1637380 1343
1637390 1341
1637400 1338
1637410 1338
1637420 1334
1637430 1330
1637440 1330
1637450 1326
1637460 1322
1637470 1322
1637480 1319
1637490 1315
1637500 1317
1637510 1319
1637520 1320
1637530 1320
1637540 1319
1637550 1319
1637560 1318
1637570 1318
1637580 1315
1637590 1312
1637600 1312
1637610 1311
1637620 1312
1637630 1312
1637640 1313
1637650 1314
1637660 1314
1637670 1316
1637680 1318
1637690 1318
1637700 1318
1637710 1319
1637720 1319
1637730 1320
1637740 1320
1637750 1321
1637760 1321
1637770 1321
1637780 1320
1637790 1320
1637800 1319
1637810 1318
1637820 1318
1637830 1318
1637840 1317
1637850 1317
1637860 1316
1637870 1316
1637880 1316
1637890 1315
1637900 1314
1637910 1314
1637920 1314
1637930 1313
1637940 1312
1637950 1312
1637960 1311
1637970 1312
1637980 1312
1637990 1313
1638000 1313
1638010 1313
1638020 1314
1638030 1313
1638040 1313
1638050 1313
1638060 1311
1638070 1311
1638080 1310
1638090 1308
1638100 1308
1638110 1306
1638120 1304
1638130 1302
1638140 1302
1638150 1300
1638160 1298
1638170 1298
1638180 1296
1638190 1295
1638200 1295
1638210 1292
1638220 1289
1638230 1289
1638240 1286
1638250 1284
1638260 1284
1638270 1284
1638280 1284
1638290 1284
1638300 1283
1638310 1283
1638320 1285
1638330 1285
1638340 1282
1638350 1279
1638360 1279
1638370 1278
1638380 1279
1638390 1279
1638400 1280
1638410 1280
1638420 1280
1638430 1280
1638440 1279
1638450 1279
1638460 1279
1638470 1278
1638480 1278
1638490 1277
1638500 1278
1638510 1279
1638520 1279
1638530 1279
1638540 1278
1638550 1278
1638560 1277
1638570 1277
1638580 1277
1638590 1277
1638600 1277
1638610 1277
1638620 1277
1638630 1277
1638640 1277
1638650 1277
1638660 1277
1638670 1277
1638680 1276
1638690 1275
1638700 1274
1638710 1274
1638720 1272
1638730 1271
1638740 1271
1638750 1271
1638760 1271
1638770 1271
1638780 1270
1638790 1268
1638800 1268
1638810 1267
1638820 1266
1638830 1266
1638840 1261
1638850 1256
1638860 1250
1638870 1250
1638880 1243
1638890 1235
1638900 1235
1638910 1230
1638920 1228
1638930 1228
1638940 1228
1638950 1227
1638960 1227
1638970 1224
1638980 1224
1638990 1224
1639000 1226
1639010 1228
1639020 1228
1639030 1232
1639040 1235
1639050 1237
1639060 1237
1639070 1238
1639080 1239
1639090 1239
1639100 1241
1639110 1242
1639120 1242
1639130 1244
1639140 1250
1639150 1250
1639160 1251
1639170 1252
1639180 1252
1639190 1254
1639200 1254
1639210 1254
1639220 1253
1639230 1251
1639240 1249
1639250 1249
1639260 1248
1639270 1249
1639280 1249
1639290 1251
1639300 1253
1639310 1253
1639320 1254
1639330 1255
1639340 1255
1639350 1257
1639360 1259
1639370 1259
1639380 1260
1639390 1260
1639400 1260
1639410 1261
1639420 1261
1639430 1261
1639440 1261
1639450 1262
1639460 1261
1639470 1261
1639480 1261
1639490 1261
1639500 1261
1639510 1261
1639520 1261
1639530 1261
1639540 1260
1639550 1261
1639560 1261
1639570 1261
1639580 1260
1639590 1260
1639600 1258
1639610 1255
1639620 1253
1639630 1253
1639640 1252
1639650 1253
1639660 1253
1639670 1254
1639680 1255
1639690 1255
1639700 1256
1639710 1257
1639720 1257
1639730 1258
1639740 1259
1639750 1259
1639760 1260
1639770 1260
1639780 1260
1639790 1261
1639800 1261
1639810 1262
1639820 1262
1639830 1262
1639840 1263
1639850 1263
1639860 1263
1639870 1264
1639880 1264
1639890 1264
1639900 1265
1639910 1265
1639920 1266
1639930 1266
1639940 1266
1639950 1266
1639960 1270
1639970 1270
1639980 1271
1639990 1272
