1620000 971
1620010 976
1620020 980
1620030 980
1620040 983
1620050 985
1620060 985
1620070 988
1620080 990
1620090 990
1620100 992
1620110 994
1620120 997
1620130 997
1620140 999
1620150 1001
1620160 1001
1620170 1004
1620180 1007
1620190 1007
1620200 1009
1620210 1012
1620220 1012
1620230 1015
1620240 1017
1620250 1017
1620260 1019
1620270 1021
1620280 1021
1620290 1023
1620300 1026
1620310 1028
1620320 1028
1620330 1030
1620340 1032
1620350 1032
1620360 1034
1620370 1037
1620380 1037
1620390 1040
1620400 1042
1620410 1042
1620420 1045
1620430 1047
1620440 1047
1620450 1048
1620460 1050
1620470 1050
1620480 1051
1620490 1052
1620500 1053
1620510 1053
1620520 1054
1620530 1054
1620540 1054
1620550 1056
1620560 1058
1620570 1058
1620580 1058
1620590 1058
1620600 1058
1620610 1059
1620620 1060
1620630 1060
1620640 1060
1620650 1062
1620660 1062
1620670 1062
1620680 1063
1620690 1065
1620700 1065
1620710 1066
1620720 1068
1620730 1068
1620740 1071
1620750 1074
1620760 1074
1620770 1075
1620780 1078
1620790 1078
1620800 1081
1620810 1085
1620820 1085
1620830 1087
1620840 1090
1620850 1090
1620860 1093
1620870 1095
1620880 1097
1620890 1097
1620900 1098
1620910 1100
1620920 1100
1620930 1102
1620940 1103
1620950 1103
1620960 1105
1620970 1107
1620980 1107
1620990 1110
1621000 1112
1621010 1112
1621020 1115
1621030 1118
1621040 1118
1621050 1122
1621060 1125
1621070 1128
1621080 1128
1621090 1131
1621100 1135
1621110 1135
1621120 1139
1621130 1142
1621140 1142
1621150 1146
1621160 1148
1621170 1148
1621180 1149
1621190 1148
1621200 1148
1621210 1146
1621220 1144
1621230 1144
1621240 1141
1621250 1139
1621260 1139
1621270 1136
1621280 1133
1621290 1129
1621300 1129
1621310 1125
1621320 1124
1621330 1124
1621340 1119
1621350 1115
1621360 1115
1621370 1114
1621380 1115
1621390 1115
1621400 1115
1621410 1114
1621420 1114
1621430 1111
1621440 1109
1621450 1109
1621460 1107
1621470 1105
1621480 1106
1621490 1106
1621500 1107
1621510 1109
1621520 1109
1621530 1111
1621540 1114
1621550 1114
1621560 1117
1621570 1121
1621580 1121
1621590 1126
1621600 1130
1621610 1130
1621620 1134
1621630 1136
1621640 1136
1621650 1139
1621660 1142
1621670 1144
1621680 1144
1621690 1144
1621700 1143
1621710 1143
1621720 1141
1621730 1141
1621740 1141
1621750 1140
1621760 1139
1621770 1139
1621780 1139
1621790 1138
1621800 1138
1621810 1132
1621820 1126
1621830 1126
1621840 1121
1621850 1115
1621860 1109
1621870 1109
1621880 1103
1621890 1099
1621900 1099
1621910 1098
1621920 1094
1621930 1094
1621940 1091
1621950 1088
1621960 1088
1621970 1085
1621980 1082
1621990 1082
1622000 1079
1622010 1075
1622020 1075
1622030 1073
1622040 1070
1622050 1068
1622060 1068
1622070 1066
1622080 1063
1622090 1063
1622100 1061
1622110 1058
1622120 1058
1622130 1056
1622140 1054
1622150 1054
1622160 1053
1622170 1052
1622180 1052
1622190 1051
1622200 1049
1622210 1049
1622220 1049
1622230 1048
1622240 1050
1622250 1050
1622260 1051
1622270 1053
1622280 1053
1622290 1055
1622300 1056
1622310 1056
1622320 1057
1622330 1059
1622340 1059
1622350 1060
1622360 1062
1622370 1062
1622380 1063
1622390 1065
1622400 1065
1622410 1066
1622420 1067
1622430 1067
1622440 1067
1622450 1066
1622460 1065
1622470 1065
1622480 1063
1622490 1062
1622500 1062
1622510 1060
1622520 1057
1622530 1057
1622540 1052
1622550 1046
1622560 1046
1622570 1041
1622580 1038
1622590 1038
1622600 1033
1622610 1027
1622620 1022
1622630 1022
1622640 1016
1622650 1012
1622660 1012
1622670 1009
1622680 1006
1622690 1006
1622700 1003
1622710 996
1622720 996
1622730 990
1622740 985
1622750 985
1622760 980
1622770 975
1622780 975
1622790 969
1622800 962
1622810 954
1622820 954
1622830 955
1622840 958
1622850 958
1622860 959
1622870 961
1622880 961
1622890 962
1622900 964
1622910 964
1622920 966
1622930 969
1622940 969
1622950 973
1622960 977
1622970 977
1622980 981
1622990 985
1623000 989
1623010 989
1623020 993
1623030 995
1623040 995
1623050 997
1623060 996
1623070 996
1623080 994
1623090 993
1623100 993
1623110 994
1623120 995
1623130 995
1623140 997
1623150 1004
1623160 1004
1623170 1004
1623180 1003
1623190 1003
1623200 1002
1623210 1002
1623220 1003
1623230 1003
1623240 1005
1623250 1006
1623260 1006
1623270 1005
1623280 1004
1623290 1004
1623300 1001
1623310 999
1623320 999
1623330 996
1623340 995
1623350 995
1623360 994
1623370 993
1623380 993
1623390 994
1623400 994
1623410 995
1623420 995
1623430 995
1623440 995
1623450 995
1623460 993
1623470 991
1623480 991
1623490 990
1623500 990
1623510 990
1623520 992
1623530 996
1623540 996
1623550 1000
1623560 1002
1623570 1002
1623580 1002
1623590 1002
1623600 1001
1623610 1001
1623620 1000
1623630 997
1623640 997
1623650 992
1623660 987
1623670 987
1623680 981
1623690 974
1623700 974
1623710 966
1623720 958
1623730 958
1623740 955
1623750 953
1623760 953
1623770 956
1623780 960
1623790 966
1623800 966
1623810 969
1623820 971
1623830 971
1623840 974
1623850 976
1623860 976
1623870 976
1623880 977
1623890 977
1623900 977
1623910 976
1623920 976
1623930 972
1623940 971
1623950 971
1623960 970
1623970 970
1623980 971
1623990 971
1624000 973
1624010 973
1624020 973
1624030 972
1624040 970
1624050 970
1624060 971
1624070 972
1624080 972
1624090 974
1624100 975
1624110 975
1624120 975
1624130 974
1624140 974
1624150 970
1624160 974
1624170 977
1624180 977
1624190 979
1624200 980
1624210 980
1624220 981
1624230 982
1624240 982
1624250 983
1624260 981
1624270 981
1624280 975
1624290 969
1624300 969
1624310 964
1624320 957
1624330 957
1624340 951
1624350 943
1624360 935
1624370 935
1624380 928
1624390 921
1624400 921
1624410 913
1624420 906
1624430 906
1624440 908
1624450 912
1624460 912
1624470 917
1624480 923
1624490 923
1624500 928
1624510 933
1624520 933
1624530 938
1624540 942
1624550 947
1624560 947
1624570 953
1624580 958
1624590 958
1624600 962
1624610 964
1624620 964
1624630 963
1624640 962
1624650 962
1624660 961
1624670 960
1624680 960
1624690 960
1624700 961
1624710 961
1624720 962
1624730 963
1624740 962
1624750 962
1624760 960
1624770 959
1624780 959
1624790 960
1624800 962
1624810 962
1624820 963
1624830 965
1624840 965
1624850 966
1624860 968
1624870 968
1624880 970
1624890 974
1624900 974
1624910 978
1624920 982
1624930 987
1624940 987
1624950 989
1624960 990
1624970 993
1624980 993
1624990 993
1625000 993
1625010 992
1625020 991
1625030 991
1625040 991
1625050 989
1625060 989
1625070 989
1625080 994
1625090 994
1625100 997
1625110 998
1625120 998
1625130 999
1625140 1001
1625150 1003
1625160 1003
1625170 1006
1625180 1010
1625190 1010
1625200 1015
1625210 1018
1625220 1018
1625230 1021
1625240 1022
1625250 1022
1625260 1025
1625270 1029
1625280 1029
1625290 1031
1625300 1034
1625310 1034
1625320 1038
1625330 1043
1625340 1049
1625350 1049
1625360 1055
1625370 1058
1625380 1058
1625390 1059
1625400 1060
1625410 1060
1625420 1063
1625430 1066
1625440 1066
1625450 1068
1625460 1073
1625470 1073
1625480 1075
1625490 1078
1625500 1078
1625510 1081
1625520 1084
1625530 1087
1625540 1087
1625550 1089
1625560 1091
1625570 1091
1625580 1092
1625590 1092
1625600 1092
1625610 1093
1625620 1093
1625630 1093
1625640 1094
1625650 1095
1625660 1095
1625670 1096
1625680 1097
1625690 1097
1625700 1097
1625710 1097
1625720 1097
1625730 1097
1625740 1098
1625750 1097
1625760 1097
1625770 1096
1625780 1094
1625790 1094
1625800 1092
1625810 1090
1625820 1090
1625830 1089
1625840 1088
1625850 1088
1625860 1091
1625870 1091
1625880 1091
1625890 1090
1625900 1089
1625910 1086
1625920 1086
1625930 1084
1625940 1081
1625950 1081
1625960 1079
1625970 1078
1625980 1078
1625990 1077
1626000 1076
1626010 1076
1626020 1076
1626030 1076
1626040 1076
1626050 1076
1626060 1076
1626070 1076
1626080 1075
1626090 1075
1626100 1074
1626110 1074
1626120 1074
1626130 1075
1626140 1075
1626150 1077
1626160 1079
1626170 1079
1626180 1080
1626190 1080
1626200 1080
1626210 1080
1626220 1080
1626230 1080
1626240 1080
1626250 1081
1626260 1081
1626270 1080
1626280 1079
1626290 1078
1626300 1078
1626310 1077
1626320 1076
1626330 1076
1626340 1074
1626350 1070
1626360 1070
1626370 1064
1626380 1061
1626390 1061
1626400 1060
1626410 1059
1626420 1059
1626430 1056
1626440 1053
1626450 1053
1626460 1054
1626470 1055
1626480 1056
1626490 1056
1626500 1056
1626510 1057
1626520 1057
1626530 1059
1626540 1063
1626550 1063
1626560 1068
1626570 1072
1626580 1072
1626590 1076
1626600 1078
1626610 1078
1626620 1078
1626630 1076
1626640 1076
1626650 1075
1626660 1074
1626670 1074
1626680 1074
1626690 1074
1626700 1074
1626710 1074
1626720 1074
1626730 1073
1626740 1073
1626750 1071
1626760 1074
1626770 1074
1626780 1072
1626790 1072
1626800 1072
1626810 1071
1626820 1070
1626830 1070
1626840 1068
1626850 1069
1626860 1069
1626870 1073
1626880 1076
1626890 1078
1626900 1078
1626910 1080
1626920 1084
1626930 1084
1626940 1088
1626950 1093
1626960 1093
1626970 1100
1626980 1108
1626990 1108
1627000 1111
1627010 1112
1627020 1112
1627030 1110
1627040 1108
1627050 1108
1627060 1107
1627070 1108
1627080 1109
1627090 1109
1627100 1109
1627110 1109
1627120 1109
1627130 1106
1627140 1101
1627150 1101
1627160 1098
1627170 1100
1627180 1100
1627190 1100
1627200 1100
1627210 1100
1627220 1099
1627230 1097
1627240 1097
1627250 1094
1627260 1091
1627270 1089
1627280 1089
1627290 1087
1627300 1085
1627310 1085
1627320 1082
1627330 1080
1627340 1080
1627350 1077
1627360 1073
1627370 1073
1627380 1071
1627390 1070
1627400 1070
1627410 1069
1627420 1068
1627430 1068
1627440 1067
1627450 1065
1627460 1068
1627470 1068
1627480 1072
1627490 1074
1627500 1074
1627510 1080
1627520 1086
1627530 1086
1627540 1093
1627550 1098
1627560 1098
1627570 1102
1627580 1105
1627590 1105
1627600 1108
1627610 1113
1627620 1113
1627630 1117
1627640 1120
1627650 1123
1627660 1123
1627670 1124
1627680 1126
1627690 1126
1627700 1128
1627710 1130
1627720 1130
1627730 1133
1627740 1138
1627750 1138
1627760 1143
1627770 1148
1627780 1148
1627790 1154
1627800 1160
1627810 1160
1627820 1164
1627830 1166
1627840 1169
1627850 1169
1627860 1173
1627870 1176
1627880 1176
1627890 1180
1627900 1183
1627910 1183
1627920 1186
1627930 1190
1627940 1190
1627950 1192
1627960 1194
1627970 1194
1627980 1196
1627990 1199
1628000 1199
1628010 1201
1628020 1203
1628030 1206
1628040 1206
1628050 1207
1628060 1209
1628070 1209
1628080 1212
1628090 1214
1628100 1214
1628110 1216
1628120 1218
1628130 1218
1628140 1221
1628150 1223
1628160 1223
1628170 1223
1628180 1224
1628190 1224
1628200 1225
1628210 1227
1628220 1228
1628230 1228
1628240 1231
1628250 1234
1628260 1234
1628270 1236
1628280 1238
1628290 1238
1628300 1240
1628310 1241
1628320 1241
1628330 1243
1628340 1243
1628350 1243
1628360 1246
1628370 1251
1628380 1251
1628390 1256
1628400 1260
1628410 1264
1628420 1264
1628430 1267
1628440 1269
1628450 1269
1628460 1272
1628470 1274
1628480 1274
1628490 1276
1628500 1277
1628510 1277
1628520 1276
1628530 1278
1628540 1278
1628550 1280
1628560 1284
1628570 1284
1628580 1287
1628590 1289
1628600 1291
1628610 1291
1628620 1292
1628630 1292
1628640 1292
1628650 1291
1628660 1291
1628670 1291
1628680 1289
1628690 1287
1628700 1287
1628710 1282
1628720 1280
1628730 1280
1628740 1281
1628750 1280
1628760 1280
1628770 1282
1628780 1286
1628790 1286
1628800 1293
1628810 1299
1628820 1303
1628830 1303
1628840 1306
1628850 1308
1628860 1308
1628870 1312
1628880 1316
1628890 1316
1628900 1319
1628910 1323
1628920 1323
1628930 1328
1628940 1332
1628950 1332
1628960 1336
1628970 1338
1628980 1338
1628990 1340
1629000 1342
1629010 1344
1629020 1344
1629030 1347
1629040 1351
1629050 1351
1629060 1353
1629070 1354
1629080 1354
1629090 1356
1629100 1357
1629110 1357
1629120 1359
1629130 1361
1629140 1361
1629150 1363
1629160 1365
1629170 1365
1629180 1367
1629190 1369
1629200 1370
1629210 1370
1629220 1372
1629230 1373
1629240 1373
1629250 1373
1629260 1374
1629270 1374
1629280 1374
1629290 1373
1629300 1373
1629310 1373
1629320 1373
1629330 1373
1629340 1372
1629350 1373
1629360 1373
1629370 1373
1629380 1374
1629390 1375
1629400 1372
1629410 1372
1629420 1371
1629430 1371
1629440 1371
1629450 1370
1629460 1370
1629470 1368
1629480 1365
1629490 1365
1629500 1361
1629510 1358
1629520 1358
1629530 1354
1629540 1350
1629550 1350
1629560 1346
1629570 1342
1629580 1337
1629590 1337
1629600 1333
1629610 1327
1629620 1327
1629630 1322
1629640 1318
1629650 1318
1629660 1315
1629670 1311
1629680 1311
1629690 1307
1629700 1304
1629710 1304
1629720 1300
1629730 1295
1629740 1295
1629750 1290
1629760 1286
1629770 1283
1629780 1283
1629790 1280
1629800 1276
1629810 1276
1629820 1270
1629830 1266
1629840 1266
1629850 1262
1629860 1258
1629870 1258
1629880 1253
1629890 1248
1629900 1248
1629910 1242
1629920 1238
1629930 1238
1629940 1240
1629950 1246
1629960 1252
1629970 1252
1629980 1256
1629990 1260
1630000 1260
1630010 1265
1630020 1270
1630030 1270
1630040 1274
1630050 1277
1630060 1277
1630070 1281
1630080 1284
1630090 1284
1630100 1288
1630110 1293
1630120 1293
1630130 1299
1630140 1305
1630150 1309
1630160 1309
1630170 1314
1630180 1319
1630190 1319
1630200 1324
1630210 1328
1630220 1328
1630230 1331
1630240 1335
1630250 1335
1630260 1343
1630270 1351
1630280 1351
1630290 1354
1630300 1354
1630310 1354
1630320 1354
1630330 1354
1630340 1355
1630350 1355
1630360 1356
1630370 1358
1630380 1358
1630390 1359
1630400 1362
1630410 1362
1630420 1364
1630430 1368
1630440 1368
1630450 1371
1630460 1375
1630470 1375
1630480 1377
1630490 1381
1630500 1381
1630510 1385
1630520 1388
1630530 1392
1630540 1392
1630550 1399
1630560 1407
1630570 1407
1630580 1412
1630590 1414
1630600 1414
1630610 1416
1630620 1417
1630630 1417
1630640 1417
1630650 1415
1630660 1415
1630670 1411
1630680 1409
1630690 1409
1630700 1410
1630710 1410
1630720 1410
1630730 1408
1630740 1407
1630750 1408
1630760 1408
1630770 1411
1630780 1413
1630790 1413
1630800 1415
1630810 1420
1630820 1420
1630830 1425
1630840 1429
1630850 1429
1630860 1432
1630870 1436
1630880 1436
1630890 1439
1630900 1442
1630910 1442
1630920 1445
1630930 1446
1630940 1447
1630950 1447
1630960 1448
1630970 1447
1630980 1447
1630990 1448
1631000 1449
1631010 1449
1631020 1450
1631030 1453
1631040 1453
1631050 1455
1631060 1457
1631070 1457
1631080 1459
1631090 1462
1631100 1462
1631110 1464
1631120 1464
1631130 1464
1631140 1467
1631150 1469
1631160 1471
1631170 1471
1631180 1472
1631190 1474
1631200 1474
1631210 1476
1631220 1477
1631230 1477
1631240 1479
1631250 1480
1631260 1480
1631270 1482
1631280 1484
1631290 1484
1631300 1487
1631310 1490
1631320 1493
1631330 1493
1631340 1496
1631350 1498
1631360 1498
1631370 1500
1631380 1502
1631390 1502
1631400 1504
1631410 1505
1631420 1505
1631430 1507
1631440 1508
1631450 1508
1631460 1510
1631470 1513
1631480 1513
1631490 1514
1631500 1516
1631510 1518
1631520 1518
1631530 1521
1631540 1522
1631550 1522
1631560 1524
1631570 1526
1631580 1526
1631590 1529
1631600 1531
1631610 1531
1631620 1533
1631630 1534
1631640 1534
1631650 1536
1631660 1537
1631670 1537
1631680 1539
1631690 1540
1631700 1542
1631710 1542
1631720 1543
1631730 1544
1631740 1544
1631750 1546
1631760 1547
1631770 1547
1631780 1548
1631790 1549
1631800 1549
1631810 1551
1631820 1553
1631830 1553
1631840 1555
1631850 1556
1631860 1556
1631870 1558
1631880 1559
1631890 1561
1631900 1561
1631910 1564
1631920 1566
1631930 1566
1631940 1566
1631950 1565
1631960 1565
1631970 1564
1631980 1563
1631990 1563
1632000 1559
1632010 1559
1632020 1559
1632030 1558
1632040 1558
1632050 1558
1632060 1557
1632070 1556
1632080 1556
1632090 1556
1632100 1556
1632110 1557
1632120 1557
1632130 1558
1632140 1558
1632150 1558
1632160 1558
1632170 1559
1632180 1559
1632190 1559
1632200 1561
1632210 1561
1632220 1565
1632230 1568
1632240 1568
1632250 1570
1632260 1572
1632270 1575
1632280 1575
1632290 1578
1632300 1581
1632310 1581
1632320 1584
1632330 1586
1632340 1586
1632350 1588
1632360 1591
1632370 1591
1632380 1593
1632390 1596
1632400 1596
1632410 1599
1632420 1602
1632430 1602
1632440 1606
1632450 1608
1632460 1611
1632470 1611
1632480 1614
1632490 1618
1632500 1618
1632510 1622
1632520 1626
1632530 1626
1632540 1630
1632550 1633
1632560 1633
1632570 1636
1632580 1638
1632590 1638
1632600 1641
1632610 1644
1632620 1644
1632630 1647
1632640 1650
1632650 1650
1632660 1653
1632670 1657
1632680 1661
1632690 1661
1632700 1665
1632710 1669
1632720 1669
1632730 1672
1632740 1674
1632750 1674
1632760 1676
1632770 1679
1632780 1679
1632790 1681
1632800 1683
1632810 1683
1632820 1685
1632830 1688
1632840 1688
1632850 1686
1632860 1689
1632870 1691
1632880 1691
1632890 1693
1632900 1695
1632910 1695
1632920 1697
1632930 1699
1632940 1699
1632950 1701
1632960 1704
1632970 1704
1632980 1708
1632990 1710
1633000 1710
1633010 1713
1633020 1715
1633030 1715
1633040 1717
1633050 1719
1633060 1721
1633070 1721
1633080 1723
1633090 1725
1633100 1725
1633110 1726
1633120 1728
1633130 1728
1633140 1731
1633150 1733
1633160 1733
1633170 1737
1633180 1741
1633190 1741
1633200 1745
1633210 1749
1633220 1749
1633230 1752
1633240 1755
1633250 1758
1633260 1758
1633270 1760
1633280 1763
1633290 1763
1633300 1765
1633310 1769
1633320 1769
1633330 1773
1633340 1776
1633350 1776
1633360 1780
1633370 1783
1633380 1783
1633390 1787
1633400 1790
1633410 1790
1633420 1793
1633430 1797
1633440 1801
1633450 1801
1633460 1806
1633470 1809
1633480 1809
1633490 1813
1633500 1816
1633510 1816
1633520 1821
1633530 1825
1633540 1825
1633550 1830
1633560 1835
1633570 1835
1633580 1840
1633590 1845
1633600 1845
1633610 1849
1633620 1853
1633630 1856
1633640 1856
1633650 1857
1633660 1857
1633670 1857
1633680 1857
1633690 1857
1633700 1857
1633710 1853
1633720 1856
1633730 1856
1633740 1859
1633750 1862
1633760 1862
1633770 1865
1633780 1868
1633790 1868
1633800 1871
1633810 1874
1633820 1875
1633830 1875
1633840 1875
1633850 1875
1633860 1875
1633870 1874
1633880 1873
1633890 1873
1633900 1872
1633910 1870
1633920 1870
1633930 1867
1633940 1865
1633950 1865
1633960 1863
1633970 1860
1633980 1860
1633990 1857
1634000 1855
1634010 1852
1634020 1852
1634030 1849
1634040 1846
1634050 1846
1634060 1842
1634070 1838
1634080 1838
1634090 1833
1634100 1829
1634110 1829
1634120 1825
1634130 1821
1634140 1821
1634150 1817
1634160 1812
1634170 1812
1634180 1809
1634190 1807
1634200 1804
1634210 1804
1634220 1801
1634230 1798
1634240 1798
1634250 1795
1634260 1793
1634270 1793
1634280 1790
1634290 1788
1634300 1788
1634310 1785
1634320 1781
1634330 1781
1634340 1779
1634350 1777
1634360 1777
1634370 1775
1634380 1773
1634390 1770
1634400 1770
1634410 1768
1634420 1766
1634430 1766
1634440 1763
1634450 1761
1634460 1761
1634470 1758
1634480 1756
1634490 1756
1634500 1754
1634510 1752
1634520 1752
1634530 1749
1634540 1747
1634550 1746
1634560 1743
1634570 1739
1634580 1739
1634590 1736
1634600 1734
1634610 1732
1634620 1732
1634630 1730
1634640 1728
1634650 1728
1634660 1726
1634670 1724
1634680 1724
1634690 1721
1634700 1718
1634710 1718
1634720 1715
1634730 1711
1634740 1711
1634750 1707
1634760 1703
1634770 1703
1634780 1699
1634790 1695
1634800 1691
1634810 1691
1634820 1687
1634830 1681
1634840 1681
1634850 1674
1634860 1668
1634870 1668
1634880 1665
1634890 1663
1634900 1663
1634910 1661
1634920 1659
1634930 1659
1634940 1656
1634950 1654
1634960 1654
1634970 1651
1634980 1648
1634990 1645
1635000 1645
1635010 1641
1635020 1638
1635030 1638
1635040 1635
1635050 1632
1635060 1632
1635070 1628
1635080 1623
1635090 1623
1635100 1617
1635110 1613
1635120 1613
1635130 1610
1635140 1605
1635150 1605
1635160 1601
1635170 1598
1635180 1595
1635190 1595
1635200 1592
1635210 1587
1635220 1587
1635230 1584
1635240 1578
1635250 1578
1635260 1574
1635270 1570
1635280 1570
1635290 1567
1635300 1563
1635310 1563
1635320 1560
1635330 1557
1635340 1557
1635350 1555
1635360 1553
1635370 1550
1635380 1550
1635390 1545
1635400 1543
1635410 1543
1635420 1539
1635430 1537
1635440 1537
1635450 1533
1635460 1530
1635470 1530
1635480 1527
1635490 1523
1635500 1523
1635510 1519
1635520 1514
1635530 1514
1635540 1510
1635550 1506
1635560 1502
1635570 1502
1635580 1497
1635590 1493
1635600 1493
1635610 1492
1635620 1491
1635630 1491
1635640 1491
1635650 1489
1635660 1489
1635670 1487
1635680 1485
1635690 1485
1635700 1482
1635710 1477
1635720 1477
1635730 1471
1635740 1469
1635750 1466
1635760 1466
1635770 1464
1635780 1463
1635790 1463
1635800 1463
1635810 1464
1635820 1464
1635830 1463
1635840 1461
1635850 1461
1635860 1458
1635870 1454
1635880 1454
1635890 1451
1635900 1449
1635910 1449
1635920 1446
1635930 1443
1635940 1440
1635950 1440
1635960 1438
1635970 1435
1635980 1435
1635990 1431
1636000 1427
1636010 1427
1636020 1425
1636030 1423
1636040 1423
1636050 1422
1636060 1419
1636070 1419
1636080 1417
1636090 1415
1636100 1415
1636110 1413
1636120 1410
1636130 1406
1636140 1406
1636150 1402
1636160 1400
1636170 1400
1636180 1397
1636190 1395
1636200 1395
1636210 1394
1636220 1390
1636230 1386
1636240 1383
1636250 1379
1636260 1379
1636270 1374
1636280 1368
1636290 1368
1636300 1361
1636310 1355
1636320 1351
1636330 1351
1636340 1348
1636350 1344
1636360 1344
1636370 1340
1636380 1337
1636390 1337
1636400 1336
1636410 1335
1636420 1335
1636430 1334
1636440 1332
1636450 1332
1636460 1330
1636470 1330
1636480 1330
1636490 1329
1636500 1327
1636510 1327
1636520 1328
1636530 1328
1636540 1325
1636550 1325
1636560 1321
1636570 1317
1636580 1317
1636590 1313
1636600 1309
1636610 1309
1636620 1307
1636630 1307
1636640 1307
1636650 1306
1636660 1308
1636670 1308
1636680 1313
1636690 1316
1636700 1316
1636710 1318
1636720 1317
1636730 1312
1636740 1312
1636750 1305
1636760 1298
1636770 1298
1636780 1290
1636790 1285
1636800 1285
1636810 1278
1636820 1271
1636830 1271
1636840 1265
1636850 1258
1636860 1258
1636870 1250
1636880 1252
1636890 1252
1636900 1256
1636910 1265
1636920 1274
1636930 1274
1636940 1283
1636950 1289
1636960 1289
1636970 1298
1636980 1305
1636990 1305
1637000 1310
1637010 1315
1637020 1315
1637030 1320
1637040 1326
1637050 1326
1637060 1331
1637070 1338
1637080 1338
1637090 1344
1637100 1349
1637110 1355
1637120 1355
1637130 1356
1637140 1355
1637150 1355
1637160 1353
1637170 1352
1637180 1352
1637190 1352
1637200 1353
1637210 1353
1637220 1354
1637230 1353
1637240 1353
1637250 1352
1637260 1352
1637270 1352
1637280 1352
1637290 1348
1637300 1342
1637310 1342
1637320 1337
1637330 1332
1637340 1332
1637350 1329
1637360 1328
1637370 1328
1637380 1327
1637390 1327
1637400 1327
1637410 1325
1637420 1321
1637430 1321
1637440 1315
1637450 1308
1637460 1308
1637470 1301
1637480 1294
1637490 1287
1637500 1287
1637510 1280
1637520 1274
1637530 1274
1637540 1268
1637550 1262
1637560 1262
1637570 1256
1637580 1251
1637590 1251
1637600 1245
1637610 1239
1637620 1239
1637630 1233
1637640 1224
1637650 1224
1637660 1216
1637670 1210
1637680 1203
1637690 1203
1637700 1197
1637710 1191
1637720 1191
1637730 1185
1637740 1179
1637750 1179
1637760 1173
1637770 1167
1637780 1167
1637790 1162
1637800 1156
1637810 1156
1637820 1150
1637830 1145
1637840 1145
1637850 1140
1637860 1136
1637870 1130
1637880 1130
1637890 1124
1637900 1118
1637910 1118
1637920 1111
1637930 1105
1637940 1105
1637950 1099
1637960 1092
1637970 1092
1637980 1086
1637990 1079
1638000 1079
1638010 1073
1638020 1066
1638030 1066
1638040 1060
1638050 1054
1638060 1049
1638070 1049
1638080 1044
1638090 1039
1638100 1039
1638110 1034
1638120 1030
1638130 1030
1638140 1024
1638150 1019
1638160 1019
1638170 1014
1638180 1009
1638190 1009
1638200 1005
1638210 1001
1638220 1001
1638230 997
1638240 994
1638250 994
1638260 990
1638270 988
1638280 989
1638290 989
1638300 992
1638310 997
1638320 997
1638330 1002
1638340 1008
1638350 1008
1638360 1014
1638370 1019
1638380 1019
1638390 1024
1638400 1029
1638410 1029
1638420 1035
1638430 1039
1638440 1039
1638450 1043
1638460 1048
1638470 1051
1638480 1051
1638490 1053
1638500 1054
1638510 1054
1638520 1053
1638530 1050
1638540 1050
1638550 1048
1638560 1046
1638570 1046
1638580 1044
1638590 1043
1638600 1043
1638610 1045
1638620 1048
1638630 1048
1638640 1052
1638650 1056
1638660 1060
1638670 1060
1638680 1066
1638690 1072
1638700 1072
1638710 1078
1638720 1084
1638730 1084
1638740 1090
1638750 1096
1638760 1096
1638770 1102
1638780 1106
1638790 1106
1638800 1110
1638810 1112
1638820 1112
1638830 1115
1638840 1117
1638850 1120
1638860 1120
1638870 1122
1638880 1125
1638890 1125
1638900 1127
1638910 1131
1638920 1131
1638930 1134
1638940 1137
1638950 1137
1638960 1140
1638970 1143
1638980 1143
1638990 1146
1639000 1149
1639010 1149
1639020 1152
1639030 1155
1639040 1157
1639050 1157
1639060 1160
1639070 1162
1639080 1162
1639090 1164
1639100 1166
1639110 1166
1639120 1168
1639130 1170
1639140 1170
1639150 1172
1639160 1174
1639170 1174
1639180 1176
1639190 1179
1639200 1179
1639210 1181
1639220 1183
1639230 1186
1639240 1186
1639250 1188
1639260 1190
1639270 1190
1639280 1191
1639290 1191
1639300 1191
1639310 1192
1639320 1193
1639330 1193
1639340 1194
1639350 1195
1639360 1195
1639370 1195
1639380 1196
1639390 1196
1639400 1197
1639410 1197
1639420 1197
1639430 1197
1639440 1196
1639450 1194
1639460 1194
1639470 1193
1639480 1192
1639490 1192
1639500 1192
1639510 1193
1639520 1193
1639530 1197
1639540 1199
1639550 1199
1639560 1202
1639570 1204
1639580 1204
1639590 1208
1639600 1211
1639610 1215
1639620 1215
1639630 1218
1639640 1222
1639650 1222
1639660 1224
1639670 1226
1639680 1226
1639690 1227
1639700 1227
1639710 1227
1639720 1226
1639730 1225
1639740 1225
1639750 1224
1639760 1223
1639770 1223
1639780 1223
1639790 1223
1639800 1223
1639810 1223
1639820 1224
1639830 1226
1639840 1226
1639850 1227
1639860 1229
1639870 1229
1639880 1231
1639890 1233
1639900 1233
1639910 1235
1639920 1237
1639930 1237
1639940 1239
1639950 1241
1639960 1241
1639970 1242
1639980 1243
1639990 1245
