1620000 927
1620010 927
1620020 932
1620030 936
1620040 936
1620050 939
1620060 943
1620070 943
1620080 944
1620090 945
1620100 945
1620110 946
1620120 948
1620130 948
1620140 950
1620150 951
1620160 951
1620170 955
1620180 959
1620190 962
1620200 962
1620210 965
1620220 968
1620230 968
1620240 968
1620250 971
1620260 971
1620270 974
1620280 978
1620290 978
1620300 983
1620310 988
1620320 988
1620330 993
1620340 997
1620350 1002
1620360 1004
1620370 1007
1620380 1010
1620390 1010
1620400 1013
1620410 1017
1620420 1017
1620430 1020
1620440 1024
1620450 1024
1620460 1027
1620470 1030
1620480 1030
1620490 1032
1620500 1034
1620510 1034
1620520 1035
1620530 1037
1620540 1037
1620550 1038
1620560 1040
1620570 1042
1620580 1042
1620590 1043
1620600 1044
1620610 1044
1620620 1045
1620630 1045
1620640 1045
1620650 1045
1620660 1047
1620670 1047
1620680 1048
1620690 1048
1620700 1048
1620710 1049
1620720 1050
1620730 1050
1620740 1051
1620750 1053
1620760 1054
1620770 1054
1620780 1056
1620790 1060
1620800 1060
1620810 1063
1620820 1065
1620830 1065
1620840 1068
1620850 1071
1620860 1071
1620870 1074
1620880 1077
1620890 1077
1620900 1080
1620910 1083
1620920 1083
1620930 1086
1620940 1088
1620950 1088
1620960 1090
1620970 1092
1620980 1094
1620990 1094
1621000 1095
1621010 1097
1621020 1097
1621030 1100
1621040 1103
1621050 1103
1621060 1107
1621070 1111
1621080 1111
1621090 1114
1621100 1117
1621110 1117
1621120 1118
1621130 1115
1621140 1115
1621150 1112
1621160 1109
1621170 1106
1621180 1106
1621190 1104
1621200 1101
1621210 1101
1621220 1098
1621230 1096
1621240 1096
1621250 1092
1621260 1091
1621270 1091
1621280 1090
1621290 1088
1621300 1088
1621310 1087
1621320 1085
1621330 1085
1621340 1083
1621350 1082
1621360 1080
1621370 1080
1621380 1080
1621390 1081
1621400 1081
1621410 1083
1621420 1086
1621430 1086
1621440 1090
1621450 1093
1621460 1093
1621470 1095
1621480 1098
1621490 1098
1621500 1100
1621510 1103
1621520 1103
1621530 1105
1621540 1108
1621550 1110
1621560 1110
1621570 1112
1621580 1114
1621590 1114
1621600 1116
1621610 1118
1621620 1118
1621630 1121
1621640 1125
1621650 1125
1621660 1129
1621670 1133
1621680 1133
1621690 1134
1621700 1136
1621710 1136
1621720 1137
1621730 1137
1621740 1134
1621750 1134
1621760 1130
1621770 1126
1621780 1126
1621790 1122
1621800 1118
1621810 1118
1621820 1114
1621830 1111
1621840 1111
1621850 1105
1621860 1101
1621870 1101
1621880 1097
1621890 1092
1621900 1092
1621910 1088
1621920 1083
1621930 1078
1621940 1078
1621950 1074
1621960 1070
1621970 1070
1621980 1066
1621990 1062
1622000 1062
1622010 1058
1622020 1056
1622030 1056
1622040 1053
1622050 1050
1622060 1050
1622070 1047
1622080 1044
1622090 1044
1622100 1041
1622110 1037
1622120 1031
1622130 1031
1622140 1025
1622150 1019
1622160 1019
1622170 1014
1622180 1008
1622190 1008
1622200 1006
1622210 1000
1622220 1000
1622230 1000
1622240 1000
1622250 1000
1622260 1004
1622270 1008
1622280 1008
1622290 1013
1622300 1017
1622310 1019
1622320 1019
1622330 1021
1622340 1023
1622350 1023
1622360 1023
1622370 1020
1622380 1020
1622390 1018
1622400 1016
1622410 1016
1622420 1014
1622430 1013
1622440 1013
1622450 1013
1622460 1012
1622470 1012
1622480 1011
1622490 1011
1622500 1010
1622510 1010
1622520 1010
1622530 1010
1622540 1010
1622550 1009
1622560 1008
1622570 1008
1622580 1007
1622590 1005
1622600 1005
1622610 1003
1622620 1000
1622630 1000
1622640 998
1622650 994
1622660 994
1622670 990
1622680 986
1622690 982
1622700 982
1622710 978
1622720 975
1622730 975
1622740 971
1622750 967
1622760 967
1622770 963
1622780 959
1622790 959
1622800 954
1622810 949
1622820 949
1622830 944
1622840 938
1622850 938
1622860 931
1622870 925
1622880 919
1622890 919
1622900 912
1622910 911
1622920 911
1622930 914
1622940 917
1622950 917
1622960 920
1622970 924
1622980 924
1622990 926
1623000 928
1623010 928
1623020 929
1623030 929
1623040 929
1623050 931
1623060 936
1623070 936
1623080 941
1623090 947
1623100 951
1623110 954
1623120 956
1623130 957
1623140 957
1623150 957
1623160 956
1623170 956
1623180 953
1623190 951
1623200 951
1623210 951
1623220 952
1623230 952
1623240 951
1623250 949
1623260 949
1623270 946
1623280 943
1623290 944
1623300 944
1623310 946
1623320 948
1623330 948
1623340 948
1623350 946
1623360 946
1623370 943
1623380 942
1623390 942
1623400 943
1623410 942
1623420 942
1623430 943
1623440 945
1623450 945
1623460 946
1623470 947
1623480 944
1623490 944
1623500 942
1623510 941
1623520 941
1623530 941
1623540 942
1623550 942
1623560 942
1623570 942
1623580 942
1623590 942
1623600 943
1623610 943
1623620 946
1623630 949
1623640 949
1623650 952
1623660 953
1623670 953
1623680 953
1623690 949
1623700 944
1623710 944
1623720 940
1623730 935
1623740 935
1623750 929
1623760 923
1623770 923
1623780 916
1623790 910
1623800 910
1623810 911
1623820 918
1623830 918
1623840 923
1623850 928
1623860 931
1623870 931
1623880 933
1623890 933
1623900 933
1623910 929
1623920 923
1623930 923
1623940 917
1623950 912
1623960 912
1623970 909
1623980 910
1623990 910
1624000 910
1624010 910
1624020 916
1624030 915
1624040 915
1624050 912
1624060 912
1624070 910
1624080 909
1624090 909
1624100 909
1624110 910
1624120 910
1624130 911
1624140 912
1624150 912
1624160 914
1624170 914
1624180 914
1624190 915
1624200 917
1624210 917
1624220 919
1624230 920
1624240 920
1624250 920
1624260 920
1624270 920
1624280 920
1624290 919
1624300 919
1624310 919
1624320 918
1624330 918
1624340 918
1624350 916
1624360 915
1624370 915
1624380 913
1624390 911
1624400 911
1624410 906
1624420 895
1624430 893
1624440 893
1624450 899
1624460 909
1624470 909
1624480 911
1624490 911
1624500 911
1624510 912
1624520 911
1624530 911
1624540 911
1624550 911
1624560 911
1624570 910
1624580 909
1624590 909
1624600 908
1624610 908
1624620 908
1624630 908
1624640 908
1624650 909
1624660 909
1624670 910
1624680 911
1624690 911
1624700 912
1624710 912
1624720 912
1624730 912
1624740 912
1624750 912
1624760 913
1624770 914
1624780 914
1624790 915
1624800 915
1624810 914
1624820 914
1624830 912
1624840 911
1624850 911
1624860 911
1624870 912
1624880 912
1624890 912
1624900 914
1624910 914
1624920 921
1624930 925
1624940 925
1624950 928
1624960 929
1624970 929
1624980 928
1624990 926
1625000 926
1625010 926
1625020 925
1625030 926
1625040 926
1625050 927
1625060 929
1625070 929
1625080 930
1625090 931
1625100 931
1625110 933
1625120 936
1625130 936
1625140 938
1625150 940
1625160 940
1625170 941
1625180 942
1625190 942
1625200 945
1625210 949
1625220 953
1625230 953
1625240 957
1625250 960
1625260 960
1625270 961
1625280 961
1625290 961
1625300 961
1625310 964
1625320 964
1625330 966
1625340 969
1625350 969
1625360 973
1625370 976
1625380 976
1625390 979
1625400 983
1625410 987
1625420 987
1625430 990
1625440 993
1625450 993
1625460 996
1625470 999
1625480 999
1625490 1004
1625500 1009
1625510 1009
1625520 1012
1625530 1016
1625540 1016
1625550 1020
1625560 1025
1625570 1025
1625580 1028
1625590 1031
1625600 1034
1625610 1034
1625620 1036
1625630 1036
1625640 1036
1625650 1035
1625660 1034
1625670 1034
1625680 1034
1625690 1033
1625700 1033
1625710 1033
1625720 1034
1625730 1034
1625740 1038
1625750 1041
1625760 1041
1625770 1043
1625780 1044
1625790 1044
1625800 1044
1625810 1041
1625820 1041
1625830 1041
1625840 1037
1625850 1034
1625860 1034
1625870 1032
1625880 1033
1625890 1033
1625900 1033
1625910 1034
1625920 1034
1625930 1033
1625940 1034
1625950 1034
1625960 1037
1625970 1038
1625980 1041
1625990 1041
1626000 1043
1626010 1043
1626020 1043
1626030 1044
1626040 1044
1626050 1044
1626060 1044
1626070 1044
1626080 1044
1626090 1043
1626100 1042
1626110 1042
1626120 1038
1626130 1035
1626140 1035
1626150 1034
1626160 1033
1626170 1033
1626180 1033
1626190 1032
1626200 1031
1626210 1031
1626220 1031
1626230 1031
1626240 1031
1626250 1034
1626260 1036
1626270 1036
1626280 1037
1626290 1037
1626300 1037
1626310 1037
1626320 1036
1626330 1036
1626340 1036
1626350 1038
1626360 1039
1626370 1039
1626380 1039
1626390 1039
1626400 1039
1626410 1039
1626420 1038
1626430 1038
1626440 1036
1626450 1033
1626460 1033
1626470 1026
1626480 1019
1626490 1019
1626500 1017
1626510 1012
1626520 1012
1626530 1007
1626540 1008
1626550 1013
1626560 1013
1626570 1016
1626580 1017
1626590 1017
1626600 1018
1626610 1019
1626620 1019
1626630 1021
1626640 1021
1626650 1021
1626660 1022
1626670 1023
1626680 1023
1626690 1024
1626700 1025
1626710 1029
1626720 1030
1626730 1031
1626740 1031
1626750 1031
1626760 1030
1626770 1030
1626780 1030
1626790 1030
1626800 1032
1626810 1032
1626820 1033
1626830 1033
1626840 1033
1626850 1034
1626860 1036
1626870 1036
1626880 1037
1626890 1038
1626900 1038
1626910 1041
1626920 1042
1626930 1042
1626940 1043
1626950 1044
1626960 1046
1626970 1046
1626980 1048
1626990 1051
1627000 1051
1627010 1052
1627020 1053
1627030 1053
1627040 1055
1627050 1054
1627060 1054
1627070 1053
1627080 1053
1627090 1053
1627100 1053
1627110 1053
1627120 1053
1627130 1053
1627140 1053
1627150 1053
1627160 1053
1627170 1053
1627180 1053
1627190 1053
1627200 1051
1627210 1048
1627220 1048
1627230 1044
1627240 1042
1627250 1042
1627260 1040
1627270 1038
1627280 1038
1627290 1039
1627300 1041
1627310 1041
1627320 1045
1627330 1051
1627340 1057
1627350 1057
1627360 1063
1627370 1068
1627380 1068
1627390 1074
1627400 1080
1627410 1080
1627420 1087
1627430 1091
1627440 1091
1627450 1096
1627460 1099
1627470 1099
1627480 1102
1627490 1104
1627500 1104
1627510 1107
1627520 1109
1627530 1113
1627540 1113
1627550 1115
1627560 1118
1627570 1118
1627580 1120
1627590 1122
1627600 1119
1627610 1121
1627620 1124
1627630 1124
1627640 1129
1627650 1132
1627660 1132
1627670 1134
1627680 1136
1627690 1136
1627700 1140
1627710 1144
1627720 1147
1627730 1147
1627740 1151
1627750 1155
1627760 1155
1627770 1158
1627780 1160
1627790 1160
1627800 1163
1627810 1170
1627820 1170
1627830 1177
1627840 1184
1627850 1184
1627860 1190
1627870 1196
1627880 1196
1627890 1202
1627900 1207
1627910 1212
1627920 1212
1627930 1217
1627940 1222
1627950 1222
1627960 1227
1627970 1232
1627980 1232
1627990 1235
1628000 1239
1628010 1239
1628020 1241
1628030 1244
1628040 1244
1628050 1247
1628060 1250
1628070 1250
1628080 1252
1628090 1254
1628100 1256
1628110 1256
1628120 1258
1628130 1261
1628140 1261
1628150 1264
1628160 1269
1628170 1269
1628180 1273
1628190 1276
1628200 1276
1628210 1279
1628220 1282
1628230 1282
1628240 1285
1628250 1287
1628260 1287
1628270 1290
1628280 1292
1628290 1295
1628300 1295
1628310 1298
1628320 1301
1628330 1301
1628340 1303
1628350 1304
1628360 1304
1628370 1307
1628380 1310
1628390 1310
1628400 1312
1628410 1313
1628420 1313
1628430 1315
1628440 1318
1628450 1318
1628460 1321
1628470 1324
1628480 1322
1628490 1322
1628500 1321
1628510 1320
1628520 1320
1628530 1319
1628540 1320
1628550 1320
1628560 1322
1628570 1324
1628580 1324
1628590 1327
1628600 1330
1628610 1330
1628620 1333
1628630 1335
1628640 1335
1628650 1337
1628660 1338
1628670 1337
1628680 1337
1628690 1337
1628700 1337
1628710 1337
1628720 1336
1628730 1336
1628740 1336
1628750 1336
1628760 1335
1628770 1335
1628780 1335
1628790 1336
1628800 1336
1628810 1337
1628820 1339
1628830 1339
1628840 1341
1628850 1342
1628860 1344
1628870 1344
1628880 1347
1628890 1349
1628900 1349
1628910 1350
1628920 1352
1628930 1352
1628940 1354
1628950 1356
1628960 1356
1628970 1358
1628980 1360
1628990 1360
1629000 1362
1629010 1364
1629020 1364
1629030 1366
1629040 1367
1629050 1367
1629060 1368
1629070 1369
1629080 1372
1629090 1372
1629100 1376
1629110 1379
1629120 1379
1629130 1382
1629140 1385
1629150 1385
1629160 1388
1629170 1391
1629180 1391
1629190 1394
1629200 1399
1629210 1399
1629220 1404
1629230 1408
1629240 1408
1629250 1412
1629260 1416
1629270 1419
1629280 1419
1629290 1421
1629300 1421
1629310 1421
1629320 1421
1629330 1418
1629340 1418
1629350 1415
1629360 1410
1629370 1410
1629380 1407
1629390 1405
1629400 1405
1629410 1403
1629420 1400
1629430 1400
1629440 1397
1629450 1393
1629460 1390
1629470 1390
1629480 1387
1629490 1383
1629500 1383
1629510 1378
1629520 1373
1629530 1373
1629540 1368
1629550 1363
1629560 1363
1629570 1358
1629580 1353
1629590 1353
1629600 1349
1629610 1344
1629620 1344
1629630 1339
1629640 1335
1629650 1332
1629660 1332
1629670 1330
1629680 1327
1629690 1327
1629700 1324
1629710 1321
1629720 1321
1629730 1318
1629740 1315
1629750 1315
1629760 1312
1629770 1309
1629780 1309
1629790 1306
1629800 1303
1629810 1303
1629820 1300
1629830 1298
1629840 1296
1629850 1296
1629860 1294
1629870 1291
1629880 1291
1629890 1289
1629900 1285
1629910 1285
1629920 1282
1629930 1278
1629940 1278
1629950 1273
1629960 1268
1629970 1268
1629980 1264
1629990 1262
1630000 1262
1630010 1261
1630020 1260
1630030 1259
1630040 1259
1630050 1259
1630060 1262
1630070 1262
1630080 1267
1630090 1271
1630100 1271
1630110 1275
1630120 1277
1630130 1277
1630140 1279
1630150 1281
1630160 1281
1630170 1285
1630180 1290
1630190 1290
1630200 1295
1630210 1297
1630220 1300
1630230 1305
1630240 1308
1630250 1311
1630260 1311
1630270 1315
1630280 1319
1630290 1319
1630300 1323
1630310 1328
1630320 1328
1630330 1332
1630340 1337
1630350 1337
1630360 1341
1630370 1346
1630380 1346
1630390 1350
1630400 1355
1630410 1358
1630420 1358
1630430 1361
1630440 1364
1630450 1364
1630460 1368
1630470 1372
1630480 1372
1630490 1375
1630500 1377
1630510 1377
1630520 1380
1630530 1381
1630540 1381
1630550 1384
1630560 1387
1630570 1387
1630580 1389
1630590 1391
1630600 1392
1630610 1392
1630620 1390
1630630 1387
1630640 1387
1630650 1383
1630660 1380
1630670 1380
1630680 1378
1630690 1377
1630700 1377
1630710 1376
1630720 1377
1630730 1377
1630740 1377
1630750 1375
1630760 1375
1630770 1374
1630780 1374
1630790 1376
1630800 1376
1630810 1378
1630820 1378
1630830 1378
1630840 1377
1630850 1379
1630860 1379
1630870 1381
1630880 1383
1630890 1383
1630900 1385
1630910 1387
1630920 1387
1630930 1390
1630940 1392
1630950 1392
1630960 1395
1630970 1397
1630980 1397
1630990 1399
1631000 1405
1631010 1410
1631020 1410
1631030 1414
1631040 1419
1631050 1419
1631060 1423
1631070 1427
1631080 1427
1631090 1430
1631100 1435
1631110 1435
1631120 1438
1631130 1440
1631140 1440
1631150 1442
1631160 1445
1631170 1445
1631180 1446
1631190 1448
1631200 1451
1631210 1451
1631220 1453
1631230 1455
1631240 1455
1631250 1457
1631260 1460
1631270 1460
1631280 1463
1631290 1466
1631300 1466
1631310 1469
1631320 1471
1631330 1471
1631340 1474
1631350 1477
1631360 1477
1631370 1480
1631380 1483
1631390 1486
1631400 1486
1631410 1490
1631420 1493
1631430 1493
1631440 1496
1631450 1499
1631460 1499
1631470 1502
1631480 1505
1631490 1505
1631500 1508
1631510 1512
1631520 1512
1631530 1516
1631540 1519
1631550 1519
1631560 1522
1631570 1525
1631580 1527
1631590 1527
1631600 1530
1631610 1532
1631620 1532
1631630 1535
1631640 1537
1631650 1537
1631660 1538
1631670 1540
1631680 1540
1631690 1542
1631700 1544
1631710 1544
1631720 1545
1631730 1547
1631740 1547
1631750 1548
1631760 1550
1631770 1552
1631780 1552
1631790 1553
1631800 1555
1631810 1555
1631820 1558
1631830 1560
1631840 1560
1631850 1562
1631860 1564
1631870 1564
1631880 1567
1631890 1569
1631900 1569
1631910 1572
1631920 1575
1631930 1575
1631940 1578
1631950 1580
1631960 1582
1631970 1582
1631980 1584
1631990 1587
1632000 1587
1632010 1590
1632020 1592
1632030 1592
1632040 1593
1632050 1594
1632060 1594
1632070 1595
1632080 1597
1632090 1597
1632100 1599
1632110 1600
1632120 1600
1632130 1603
1632140 1606
1632150 1609
1632160 1609
1632170 1610
1632180 1611
1632190 1611
1632200 1613
1632210 1615
1632220 1615
1632230 1617
1632240 1619
1632250 1619
1632260 1622
1632270 1624
1632280 1624
1632290 1627
1632300 1631
1632310 1631
1632320 1635
1632330 1639
1632340 1641
1632350 1641
1632360 1642
1632370 1643
1632380 1643
1632390 1646
1632400 1649
1632410 1649
1632420 1652
1632430 1654
1632440 1654
1632450 1657
1632460 1661
1632470 1661
1632480 1665
1632490 1669
1632500 1669
1632510 1673
1632520 1675
1632530 1678
1632540 1678
1632550 1680
1632560 1682
1632570 1682
1632580 1683
1632590 1685
1632600 1685
1632610 1687
1632620 1689
1632630 1689
1632640 1692
1632650 1695
1632660 1695
1632670 1699
1632680 1701
1632690 1701
1632700 1704
1632710 1708
1632720 1711
1632730 1711
1632740 1714
1632750 1718
1632760 1718
1632770 1722
1632780 1725
1632790 1725
1632800 1729
1632810 1732
1632820 1730
1632830 1734
1632840 1739
1632850 1739
1632860 1743
1632870 1746
1632880 1746
1632890 1748
1632900 1751
1632910 1755
1632920 1755
1632930 1759
1632940 1762
1632950 1762
1632960 1765
1632970 1769
1632980 1769
1632990 1774
1633000 1779
1633010 1779
1633020 1782
1633030 1783
1633040 1783
1633050 1785
1633060 1786
1633070 1786
1633080 1788
1633090 1790
1633100 1790
1633110 1790
1633120 1790
1633130 1791
1633140 1791
1633150 1793
1633160 1794
1633170 1794
1633180 1795
1633190 1797
1633200 1797
1633210 1798
1633220 1800
1633230 1800
1633240 1804
1633250 1806
1633260 1806
1633270 1809
1633280 1812
1633290 1812
1633300 1815
1633310 1817
1633320 1819
1633330 1819
1633340 1822
1633350 1824
1633360 1824
1633370 1828
1633380 1833
1633390 1833
1633400 1838
1633410 1842
1633420 1842
1633430 1846
1633440 1849
1633450 1849
1633460 1852
1633470 1854
1633480 1854
1633490 1856
1633500 1856
1633510 1859
1633520 1859
1633530 1862
1633540 1866
1633550 1866
1633560 1870
1633570 1873
1633580 1873
1633590 1876
1633600 1880
1633610 1880
1633620 1883
1633630 1886
1633640 1886
1633650 1890
1633660 1893
1633670 1892
1633680 1895
1633690 1898
1633700 1900
1633710 1900
1633720 1903
1633730 1905
1633740 1905
1633750 1906
1633760 1905
1633770 1905
1633780 1903
1633790 1901
1633800 1901
1633810 1898
1633820 1894
1633830 1894
1633840 1890
1633850 1885
1633860 1885
1633870 1881
1633880 1876
1633890 1872
1633900 1872
1633910 1869
1633920 1865
1633930 1865
1633940 1862
1633950 1858
1633960 1858
1633970 1854
1633980 1849
1633990 1849
1634000 1844
1634010 1840
1634020 1840
1634030 1837
1634040 1833
1634050 1833
1634060 1829
1634070 1826
1634080 1822
1634090 1822
1634100 1819
1634110 1815
1634120 1815
1634130 1811
1634140 1808
1634150 1808
1634160 1805
1634170 1802
1634180 1802
1634190 1800
1634200 1797
1634210 1797
1634220 1794
1634230 1790
1634240 1790
1634250 1787
1634260 1785
1634270 1781
1634280 1781
1634290 1778
1634300 1776
1634310 1776
1634320 1773
1634330 1768
1634340 1768
1634350 1765
1634360 1764
1634370 1764
1634380 1763
1634390 1760
1634400 1760
1634410 1756
1634420 1753
1634430 1753
1634440 1751
1634450 1749
1634460 1746
1634470 1746
1634480 1744
1634490 1741
1634500 1741
1634510 1741
1634520 1739
1634530 1739
1634540 1736
1634550 1733
1634560 1733
1634570 1730
1634580 1728
1634590 1728
1634600 1725
1634610 1723
1634620 1723
1634630 1720
1634640 1718
1634650 1715
1634660 1715
1634670 1713
1634680 1711
1634690 1711
1634700 1709
1634710 1708
1634720 1708
1634730 1706
1634740 1705
1634750 1705
1634760 1703
1634770 1702
1634780 1702
1634790 1699
1634800 1697
1634810 1697
1634820 1695
1634830 1692
1634840 1690
1634850 1690
1634860 1687
1634870 1684
1634880 1684
1634890 1681
1634900 1678
1634910 1678
1634920 1675
1634930 1672
1634940 1672
1634950 1667
1634960 1665
1634970 1665
1634980 1662
1634990 1660
1635000 1660
1635010 1657
1635020 1653
1635030 1653
1635040 1647
1635050 1642
1635060 1636
1635070 1636
1635080 1633
1635090 1630
1635100 1630
1635110 1625
1635120 1620
1635130 1620
1635140 1615
1635150 1611
1635160 1611
1635170 1606
1635180 1602
1635190 1602
1635200 1599
1635210 1598
1635220 1598
1635230 1596
1635240 1596
1635250 1595
1635260 1595
1635270 1593
1635280 1592
1635290 1592
1635300 1590
1635310 1587
1635320 1587
1635330 1584
1635340 1580
1635350 1578
1635360 1574
1635370 1570
1635380 1570
1635390 1565
1635400 1561
1635410 1561
1635420 1557
1635430 1551
1635440 1548
1635450 1548
1635460 1545
1635470 1542
1635480 1542
1635490 1540
1635500 1537
1635510 1537
1635520 1536
1635530 1535
1635540 1535
1635550 1533
1635560 1533
1635570 1533
1635580 1532
1635590 1535
1635600 1535
1635610 1536
1635620 1537
1635630 1535
1635640 1535
1635650 1533
1635660 1530
1635670 1530
1635680 1526
1635690 1524
1635700 1524
1635710 1522
1635720 1520
1635730 1520
1635740 1518
1635750 1515
1635760 1515
1635770 1512
1635780 1508
1635790 1508
1635800 1505
1635810 1503
1635820 1502
1635830 1502
1635840 1500
1635850 1498
1635860 1498
1635870 1495
1635880 1492
1635890 1492
1635900 1489
1635910 1487
1635920 1487
1635930 1484
1635940 1482
1635950 1482
1635960 1480
1635970 1478
1635980 1478
1635990 1475
1636000 1472
1636010 1470
1636020 1470
1636030 1467
1636040 1463
1636050 1463
1636060 1459
1636070 1454
1636080 1454
1636090 1450
1636100 1445
1636110 1445
1636120 1440
1636130 1437
1636140 1437
1636150 1434
1636160 1430
1636170 1430
1636180 1427
1636190 1420
1636200 1416
1636210 1416
1636220 1416
1636230 1416
1636240 1416
1636250 1414
1636260 1411
1636270 1411
1636280 1410
1636290 1408
1636300 1408
1636310 1407
1636320 1405
1636330 1405
1636340 1403
1636350 1402
1636360 1402
1636370 1400
1636380 1398
1636390 1397
1636400 1397
1636410 1395
1636420 1394
1636430 1394
1636440 1393
1636450 1394
1636460 1394
1636470 1396
1636480 1396
1636490 1396
1636500 1394
1636510 1391
1636520 1391
1636530 1389
1636540 1388
1636550 1388
1636560 1387
1636570 1388
1636580 1387
1636590 1387
1636600 1385
1636610 1381
1636620 1381
1636630 1377
1636640 1374
1636650 1374
1636660 1373
1636670 1370
1636680 1370
1636690 1364
1636700 1358
1636710 1358
1636720 1356
1636730 1356
1636740 1356
1636750 1354
1636760 1350
1636770 1344
1636780 1344
1636790 1338
1636800 1330
1636810 1330
1636820 1326
1636830 1324
1636840 1324
1636850 1319
1636860 1319
1636870 1319
1636880 1316
1636890 1321
1636900 1321
1636910 1322
1636920 1320
1636930 1320
1636940 1322
1636950 1330
1636960 1335
1636970 1335
1636980 1339
1636990 1342
1637000 1342
1637010 1344
1637020 1348
1637030 1346
1637040 1351
1637050 1355
1637060 1355
1637070 1360
1637080 1366
1637090 1366
1637100 1369
1637110 1374
1637120 1374
1637130 1378
1637140 1381
1637150 1381
1637160 1383
1637170 1384
1637180 1384
1637190 1384
1637200 1384
1637210 1384
1637220 1384
1637230 1385
1637240 1385
1637250 1385
1637260 1384
1637270 1382
1637280 1382
1637290 1379
1637300 1374
1637310 1374
1637320 1369
1637330 1364
1637340 1364
1637350 1360
1637360 1355
1637370 1350
1637380 1350
1637390 1343
1637400 1338
1637410 1338
1637420 1331
1637430 1326
1637440 1326
1637450 1321
1637460 1317
1637470 1317
1637480 1313
1637490 1309
1637500 1309
1637510 1305
1637520 1300
1637530 1300
1637540 1295
1637550 1290
1637560 1284
1637570 1284
1637580 1279
1637590 1274
1637600 1274
1637610 1268
1637620 1261
1637630 1261
1637640 1249
1637650 1237
1637660 1237
1637670 1229
1637680 1221
1637690 1221
1637700 1213
1637710 1206
1637720 1206
1637730 1199
1637740 1192
1637750 1186
1637760 1186
1637770 1180
1637780 1173
1637790 1173
1637800 1167
1637810 1161
1637820 1161
1637830 1155
1637840 1150
1637850 1148
1637860 1143
1637870 1137
1637880 1137
1637890 1132
1637900 1126
1637910 1126
1637920 1121
1637930 1117
1637940 1110
1637950 1110
1637960 1103
1637970 1097
1637980 1097
1637990 1092
1638000 1087
1638010 1087
1638020 1084
1638030 1080
1638040 1080
1638050 1076
1638060 1071
1638070 1071
1638080 1067
1638090 1063
1638100 1063
1638110 1058
1638120 1054
1638130 1050
1638140 1050
1638150 1046
1638160 1043
1638170 1043
1638180 1039
1638190 1035
1638200 1035
1638210 1030
1638220 1026
1638230 1026
1638240 1021
1638250 1017
1638260 1017
1638270 1012
1638280 1007
1638290 1007
1638300 1002
1638310 997
1638320 992
1638330 992
1638340 987
1638350 981
1638360 981
1638370 977
1638380 975
1638390 975
1638400 978
1638410 985
1638420 985
1638430 991
1638440 995
1638450 995
1638460 998
1638470 1001
1638480 1001
1638490 1004
1638500 1007
1638510 1011
1638520 1011
1638530 1016
1638540 1021
1638550 1021
1638560 1026
1638570 1032
1638580 1032
1638590 1037
1638600 1041
1638610 1041
1638620 1045
1638630 1048
1638640 1048
1638650 1052
1638660 1056
1638670 1056
1638680 1062
1638690 1066
1638700 1069
1638710 1069
1638720 1073
1638730 1076
1638740 1076
1638750 1079
1638760 1082
1638770 1082
1638780 1085
1638790 1088
1638800 1088
1638810 1090
1638820 1092
1638830 1092
1638840 1093
1638850 1095
1638860 1095
1638870 1096
1638880 1097
1638890 1098
1638900 1098
1638910 1100
1638920 1102
1638930 1102
1638940 1105
1638950 1108
1638960 1108
1638970 1111
1638980 1114
1638990 1114
1639000 1118
1639010 1121
1639020 1121
1639030 1124
1639040 1127
1639050 1127
1639060 1129
1639070 1132
1639080 1132
1639090 1134
1639100 1136
1639110 1138
1639120 1138
1639130 1139
1639140 1140
1639150 1140
1639160 1141
1639170 1142
1639180 1142
1639190 1143
1639200 1145
1639210 1145
1639220 1146
1639230 1148
1639240 1148
1639250 1149
1639260 1151
1639270 1151
1639280 1152
1639290 1154
1639300 1156
1639310 1156
1639320 1157
1639330 1158
1639340 1158
1639350 1159
1639360 1160
1639370 1160
1639380 1160
1639390 1160
1639400 1160
1639410 1161
1639420 1161
1639430 1161
1639440 1161
1639450 1162
1639460 1162
1639470 1162
1639480 1163
1639490 1163
1639500 1166
1639510 1166
1639520 1166
1639530 1166
1639540 1166
1639550 1165
1639560 1165
1639570 1165
1639580 1164
1639590 1164
1639600 1165
1639610 1166
1639620 1166
1639630 1167
1639640 1170
1639650 1170
1639660 1173
1639670 1176
1639680 1179
1639690 1179
1639700 1181
1639710 1181
1639720 1181
1639730 1181
1639740 1182
1639750 1182
1639760 1186
1639770 1189
1639780 1189
1639790 1192
1639800 1194
1639810 1194
1639820 1196
1639830 1197
1639840 1197
1639850 1197
1639860 1197
1639870 1198
1639880 1198
1639890 1199
1639900 1201
1639910 1201
1639920 1202
1639930 1204
1639940 1204
1639950 1206
1639960 1208
1639970 1208
1639980 1211
1639990 1213
