1620000 894
1620010 897
1620020 902
1620030 902
1620040 905
1620050 907
1620060 909
1620070 909
1620080 913
1620090 916
1620100 916
1620110 919
1620120 923
1620130 923
1620140 929
1620150 933
1620160 933
1620170 937
1620180 941
1620190 941
1620200 943
1620210 943
1620220 943
1620230 944
1620240 945
1620250 946
1620260 946
1620270 946
1620280 946
1620290 946
1620300 946
1620310 946
1620320 946
1620330 947
1620340 948
1620350 948
1620360 949
1620370 949
1620380 949
1620390 949
1620400 949
1620410 949
1620420 948
1620430 948
1620440 947
1620450 947
1620460 947
1620470 946
1620480 946
1620490 945
1620500 945
1620510 945
1620520 945
1620530 944
1620540 944
1620550 943
1620560 943
1620570 943
1620580 943
1620590 944
1620600 944
1620610 944
1620620 944
1620630 946
1620640 946
1620650 947
1620660 951
1620670 951
1620680 955
1620690 960
1620700 960
1620710 964
1620720 967
1620730 967
1620740 970
1620750 974
1620760 974
1620770 979
1620780 983
1620790 983
1620800 985
1620810 988
1620820 988
1620830 991
1620840 994
1620850 998
1620860 998
1620870 1000
1620880 1002
1620890 1002
1620900 1003
1620910 1003
1620920 1003
1620930 1004
1620940 1003
1620950 1003
1620960 1001
1620970 1007
1620980 1007
1620990 1013
1621000 1017
1621010 1017
1621020 1019
1621030 1021
1621040 1023
1621050 1023
1621060 1025
1621070 1026
1621080 1026
1621090 1028
1621100 1030
1621110 1030
1621120 1034
1621130 1038
1621140 1038
1621150 1040
1621160 1039
1621170 1039
1621180 1039
1621190 1039
1621200 1039
1621210 1041
1621220 1042
1621230 1043
1621240 1043
1621250 1044
1621260 1040
1621270 1040
1621280 1040
1621290 1041
1621300 1041
1621310 1043
1621320 1045
1621330 1045
1621340 1048
1621350 1050
1621360 1050
1621370 1050
1621380 1051
1621390 1051
1621400 1055
1621410 1060
1621420 1062
1621430 1062
1621440 1065
1621450 1066
1621460 1066
1621470 1067
1621480 1069
1621490 1069
1621500 1070
1621510 1074
1621520 1074
1621530 1078
1621540 1082
1621550 1082
1621560 1085
1621570 1087
1621580 1087
1621590 1090
1621600 1092
1621610 1093
1621620 1093
1621630 1095
1621640 1097
1621650 1097
1621660 1099
1621670 1100
1621680 1100
1621690 1101
1621700 1102
1621710 1102
1621720 1102
1621730 1105
1621740 1105
1621750 1107
1621760 1106
1621770 1106
1621780 1106
1621790 1106
1621800 1106
1621810 1106
1621820 1108
1621830 1110
1621840 1110
1621850 1112
1621860 1113
1621870 1113
1621880 1113
1621890 1112
1621900 1112
1621910 1113
1621920 1118
1621930 1118
1621940 1123
1621950 1128
1621960 1128
1621970 1131
1621980 1134
1621990 1134
1622000 1138
1622010 1142
1622020 1147
1622030 1147
1622040 1150
1622050 1151
1622060 1151
1622070 1151
1622080 1152
1622090 1152
1622100 1152
1622110 1153
1622120 1153
1622130 1155
1622140 1158
1622150 1158
1622160 1162
1622170 1167
1622180 1167
1622190 1169
1622200 1171
1622210 1175
1622220 1175
1622230 1179
1622240 1181
1622250 1181
1622260 1183
1622270 1186
1622280 1186
1622290 1188
1622300 1189
1622310 1189
1622320 1191
1622330 1193
1622340 1193
1622350 1195
1622360 1196
1622370 1196
1622380 1199
1622390 1202
1622400 1206
1622410 1206
1622420 1209
1622430 1210
1622440 1210
1622450 1211
1622460 1213
1622470 1213
1622480 1217
1622490 1219
1622500 1219
1622510 1221
1622520 1222
1622530 1222
1622540 1224
1622550 1226
1622560 1226
1622570 1227
1622580 1228
1622590 1230
1622600 1230
1622610 1231
1622620 1232
1622630 1232
1622640 1234
1622650 1235
1622660 1235
1622670 1236
1622680 1237
1622690 1237
1622700 1238
1622710 1239
1622720 1239
1622730 1240
1622740 1241
1622750 1241
1622760 1242
1622770 1243
1622780 1245
1622790 1245
1622800 1246
1622810 1247
1622820 1247
1622830 1247
1622840 1247
1622850 1247
1622860 1248
1622870 1249
1622880 1249
1622890 1249
1622900 1250
1622910 1250
1622920 1251
1622930 1252
1622940 1252
1622950 1253
1622960 1254
1622970 1256
1622980 1256
1622990 1256
1623000 1256
1623010 1256
1623020 1256
1623030 1255
1623040 1255
1623050 1253
1623060 1252
1623070 1252
1623080 1250
1623090 1249
1623100 1247
1623110 1246
1623120 1246
1623130 1246
1623140 1246
1623150 1246
1623160 1246
1623170 1247
1623180 1248
1623190 1249
1623200 1249
1623210 1250
1623220 1251
1623230 1251
1623240 1252
1623250 1252
1623260 1252
1623270 1251
1623280 1250
1623290 1250
1623300 1250
1623310 1250
1623320 1250
1623330 1250
1623340 1248
1623350 1248
1623360 1248
1623370 1247
1623380 1247
1623390 1247
1623400 1247
1623410 1247
1623420 1247
1623430 1248
1623440 1248
1623450 1248
1623460 1248
1623470 1247
1623480 1247
1623490 1246
1623500 1244
1623510 1244
1623520 1243
1623530 1243
1623540 1243
1623550 1242
1623560 1243
1623570 1243
1623580 1243
1623590 1242
1623600 1243
1623610 1243
1623620 1242
1623630 1242
1623640 1242
1623650 1242
1623660 1241
1623670 1241
1623680 1240
1623690 1238
1623700 1238
1623710 1238
1623720 1237
1623730 1237
1623740 1235
1623750 1234
1623760 1233
1623770 1233
1623780 1232
1623790 1232
1623800 1232
1623810 1231
1623820 1232
1623830 1232
1623840 1233
1623850 1234
1623860 1234
1623870 1235
1623880 1237
1623890 1237
1623900 1241
1623910 1241
1623920 1241
1623930 1244
1623940 1248
1623950 1252
1623960 1252
1623970 1256
1623980 1260
1623990 1260
1624000 1263
1624010 1265
1624020 1265
1624030 1270
1624040 1275
1624050 1275
1624060 1280
1624070 1285
1624080 1285
1624090 1291
1624100 1295
1624110 1295
1624120 1299
1624130 1301
1624140 1301
1624150 1304
1624160 1306
1624170 1309
1624180 1309
1624190 1312
1624200 1314
1624210 1314
1624220 1316
1624230 1318
1624240 1318
1624250 1320
1624260 1322
1624270 1322
1624280 1323
1624290 1324
1624300 1324
1624310 1325
1624320 1327
1624330 1327
1624340 1329
1624350 1332
1624360 1334
1624370 1334
1624380 1337
1624390 1339
1624400 1339
1624410 1340
1624420 1341
1624430 1341
1624440 1341
1624450 1342
1624460 1342
1624470 1342
1624480 1342
1624490 1342
1624500 1341
1624510 1341
1624520 1341
1624530 1340
1624540 1339
1624550 1339
1624560 1339
1624570 1340
1624580 1340
1624590 1340
1624600 1342
1624610 1344
1624620 1344
1624630 1346
1624640 1346
1624650 1346
1624660 1346
1624670 1346
1624680 1346
1624690 1346
1624700 1346
1624710 1346
1624720 1345
1624730 1345
1624740 1344
1624750 1344
1624760 1343
1624770 1342
1624780 1342
1624790 1340
1624800 1341
1624810 1341
1624820 1341
1624830 1341
1624840 1341
1624850 1342
1624860 1343
1624870 1343
1624880 1343
1624890 1343
1624900 1343
1624910 1343
1624920 1345
1624930 1345
1624940 1345
1624950 1344
1624960 1344
1624970 1344
1624980 1344
1624990 1343
1625000 1343
1625010 1341
1625020 1339
1625030 1339
1625040 1337
1625050 1336
1625060 1336
1625070 1335
1625080 1334
1625090 1334
1625100 1333
1625110 1334
1625120 1335
1625130 1335
1625140 1336
1625150 1336
1625160 1336
1625170 1337
1625180 1338
1625190 1338
1625200 1339
1625210 1339
1625220 1339
1625230 1339
1625240 1339
1625250 1339
1625260 1338
1625270 1337
1625280 1337
1625290 1336
1625300 1334
1625310 1334
1625320 1332
1625330 1330
1625340 1328
1625350 1328
1625360 1327
1625370 1324
1625380 1324
1625390 1320
1625400 1316
1625410 1316
1625420 1313
1625430 1311
1625440 1311
1625450 1309
1625460 1307
1625470 1307
1625480 1304
1625490 1303
1625500 1303
1625510 1302
1625520 1300
1625530 1298
1625540 1298
1625550 1297
1625560 1295
1625570 1295
1625580 1294
1625590 1293
1625600 1293
1625610 1293
1625620 1293
1625630 1293
1625640 1292
1625650 1291
1625660 1291
1625670 1291
1625680 1290
1625690 1290
1625700 1289
1625710 1286
1625720 1283
1625730 1283
1625740 1283
1625750 1283
1625760 1283
1625770 1283
1625780 1289
1625790 1289
1625800 1293
1625810 1297
1625820 1297
1625830 1304
1625840 1310
1625850 1310
1625860 1316
1625870 1321
1625880 1321
1625890 1324
1625900 1326
1625910 1329
1625920 1329
1625930 1331
1625940 1333
1625950 1333
1625960 1336
1625970 1338
1625980 1338
1625990 1341
1626000 1343
1626010 1343
1626020 1345
1626030 1347
1626040 1347
1626050 1350
1626060 1352
1626070 1352
1626080 1354
1626090 1357
1626100 1359
1626110 1359
1626120 1362
1626130 1365
1626140 1365
1626150 1369
1626160 1374
1626170 1374
1626180 1378
1626190 1382
1626200 1382
1626210 1387
1626220 1392
1626230 1392
1626240 1398
1626250 1403
1626260 1403
1626270 1408
1626280 1412
1626290 1412
1626300 1416
1626310 1421
1626320 1425
1626330 1425
1626340 1429
1626350 1433
1626360 1433
1626370 1437
1626380 1441
1626390 1441
1626400 1445
1626410 1449
1626420 1449
1626430 1453
1626440 1458
1626450 1458
1626460 1463
1626470 1468
1626480 1468
1626490 1473
1626500 1479
1626510 1483
1626520 1483
1626530 1486
1626540 1490
1626550 1490
1626560 1493
1626570 1495
1626580 1495
1626590 1496
1626600 1497
1626610 1497
1626620 1499
1626630 1501
1626640 1501
1626650 1503
1626660 1504
1626670 1504
1626680 1507
1626690 1509
1626700 1512
1626710 1517
1626720 1519
1626730 1521
1626740 1521
1626750 1523
1626760 1523
1626770 1523
1626780 1523
1626790 1524
1626800 1524
1626810 1526
1626820 1528
1626830 1528
1626840 1530
1626850 1532
1626860 1532
1626870 1533
1626880 1534
1626890 1536
1626900 1536
1626910 1538
1626920 1539
1626930 1539
1626940 1540
1626950 1541
1626960 1541
1626970 1542
1626980 1542
1626990 1542
1627000 1543
1627010 1543
1627020 1543
1627030 1542
1627040 1542
1627050 1542
1627060 1541
1627070 1539
1627080 1538
1627090 1538
1627100 1537
1627110 1535
1627120 1535
1627130 1534
1627140 1532
1627150 1532
1627160 1531
1627170 1530
1627180 1530
1627190 1528
1627200 1528
1627210 1528
1627220 1527
1627230 1526
1627240 1526
1627250 1524
1627260 1522
1627270 1521
1627280 1521
1627290 1521
1627300 1521
1627310 1521
1627320 1521
1627330 1522
1627340 1522
1627350 1523
1627360 1526
1627370 1526
1627380 1528
1627390 1530
1627400 1530
1627410 1531
1627420 1533
1627430 1533
1627440 1534
1627450 1535
1627460 1535
1627470 1535
1627480 1535
1627490 1535
1627500 1535
1627510 1535
1627520 1535
1627530 1535
1627540 1535
1627550 1535
1627560 1535
1627570 1535
1627580 1534
1627590 1534
1627600 1537
1627610 1537
1627620 1537
1627630 1536
1627640 1535
1627650 1535
1627660 1534
1627670 1534
1627680 1534
1627690 1534
1627700 1533
1627710 1533
1627720 1533
1627730 1533
1627740 1533
1627750 1533
1627760 1532
1627770 1532
1627780 1532
1627790 1535
1627800 1538
1627810 1538
1627820 1542
1627830 1542
1627840 1542
1627850 1539
1627860 1537
1627870 1537
1627880 1537
1627890 1536
1627900 1535
1627910 1535
1627920 1533
1627930 1531
1627940 1531
1627950 1529
1627960 1526
1627970 1526
1627980 1524
1627990 1522
1628000 1522
1628010 1521
1628020 1520
1628030 1520
1628040 1518
1628050 1516
1628060 1517
1628070 1517
1628080 1517
1628090 1515
1628100 1515
1628110 1514
1628120 1512
1628130 1512
1628140 1509
1628150 1506
1628160 1506
1628170 1502
1628180 1499
1628190 1499
1628200 1497
1628210 1494
1628220 1494
1628230 1494
1628240 1498
1628250 1501
1628260 1501
1628270 1504
1628280 1505
1628290 1505
1628300 1506
1628310 1505
1628320 1505
1628330 1504
1628340 1505
1628350 1505
1628360 1506
1628370 1507
1628380 1507
1628390 1507
1628400 1507
1628410 1507
1628420 1507
1628430 1509
1628440 1509
1628450 1510
1628460 1511
1628470 1512
1628480 1516
1628490 1516
1628500 1516
1628510 1516
1628520 1515
1628530 1516
1628540 1516
1628550 1517
1628560 1518
1628570 1518
1628580 1518
1628590 1519
1628600 1519
1628610 1519
1628620 1520
1628630 1520
1628640 1521
1628650 1522
1628660 1523
1628670 1523
1628680 1524
1628690 1524
1628700 1524
1628710 1522
1628720 1521
1628730 1521
1628740 1519
1628750 1516
1628760 1516
1628770 1513
1628780 1510
1628790 1510
1628800 1506
1628810 1504
1628820 1504
1628830 1502
1628840 1504
1628850 1505
1628860 1505
1628870 1505
1628880 1508
1628890 1508
1628900 1512
1628910 1515
1628920 1515
1628930 1517
1628940 1518
1628950 1518
1628960 1519
1628970 1519
1628980 1519
1628990 1520
1629000 1520
1629010 1520
1629020 1522
1629030 1523
1629040 1526
1629050 1526
1629060 1529
1629070 1532
1629080 1532
1629090 1535
1629100 1538
1629110 1538
1629120 1541
1629130 1543
1629140 1543
1629150 1545
1629160 1547
1629170 1547
1629180 1550
1629190 1554
1629200 1554
1629210 1559
1629220 1562
1629230 1564
1629240 1564
1629250 1567
1629260 1568
1629270 1568
1629280 1570
1629290 1571
1629300 1571
1629310 1572
1629320 1573
1629330 1573
1629340 1573
1629350 1576
1629360 1576
1629370 1576
1629380 1576
1629390 1576
1629400 1577
1629410 1578
1629420 1578
1629430 1578
1629440 1577
1629450 1576
1629460 1576
1629470 1575
1629480 1573
1629490 1573
1629500 1571
1629510 1569
1629520 1569
1629530 1567
1629540 1566
1629550 1566
1629560 1565
1629570 1564
1629580 1564
1629590 1564
1629600 1567
1629610 1567
1629620 1568
1629630 1569
1629640 1569
1629650 1569
1629660 1568
1629670 1568
1629680 1568
1629690 1568
1629700 1567
1629710 1567
1629720 1567
1629730 1567
1629740 1567
1629750 1567
1629760 1567
1629770 1567
1629780 1568
1629790 1570
1629800 1570
1629810 1573
1629820 1576
1629830 1579
1629840 1579
1629850 1581
1629860 1583
1629870 1583
1629880 1585
1629890 1587
1629900 1587
1629910 1590
1629920 1592
1629930 1592
1629940 1593
1629950 1595
1629960 1595
1629970 1596
1629980 1597
1629990 1597
1630000 1596
1630010 1596
1630020 1595
1630030 1595
1630040 1595
1630050 1595
1630060 1595
1630070 1594
1630080 1593
1630090 1593
1630100 1592
1630110 1590
1630120 1590
1630130 1587
1630140 1584
1630150 1584
1630160 1582
1630170 1580
1630180 1580
1630190 1576
1630200 1572
1630210 1569
1630220 1569
1630230 1570
1630240 1570
1630250 1570
1630260 1569
1630270 1570
1630280 1570
1630290 1571
1630300 1572
1630310 1572
1630320 1571
1630330 1570
1630340 1570
1630350 1570
1630360 1569
1630370 1569
1630380 1569
1630390 1568
1630400 1568
1630410 1568
1630420 1567
1630430 1567
1630440 1567
1630450 1567
1630460 1567
1630470 1567
1630480 1568
1630490 1568
1630500 1568
1630510 1569
1630520 1568
1630530 1568
1630540 1568
1630550 1569
1630560 1569
1630570 1569
1630580 1569
1630590 1568
1630600 1568
1630610 1568
1630620 1569
1630630 1569
1630640 1570
1630650 1571
1630660 1571
1630670 1572
1630680 1572
1630690 1572
1630700 1573
1630710 1573
1630720 1573
1630730 1572
1630740 1570
1630750 1570
1630760 1567
1630770 1561
1630780 1561
1630790 1557
1630800 1554
1630810 1551
1630820 1551
1630830 1546
1630840 1542
1630850 1542
1630860 1540
1630870 1538
1630880 1538
1630890 1535
1630900 1531
1630910 1531
1630920 1527
1630930 1522
1630940 1522
1630950 1518
1630960 1514
1630970 1514
1630980 1510
1630990 1508
1631000 1509
1631010 1509
1631020 1508
1631030 1508
1631040 1508
1631050 1508
1631060 1508
1631070 1508
1631080 1508
1631090 1512
1631100 1512
1631110 1510
1631120 1507
1631130 1507
1631140 1505
1631150 1502
1631160 1502
1631170 1498
1631180 1495
1631190 1493
1631200 1493
1631210 1491
1631220 1490
1631230 1490
1631240 1488
1631250 1485
1631260 1485
1631270 1483
1631280 1481
1631290 1481
1631300 1477
1631310 1476
1631320 1476
1631330 1477
1631340 1482
1631350 1482
1631360 1485
1631370 1488
1631380 1490
1631390 1490
1631400 1493
1631410 1496
1631420 1496
1631430 1498
1631440 1500
1631450 1500
1631460 1503
1631470 1506
1631480 1506
1631490 1509
1631500 1512
1631510 1512
1631520 1515
1631530 1518
1631540 1518
1631550 1521
1631560 1525
1631570 1527
1631580 1527
1631590 1530
1631600 1533
1631610 1533
1631620 1535
1631630 1536
1631640 1536
1631650 1537
1631660 1538
1631670 1538
1631680 1538
1631690 1537
1631700 1537
1631710 1536
1631720 1535
1631730 1535
1631740 1531
1631750 1528
1631760 1528
1631770 1525
1631780 1522
1631790 1518
1631800 1518
1631810 1513
1631820 1508
1631830 1508
1631840 1503
1631850 1499
1631860 1499
1631870 1495
1631880 1491
1631890 1491
1631900 1486
1631910 1482
1631920 1482
1631930 1478
1631940 1474
1631950 1477
1631960 1472
1631970 1467
1631980 1463
1631990 1463
1632000 1459
1632010 1454
1632020 1454
1632030 1450
1632040 1446
1632050 1446
1632060 1440
1632070 1434
1632080 1434
1632090 1429
1632100 1433
1632110 1433
1632120 1439
1632130 1443
1632140 1443
1632150 1446
1632160 1450
1632170 1453
1632180 1453
1632190 1455
1632200 1458
1632210 1458
1632220 1461
1632230 1464
1632240 1464
1632250 1467
1632260 1470
1632270 1470
1632280 1473
1632290 1476
1632300 1476
1632310 1478
1632320 1480
1632330 1480
1632340 1482
1632350 1485
1632360 1487
1632370 1487
1632380 1491
1632390 1494
1632400 1494
1632410 1497
1632420 1500
1632430 1500
1632440 1503
1632450 1505
1632460 1505
1632470 1505
1632480 1504
1632490 1504
1632500 1501
1632510 1498
1632520 1498
1632530 1496
1632540 1494
1632550 1491
1632560 1491
1632570 1489
1632580 1488
1632590 1488
1632600 1486
1632610 1485
1632620 1485
1632630 1484
1632640 1482
1632650 1482
1632660 1482
1632670 1482
1632680 1482
1632690 1483
1632700 1483
1632710 1483
1632720 1483
1632730 1485
1632740 1489
1632750 1489
1632760 1492
1632770 1498
1632780 1498
1632790 1502
1632800 1507
1632810 1505
1632820 1510
1632830 1515
1632840 1515
1632850 1521
1632860 1525
1632870 1525
1632880 1530
1632890 1535
1632900 1535
1632910 1539
1632920 1543
1632930 1543
1632940 1548
1632950 1552
1632960 1557
1632970 1557
1632980 1561
1632990 1566
1633000 1566
1633010 1571
1633020 1576
1633030 1576
1633040 1580
1633050 1583
1633060 1583
1633070 1588
1633080 1591
1633090 1591
1633100 1595
1633110 1599
1633120 1599
1633130 1603
1633140 1608
1633150 1612
1633160 1612
1633170 1616
1633180 1619
1633190 1619
1633200 1623
1633210 1627
1633220 1627
1633230 1631
1633240 1635
1633250 1635
1633260 1640
1633270 1641
1633280 1641
1633290 1645
1633300 1650
1633310 1650
1633320 1654
1633330 1657
1633340 1660
1633350 1660
1633360 1663
1633370 1667
1633380 1667
1633390 1670
1633400 1673
1633410 1673
1633420 1675
1633430 1675
1633440 1675
1633450 1675
1633460 1673
1633470 1673
1633480 1669
1633490 1665
1633500 1665
1633510 1660
1633520 1655
1633530 1649
1633540 1649
1633550 1643
1633560 1637
1633570 1637
1633580 1631
1633590 1624
1633600 1624
1633610 1617
1633620 1611
1633630 1611
1633640 1607
1633650 1602
1633660 1596
1633670 1592
1633680 1587
1633690 1587
1633700 1581
1633710 1576
1633720 1571
1633730 1571
1633740 1566
1633750 1561
1633760 1561
1633770 1558
1633780 1556
1633790 1556
1633800 1554
1633810 1550
1633820 1550
1633830 1546
1633840 1539
1633850 1539
1633860 1529
1633870 1523
1633880 1523
1633890 1519
1633900 1515
1633910 1515
1633920 1513
1633930 1510
1633940 1508
1633950 1508
1633960 1505
1633970 1501
1633980 1501
1633990 1497
1634000 1492
1634010 1492
1634020 1486
1634030 1480
1634040 1480
1634050 1475
1634060 1469
1634070 1469
1634080 1462
1634090 1455
1634100 1455
1634110 1447
1634120 1440
1634130 1434
1634140 1434
1634150 1429
1634160 1425
1634170 1425
1634180 1422
1634190 1420
1634200 1420
1634210 1418
1634220 1416
1634230 1416
1634240 1414
1634250 1414
1634260 1414
1634270 1415
1634280 1416
1634290 1416
1634300 1416
1634310 1415
1634320 1415
1634330 1415
1634340 1415
1634350 1415
1634360 1415
1634370 1413
1634380 1409
1634390 1409
1634400 1405
1634410 1403
1634420 1403
1634430 1398
1634440 1393
1634450 1393
1634460 1388
1634470 1382
1634480 1382
1634490 1377
1634500 1371
1634510 1368
1634520 1368
1634530 1362
1634540 1357
1634550 1357
1634560 1352
1634570 1348
1634580 1348
1634590 1345
1634600 1341
1634610 1341
1634620 1337
1634630 1333
1634640 1333
1634650 1330
1634660 1327
1634670 1327
1634680 1324
1634690 1321
1634700 1318
1634710 1318
1634720 1314
1634730 1311
1634740 1311
1634750 1308
1634760 1305
1634770 1305
1634780 1303
1634790 1301
1634800 1301
1634810 1298
1634820 1295
1634830 1295
1634840 1296
1634850 1300
1634860 1300
1634870 1301
1634880 1302
1634890 1302
1634900 1304
1634910 1305
1634920 1305
1634930 1305
1634940 1306
1634950 1308
1634960 1308
1634970 1309
1634980 1310
1634990 1310
1635000 1311
1635010 1312
1635020 1312
1635030 1312
1635040 1313
1635050 1313
1635060 1313
1635070 1312
1635080 1312
1635090 1311
1635100 1310
1635110 1309
1635120 1309
1635130 1308
1635140 1308
1635150 1308
1635160 1308
1635170 1308
1635180 1308
1635190 1310
1635200 1311
1635210 1311
1635220 1311
1635230 1312
1635240 1312
1635250 1313
1635260 1314
1635270 1314
1635280 1314
1635290 1315
1635300 1316
1635310 1316
1635320 1317
1635330 1316
1635340 1316
1635350 1319
1635360 1316
1635370 1316
1635380 1315
1635390 1313
1635400 1313
1635410 1312
1635420 1311
1635430 1311
1635440 1307
1635450 1302
1635460 1302
1635470 1299
1635480 1295
1635490 1294
1635500 1294
1635510 1296
1635520 1299
1635530 1299
1635540 1301
1635550 1303
1635560 1303
1635570 1306
1635580 1309
1635590 1309
1635600 1311
1635610 1312
1635620 1312
1635630 1313
1635640 1314
1635650 1314
1635660 1313
1635670 1314
1635680 1313
1635690 1313
1635700 1313
1635710 1313
1635720 1313
1635730 1314
1635740 1314
1635750 1314
1635760 1315
1635770 1315
1635780 1315
1635790 1315
1635800 1315
1635810 1315
1635820 1315
1635830 1315
1635840 1315
1635850 1315
1635860 1314
1635870 1315
1635880 1315
1635890 1315
1635900 1314
1635910 1314
1635920 1313
1635930 1310
1635940 1310
1635950 1306
1635960 1299
1635970 1299
1635980 1293
1635990 1290
1636000 1290
1636010 1286
1636020 1286
1636030 1286
1636040 1289
1636050 1291
1636060 1291
1636070 1292
1636080 1292
1636090 1293
1636100 1293
1636110 1296
1636120 1297
1636130 1297
1636140 1297
1636150 1296
1636160 1296
1636170 1292
1636180 1286
1636190 1285
1636200 1281
1636210 1277
1636220 1277
1636230 1276
1636240 1280
1636250 1280
1636260 1283
1636270 1287
1636280 1291
1636290 1291
1636300 1294
1636310 1297
1636320 1297
1636330 1300
1636340 1302
1636350 1302
1636360 1305
1636370 1307
1636380 1307
1636390 1309
1636400 1309
1636410 1309
1636420 1309
1636430 1309
1636440 1309
1636450 1308
1636460 1307
1636470 1305
1636480 1305
1636490 1304
1636500 1303
1636510 1303
1636520 1304
1636530 1305
1636540 1305
1636550 1303
1636560 1297
1636570 1297
1636580 1297
1636590 1301
1636600 1301
1636610 1304
1636620 1308
1636630 1308
1636640 1312
1636650 1316
1636660 1320
1636670 1320
1636680 1324
1636690 1327
1636700 1327
1636710 1330
1636720 1334
1636730 1334
1636740 1336
1636750 1339
1636760 1339
1636770 1341
1636780 1345
1636790 1345
1636800 1349
1636810 1352
1636820 1352
1636830 1355
1636840 1358
1636850 1360
1636860 1360
1636870 1363
1636880 1366
1636890 1366
1636900 1369
1636910 1371
1636920 1371
1636930 1373
1636940 1376
1636950 1376
1636960 1378
1636970 1380
1636980 1380
1636990 1382
1637000 1382
1637010 1382
1637020 1382
1637030 1381
1637040 1381
1637050 1380
1637060 1379
1637070 1378
1637080 1378
1637090 1376
1637100 1374
1637110 1374
1637120 1373
1637130 1373
1637140 1373
1637150 1371
1637160 1372
1637170 1372
1637180 1374
1637190 1375
1637200 1375
1637210 1376
1637220 1377
1637230 1377
1637240 1377
1637250 1379
1637260 1381
1637270 1381
1637280 1382
1637290 1382
1637300 1382
1637310 1384
1637320 1386
1637330 1386
1637340 1387
1637350 1389
1637360 1389
1637370 1394
1637380 1399
1637390 1399
1637400 1404
1637410 1407
1637420 1407
1637430 1411
1637440 1414
1637450 1417
1637460 1417
1637470 1421
1637480 1425
1637490 1425
1637500 1429
1637510 1431
1637520 1431
1637530 1434
1637540 1436
1637550 1436
1637560 1438
1637570 1440
1637580 1440
1637590 1442
1637600 1443
1637610 1443
1637620 1445
1637630 1446
1637640 1448
1637650 1448
1637660 1451
1637670 1452
1637680 1452
1637690 1452
1637700 1451
1637710 1451
1637720 1450
1637730 1449
1637740 1449
1637750 1448
1637760 1448
1637770 1448
1637780 1448
1637790 1448
1637800 1448
1637810 1448
1637820 1446
1637830 1445
1637840 1445
1637850 1441
1637860 1440
1637870 1440
1637880 1438
1637890 1438
1637900 1438
1637910 1437
1637920 1436
1637930 1436
1637940 1435
1637950 1434
1637960 1434
1637970 1434
1637980 1433
1637990 1433
1638000 1432
1638010 1431
1638020 1430
1638030 1430
1638040 1429
1638050 1428
1638060 1428
1638070 1427
1638080 1426
1638090 1426
1638100 1425
1638110 1424
1638120 1424
1638130 1423
1638140 1423
1638150 1423
1638160 1422
1638170 1421
1638180 1421
1638190 1420
1638200 1419
1638210 1419
1638220 1418
1638230 1417
1638240 1416
1638250 1416
1638260 1414
1638270 1413
1638280 1413
1638290 1412
1638300 1410
1638310 1410
1638320 1409
1638330 1407
1638340 1407
1638350 1405
1638360 1404
1638370 1404
1638380 1403
1638390 1400
1638400 1400
1638410 1398
1638420 1396
1638430 1393
1638440 1393
1638450 1391
1638460 1388
1638470 1388
1638480 1386
1638490 1384
1638500 1384
1638510 1383
1638520 1382
1638530 1382
1638540 1381
1638550 1380
1638560 1380
1638570 1379
1638580 1379
1638590 1379
1638600 1379
1638610 1379
1638620 1379
1638630 1379
1638640 1379
1638650 1379
1638660 1379
1638670 1376
1638680 1376
1638690 1376
1638700 1376
1638710 1376
1638720 1376
1638730 1376
1638740 1375
1638750 1375
1638760 1374
1638770 1373
1638780 1373
1638790 1371
1638800 1368
1638810 1365
1638820 1365
1638830 1362
1638840 1360
1638850 1360
1638860 1358
1638870 1356
1638880 1356
1638890 1355
1638900 1355
1638910 1355
1638920 1354
1638930 1354
1638940 1354
1638950 1353
1638960 1353
1638970 1353
1638980 1352
1638990 1351
1639000 1351
1639010 1351
1639020 1350
1639030 1350
1639040 1350
1639050 1350
1639060 1350
1639070 1350
1639080 1351
1639090 1352
1639100 1352
1639110 1353
1639120 1354
1639130 1354
1639140 1354
1639150 1355
1639160 1355
1639170 1356
1639180 1357
1639190 1357
1639200 1357
1639210 1356
1639220 1355
1639230 1355
1639240 1354
1639250 1352
1639260 1352
1639270 1350
1639280 1347
1639290 1347
1639300 1345
1639310 1343
1639320 1343
1639330 1341
1639340 1339
1639350 1339
1639360 1337
1639370 1334
1639380 1334
1639390 1332
1639400 1329
1639410 1327
1639420 1327
1639430 1325
1639440 1324
1639450 1324
1639460 1323
1639470 1321
1639480 1321
1639490 1317
1639500 1317
1639510 1317
1639520 1317
1639530 1317
1639540 1317
1639550 1317
1639560 1316
1639570 1316
1639580 1316
1639590 1316
1639600 1316
1639610 1316
1639620 1317
1639630 1318
1639640 1318
1639650 1319
1639660 1320
1639670 1320
1639680 1320
1639690 1319
1639700 1319
1639710 1318
1639720 1316
1639730 1316
1639740 1313
1639750 1311
1639760 1311
1639770 1309
1639780 1308
1639790 1307
1639800 1307
1639810 1306
1639820 1306
1639830 1306
1639840 1305
1639850 1305
1639860 1305
1639870 1305
1639880 1305
1639890 1305
1639900 1305
1639910 1305
1639920 1305
1639930 1306
1639940 1307
1639950 1307
1639960 1307
1639970 1308
1639980 1308
1639990 1308
