1620000 1096
1620010 1095
1620020 1093
1620030 1092
1620040 1092
1620050 1091
1620060 1091
1620070 1091
1620080 1091
1620090 1090
1620100 1090
1620110 1090
1620120 1089
1620130 1089
1620140 1086
1620150 1084
1620160 1084
1620170 1082
1620180 1080
1620190 1080
1620200 1078
1620210 1076
1620220 1074
1620230 1074
1620240 1072
1620250 1069
1620260 1069
1620270 1067
1620280 1064
1620290 1064
1620300 1060
1620310 1056
1620320 1056
1620330 1052
1620340 1048
1620350 1048
1620360 1043
1620370 1040
1620380 1040
1620390 1035
1620400 1031
1620410 1026
1620420 1026
1620430 1021
1620440 1015
1620450 1015
1620460 1007
1620470 1008
1620480 1008
1620490 1013
1620500 1018
1620510 1018
1620520 1022
1620530 1026
1620540 1026
1620550 1034
1620560 1039
1620570 1039
1620580 1043
1620590 1046
1620600 1046
1620610 1050
1620620 1055
1620630 1060
1620640 1060
1620650 1063
1620660 1066
1620670 1066
1620680 1068
1620690 1071
1620700 1071
1620710 1073
1620720 1072
1620730 1072
1620740 1070
1620750 1067
1620760 1067
1620770 1064
1620780 1061
1620790 1061
1620800 1059
1620810 1056
1620820 1053
1620830 1053
1620840 1050
1620850 1047
1620860 1047
1620870 1044
1620880 1042
1620890 1042
1620900 1041
1620910 1041
1620920 1041
1620930 1041
1620940 1040
1620950 1040
1620960 1040
1620970 1040
1620980 1040
1620990 1039
1621000 1038
1621010 1036
1621020 1036
1621030 1034
1621040 1031
1621050 1031
1621060 1028
1621070 1026
1621080 1026
1621090 1024
1621100 1023
1621110 1023
1621120 1023
1621130 1023
1621140 1023
1621150 1025
1621160 1024
1621170 1024
1621180 1021
1621190 1018
1621200 1016
1621210 1016
1621220 1013
1621230 1012
1621240 1012
1621250 1012
1621260 1015
1621270 1015
1621280 1018
1621290 1021
1621300 1021
1621310 1023
1621320 1024
1621330 1024
1621340 1026
1621350 1028
1621360 1028
1621370 1029
1621380 1030
1621390 1030
1621400 1030
1621410 1028
1621420 1025
1621430 1025
1621440 1022
1621450 1019
1621460 1019
1621470 1017
1621480 1015
1621490 1015
1621500 1013
1621510 1010
1621520 1010
1621530 1008
1621540 1007
1621550 1007
1621560 1004
1621570 1001
1621580 1001
1621590 999
1621600 998
1621610 996
1621620 996
1621630 994
1621640 992
1621650 992
1621660 989
1621670 988
1621680 988
1621690 985
1621700 981
1621710 981
1621720 977
1621730 973
1621740 973
1621750 968
1621760 963
1621770 963
1621780 959
1621790 953
1621800 947
1621810 947
1621820 940
1621830 933
1621840 933
1621850 926
1621860 923
1621870 923
1621880 923
1621890 924
1621900 924
1621910 924
1621920 924
1621930 924
1621940 920
1621950 913
1621960 913
1621970 909
1621980 909
1621990 909
1622000 914
1622010 920
1622020 926
1622030 926
1622040 932
1622050 937
1622060 937
1622070 942
1622080 946
1622090 946
1622100 951
1622110 957
1622120 957
1622130 961
1622140 966
1622150 966
1622160 970
1622170 975
1622180 975
1622190 979
1622200 984
1622210 987
1622220 987
1622230 991
1622240 994
1622250 994
1622260 995
1622270 993
1622280 993
1622290 989
1622300 986
1622310 986
1622320 982
1622330 978
1622340 978
1622350 975
1622360 974
1622370 974
1622380 972
1622390 969
1622400 969
1622410 969
1622420 965
1622430 962
1622440 962
1622450 960
1622460 959
1622470 959
1622480 960
1622490 963
1622500 963
1622510 964
1622520 964
1622530 964
1622540 964
1622550 964
1622560 964
1622570 965
1622580 966
1622590 967
1622600 967
1622610 968
1622620 969
1622630 969
1622640 970
1622650 972
1622660 972
1622670 973
1622680 975
1622690 975
1622700 978
1622710 981
1622720 981
1622730 985
1622740 988
1622750 988
1622760 992
1622770 995
1622780 995
1622790 998
1622800 996
1622810 995
1622820 995
1622830 994
1622840 993
1622850 993
1622860 992
1622870 992
1622880 992
1622890 991
1622900 990
1622910 990
1622920 989
1622930 989
1622940 989
1622950 988
1622960 987
1622970 987
1622980 987
1622990 987
1623000 987
1623010 987
1623020 986
1623030 986
1623040 986
1623050 986
1623060 987
1623070 987
1623080 988
1623090 989
1623100 989
1623110 989
1623120 989
1623130 989
1623140 988
1623150 985
1623160 985
1623170 981
1623180 978
1623190 974
1623200 974
1623210 971
1623220 968
1623230 968
1623240 966
1623250 963
1623260 963
1623270 960
1623280 955
1623290 955
1623300 951
1623310 950
1623320 950
1623330 945
1623340 943
1623350 943
1623360 940
1623370 938
1623380 933
1623390 933
1623400 928
1623410 922
1623420 922
1623430 920
1623440 921
1623450 921
1623460 921
1623470 921
1623480 921
1623490 921
1623500 924
1623510 924
1623520 924
1623530 929
1623540 929
1623550 935
1623560 940
1623570 940
1623580 945
1623590 950
1623600 954
1623610 954
1623620 956
1623630 959
1623640 959
1623650 961
1623660 963
1623670 963
1623680 966
1623690 967
1623700 967
1623710 967
1623720 968
1623730 968
1623740 968
1623750 968
1623760 968
1623770 969
1623780 970
1623790 971
1623800 971
1623810 972
1623820 974
1623830 974
1623840 976
1623850 978
1623860 978
1623870 982
1623880 987
1623890 987
1623900 990
1623910 993
1623920 993
1623930 996
1623940 998
1623950 998
1623960 1001
1623970 1005
1623980 1009
1623990 1009
1624000 1012
1624010 1015
1624020 1015
1624030 1018
1624040 1021
1624050 1021
1624060 1024
1624070 1025
1624080 1025
1624090 1027
1624100 1029
1624110 1029
1624120 1032
1624130 1035
1624140 1035
1624150 1037
1624160 1038
1624170 1039
1624180 1039
1624190 1040
1624200 1039
1624210 1039
1624220 1033
1624230 1033
1624240 1033
1624250 1033
1624260 1034
1624270 1034
1624280 1035
1624290 1038
1624300 1038
1624310 1040
1624320 1043
1624330 1043
1624340 1047
1624350 1050
1624360 1050
1624370 1054
1624380 1057
1624390 1062
1624400 1062
1624410 1065
1624420 1071
1624430 1071
1624440 1076
1624450 1080
1624460 1080
1624470 1084
1624480 1088
1624490 1088
1624500 1091
1624510 1094
1624520 1094
1624530 1095
1624540 1097
1624550 1097
1624560 1097
1624570 1098
1624580 1097
1624590 1097
1624600 1096
1624610 1094
1624620 1094
1624630 1092
1624640 1090
1624650 1090
1624660 1088
1624670 1086
1624680 1086
1624690 1086
1624700 1086
1624710 1086
1624720 1088
1624730 1089
1624740 1089
1624750 1091
1624760 1092
1624770 1094
1624780 1094
1624790 1095
1624800 1096
1624810 1096
1624820 1099
1624830 1101
1624840 1101
1624850 1105
1624860 1108
1624870 1108
1624880 1111
1624890 1113
1624900 1113
1624910 1113
1624920 1114
1624930 1114
1624940 1116
1624950 1117
1624960 1117
1624970 1117
1624980 1116
1624990 1115
1625000 1115
1625010 1114
1625020 1113
1625030 1113
1625040 1113
1625050 1112
1625060 1112
1625070 1112
1625080 1112
1625090 1112
1625100 1111
1625110 1110
1625120 1110
1625130 1108
1625140 1107
1625150 1107
1625160 1106
1625170 1105
1625180 1104
1625190 1104
1625200 1104
1625210 1103
1625220 1103
1625230 1103
1625240 1104
1625250 1104
1625260 1104
1625270 1104
1625280 1104
1625290 1103
1625300 1103
1625310 1103
1625320 1102
1625330 1101
1625340 1101
1625350 1100
1625360 1099
1625370 1096
1625380 1096
1625390 1093
1625400 1091
1625410 1091
1625420 1094
1625430 1097
1625440 1097
1625450 1098
1625460 1100
1625470 1100
1625480 1101
1625490 1102
1625500 1102
1625510 1103
1625520 1105
1625530 1105
1625540 1109
1625550 1113
1625560 1118
1625570 1118
1625580 1121
1625590 1124
1625600 1124
1625610 1127
1625620 1129
1625630 1129
1625640 1131
1625650 1133
1625660 1133
1625670 1134
1625680 1135
1625690 1135
1625700 1135
1625710 1135
1625720 1135
1625730 1136
1625740 1138
1625750 1138
1625760 1139
1625770 1139
1625780 1138
1625790 1138
1625800 1138
1625810 1139
1625820 1139
1625830 1141
1625840 1142
1625850 1142
1625860 1143
1625870 1146
1625880 1146
1625890 1149
1625900 1153
1625910 1153
1625920 1155
1625930 1156
1625940 1156
1625950 1156
1625960 1157
1625970 1157
1625980 1157
1625990 1158
1626000 1158
1626010 1158
1626020 1156
1626030 1157
1626040 1157
1626050 1158
1626060 1159
1626070 1159
1626080 1161
1626090 1163
1626100 1163
1626110 1166
1626120 1170
1626130 1170
1626140 1174
1626150 1176
1626160 1179
1626170 1179
1626180 1180
1626190 1177
1626200 1177
1626210 1173
1626220 1170
1626230 1170
1626240 1165
1626250 1159
1626260 1159
1626270 1153
1626280 1146
1626290 1146
1626300 1139
1626310 1133
1626320 1133
1626330 1131
1626340 1134
1626350 1136
1626360 1136
1626370 1139
1626380 1142
1626390 1142
1626400 1143
1626410 1143
1626420 1143
1626430 1145
1626440 1148
1626450 1148
1626460 1151
1626470 1153
1626480 1153
1626490 1152
1626500 1151
1626510 1151
1626520 1148
1626530 1146
1626540 1146
1626550 1145
1626560 1144
1626570 1143
1626580 1143
1626590 1145
1626600 1151
1626610 1151
1626620 1157
1626630 1163
1626640 1163
1626650 1168
1626660 1173
1626670 1173
1626680 1177
1626690 1181
1626700 1181
1626710 1185
1626720 1189
1626730 1189
1626740 1193
1626750 1197
1626760 1201
1626770 1201
1626780 1205
1626790 1208
1626800 1208
1626810 1211
1626820 1215
1626830 1215
1626840 1219
1626850 1223
1626860 1223
1626870 1227
1626880 1229
1626890 1229
1626900 1231
1626910 1234
1626920 1234
1626930 1237
1626940 1240
1626950 1242
1626960 1242
1626970 1244
1626980 1248
1626990 1248
1627000 1252
1627010 1256
1627020 1256
1627030 1259
1627040 1262
1627050 1262
1627060 1264
1627070 1267
1627080 1267
1627090 1270
1627100 1273
1627110 1273
1627120 1276
1627130 1279
1627140 1282
1627150 1282
1627160 1286
1627170 1288
1627180 1288
1627190 1291
1627200 1294
1627210 1294
1627220 1297
1627230 1299
1627240 1299
1627250 1299
1627260 1299
1627270 1299
1627280 1299
1627290 1301
1627300 1301
1627310 1303
1627320 1308
1627330 1308
1627340 1311
1627350 1311
1627360 1310
1627370 1310
1627380 1310
1627390 1309
1627400 1309
1627410 1309
1627420 1308
1627430 1308
1627440 1308
1627450 1307
1627460 1307
1627470 1307
1627480 1306
1627490 1306
1627500 1305
1627510 1305
1627520 1305
1627530 1303
1627540 1299
1627550 1296
1627560 1296
1627570 1294
1627580 1293
1627590 1293
1627600 1292
1627610 1290
1627620 1290
1627630 1288
1627640 1285
1627650 1285
1627660 1285
1627670 1286
1627680 1286
1627690 1287
1627700 1288
1627710 1288
1627720 1290
1627730 1291
1627740 1292
1627750 1292
1627760 1294
1627770 1295
1627780 1295
1627790 1298
1627800 1299
1627810 1299
1627820 1303
1627830 1307
1627840 1307
1627850 1312
1627860 1317
1627870 1317
1627880 1321
1627890 1325
1627900 1325
1627910 1329
1627920 1333
1627930 1337
1627940 1337
1627950 1340
1627960 1342
1627970 1342
1627980 1345
1627990 1347
1628000 1347
1628010 1349
1628020 1349
1628030 1349
1628040 1348
1628050 1346
1628060 1346
1628070 1342
1628080 1338
1628090 1338
1628100 1334
1628110 1331
1628120 1331
1628130 1327
1628140 1323
1628150 1321
1628160 1321
1628170 1318
1628180 1313
1628190 1313
1628200 1308
1628210 1303
1628220 1303
1628230 1298
1628240 1294
1628250 1294
1628260 1291
1628270 1287
1628280 1287
1628290 1284
1628300 1281
1628310 1281
1628320 1276
1628330 1271
1628340 1265
1628350 1265
1628360 1261
1628370 1257
1628380 1257
1628390 1254
1628400 1250
1628410 1250
1628420 1245
1628430 1238
1628440 1238
1628450 1230
1628460 1224
1628470 1224
1628480 1220
1628490 1217
1628500 1217
1628510 1213
1628520 1205
1628530 1196
1628540 1196
1628550 1188
1628560 1182
1628570 1182
1628580 1183
1628590 1188
1628600 1188
1628610 1193
1628620 1197
1628630 1197
1628640 1203
1628650 1208
1628660 1208
1628670 1213
1628680 1213
1628690 1213
1628700 1218
1628710 1222
1628720 1222
1628730 1226
1628740 1229
1628750 1231
1628760 1231
1628770 1231
1628780 1229
1628790 1229
1628800 1228
1628810 1228
1628820 1228
1628830 1226
1628840 1224
1628850 1224
1628860 1221
1628870 1217
1628880 1217
1628890 1213
1628900 1210
1628910 1210
1628920 1209
1628930 1209
1628940 1208
1628950 1208
1628960 1206
1628970 1205
1628980 1205
1628990 1203
1629000 1202
1629010 1202
1629020 1201
1629030 1200
1629040 1200
1629050 1199
1629060 1197
1629070 1197
1629080 1195
1629090 1192
1629100 1192
1629110 1188
1629120 1185
1629130 1184
1629140 1184
1629150 1183
1629160 1183
1629170 1183
1629180 1181
1629190 1180
1629200 1180
1629210 1184
1629220 1190
1629230 1190
1629240 1192
1629250 1195
1629260 1195
1629270 1196
1629280 1197
1629290 1197
1629300 1199
1629310 1202
1629320 1207
1629330 1207
1629340 1210
1629350 1213
1629360 1213
1629370 1216
1629380 1219
1629390 1219
1629400 1223
1629410 1226
1629420 1226
1629430 1229
1629440 1232
1629450 1232
1629460 1235
1629470 1238
1629480 1238
1629490 1240
1629500 1241
1629510 1241
1629520 1241
1629530 1241
1629540 1238
1629550 1238
1629560 1237
1629570 1232
1629580 1232
1629590 1225
1629600 1222
1629610 1222
1629620 1217
1629630 1214
1629640 1214
1629650 1216
1629660 1220
1629670 1220
1629680 1223
1629690 1226
1629700 1226
1629710 1229
1629720 1233
1629730 1236
1629740 1236
1629750 1239
1629760 1243
1629770 1243
1629780 1247
1629790 1250
1629800 1250
1629810 1254
1629820 1257
1629830 1257
1629840 1262
1629850 1267
1629860 1267
1629870 1271
1629880 1274
1629890 1274
1629900 1279
1629910 1284
1629920 1289
1629930 1289
1629940 1295
1629950 1300
1629960 1300
1629970 1305
1629980 1309
1629990 1309
1630000 1311
1630010 1312
1630020 1312
1630030 1312
1630040 1313
1630050 1313
1630060 1315
1630070 1316
1630080 1316
1630090 1318
1630100 1320
1630110 1322
1630120 1322
1630130 1325
1630140 1328
1630150 1328
1630160 1333
1630170 1336
1630180 1336
1630190 1338
1630200 1341
1630210 1341
1630220 1343
1630230 1345
1630240 1345
1630250 1348
1630260 1351
1630270 1351
1630280 1354
1630290 1356
1630300 1356
1630310 1357
1630320 1360
1630330 1363
1630340 1363
1630350 1365
1630360 1368
1630370 1368
1630380 1370
1630390 1373
1630400 1373
1630410 1374
1630420 1375
1630430 1371
1630440 1372
1630450 1372
1630460 1372
1630470 1373
1630480 1374
1630490 1374
1630500 1375
1630510 1377
1630520 1378
1630530 1378
1630540 1380
1630550 1382
1630560 1382
1630570 1384
1630580 1387
1630590 1387
1630600 1388
1630610 1387
1630620 1387
1630630 1385
1630640 1381
1630650 1381
1630660 1379
1630670 1379
1630680 1379
1630690 1375
1630700 1373
1630710 1372
1630720 1372
1630730 1371
1630740 1371
1630750 1371
1630760 1372
1630770 1372
1630780 1372
1630790 1373
1630800 1374
1630810 1374
1630820 1374
1630830 1376
1630840 1376
1630850 1377
1630860 1379
1630870 1379
1630880 1380
1630890 1380
1630900 1381
1630910 1381
1630920 1382
1630930 1381
1630940 1381
1630950 1382
1630960 1380
1630970 1380
1630980 1378
1630990 1376
1631000 1376
1631010 1373
1631020 1370
1631030 1370
1631040 1365
1631050 1360
1631060 1360
1631070 1354
1631080 1347
1631090 1347
1631100 1340
1631110 1339
1631120 1343
1631130 1343
1631140 1346
1631150 1349
1631160 1349
1631170 1351
1631180 1352
1631190 1352
1631200 1354
1631210 1357
1631220 1357
1631230 1359
1631240 1361
1631250 1361
1631260 1364
1631270 1367
1631280 1367
1631290 1365
1631300 1368
1631310 1370
1631320 1370
1631330 1371
1631340 1372
1631350 1372
1631360 1372
1631370 1372
1631380 1372
1631390 1372
1631400 1371
1631410 1371
1631420 1371
1631430 1371
1631440 1371
1631450 1371
1631460 1370
1631470 1370
1631480 1370
1631490 1370
1631500 1371
1631510 1371
1631520 1371
1631530 1373
1631540 1373
1631550 1375
1631560 1375
1631570 1375
1631580 1372
1631590 1369
1631600 1369
1631610 1367
1631620 1366
1631630 1366
1631640 1364
1631650 1363
1631660 1363
1631670 1360
1631680 1357
1631690 1357
1631700 1354
1631710 1351
1631720 1348
1631730 1348
1631740 1345
1631750 1343
1631760 1343
1631770 1346
1631780 1353
1631790 1353
1631800 1354
1631810 1356
1631820 1356
1631830 1358
1631840 1361
1631850 1361
1631860 1365
1631870 1370
1631880 1370
1631890 1375
1631900 1381
1631910 1387
1631920 1387
1631930 1394
1631940 1400
1631950 1400
1631960 1407
1631970 1413
1631980 1413
1631990 1419
1632000 1424
1632010 1424
1632020 1429
1632030 1435
1632040 1435
1632050 1439
1632060 1444
1632070 1444
1632080 1447
1632090 1449
1632100 1451
1632110 1451
1632120 1452
1632130 1453
1632140 1453
1632150 1454
1632160 1452
1632170 1452
1632180 1453
1632190 1453
1632200 1453
1632210 1453
1632220 1452
1632230 1452
1632240 1451
1632250 1450
1632260 1450
1632270 1448
1632280 1445
1632290 1442
1632300 1442
1632310 1440
1632320 1441
1632330 1441
1632340 1442
1632350 1444
1632360 1444
1632370 1445
1632380 1445
1632390 1445
1632400 1446
1632410 1446
1632420 1446
1632430 1447
1632440 1448
1632450 1448
1632460 1450
1632470 1452
1632480 1452
1632490 1457
1632500 1462
1632510 1464
1632520 1464
1632530 1464
1632540 1463
1632550 1463
1632560 1463
1632570 1463
1632580 1463
1632590 1463
1632600 1462
1632610 1462
1632620 1461
1632630 1460
1632640 1460
1632650 1459
1632660 1457
1632670 1457
1632680 1455
1632690 1455
1632700 1455
1632710 1455
1632720 1453
1632730 1451
1632740 1451
1632750 1449
1632760 1448
1632770 1448
1632780 1447
1632790 1445
1632800 1445
1632810 1444
1632820 1441
1632830 1441
1632840 1438
1632850 1438
1632860 1438
1632870 1437
1632880 1438
1632890 1438
1632900 1438
1632910 1438
1632920 1438
1632930 1438
1632940 1439
1632950 1443
1632960 1443
1632970 1447
1632980 1449
1632990 1449
1633000 1450
1633010 1446
1633020 1446
1633030 1447
1633040 1449
1633050 1449
1633060 1451
1633070 1453
1633080 1455
1633090 1455
1633100 1458
1633110 1461
1633120 1461
1633130 1465
1633140 1468
1633150 1468
1633160 1472
1633170 1475
1633180 1475
1633190 1478
1633200 1481
1633210 1481
1633220 1483
1633230 1485
1633240 1485
1633250 1489
1633260 1491
1633270 1491
1633280 1493
1633290 1495
1633300 1498
1633310 1498
1633320 1502
1633330 1507
1633340 1507
1633350 1512
1633360 1517
1633370 1517
1633380 1520
1633390 1523
1633400 1523
1633410 1526
1633420 1529
1633430 1529
1633440 1531
1633450 1533
1633460 1533
1633470 1536
1633480 1539
1633490 1542
1633500 1542
1633510 1546
1633520 1549
1633530 1549
1633540 1553
1633550 1557
1633560 1557
1633570 1559
1633580 1562
1633590 1562
1633600 1563
1633610 1565
1633620 1565
1633630 1566
1633640 1566
1633650 1566
1633660 1564
1633670 1563
1633680 1564
1633690 1564
1633700 1564
1633710 1565
1633720 1565
1633730 1568
1633740 1569
1633750 1569
1633760 1569
1633770 1570
1633780 1570
1633790 1571
1633800 1571
1633810 1571
1633820 1572
1633830 1576
1633840 1576
1633850 1580
1633860 1584
1633870 1589
1633880 1589
1633890 1594
1633900 1598
1633910 1598
1633920 1603
1633930 1608
1633940 1608
1633950 1614
1633960 1619
1633970 1619
1633980 1624
1633990 1629
1634000 1629
1634010 1634
1634020 1636
1634030 1636
1634040 1639
1634050 1642
1634060 1642
1634070 1646
1634080 1649
1634090 1651
1634100 1651
1634110 1655
1634120 1661
1634130 1661
1634140 1667
1634150 1671
1634160 1671
1634170 1675
1634180 1678
1634190 1678
1634200 1680
1634210 1683
1634220 1683
1634230 1688
1634240 1693
1634250 1693
1634260 1697
1634270 1701
1634280 1706
1634290 1706
1634300 1711
1634310 1716
1634320 1716
1634330 1721
1634340 1726
1634350 1726
1634360 1730
1634370 1734
1634380 1734
1634390 1738
1634400 1742
1634410 1742
1634420 1746
1634430 1749
1634440 1749
1634450 1754
1634460 1757
1634470 1762
1634480 1762
1634490 1766
1634500 1771
1634510 1771
1634520 1774
1634530 1776
1634540 1776
1634550 1779
1634560 1782
1634570 1782
1634580 1785
1634590 1787
1634600 1787
1634610 1790
1634620 1793
1634630 1793
1634640 1796
1634650 1799
1634660 1799
1634670 1800
1634680 1800
1634690 1800
1634700 1800
1634710 1795
1634720 1794
1634730 1794
1634740 1790
1634750 1783
1634760 1783
1634770 1775
1634780 1772
1634790 1772
1634800 1770
1634810 1769
1634820 1769
1634830 1768
1634840 1768
1634850 1768
1634860 1768
1634870 1768
1634880 1768
1634890 1768
1634900 1767
1634910 1766
1634920 1766
1634930 1766
1634940 1764
1634950 1764
1634960 1760
1634970 1757
1634980 1757
1634990 1754
1635000 1751
1635010 1751
1635020 1749
1635030 1747
1635040 1747
1635050 1744
1635060 1743
1635070 1741
1635080 1741
1635090 1740
1635100 1738
1635110 1738
1635120 1735
1635130 1731
1635140 1731
1635150 1725
1635160 1721
1635170 1721
1635180 1719
1635190 1716
1635200 1716
1635210 1714
1635220 1711
1635230 1711
1635240 1709
1635250 1706
1635260 1704
1635270 1704
1635280 1703
1635290 1702
1635300 1702
1635310 1703
1635320 1700
1635330 1700
1635340 1698
1635350 1697
1635360 1697
1635370 1696
1635380 1694
1635390 1694
1635400 1691
1635410 1690
1635420 1690
1635430 1695
1635440 1696
1635450 1696
1635460 1695
1635470 1690
1635480 1685
1635490 1685
1635500 1679
1635510 1676
1635520 1676
1635530 1672
1635540 1669
1635550 1671
1635560 1668
1635570 1662
1635580 1662
1635590 1657
1635600 1651
1635610 1651
1635620 1644
1635630 1638
1635640 1638
1635650 1632
1635660 1626
1635670 1620
1635680 1620
1635690 1614
1635700 1605
1635710 1605
1635720 1599
1635730 1593
1635740 1593
1635750 1588
1635760 1586
1635770 1586
1635780 1582
1635790 1579
1635800 1579
1635810 1576
1635820 1573
1635830 1573
1635840 1570
1635850 1567
1635860 1564
1635870 1564
1635880 1562
1635890 1562
1635900 1562
1635910 1561
1635920 1559
1635930 1559
1635940 1557
1635950 1554
1635960 1554
1635970 1549
1635980 1545
1635990 1545
1636000 1542
1636010 1539
1636020 1539
1636030 1535
1636040 1530
1636050 1526
1636060 1526
1636070 1521
1636080 1515
1636090 1515
1636100 1512
1636110 1511
1636120 1511
1636130 1508
1636140 1503
1636150 1503
1636160 1499
1636170 1497
1636180 1497
1636190 1496
1636200 1495
1636210 1495
1636220 1492
1636230 1487
1636240 1487
1636250 1487
1636260 1486
1636270 1486
1636280 1486
1636290 1485
1636300 1485
1636310 1485
1636320 1484
1636330 1483
1636340 1483
1636350 1483
1636360 1483
1636370 1483
1636380 1482
1636390 1485
1636400 1485
1636410 1486
1636420 1485
1636430 1485
1636440 1484
1636450 1487
1636460 1489
1636470 1489
1636480 1491
1636490 1491
1636500 1491
1636510 1491
1636520 1490
1636530 1490
1636540 1488
1636550 1486
1636560 1486
1636570 1484
1636580 1482
1636590 1482
1636600 1480
1636610 1477
1636620 1477
1636630 1475
1636640 1474
1636650 1473
1636660 1473
1636670 1472
1636680 1471
1636690 1471
1636700 1469
1636710 1466
1636720 1466
1636730 1462
1636740 1458
1636750 1458
1636760 1453
1636770 1448
1636780 1448
1636790 1442
1636800 1437
1636810 1437
1636820 1432
1636830 1427
1636840 1427
1636850 1422
1636860 1418
1636870 1415
1636880 1415
1636890 1412
1636900 1409
1636910 1409
1636920 1406
1636930 1404
1636940 1404
1636950 1401
1636960 1397
1636970 1397
1636980 1392
1636990 1388
1637000 1388
1637010 1385
1637020 1384
1637030 1384
1637040 1383
1637050 1381
1637060 1378
1637070 1378
1637080 1375
1637090 1372
1637100 1372
1637110 1368
1637120 1364
1637130 1364
1637140 1360
1637150 1358
1637160 1358
1637170 1357
1637180 1357
1637190 1357
1637200 1356
1637210 1356
1637220 1362
1637230 1360
1637240 1358
1637250 1355
1637260 1355
1637270 1354
1637280 1351
1637290 1351
1637300 1347
1637310 1345
1637320 1345
1637330 1344
1637340 1343
1637350 1343
1637360 1342
1637370 1342
1637380 1342
1637390 1344
1637400 1343
1637410 1343
1637420 1341
1637430 1340
1637440 1340
1637450 1340
1637460 1339
1637470 1337
1637480 1337
1637490 1336
1637500 1336
1637510 1336
1637520 1335
1637530 1335
1637540 1335
1637550 1334
1637560 1334
1637570 1334
1637580 1333
1637590 1334
1637600 1334
1637610 1334
1637620 1334
1637630 1334
1637640 1335
1637650 1336
1637660 1337
1637670 1337
1637680 1338
1637690 1339
1637700 1339
1637710 1339
1637720 1340
1637730 1340
1637740 1339
1637750 1340
1637760 1340
1637770 1342
1637780 1344
1637790 1344
1637800 1346
1637810 1347
1637820 1347
1637830 1348
1637840 1349
1637850 1349
1637860 1349
1637870 1349
1637880 1348
1637890 1348
1637900 1348
1637910 1348
1637920 1348
1637930 1348
1637940 1348
1637950 1348
1637960 1347
1637970 1346
1637980 1346
1637990 1345
1638000 1343
1638010 1343
1638020 1341
1638030 1338
1638040 1335
1638050 1329
1638060 1326
1638070 1323
1638080 1323
1638090 1320
1638100 1316
1638110 1316
1638120 1313
1638130 1310
1638140 1310
1638150 1307
1638160 1304
1638170 1304
1638180 1303
1638190 1300
1638200 1300
1638210 1298
1638220 1296
1638230 1293
1638240 1293
1638250 1290
1638260 1288
1638270 1288
1638280 1286
1638290 1285
1638300 1285
1638310 1283
1638320 1281
1638330 1281
1638340 1279
1638350 1277
1638360 1277
1638370 1274
1638380 1270
1638390 1270
1638400 1266
1638410 1261
1638420 1261
1638430 1257
1638440 1254
1638450 1249
1638460 1249
1638470 1245
1638480 1240
1638490 1240
1638500 1235
1638510 1231
1638520 1231
1638530 1227
1638540 1223
1638550 1223
1638560 1219
1638570 1215
1638580 1215
1638590 1210
1638600 1206
1638610 1206
1638620 1203
1638630 1202
1638640 1199
1638650 1199
1638660 1196
1638670 1193
1638680 1193
1638690 1189
1638700 1186
1638710 1186
1638720 1182
1638730 1179
1638740 1179
1638750 1176
1638760 1173
1638770 1173
1638780 1170
1638790 1168
1638800 1168
1638810 1166
1638820 1164
1638830 1163
1638840 1163
1638850 1163
1638860 1162
1638870 1165
1638880 1166
1638890 1167
1638900 1167
1638910 1168
1638920 1169
1638930 1169
1638940 1171
1638950 1174
1638960 1174
1638970 1176
1638980 1178
1638990 1178
1639000 1180
1639010 1182
1639020 1182
1639030 1184
1639040 1185
1639050 1187
1639060 1187
1639070 1189
1639080 1191
1639090 1191
1639100 1194
1639110 1197
1639120 1197
1639130 1201
1639140 1206
1639150 1206
1639160 1210
1639170 1214
1639180 1214
1639190 1217
1639200 1220
1639210 1220
1639220 1223
1639230 1225
1639240 1227
1639250 1227
1639260 1228
1639270 1230
1639280 1230
1639290 1232
1639300 1233
1639310 1233
1639320 1233
1639330 1233
1639340 1233
1639350 1231
1639360 1229
1639370 1229
1639380 1227
1639390 1225
1639400 1225
1639410 1223
1639420 1221
1639430 1218
1639440 1218
1639450 1214
1639460 1210
1639470 1210
1639480 1205
1639490 1200
1639500 1200
1639510 1195
1639520 1191
1639530 1191
1639540 1187
1639550 1185
1639560 1185
1639570 1183
1639580 1182
1639590 1182
1639600 1181
1639610 1180
1639620 1179
1639630 1179
1639640 1178
1639650 1178
1639660 1178
1639670 1177
1639680 1177
1639690 1185
1639700 1184
1639710 1183
1639720 1183
1639730 1182
1639740 1180
1639750 1180
1639760 1178
1639770 1174
1639780 1174
1639790 1170
1639800 1166
1639810 1166
1639820 1161
1639830 1156
1639840 1151
1639850 1151
1639860 1146
1639870 1141
1639880 1141
1639890 1136
1639900 1130
1639910 1130
1639920 1125
1639930 1123
1639940 1123
1639950 1124
1639960 1126
1639970 1126
1639980 1126
1639990 1125
