1620000 1348
1620010 1345
1620020 1345
1620030 1343
1620040 1340
1620050 1340
1620060 1338
1620070 1336
1620080 1336
1620090 1332
1620100 1328
1620110 1328
1620120 1326
1620130 1324
1620140 1324
1620150 1321
1620160 1317
1620170 1317
1620180 1315
1620190 1314
1620200 1314
1620210 1311
1620220 1309
1620230 1306
1620240 1306
1620250 1302
1620260 1298
1620270 1298
1620280 1293
1620290 1286
1620300 1286
1620310 1279
1620320 1273
1620330 1273
1620340 1268
1620350 1264
1620360 1264
1620370 1263
1620380 1262
1620390 1262
1620400 1259
1620410 1256
1620420 1253
1620430 1253
1620440 1249
1620450 1246
1620460 1246
1620470 1242
1620480 1238
1620490 1238
1620500 1236
1620510 1234
1620520 1234
1620530 1230
1620540 1226
1620550 1226
1620560 1222
1620570 1219
1620580 1219
1620590 1216
1620600 1213
1620610 1210
1620620 1210
1620630 1208
1620640 1206
1620650 1206
1620660 1204
1620670 1203
1620680 1203
1620690 1203
1620700 1203
1620710 1203
1620720 1203
1620730 1204
1620740 1204
1620750 1204
1620760 1205
1620770 1205
1620780 1206
1620790 1207
1620800 1207
1620810 1208
1620820 1208
1620830 1208
1620840 1208
1620850 1209
1620860 1209
1620870 1209
1620880 1209
1620890 1212
1620900 1212
1620910 1210
1620920 1209
1620930 1209
1620940 1208
1620950 1206
1620960 1206
1620970 1204
1620980 1202
1620990 1202
1621000 1200
1621010 1198
1621020 1197
1621030 1197
1621040 1196
1621050 1195
1621060 1195
1621070 1195
1621080 1195
1621090 1195
1621100 1195
1621110 1195
1621120 1195
1621130 1195
1621140 1195
1621150 1195
1621160 1194
1621170 1194
1621180 1194
1621190 1193
1621200 1192
1621210 1190
1621220 1190
1621230 1188
1621240 1187
1621250 1187
1621260 1187
1621270 1186
1621280 1186
1621290 1185
1621300 1184
1621310 1184
1621320 1182
1621330 1181
1621340 1181
1621350 1178
1621360 1176
1621370 1176
1621380 1175
1621390 1175
1621400 1175
1621410 1174
1621420 1174
1621430 1175
1621440 1175
1621450 1175
1621460 1175
1621470 1175
1621480 1175
1621490 1174
1621500 1174
1621510 1173
1621520 1171
1621530 1171
1621540 1169
1621550 1166
1621560 1166
1621570 1162
1621580 1158
1621590 1158
1621600 1152
1621610 1143
1621620 1137
1621630 1137
1621640 1141
1621650 1146
1621660 1146
1621670 1150
1621680 1154
1621690 1154
1621700 1157
1621710 1159
1621720 1159
1621730 1162
1621740 1164
1621750 1164
1621760 1167
1621770 1171
1621780 1171
1621790 1174
1621800 1177
1621810 1180
1621820 1180
1621830 1183
1621840 1185
1621850 1185
1621860 1188
1621870 1192
1621880 1192
1621890 1194
1621900 1196
1621910 1196
1621920 1198
1621930 1200
1621940 1200
1621950 1202
1621960 1205
1621970 1205
1621980 1208
1621990 1210
1622000 1210
1622010 1212
1622020 1215
1622030 1219
1622040 1219
1622050 1222
1622060 1224
1622070 1224
1622080 1226
1622090 1228
1622100 1228
1622110 1230
1622120 1232
1622130 1232
1622140 1235
1622150 1237
1622160 1237
1622170 1239
1622180 1241
1622190 1241
1622200 1242
1622210 1244
1622220 1246
1622230 1246
1622240 1249
1622250 1250
1622260 1250
1622270 1251
1622280 1251
1622290 1251
1622300 1251
1622310 1253
1622320 1253
1622330 1254
1622340 1253
1622350 1253
1622360 1251
1622370 1248
1622380 1248
1622390 1245
1622400 1241
1622410 1239
1622420 1239
1622430 1235
1622440 1231
1622450 1231
1622460 1227
1622470 1224
1622480 1224
1622490 1220
1622500 1215
1622510 1215
1622520 1211
1622530 1207
1622540 1207
1622550 1202
1622560 1199
1622570 1199
1622580 1196
1622590 1194
1622600 1194
1622610 1192
1622620 1190
1622630 1188
1622640 1188
1622650 1187
1622660 1191
1622670 1191
1622680 1194
1622690 1197
1622700 1197
1622710 1200
1622720 1203
1622730 1206
1622740 1209
1622750 1211
1622760 1211
1622770 1214
1622780 1216
1622790 1216
1622800 1218
1622810 1220
1622820 1221
1622830 1221
1622840 1222
1622850 1224
1622860 1224
1622870 1225
1622880 1227
1622890 1227
1622900 1230
1622910 1232
1622920 1232
1622930 1234
1622940 1236
1622950 1236
1622960 1238
1622970 1240
1622980 1240
1622990 1241
1623000 1242
1623010 1242
1623020 1243
1623030 1243
1623040 1245
1623050 1245
1623060 1246
1623070 1249
1623080 1249
1623090 1251
1623100 1254
1623110 1254
1623120 1257
1623130 1260
1623140 1260
1623150 1263
1623160 1266
1623170 1266
1623180 1268
1623190 1270
1623200 1270
1623210 1272
1623220 1273
1623230 1275
1623240 1275
1623250 1276
1623260 1277
1623270 1277
1623280 1277
1623290 1277
1623300 1277
1623310 1276
1623320 1274
1623330 1274
1623340 1273
1623350 1272
1623360 1272
1623370 1272
1623380 1271
1623390 1271
1623400 1271
1623410 1270
1623420 1270
1623430 1270
1623440 1269
1623450 1267
1623460 1267
1623470 1266
1623480 1264
1623490 1264
1623500 1262
1623510 1260
1623520 1260
1623530 1258
1623540 1255
1623550 1255
1623560 1253
1623570 1251
1623580 1251
1623590 1249
1623600 1248
1623610 1248
1623620 1248
1623630 1246
1623640 1245
1623650 1248
1623660 1247
1623670 1247
1623680 1247
1623690 1247
1623700 1248
1623710 1248
1623720 1248
1623730 1247
1623740 1247
1623750 1245
1623760 1245
1623770 1245
1623780 1243
1623790 1241
1623800 1241
1623810 1239
1623820 1237
1623830 1234
1623840 1234
1623850 1232
1623860 1229
1623870 1229
1623880 1226
1623890 1223
1623900 1223
1623910 1220
1623920 1217
1623930 1217
1623940 1212
1623950 1208
1623960 1208
1623970 1204
1623980 1200
1623990 1200
1624000 1196
1624010 1191
1624020 1187
1624030 1187
1624040 1185
1624050 1187
1624060 1187
1624070 1188
1624080 1187
1624090 1187
1624100 1186
1624110 1186
1624120 1186
1624130 1183
1624140 1179
1624150 1179
1624160 1175
1624170 1170
1624180 1170
1624190 1167
1624200 1163
1624210 1163
1624220 1160
1624230 1156
1624240 1152
1624250 1152
1624260 1147
1624270 1143
1624280 1143
1624290 1137
1624300 1130
1624310 1130
1624320 1125
1624330 1122
1624340 1122
1624350 1118
1624360 1114
1624370 1114
1624380 1110
1624390 1106
1624400 1106
1624410 1102
1624420 1098
1624430 1094
1624440 1094
1624450 1088
1624460 1083
1624470 1083
1624480 1077
1624490 1072
1624500 1072
1624510 1067
1624520 1063
1624530 1063
1624540 1059
1624550 1054
1624560 1054
1624570 1050
1624580 1046
1624590 1046
1624600 1045
1624610 1044
1624620 1044
1624630 1044
1624640 1045
1624650 1051
1624660 1051
1624670 1056
1624680 1060
1624690 1060
1624700 1064
1624710 1067
1624720 1067
1624730 1071
1624740 1075
1624750 1075
1624760 1079
1624770 1082
1624780 1082
1624790 1085
1624800 1088
1624810 1088
1624820 1092
1624830 1097
1624840 1101
1624850 1101
1624860 1105
1624870 1109
1624880 1109
1624890 1114
1624900 1118
1624910 1118
1624920 1122
1624930 1126
1624940 1126
1624950 1129
1624960 1131
1624970 1131
1624980 1132
1624990 1132
1625000 1132
1625010 1132
1625020 1133
1625030 1134
1625040 1134
1625050 1136
1625060 1137
1625070 1137
1625080 1139
1625090 1141
1625100 1141
1625110 1144
1625120 1146
1625130 1146
1625140 1149
1625150 1153
1625160 1153
1625170 1158
1625180 1161
1625190 1161
1625200 1164
1625210 1167
1625220 1170
1625230 1170
1625240 1173
1625250 1177
1625260 1177
1625270 1182
1625280 1186
1625290 1186
1625300 1190
1625310 1193
1625320 1193
1625330 1197
1625340 1200
1625350 1200
1625360 1203
1625370 1206
1625380 1206
1625390 1209
1625400 1212
1625410 1212
1625420 1215
1625430 1217
1625440 1219
1625450 1219
1625460 1221
1625470 1225
1625480 1225
1625490 1228
1625500 1231
1625510 1231
1625520 1232
1625530 1234
1625540 1234
1625550 1237
1625560 1241
1625570 1241
1625580 1243
1625590 1245
1625600 1245
1625610 1247
1625620 1248
1625630 1250
1625640 1250
1625650 1252
1625660 1255
1625670 1255
1625680 1257
1625690 1259
1625700 1259
1625710 1261
1625720 1263
1625730 1263
1625740 1266
1625750 1269
1625760 1269
1625770 1270
1625780 1272
1625790 1272
1625800 1274
1625810 1276
1625820 1278
1625830 1278
1625840 1280
1625850 1282
1625860 1282
1625870 1284
1625880 1286
1625890 1286
1625900 1290
1625910 1293
1625920 1293
1625930 1297
1625940 1299
1625950 1299
1625960 1302
1625970 1304
1625980 1304
1625990 1307
1626000 1307
1626010 1307
1626020 1309
1626030 1314
1626040 1317
1626050 1317
1626060 1319
1626070 1322
1626080 1322
1626090 1324
1626100 1325
1626110 1325
1626120 1327
1626130 1327
1626140 1327
1626150 1324
1626160 1321
1626170 1321
1626180 1319
1626190 1318
1626200 1318
1626210 1316
1626220 1314
1626230 1311
1626240 1311
1626250 1308
1626260 1306
1626270 1306
1626280 1305
1626290 1304
1626300 1304
1626310 1302
1626320 1301
1626330 1301
1626340 1299
1626350 1302
1626360 1302
1626370 1300
1626380 1295
1626390 1295
1626400 1290
1626410 1285
1626420 1281
1626430 1281
1626440 1277
1626450 1273
1626460 1273
1626470 1269
1626480 1264
1626490 1264
1626500 1260
1626510 1255
1626520 1255
1626530 1250
1626540 1244
1626550 1244
1626560 1240
1626570 1237
1626580 1237
1626590 1234
1626600 1232
1626610 1232
1626620 1230
1626630 1228
1626640 1225
1626650 1225
1626660 1222
1626670 1218
1626680 1218
1626690 1215
1626700 1211
1626710 1211
1626720 1207
1626730 1205
1626740 1205
1626750 1202
1626760 1199
1626770 1199
1626780 1197
1626790 1195
1626800 1195
1626810 1193
1626820 1191
1626830 1188
1626840 1188
1626850 1189
1626860 1193
1626870 1193
1626880 1197
1626890 1200
1626900 1200
1626910 1203
1626920 1208
1626930 1208
1626940 1213
1626950 1218
1626960 1218
1626970 1223
1626980 1227
1626990 1227
1627000 1232
1627010 1237
1627020 1242
1627030 1242
1627040 1246
1627050 1249
1627060 1249
1627070 1252
1627080 1255
1627090 1255
1627100 1258
1627110 1261
1627120 1261
1627130 1264
1627140 1268
1627150 1268
1627160 1272
1627170 1277
1627180 1277
1627190 1282
1627200 1287
1627210 1287
1627220 1292
1627230 1296
1627240 1298
1627250 1298
1627260 1300
1627270 1301
1627280 1301
1627290 1304
1627300 1306
1627310 1306
1627320 1308
1627330 1311
1627340 1311
1627350 1316
1627360 1322
1627370 1322
1627380 1326
1627390 1329
1627400 1329
1627410 1333
1627420 1337
1627430 1342
1627440 1342
1627450 1345
1627460 1347
1627470 1347
1627480 1350
1627490 1353
1627500 1353
1627510 1356
1627520 1359
1627530 1359
1627540 1362
1627550 1366
1627560 1366
1627570 1371
1627580 1375
1627590 1375
1627600 1378
1627610 1382
1627620 1386
1627630 1386
1627640 1389
1627650 1391
1627660 1391
1627670 1395
1627680 1402
1627690 1402
1627700 1408
1627710 1411
1627720 1411
1627730 1415
1627740 1418
1627750 1418
1627760 1422
1627770 1426
1627780 1426
1627790 1429
1627800 1432
1627810 1432
1627820 1435
1627830 1435
1627840 1437
1627850 1437
1627860 1439
1627870 1441
1627880 1441
1627890 1445
1627900 1449
1627910 1449
1627920 1451
1627930 1454
1627940 1454
1627950 1457
1627960 1460
1627970 1460
1627980 1462
1627990 1464
1628000 1464
1628010 1464
1628020 1464
1628030 1464
1628040 1464
1628050 1464
1628060 1464
1628070 1464
1628080 1464
1628090 1464
1628100 1464
1628110 1464
1628120 1464
1628130 1466
1628140 1465
1628150 1465
1628160 1465
1628170 1465
1628180 1466
1628190 1466
1628200 1466
1628210 1466
1628220 1465
1628230 1465
1628240 1464
1628250 1463
1628260 1463
1628270 1463
1628280 1462
1628290 1462
1628300 1462
1628310 1461
1628320 1461
1628330 1460
1628340 1459
1628350 1459
1628360 1460
1628370 1460
1628380 1460
1628390 1460
1628400 1459
1628410 1459
1628420 1458
1628430 1456
1628440 1456
1628450 1456
1628460 1455
1628470 1454
1628480 1454
1628490 1453
1628500 1452
1628510 1452
1628520 1452
1628530 1452
1628540 1452
1628550 1452
1628560 1451
1628570 1451
1628580 1452
1628590 1451
1628600 1451
1628610 1451
1628620 1450
1628630 1449
1628640 1449
1628650 1449
1628660 1450
1628670 1450
1628680 1450
1628690 1450
1628700 1450
1628710 1449
1628720 1448
1628730 1448
1628740 1447
1628750 1446
1628760 1446
1628770 1446
1628780 1445
1628790 1445
1628800 1443
1628810 1446
1628820 1450
1628830 1450
1628840 1455
1628850 1460
1628860 1460
1628870 1463
1628880 1466
1628890 1466
1628900 1469
1628910 1472
1628920 1472
1628930 1475
1628940 1479
1628950 1479
1628960 1484
1628970 1488
1628980 1488
1628990 1492
1629000 1498
1629010 1498
1629020 1501
1629030 1504
1629040 1507
1629050 1507
1629060 1509
1629070 1511
1629080 1511
1629090 1513
1629100 1515
1629110 1515
1629120 1518
1629130 1522
1629140 1522
1629150 1525
1629160 1528
1629170 1528
1629180 1531
1629190 1534
1629200 1534
1629210 1536
1629220 1539
1629230 1542
1629240 1542
1629250 1545
1629260 1547
1629270 1547
1629280 1550
1629290 1553
1629300 1553
1629310 1555
1629320 1556
1629330 1556
1629340 1558
1629350 1560
1629360 1560
1629370 1562
1629380 1564
1629390 1564
1629400 1566
1629410 1569
1629420 1573
1629430 1573
1629440 1576
1629450 1580
1629460 1580
1629470 1583
1629480 1586
1629490 1586
1629500 1589
1629510 1591
1629520 1591
1629530 1594
1629540 1596
1629550 1596
1629560 1599
1629570 1602
1629580 1602
1629590 1605
1629600 1609
1629610 1609
1629620 1612
1629630 1615
1629640 1618
1629650 1618
1629660 1622
1629670 1626
1629680 1626
1629690 1630
1629700 1632
1629710 1632
1629720 1635
1629730 1639
1629740 1639
1629750 1642
1629760 1645
1629770 1645
1629780 1649
1629790 1651
1629800 1651
1629810 1653
1629820 1656
1629830 1660
1629840 1660
1629850 1664
1629860 1666
1629870 1666
1629880 1672
1629890 1675
1629900 1675
1629910 1678
1629920 1681
1629930 1681
1629940 1684
1629950 1687
1629960 1687
1629970 1690
1629980 1694
1629990 1694
1630000 1697
1630010 1701
1630020 1705
1630030 1705
1630040 1708
1630050 1712
1630060 1712
1630070 1715
1630080 1719
1630090 1719
1630100 1722
1630110 1725
1630120 1725
1630130 1727
1630140 1729
1630150 1729
1630160 1732
1630170 1734
1630180 1734
1630190 1736
1630200 1738
1630210 1738
1630220 1738
1630230 1738
1630240 1738
1630250 1738
1630260 1738
1630270 1738
1630280 1738
1630290 1737
1630300 1737
1630310 1737
1630320 1736
1630330 1735
1630340 1735
1630350 1734
1630360 1734
1630370 1734
1630380 1734
1630390 1734
1630400 1734
1630410 1734
1630420 1735
1630430 1737
1630440 1737
1630450 1738
1630460 1739
1630470 1739
1630480 1740
1630490 1741
1630500 1741
1630510 1742
1630520 1743
1630530 1743
1630540 1744
1630550 1745
1630560 1745
1630570 1745
1630580 1745
1630590 1745
1630600 1745
1630610 1744
1630620 1744
1630630 1744
1630640 1743
1630650 1743
1630660 1743
1630670 1744
1630680 1747
1630690 1747
1630700 1748
1630710 1750
1630720 1750
1630730 1751
1630740 1753
1630750 1753
1630760 1752
1630770 1751
1630780 1751
1630790 1749
1630800 1747
1630810 1747
1630820 1745
1630830 1744
1630840 1742
1630850 1742
1630860 1740
1630870 1740
1630880 1740
1630890 1738
1630900 1737
1630910 1737
1630920 1736
1630930 1736
1630940 1736
1630950 1735
1630960 1735
1630970 1735
1630980 1735
1630990 1734
1631000 1734
1631010 1733
1631020 1732
1631030 1731
1631040 1731
1631050 1730
1631060 1730
1631070 1730
1631080 1729
1631090 1728
1631100 1728
1631110 1726
1631120 1724
1631130 1724
1631140 1722
1631150 1722
1631160 1722
1631170 1721
1631180 1720
1631190 1720
1631200 1718
1631210 1717
1631220 1717
1631230 1717
1631240 1718
1631250 1717
1631260 1717
1631270 1717
1631280 1717
1631290 1717
1631300 1716
1631310 1715
1631320 1715
1631330 1714
1631340 1713
1631350 1713
1631360 1711
1631370 1709
1631380 1709
1631390 1707
1631400 1705
1631410 1705
1631420 1702
1631430 1700
1631440 1698
1631450 1698
1631460 1695
1631470 1693
1631480 1693
1631490 1691
1631500 1690
1631510 1690
1631520 1690
1631530 1689
1631540 1689
1631550 1688
1631560 1687
1631570 1687
1631580 1685
1631590 1684
1631600 1684
1631610 1680
1631620 1679
1631630 1678
1631640 1678
1631650 1676
1631660 1676
1631670 1676
1631680 1675
1631690 1675
1631700 1675
1631710 1674
1631720 1674
1631730 1674
1631740 1673
1631750 1673
1631760 1673
1631770 1672
1631780 1671
1631790 1671
1631800 1671
1631810 1670
1631820 1670
1631830 1669
1631840 1668
1631850 1667
1631860 1667
1631870 1665
1631880 1663
1631890 1663
1631900 1661
1631910 1660
1631920 1660
1631930 1660
1631940 1661
1631950 1661
1631960 1661
1631970 1661
1631980 1661
1631990 1660
1632000 1660
1632010 1660
1632020 1660
1632030 1660
1632040 1660
1632050 1660
1632060 1660
1632070 1661
1632080 1661
1632090 1664
1632100 1664
1632110 1664
1632120 1664
1632130 1664
1632140 1664
1632150 1664
1632160 1664
1632170 1664
1632180 1663
1632190 1662
1632200 1662
1632210 1661
1632220 1659
1632230 1656
1632240 1656
1632250 1654
1632260 1651
1632270 1651
1632280 1648
1632290 1644
1632300 1644
1632310 1641
1632320 1637
1632330 1637
1632340 1633
1632350 1631
1632360 1631
1632370 1630
1632380 1630
1632390 1630
1632400 1630
1632410 1630
1632420 1630
1632430 1630
1632440 1630
1632450 1629
1632460 1629
1632470 1624
1632480 1621
1632490 1621
1632500 1619
1632510 1619
1632520 1619
1632530 1618
1632540 1616
1632550 1616
1632560 1613
1632570 1610
1632580 1610
1632590 1607
1632600 1604
1632610 1604
1632620 1601
1632630 1600
1632640 1598
1632650 1598
1632660 1596
1632670 1594
1632680 1594
1632690 1591
1632700 1587
1632710 1587
1632720 1584
1632730 1581
1632740 1581
1632750 1578
1632760 1575
1632770 1575
1632780 1572
1632790 1568
1632800 1568
1632810 1567
1632820 1567
1632830 1566
1632840 1566
1632850 1564
1632860 1562
1632870 1562
1632880 1559
1632890 1558
1632900 1558
1632910 1556
1632920 1554
1632930 1554
1632940 1552
1632950 1550
1632960 1550
1632970 1547
1632980 1543
1632990 1543
1633000 1540
1633010 1538
1633020 1538
1633030 1538
1633040 1537
1633050 1536
1633060 1536
1633070 1535
1633080 1533
1633090 1533
1633100 1531
1633110 1528
1633120 1528
1633130 1524
1633140 1519
1633150 1519
1633160 1514
1633170 1509
1633180 1509
1633190 1505
1633200 1501
1633210 1501
1633220 1494
1633230 1488
1633240 1484
1633250 1484
1633260 1479
1633270 1472
1633280 1472
1633290 1466
1633300 1460
1633310 1460
1633320 1455
1633330 1456
1633340 1456
1633350 1458
1633360 1461
1633370 1461
1633380 1462
1633390 1463
1633400 1463
1633410 1464
1633420 1465
1633430 1463
1633440 1463
1633450 1460
1633460 1457
1633470 1457
1633480 1456
1633490 1455
1633500 1455
1633510 1455
1633520 1454
1633530 1454
1633540 1451
1633550 1450
1633560 1450
1633570 1447
1633580 1445
1633590 1445
1633600 1443
1633610 1439
1633620 1439
1633630 1434
1633640 1428
1633650 1421
1633660 1421
1633670 1415
1633680 1408
1633690 1408
1633700 1401
1633710 1394
1633720 1394
1633730 1388
1633740 1381
1633750 1381
1633760 1375
1633770 1367
1633780 1367
1633790 1361
1633800 1354
1633810 1354
1633820 1347
1633830 1341
1633840 1337
1633850 1337
1633860 1336
1633870 1341
1633880 1341
1633890 1349
1633900 1355
1633910 1355
1633920 1361
1633930 1366
1633940 1366
1633950 1371
1633960 1377
1633970 1377
1633980 1383
1633990 1389
1634000 1389
1634010 1395
1634020 1400
1634030 1404
1634040 1404
1634050 1409
1634060 1411
1634070 1411
1634080 1415
1634090 1418
1634100 1418
1634110 1420
1634120 1420
1634130 1420
1634140 1419
1634150 1418
1634160 1418
1634170 1413
1634180 1411
1634190 1411
1634200 1409
1634210 1407
1634220 1407
1634230 1406
1634240 1405
1634250 1405
1634260 1405
1634270 1404
1634280 1404
1634290 1404
1634300 1404
1634310 1404
1634320 1404
1634330 1402
1634340 1402
1634350 1402
1634360 1402
1634370 1402
1634380 1402
1634390 1402
1634400 1402
1634410 1402
1634420 1402
1634430 1401
1634440 1401
1634450 1401
1634460 1400
1634470 1398
1634480 1398
1634490 1396
1634500 1396
1634510 1396
1634520 1396
1634530 1395
1634540 1395
1634550 1395
1634560 1394
1634570 1394
1634580 1393
1634590 1392
1634600 1392
1634610 1392
1634620 1391
1634630 1390
1634640 1390
1634650 1389
1634660 1387
1634670 1387
1634680 1385
1634690 1383
1634700 1383
1634710 1381
1634720 1380
1634730 1380
1634740 1381
1634750 1381
1634760 1381
1634770 1380
1634780 1378
1634790 1378
1634800 1377
1634810 1375
1634820 1375
1634830 1375
1634840 1374
1634850 1374
1634860 1374
1634870 1374
1634880 1374
1634890 1374
1634900 1374
1634910 1373
1634920 1373
1634930 1373
1634940 1372
1634950 1372
1634960 1371
1634970 1369
1634980 1369
1634990 1367
1635000 1364
1635010 1364
1635020 1358
1635030 1355
1635040 1352
1635050 1352
1635060 1348
1635070 1344
1635080 1344
1635090 1340
1635100 1336
1635110 1336
1635120 1332
1635130 1328
1635140 1328
1635150 1325
1635160 1322
1635170 1322
1635180 1319
1635190 1318
1635200 1318
1635210 1317
1635220 1315
1635230 1310
1635240 1310
1635250 1304
1635260 1298
1635270 1298
1635280 1295
1635290 1290
1635300 1290
1635310 1285
1635320 1279
1635330 1279
1635340 1275
1635350 1270
1635360 1270
1635370 1267
1635380 1267
1635390 1267
1635400 1267
1635410 1264
1635420 1264
1635430 1262
1635440 1262
1635450 1261
1635460 1261
1635470 1262
1635480 1262
1635490 1262
1635500 1266
1635510 1270
1635520 1270
1635530 1274
1635540 1277
1635550 1277
1635560 1279
1635570 1279
1635580 1279
1635590 1278
1635600 1275
1635610 1275
1635620 1272
1635630 1269
1635640 1266
1635650 1266
1635660 1263
1635670 1263
1635680 1263
1635690 1262
1635700 1261
1635710 1261
1635720 1261
1635730 1264
1635740 1264
1635750 1270
1635760 1276
1635770 1276
1635780 1280
1635790 1284
1635800 1284
1635810 1289
1635820 1293
1635830 1293
1635840 1296
1635850 1298
1635860 1303
1635870 1303
1635880 1307
1635890 1311
1635900 1311
1635910 1315
1635920 1319
1635930 1319
1635940 1323
1635950 1326
1635960 1326
1635970 1330
1635980 1332
1635990 1332
1636000 1334
1636010 1336
1636020 1336
1636030 1337
1636040 1340
1636050 1343
1636060 1343
1636070 1345
1636080 1345
1636090 1345
1636100 1345
1636110 1344
1636120 1344
1636130 1343
1636140 1344
1636150 1344
1636160 1346
1636170 1348
1636180 1348
1636190 1349
1636200 1349
1636210 1349
1636220 1351
1636230 1352
1636240 1351
1636250 1351
1636260 1352
1636270 1354
1636280 1354
1636290 1356
1636300 1358
1636310 1358
1636320 1361
1636330 1364
1636340 1364
1636350 1365
1636360 1369
1636370 1369
1636380 1371
1636390 1373
1636400 1373
1636410 1374
1636420 1375
1636430 1375
1636440 1376
1636450 1377
1636460 1378
1636470 1378
1636480 1380
1636490 1381
1636500 1381
1636510 1385
1636520 1390
1636530 1390
1636540 1396
1636550 1397
1636560 1397
1636570 1399
1636580 1404
1636590 1404
1636600 1407
1636610 1408
1636620 1408
1636630 1407
1636640 1405
1636650 1403
1636660 1403
1636670 1401
1636680 1399
1636690 1398
1636700 1395
1636710 1393
1636720 1393
1636730 1391
1636740 1388
1636750 1388
1636760 1386
1636770 1384
1636780 1384
1636790 1382
1636800 1380
1636810 1380
1636820 1378
1636830 1377
1636840 1375
1636850 1375
1636860 1372
1636870 1370
1636880 1370
1636890 1368
1636900 1366
1636910 1366
1636920 1363
1636930 1361
1636940 1361
1636950 1360
1636960 1358
1636970 1358
1636980 1357
1636990 1355
1637000 1355
1637010 1354
1637020 1353
1637030 1353
1637040 1353
1637050 1352
1637060 1351
1637070 1351
1637080 1350
1637090 1350
1637100 1350
1637110 1349
1637120 1348
1637130 1348
1637140 1347
1637150 1346
1637160 1346
1637170 1345
1637180 1345
1637190 1345
1637200 1344
1637210 1344
1637220 1344
1637230 1343
1637240 1342
1637250 1342
1637260 1342
1637270 1341
1637280 1340
1637290 1340
1637300 1339
1637310 1338
1637320 1338
1637330 1338
1637340 1337
1637350 1337
1637360 1336
1637370 1335
1637380 1335
1637390 1334
1637400 1334
1637410 1334
1637420 1333
1637430 1333
1637440 1331
1637450 1331
1637460 1330
1637470 1329
1637480 1329
1637490 1328
1637500 1327
1637510 1327
1637520 1323
1637530 1323
1637540 1323
1637550 1323
1637560 1323
1637570 1323
1637580 1322
1637590 1322
1637600 1322
1637610 1321
1637620 1320
1637630 1320
1637640 1319
1637650 1318
1637660 1316
1637670 1316
1637680 1315
1637690 1313
1637700 1313
1637710 1311
1637720 1310
1637730 1310
1637740 1309
1637750 1306
1637760 1306
1637770 1304
1637780 1297
1637790 1297
1637800 1294
1637810 1293
1637820 1293
1637830 1293
1637840 1296
1637850 1298
1637860 1298
1637870 1300
1637880 1301
1637890 1301
1637900 1302
1637910 1302
1637920 1302
1637930 1302
1637940 1301
1637950 1301
1637960 1302
1637970 1302
1637980 1302
1637990 1303
1638000 1303
1638010 1303
1638020 1305
1638030 1306
1638040 1307
1638050 1307
1638060 1307
1638070 1307
1638080 1307
1638090 1307
1638100 1307
1638110 1307
1638120 1306
1638130 1306
1638140 1306
1638150 1306
1638160 1305
1638170 1305
1638180 1303
1638190 1300
1638200 1300
1638210 1296
1638220 1292
1638230 1292
1638240 1288
1638250 1284
1638260 1279
1638270 1279
1638280 1275
1638290 1272
1638300 1272
1638310 1269
1638320 1266
1638330 1266
1638340 1261
1638350 1254
1638360 1254
1638370 1250
1638380 1251
1638390 1251
1638400 1253
1638410 1255
1638420 1255
1638430 1257
1638440 1260
1638450 1262
1638460 1262
1638470 1265
1638480 1268
1638490 1268
1638500 1272
1638510 1276
1638520 1276
1638530 1280
1638540 1284
1638550 1284
1638560 1287
1638570 1291
1638580 1291
1638590 1294
1638600 1297
1638610 1297
1638620 1299
1638630 1301
1638640 1303
1638650 1303
1638660 1305
1638670 1306
1638680 1306
1638690 1308
1638700 1309
1638710 1309
1638720 1310
1638730 1311
1638740 1311
1638750 1312
1638760 1313
1638770 1313
1638780 1314
1638790 1316
1638800 1316
1638810 1317
1638820 1318
1638830 1318
1638840 1319
1638850 1320
1638860 1321
1638870 1321
1638880 1322
1638890 1324
1638900 1324
1638910 1325
1638920 1327
1638930 1327
1638940 1328
1638950 1330
1638960 1330
1638970 1331
1638980 1332
1638990 1332
1639000 1333
1639010 1334
1639020 1334
1639030 1335
1639040 1336
1639050 1336
1639060 1336
1639070 1337
1639080 1338
1639090 1338
1639100 1338
1639110 1339
1639120 1339
1639130 1339
1639140 1339
1639150 1339
1639160 1339
1639170 1337
1639180 1337
1639190 1337
1639200 1336
1639210 1336
1639220 1335
1639230 1333
1639240 1333
1639250 1331
1639260 1329
1639270 1327
1639280 1327
1639290 1325
1639300 1323
1639310 1323
1639320 1321
1639330 1318
1639340 1318
1639350 1316
1639360 1314
1639370 1314
1639380 1312
1639390 1310
1639400 1310
1639410 1308
1639420 1306
1639430 1306
1639440 1304
1639450 1302
1639460 1300
1639470 1300
1639480 1298
1639490 1296
1639500 1296
1639510 1295
1639520 1293
1639530 1293
1639540 1291
1639550 1289
1639560 1289
1639570 1286
1639580 1284
1639590 1284
1639600 1281
1639610 1279
1639620 1279
1639630 1276
1639640 1273
1639650 1269
1639660 1269
1639670 1266
1639680 1263
1639690 1263
1639700 1260
1639710 1257
1639720 1257
1639730 1253
1639740 1250
1639750 1250
1639760 1247
1639770 1244
1639780 1244
1639790 1241
1639800 1238
1639810 1238
1639820 1235
1639830 1232
1639840 1232
1639850 1230
1639860 1228
1639870 1227
1639880 1227
1639890 1226
1639900 1225
1639910 1225
1639920 1224
1639930 1224
1639940 1224
1639950 1224
1639960 1223
1639970 1223
1639980 1223
1639990 1220
