1620000 1353
1620010 1354
1620020 1354
1620030 1355
1620040 1356
1620050 1356
1620060 1358
1620070 1359
1620080 1359
1620090 1361
1620100 1363
1620110 1364
1620120 1364
1620130 1366
1620140 1367
1620150 1367
1620160 1367
1620170 1367
1620180 1367
1620190 1368
1620200 1368
1620210 1368
1620220 1369
1620230 1370
1620240 1370
1620250 1369
1620260 1367
1620270 1367
1620280 1365
1620290 1362
1620300 1359
1620310 1359
1620320 1355
1620330 1352
1620340 1352
1620350 1348
1620360 1345
1620370 1345
1620380 1343
1620390 1341
1620400 1341
1620410 1340
1620420 1340
1620430 1340
1620440 1339
1620450 1340
1620460 1340
1620470 1341
1620480 1342
1620490 1344
1620500 1344
1620510 1345
1620520 1346
1620530 1346
1620540 1348
1620550 1349
1620560 1349
1620570 1350
1620580 1350
1620590 1350
1620600 1350
1620610 1350
1620620 1350
1620630 1349
1620640 1349
1620650 1349
1620660 1348
1620670 1347
1620680 1347
1620690 1345
1620700 1344
1620710 1344
1620720 1344
1620730 1345
1620740 1347
1620750 1347
1620760 1347
1620770 1349
1620780 1349
1620790 1349
1620800 1350
1620810 1353
1620820 1353
1620830 1354
1620840 1354
1620850 1355
1620860 1355
1620870 1355
1620880 1355
1620890 1354
1620900 1354
1620910 1354
1620920 1353
1620930 1351
1620940 1351
1620950 1350
1620960 1347
1620970 1347
1620980 1345
1620990 1342
1621000 1342
1621010 1338
1621020 1336
1621030 1336
1621040 1334
1621050 1332
1621060 1332
1621070 1330
1621080 1330
1621090 1330
1621100 1330
1621110 1329
1621120 1329
1621130 1329
1621140 1328
1621150 1327
1621160 1327
1621170 1326
1621180 1324
1621190 1324
1621200 1322
1621210 1319
1621220 1319
1621230 1317
1621240 1314
1621250 1314
1621260 1312
1621270 1309
1621280 1309
1621290 1305
1621300 1304
1621310 1308
1621320 1308
1621330 1311
1621340 1311
1621350 1311
1621360 1310
1621370 1310
1621380 1310
1621390 1310
1621400 1310
1621410 1310
1621420 1310
1621430 1309
1621440 1309
1621450 1309
1621460 1306
1621470 1306
1621480 1304
1621490 1301
1621500 1298
1621510 1298
1621520 1294
1621530 1291
1621540 1291
1621550 1286
1621560 1286
1621570 1286
1621580 1286
1621590 1285
1621600 1285
1621610 1283
1621620 1281
1621630 1281
1621640 1279
1621650 1276
1621660 1276
1621670 1272
1621680 1267
1621690 1267
1621700 1263
1621710 1266
1621720 1269
1621730 1272
1621740 1273
1621750 1276
1621760 1276
1621770 1280
1621780 1284
1621790 1284
1621800 1288
1621810 1291
1621820 1291
1621830 1294
1621840 1297
1621850 1297
1621860 1298
1621870 1300
1621880 1300
1621890 1301
1621900 1303
1621910 1304
1621920 1304
1621930 1306
1621940 1307
1621950 1307
1621960 1308
1621970 1309
1621980 1309
1621990 1311
1622000 1313
1622010 1313
1622020 1315
1622030 1316
1622040 1316
1622050 1317
1622060 1318
1622070 1318
1622080 1320
1622090 1321
1622100 1322
1622110 1322
1622120 1324
1622130 1325
1622140 1325
1622150 1326
1622160 1326
1622170 1326
1622180 1327
1622190 1329
1622200 1329
1622210 1330
1622220 1331
1622230 1331
1622240 1332
1622250 1334
1622260 1334
1622270 1335
1622280 1336
1622290 1336
1622300 1336
1622310 1336
1622320 1337
1622330 1337
1622340 1337
1622350 1337
1622360 1337
1622370 1336
1622380 1335
1622390 1335
1622400 1333
1622410 1330
1622420 1330
1622430 1328
1622440 1324
1622450 1324
1622460 1321
1622470 1319
1622480 1319
1622490 1317
1622500 1317
1622510 1318
1622520 1318
1622530 1318
1622540 1319
1622550 1319
1622560 1321
1622570 1323
1622580 1323
1622590 1324
1622600 1326
1622610 1326
1622620 1328
1622630 1329
1622640 1329
1622650 1333
1622660 1335
1622670 1335
1622680 1337
1622690 1338
1622700 1340
1622710 1340
1622720 1342
1622730 1345
1622740 1345
1622750 1347
1622760 1348
1622770 1348
1622780 1350
1622790 1351
1622800 1351
1622810 1352
1622820 1354
1622830 1354
1622840 1356
1622850 1357
1622860 1357
1622870 1359
1622880 1360
1622890 1360
1622900 1361
1622910 1361
1622920 1361
1622930 1361
1622940 1361
1622950 1361
1622960 1361
1622970 1361
1622980 1360
1622990 1360
1623000 1359
1623010 1358
1623020 1358
1623030 1357
1623040 1356
1623050 1356
1623060 1355
1623070 1354
1623080 1354
1623090 1353
1623100 1352
1623110 1350
1623120 1350
1623130 1349
1623140 1348
1623150 1348
1623160 1347
1623170 1346
1623180 1346
1623190 1344
1623200 1343
1623210 1343
1623220 1342
1623230 1340
1623240 1340
1623250 1339
1623260 1337
1623270 1337
1623280 1335
1623290 1334
1623300 1334
1623310 1332
1623320 1331
1623330 1329
1623340 1329
1623350 1327
1623360 1325
1623370 1325
1623380 1323
1623390 1322
1623400 1322
1623410 1320
1623420 1319
1623430 1319
1623440 1317
1623450 1315
1623460 1315
1623470 1313
1623480 1311
1623490 1311
1623500 1309
1623510 1307
1623520 1304
1623530 1304
1623540 1302
1623550 1299
1623560 1299
1623570 1294
1623580 1292
1623590 1292
1623600 1289
1623610 1287
1623620 1287
1623630 1284
1623640 1282
1623650 1282
1623660 1280
1623670 1276
1623680 1276
1623690 1272
1623700 1267
1623710 1262
1623720 1262
1623730 1260
1623740 1257
1623750 1257
1623760 1255
1623770 1254
1623780 1254
1623790 1253
1623800 1252
1623810 1252
1623820 1249
1623830 1249
1623840 1249
1623850 1248
1623860 1247
1623870 1247
1623880 1246
1623890 1244
1623900 1244
1623910 1244
1623920 1243
1623930 1244
1623940 1244
1623950 1245
1623960 1245
1623970 1245
1623980 1243
1623990 1242
1624000 1242
1624010 1241
1624020 1241
1624030 1241
1624040 1241
1624050 1241
1624060 1241
1624070 1242
1624080 1241
1624090 1241
1624100 1240
1624110 1238
1624120 1235
1624130 1235
1624140 1231
1624150 1225
1624160 1225
1624170 1220
1624180 1215
1624190 1215
1624200 1210
1624210 1206
1624220 1206
1624230 1202
1624240 1198
1624250 1198
1624260 1192
1624270 1187
1624280 1187
1624290 1182
1624300 1177
1624310 1172
1624320 1172
1624330 1167
1624340 1162
1624350 1162
1624360 1157
1624370 1151
1624380 1151
1624390 1144
1624400 1137
1624410 1137
1624420 1129
1624430 1124
1624440 1124
1624450 1123
1624460 1119
1624470 1123
1624480 1118
1624490 1113
1624500 1113
1624510 1108
1624520 1103
1624530 1098
1624540 1098
1624550 1094
1624560 1091
1624570 1091
1624580 1090
1624590 1089
1624600 1089
1624610 1087
1624620 1089
1624630 1089
1624640 1097
1624650 1104
1624660 1104
1624670 1109
1624680 1112
1624690 1112
1624700 1115
1624710 1117
1624720 1119
1624730 1119
1624740 1122
1624750 1125
1624760 1125
1624770 1126
1624780 1127
1624790 1127
1624800 1128
1624810 1131
1624820 1131
1624830 1134
1624840 1138
1624850 1138
1624860 1140
1624870 1143
1624880 1143
1624890 1146
1624900 1150
1624910 1150
1624920 1156
1624930 1162
1624940 1168
1624950 1168
1624960 1173
1624970 1180
1624980 1180
1624990 1185
1625000 1191
1625010 1191
1625020 1194
1625030 1197
1625040 1197
1625050 1199
1625060 1202
1625070 1202
1625080 1206
1625090 1210
1625100 1210
1625110 1216
1625120 1221
1625130 1226
1625140 1226
1625150 1230
1625160 1234
1625170 1234
1625180 1238
1625190 1242
1625200 1242
1625210 1246
1625220 1250
1625230 1250
1625240 1253
1625250 1256
1625260 1256
1625270 1259
1625280 1262
1625290 1262
1625300 1265
1625310 1268
1625320 1271
1625330 1271
1625340 1274
1625350 1276
1625360 1276
1625370 1279
1625380 1281
1625390 1281
1625400 1284
1625410 1286
1625420 1286
1625430 1289
1625440 1292
1625450 1292
1625460 1295
1625470 1298
1625480 1298
1625490 1301
1625500 1304
1625510 1304
1625520 1307
1625530 1310
1625540 1312
1625550 1312
1625560 1315
1625570 1317
1625580 1317
1625590 1320
1625600 1322
1625610 1322
1625620 1324
1625630 1326
1625640 1326
1625650 1329
1625660 1331
1625670 1331
1625680 1333
1625690 1336
1625700 1336
1625710 1339
1625720 1343
1625730 1345
1625740 1345
1625750 1346
1625760 1347
1625770 1347
1625780 1348
1625790 1349
1625800 1349
1625810 1351
1625820 1353
1625830 1353
1625840 1355
1625850 1357
1625860 1357
1625870 1359
1625880 1360
1625890 1360
1625900 1361
1625910 1363
1625920 1364
1625930 1364
1625940 1367
1625950 1368
1625960 1368
1625970 1370
1625980 1371
1625990 1371
1626000 1372
1626010 1374
1626020 1374
1626030 1375
1626040 1377
1626050 1377
1626060 1378
1626070 1380
1626080 1380
1626090 1382
1626100 1383
1626110 1383
1626120 1384
1626130 1386
1626140 1388
1626150 1388
1626160 1389
1626170 1390
1626180 1390
1626190 1392
1626200 1393
1626210 1393
1626220 1395
1626230 1396
1626240 1396
1626250 1398
1626260 1399
1626270 1401
1626280 1403
1626290 1405
1626300 1405
1626310 1406
1626320 1408
1626330 1409
1626340 1409
1626350 1410
1626360 1411
1626370 1411
1626380 1414
1626390 1415
1626400 1415
1626410 1416
1626420 1418
1626430 1418
1626440 1417
1626450 1414
1626460 1414
1626470 1412
1626480 1411
1626490 1411
1626500 1409
1626510 1406
1626520 1403
1626530 1403
1626540 1398
1626550 1394
1626560 1394
1626570 1393
1626580 1391
1626590 1391
1626600 1388
1626610 1384
1626620 1384
1626630 1382
1626640 1381
1626650 1381
1626660 1379
1626670 1377
1626680 1377
1626690 1374
1626700 1370
1626710 1370
1626720 1367
1626730 1365
1626740 1364
1626750 1364
1626760 1362
1626770 1361
1626780 1361
1626790 1359
1626800 1356
1626810 1356
1626820 1352
1626830 1348
1626840 1348
1626850 1343
1626860 1338
1626870 1338
1626880 1334
1626890 1329
1626900 1329
1626910 1327
1626920 1328
1626930 1330
1626940 1330
1626950 1330
1626960 1330
1626970 1330
1626980 1330
1626990 1328
1627000 1328
1627010 1326
1627020 1326
1627030 1326
1627040 1325
1627050 1324
1627060 1324
1627070 1322
1627080 1319
1627090 1319
1627100 1316
1627110 1314
1627120 1314
1627130 1312
1627140 1310
1627150 1307
1627160 1312
1627170 1312
1627180 1312
1627190 1312
1627200 1310
1627210 1309
1627220 1309
1627230 1307
1627240 1305
1627250 1305
1627260 1303
1627270 1300
1627280 1300
1627290 1299
1627300 1297
1627310 1297
1627320 1295
1627330 1292
1627340 1289
1627350 1289
1627360 1288
1627370 1289
1627380 1289
1627390 1290
1627400 1294
1627410 1294
1627420 1300
1627430 1303
1627440 1303
1627450 1305
1627460 1305
1627470 1305
1627480 1306
1627490 1309
1627500 1309
1627510 1312
1627520 1314
1627530 1316
1627540 1316
1627550 1318
1627560 1320
1627570 1320
1627580 1321
1627590 1323
1627600 1323
1627610 1325
1627620 1327
1627630 1327
1627640 1328
1627650 1329
1627660 1329
1627670 1329
1627680 1328
1627690 1328
1627700 1329
1627710 1332
1627720 1332
1627730 1335
1627740 1338
1627750 1340
1627760 1340
1627770 1342
1627780 1346
1627790 1346
1627800 1350
1627810 1354
1627820 1354
1627830 1357
1627840 1360
1627850 1360
1627860 1363
1627870 1366
1627880 1366
1627890 1369
1627900 1372
1627910 1372
1627920 1374
1627930 1378
1627940 1383
1627950 1383
1627960 1388
1627970 1393
1627980 1393
1627990 1398
1628000 1403
1628010 1403
1628020 1408
1628030 1411
1628040 1411
1628050 1418
1628060 1422
1628070 1422
1628080 1427
1628090 1432
1628100 1432
1628110 1436
1628120 1440
1628130 1444
1628140 1444
1628150 1449
1628160 1454
1628170 1454
1628180 1458
1628190 1462
1628200 1462
1628210 1465
1628220 1469
1628230 1469
1628240 1474
1628250 1479
1628260 1479
1628270 1483
1628280 1487
1628290 1487
1628300 1491
1628310 1496
1628320 1496
1628330 1501
1628340 1505
1628350 1510
1628360 1510
1628370 1515
1628380 1520
1628390 1520
1628400 1526
1628410 1531
1628420 1531
1628430 1536
1628440 1542
1628450 1542
1628460 1547
1628470 1551
1628480 1551
1628490 1556
1628500 1560
1628510 1560
1628520 1563
1628530 1567
1628540 1571
1628550 1571
1628560 1575
1628570 1579
1628580 1579
1628590 1582
1628600 1586
1628610 1586
1628620 1589
1628630 1592
1628640 1592
1628650 1595
1628660 1598
1628670 1598
1628680 1600
1628690 1602
1628700 1602
1628710 1605
1628720 1608
1628730 1612
1628740 1612
1628750 1615
1628760 1619
1628770 1619
1628780 1621
1628790 1622
1628800 1622
1628810 1624
1628820 1626
1628830 1626
1628840 1628
1628850 1630
1628860 1630
1628870 1632
1628880 1634
1628890 1634
1628900 1637
1628910 1640
1628920 1640
1628930 1646
1628940 1649
1628950 1650
1628960 1650
1628970 1652
1628980 1654
1628990 1654
1629000 1654
1629010 1655
1629020 1655
1629030 1658
1629040 1660
1629050 1660
1629060 1661
1629070 1663
1629080 1663
1629090 1666
1629100 1668
1629110 1668
1629120 1669
1629130 1671
1629140 1673
1629150 1673
1629160 1675
1629170 1677
1629180 1677
1629190 1680
1629200 1683
1629210 1683
1629220 1685
1629230 1687
1629240 1687
1629250 1689
1629260 1690
1629270 1690
1629280 1691
1629290 1692
1629300 1692
1629310 1692
1629320 1694
1629330 1694
1629340 1694
1629350 1695
1629360 1695
1629370 1695
1629380 1695
1629390 1696
1629400 1696
1629410 1698
1629420 1699
1629430 1699
1629440 1701
1629450 1704
1629460 1704
1629470 1706
1629480 1707
1629490 1707
1629500 1708
1629510 1709
1629520 1709
1629530 1710
1629540 1712
1629550 1713
1629560 1713
1629570 1716
1629580 1720
1629590 1720
1629600 1722
1629610 1725
1629620 1725
1629630 1728
1629640 1731
1629650 1731
1629660 1735
1629670 1739
1629680 1739
1629690 1742
1629700 1746
1629710 1746
1629720 1749
1629730 1751
1629740 1753
1629750 1753
1629760 1757
1629770 1760
1629780 1760
1629790 1762
1629800 1765
1629810 1765
1629820 1766
1629830 1767
1629840 1767
1629850 1768
1629860 1769
1629870 1769
1629880 1769
1629890 1769
1629900 1769
1629910 1769
1629920 1768
1629930 1768
1629940 1766
1629950 1765
1629960 1764
1629970 1764
1629980 1762
1629990 1761
1630000 1761
1630010 1759
1630020 1757
1630030 1757
1630040 1755
1630050 1753
1630060 1753
1630070 1750
1630080 1747
1630090 1747
1630100 1744
1630110 1742
1630120 1742
1630130 1739
1630140 1737
1630150 1735
1630160 1735
1630170 1733
1630180 1730
1630190 1730
1630200 1727
1630210 1724
1630220 1724
1630230 1721
1630240 1719
1630250 1719
1630260 1717
1630270 1715
1630280 1715
1630290 1713
1630300 1710
1630310 1710
1630320 1707
1630330 1704
1630340 1702
1630350 1702
1630360 1700
1630370 1697
1630380 1697
1630390 1693
1630400 1689
1630410 1689
1630420 1685
1630430 1682
1630440 1682
1630450 1679
1630460 1675
1630470 1675
1630480 1672
1630490 1669
1630500 1669
1630510 1666
1630520 1663
1630530 1663
1630540 1660
1630550 1656
1630560 1653
1630570 1653
1630580 1649
1630590 1644
1630600 1644
1630610 1639
1630620 1633
1630630 1633
1630640 1628
1630650 1625
1630660 1625
1630670 1617
1630680 1615
1630690 1615
1630700 1612
1630710 1608
1630720 1608
1630730 1606
1630740 1607
1630750 1606
1630760 1606
1630770 1605
1630780 1606
1630790 1606
1630800 1606
1630810 1604
1630820 1604
1630830 1604
1630840 1603
1630850 1603
1630860 1602
1630870 1600
1630880 1600
1630890 1598
1630900 1596
1630910 1596
1630920 1594
1630930 1591
1630940 1588
1630950 1588
1630960 1584
1630970 1579
1630980 1579
1630990 1575
1631000 1571
1631010 1571
1631020 1568
1631030 1565
1631040 1565
1631050 1564
1631060 1562
1631070 1562
1631080 1560
1631090 1558
1631100 1558
1631110 1556
1631120 1553
1631130 1553
1631140 1551
1631150 1550
1631160 1548
1631170 1548
1631180 1546
1631190 1548
1631200 1548
1631210 1552
1631220 1555
1631230 1555
1631240 1559
1631250 1563
1631260 1563
1631270 1567
1631280 1569
1631290 1569
1631300 1571
1631310 1571
1631320 1571
1631330 1573
1631340 1574
1631350 1576
1631360 1576
1631370 1577
1631380 1577
1631390 1577
1631400 1576
1631410 1576
1631420 1576
1631430 1576
1631440 1576
1631450 1576
1631460 1576
1631470 1575
1631480 1575
1631490 1574
1631500 1572
1631510 1572
1631520 1571
1631530 1569
1631540 1567
1631550 1565
1631560 1564
1631570 1562
1631580 1562
1631590 1559
1631600 1556
1631610 1556
1631620 1552
1631630 1549
1631640 1549
1631650 1544
1631660 1540
1631670 1540
1631680 1536
1631690 1533
1631700 1533
1631710 1531
1631720 1527
1631730 1527
1631740 1525
1631750 1522
1631760 1520
1631770 1520
1631780 1518
1631790 1517
1631800 1517
1631810 1514
1631820 1511
1631830 1511
1631840 1508
1631850 1504
1631860 1504
1631870 1501
1631880 1500
1631890 1500
1631900 1499
1631910 1496
1631920 1496
1631930 1494
1631940 1492
1631950 1493
1631960 1493
1631970 1493
1631980 1493
1631990 1493
1632000 1491
1632010 1490
1632020 1490
1632030 1492
1632040 1497
1632050 1497
1632060 1503
1632070 1507
1632080 1507
1632090 1510
1632100 1514
1632110 1514
1632120 1518
1632130 1522
1632140 1522
1632150 1525
1632160 1528
1632170 1532
1632180 1532
1632190 1535
1632200 1537
1632210 1537
1632220 1540
1632230 1542
1632240 1542
1632250 1544
1632260 1546
1632270 1546
1632280 1548
1632290 1548
1632300 1548
1632310 1549
1632320 1549
1632330 1549
1632340 1549
1632350 1549
1632360 1549
1632370 1549
1632380 1549
1632390 1549
1632400 1547
1632410 1547
1632420 1547
1632430 1547
1632440 1547
1632450 1548
1632460 1548
1632470 1549
1632480 1549
1632490 1549
1632500 1549
1632510 1548
1632520 1548
1632530 1547
1632540 1545
1632550 1543
1632560 1543
1632570 1542
1632580 1541
1632590 1541
1632600 1539
1632610 1538
1632620 1538
1632630 1536
1632640 1534
1632650 1534
1632660 1532
1632670 1531
1632680 1531
1632690 1530
1632700 1530
1632710 1530
1632720 1529
1632730 1529
1632740 1529
1632750 1528
1632760 1526
1632770 1524
1632780 1524
1632790 1521
1632800 1519
1632810 1519
1632820 1516
1632830 1514
1632840 1514
1632850 1512
1632860 1509
1632870 1509
1632880 1508
1632890 1506
1632900 1506
1632910 1504
1632920 1502
1632930 1502
1632940 1499
1632950 1497
1632960 1494
1632970 1494
1632980 1492
1632990 1491
1633000 1491
1633010 1491
1633020 1491
1633030 1491
1633040 1490
1633050 1487
1633060 1487
1633070 1484
1633080 1481
1633090 1481
1633100 1479
1633110 1477
1633120 1477
1633130 1474
1633140 1473
1633150 1473
1633160 1472
1633170 1470
1633180 1465
1633190 1465
1633200 1460
1633210 1455
1633220 1455
1633230 1451
1633240 1446
1633250 1451
1633260 1448
1633270 1445
1633280 1445
1633290 1443
1633300 1441
1633310 1441
1633320 1435
1633330 1429
1633340 1429
1633350 1424
1633360 1419
1633370 1416
1633380 1416
1633390 1414
1633400 1413
1633410 1413
1633420 1413
1633430 1412
1633440 1412
1633450 1411
1633460 1410
1633470 1410
1633480 1409
1633490 1407
1633500 1407
1633510 1404
1633520 1402
1633530 1402
1633540 1400
1633550 1399
1633560 1397
1633570 1397
1633580 1396
1633590 1396
1633600 1396
1633610 1396
1633620 1395
1633630 1395
1633640 1394
1633650 1391
1633660 1391
1633670 1388
1633680 1384
1633690 1384
1633700 1380
1633710 1376
1633720 1376
1633730 1372
1633740 1369
1633750 1369
1633760 1365
1633770 1361
1633780 1358
1633790 1358
1633800 1355
1633810 1351
1633820 1351
1633830 1346
1633840 1341
1633850 1341
1633860 1336
1633870 1332
1633880 1332
1633890 1327
1633900 1323
1633910 1323
1633920 1319
1633930 1314
1633940 1314
1633950 1309
1633960 1305
1633970 1301
1633980 1301
1633990 1296
1634000 1291
1634010 1291
1634020 1285
1634030 1281
1634040 1281
1634050 1279
1634060 1278
1634070 1278
1634080 1277
1634090 1275
1634100 1277
1634110 1275
1634120 1272
1634130 1272
1634140 1269
1634150 1264
1634160 1260
1634170 1260
1634180 1257
1634190 1253
1634200 1253
1634210 1249
1634220 1246
1634230 1246
1634240 1241
1634250 1238
1634260 1238
1634270 1235
1634280 1232
1634290 1232
1634300 1231
1634310 1233
1634320 1233
1634330 1235
1634340 1237
1634350 1237
1634360 1238
1634370 1239
1634380 1239
1634390 1239
1634400 1240
1634410 1241
1634420 1241
1634430 1242
1634440 1243
1634450 1243
1634460 1245
1634470 1245
1634480 1245
1634490 1246
1634500 1247
1634510 1247
1634520 1246
1634530 1245
1634540 1245
1634550 1243
1634560 1242
1634570 1242
1634580 1242
1634590 1242
1634600 1241
1634610 1241
1634620 1239
1634630 1236
1634640 1236
1634650 1231
1634660 1229
1634670 1229
1634680 1232
1634690 1237
1634700 1237
1634710 1243
1634720 1247
1634730 1247
1634740 1251
1634750 1255
1634760 1255
1634770 1259
1634780 1262
1634790 1265
1634800 1265
1634810 1268
1634820 1269
1634830 1269
1634840 1270
1634850 1272
1634860 1272
1634870 1275
1634880 1278
1634890 1278
1634900 1284
1634910 1288
1634920 1288
1634930 1291
1634940 1293
1634950 1294
1634960 1298
1634970 1302
1634980 1304
1634990 1304
1635000 1305
1635010 1308
1635020 1308
1635030 1311
1635040 1313
1635050 1313
1635060 1316
1635070 1319
1635080 1319
1635090 1322
1635100 1325
1635110 1325
1635120 1327
1635130 1330
1635140 1330
1635150 1332
1635160 1334
1635170 1336
1635180 1336
1635190 1338
1635200 1339
1635210 1339
1635220 1341
1635230 1342
1635240 1342
1635250 1342
1635260 1342
1635270 1342
1635280 1339
1635290 1335
1635300 1335
1635310 1330
1635320 1326
1635330 1326
1635340 1323
1635350 1320
1635360 1320
1635370 1316
1635380 1311
1635390 1305
1635400 1305
1635410 1298
1635420 1290
1635430 1290
1635440 1283
1635450 1275
1635460 1275
1635470 1266
1635480 1260
1635490 1260
1635500 1254
1635510 1249
1635520 1249
1635530 1247
1635540 1246
1635550 1246
1635560 1242
1635570 1237
1635580 1230
1635590 1230
1635600 1226
1635610 1222
1635620 1222
1635630 1217
1635640 1210
1635650 1210
1635660 1204
1635670 1199
1635680 1199
1635690 1197
1635700 1197
1635710 1197
1635720 1200
1635730 1203
1635740 1203
1635750 1207
1635760 1209
1635770 1211
1635780 1211
1635790 1210
1635800 1211
1635810 1211
1635820 1212
1635830 1213
1635840 1213
1635850 1212
1635860 1212
1635870 1212
1635880 1213
1635890 1215
1635900 1215
1635910 1218
1635920 1218
1635930 1218
1635940 1217
1635950 1216
1635960 1216
1635970 1221
1635980 1227
1635990 1232
1636000 1232
1636010 1238
1636020 1244
1636030 1244
1636040 1249
1636050 1254
1636060 1254
1636070 1260
1636080 1263
1636090 1263
1636100 1264
1636110 1264
1636120 1264
1636130 1263
1636140 1264
1636150 1264
1636160 1263
1636170 1262
1636180 1262
1636190 1262
1636200 1263
1636210 1266
1636220 1266
1636230 1269
1636240 1272
1636250 1272
1636260 1275
1636270 1279
1636280 1279
1636290 1284
1636300 1290
1636310 1290
1636320 1295
1636330 1300
1636340 1300
1636350 1305
1636360 1310
1636370 1314
1636380 1314
1636390 1318
1636400 1322
1636410 1322
1636420 1327
1636430 1332
1636440 1332
1636450 1337
1636460 1341
1636470 1341
1636480 1346
1636490 1350
1636500 1350
1636510 1355
1636520 1359
1636530 1359
1636540 1364
1636550 1368
1636560 1368
1636570 1373
1636580 1377
1636590 1382
1636600 1382
1636610 1386
1636620 1389
1636630 1389
1636640 1392
1636650 1395
1636660 1395
1636670 1398
1636680 1402
1636690 1402
1636700 1405
1636710 1410
1636720 1410
1636730 1413
1636740 1416
1636750 1416
1636760 1420
1636770 1424
1636780 1427
1636790 1427
1636800 1431
1636810 1434
1636820 1434
1636830 1437
1636840 1440
1636850 1440
1636860 1442
1636870 1445
1636880 1445
1636890 1447
1636900 1449
1636910 1449
1636920 1451
1636930 1453
1636940 1453
1636950 1454
1636960 1456
1636970 1456
1636980 1457
1636990 1458
1637000 1458
1637010 1458
1637020 1457
1637030 1453
1637040 1453
1637050 1447
1637060 1440
1637070 1440
1637080 1435
1637090 1430
1637100 1430
1637110 1425
1637120 1421
1637130 1421
1637140 1418
1637150 1415
1637160 1415
1637170 1412
1637180 1407
1637190 1402
1637200 1402
1637210 1398
1637220 1393
1637230 1393
1637240 1389
1637250 1386
1637260 1386
1637270 1382
1637280 1378
1637290 1378
1637300 1373
1637310 1367
1637320 1367
1637330 1361
1637340 1356
1637350 1356
1637360 1351
1637370 1345
1637380 1339
1637390 1339
1637400 1333
1637410 1327
1637420 1327
1637430 1322
1637440 1316
1637450 1320
1637460 1319
1637470 1317
1637480 1317
1637490 1310
1637500 1303
1637510 1303
1637520 1300
1637530 1302
1637540 1302
1637550 1304
1637560 1306
1637570 1306
1637580 1304
1637590 1301
1637600 1297
1637610 1297
1637620 1294
1637630 1291
1637640 1291
1637650 1287
1637660 1284
1637670 1284
1637680 1279
1637690 1275
1637700 1275
1637710 1270
1637720 1267
1637730 1267
1637740 1265
1637750 1264
1637760 1264
1637770 1262
1637780 1259
1637790 1254
1637800 1254
1637810 1248
1637820 1243
1637830 1243
1637840 1236
1637850 1231
1637860 1231
1637870 1225
1637880 1218
1637890 1218
1637900 1212
1637910 1207
1637920 1207
1637930 1203
1637940 1199
1637950 1199
1637960 1197
1637970 1194
1637980 1194
1637990 1192
1638000 1190
1638010 1187
1638020 1187
1638030 1185
1638040 1182
1638050 1182
1638060 1179
1638070 1176
1638080 1176
1638090 1173
1638100 1169
1638110 1169
1638120 1165
1638130 1162
1638140 1162
1638150 1158
1638160 1153
1638170 1153
1638180 1149
1638190 1145
1638200 1141
1638210 1141
1638220 1137
1638230 1133
1638240 1133
1638250 1130
1638260 1128
1638270 1128
1638280 1126
1638290 1124
1638300 1124
1638310 1124
1638320 1124
1638330 1124
1638340 1124
1638350 1124
1638360 1124
1638370 1125
1638380 1127
1638390 1130
1638400 1130
1638410 1133
1638420 1137
1638430 1137
1638440 1142
1638450 1146
1638460 1146
1638470 1152
1638480 1158
1638490 1158
1638500 1164
1638510 1169
1638520 1169
1638530 1173
1638540 1176
1638550 1176
1638560 1178
1638570 1180
1638580 1180
1638590 1183
1638600 1184
1638610 1186
1638620 1186
1638630 1188
1638640 1189
1638650 1189
1638660 1190
1638670 1191
1638680 1191
1638690 1192
1638700 1193
1638710 1193
1638720 1193
1638730 1194
1638740 1194
1638750 1194
1638760 1195
1638770 1195
1638780 1195
1638790 1195
1638800 1195
1638810 1195
1638820 1195
1638830 1195
1638840 1195
1638850 1194
1638860 1194
1638870 1194
1638880 1194
1638890 1194
1638900 1194
1638910 1194
1638920 1195
1638930 1195
1638940 1195
1638950 1196
1638960 1196
1638970 1197
1638980 1197
1638990 1198
1639000 1198
1639010 1198
1639020 1197
1639030 1197
1639040 1196
1639050 1195
1639060 1195
1639070 1194
1639080 1193
1639090 1193
1639100 1189
1639110 1189
1639120 1189
1639130 1188
1639140 1188
1639150 1188
1639160 1187
1639170 1187
1639180 1187
1639190 1187
1639200 1187
1639210 1187
1639220 1187
1639230 1187
1639240 1187
1639250 1187
1639260 1187
1639270 1187
1639280 1187
1639290 1188
1639300 1188
1639310 1188
1639320 1189
1639330 1189
1639340 1189
1639350 1190
1639360 1190
1639370 1190
1639380 1189
1639390 1187
1639400 1183
1639410 1183
1639420 1178
1639430 1172
1639440 1172
1639450 1165
1639460 1157
1639470 1157
1639480 1151
1639490 1145
1639500 1145
1639510 1139
1639520 1134
1639530 1134
1639540 1128
1639550 1123
1639560 1123
1639570 1120
1639580 1118
1639590 1118
1639600 1117
1639610 1117
1639620 1117
1639630 1117
1639640 1117
1639650 1117
1639660 1117
1639670 1118
1639680 1118
1639690 1118
1639700 1119
1639710 1119
1639720 1119
1639730 1120
1639740 1120
1639750 1120
1639760 1120
1639770 1120
1639780 1120
1639790 1120
1639800 1120
1639810 1120
1639820 1120
1639830 1120
1639840 1120
1639850 1120
1639860 1120
1639870 1119
1639880 1119
1639890 1119
1639900 1119
1639910 1119
1639920 1115
1639930 1115
1639940 1115
1639950 1115
1639960 1115
1639970 1115
1639980 1115
1639990 1115
