1620000 1347
1620010 1350
1620020 1350
1620030 1351
1620040 1352
1620050 1350
1620060 1354
1620070 1357
1620080 1357
1620090 1359
1620100 1361
1620110 1361
1620120 1363
1620130 1364
1620140 1364
1620150 1366
1620160 1369
1620170 1372
1620180 1372
1620190 1374
1620200 1376
1620210 1376
1620220 1377
1620230 1377
1620240 1377
1620250 1376
1620260 1374
1620270 1374
1620280 1373
1620290 1370
1620300 1370
1620310 1368
1620320 1365
1620330 1365
1620340 1362
1620350 1358
1620360 1354
1620370 1354
1620380 1353
1620390 1352
1620400 1352
1620410 1351
1620420 1351
1620430 1351
1620440 1352
1620450 1353
1620460 1353
1620470 1355
1620480 1358
1620490 1358
1620500 1360
1620510 1363
1620520 1363
1620530 1365
1620540 1366
1620550 1366
1620560 1366
1620570 1366
1620580 1366
1620590 1366
1620600 1365
1620610 1365
1620620 1365
1620630 1365
1620640 1365
1620650 1365
1620660 1364
1620670 1363
1620680 1363
1620690 1362
1620700 1361
1620710 1361
1620720 1363
1620730 1364
1620740 1364
1620750 1365
1620760 1366
1620770 1367
1620780 1367
1620790 1367
1620800 1367
1620810 1367
1620820 1367
1620830 1367
1620840 1367
1620850 1368
1620860 1368
1620870 1368
1620880 1367
1620890 1367
1620900 1367
1620910 1365
1620920 1364
1620930 1364
1620940 1361
1620950 1358
1620960 1355
1620970 1355
1620980 1353
1620990 1350
1621000 1350
1621010 1348
1621020 1348
1621030 1348
1621040 1348
1621050 1349
1621060 1349
1621070 1349
1621080 1350
1621090 1350
1621100 1351
1621110 1351
1621120 1351
1621130 1350
1621140 1348
1621150 1348
1621160 1346
1621170 1343
1621180 1341
1621190 1341
1621200 1339
1621210 1338
1621220 1338
1621230 1336
1621240 1335
1621250 1335
1621260 1333
1621270 1329
1621280 1329
1621290 1326
1621300 1327
1621310 1327
1621320 1328
1621330 1329
1621340 1329
1621350 1329
1621360 1330
1621370 1330
1621380 1330
1621390 1330
1621400 1329
1621410 1329
1621420 1328
1621430 1327
1621440 1327
1621450 1325
1621460 1323
1621470 1323
1621480 1320
1621490 1316
1621500 1316
1621510 1313
1621520 1310
1621530 1310
1621540 1309
1621550 1308
1621560 1307
1621570 1307
1621580 1306
1621590 1304
1621600 1304
1621610 1302
1621620 1300
1621630 1300
1621640 1299
1621650 1299
1621660 1299
1621670 1299
1621680 1299
1621690 1299
1621700 1298
1621710 1296
1621720 1296
1621730 1295
1621740 1295
1621750 1295
1621760 1295
1621770 1296
1621780 1300
1621790 1300
1621800 1302
1621810 1304
1621820 1304
1621830 1306
1621840 1310
1621850 1310
1621860 1316
1621870 1319
1621880 1319
1621890 1322
1621900 1325
1621910 1328
1621920 1329
1621930 1330
1621940 1330
1621950 1331
1621960 1331
1621970 1331
1621980 1331
1621990 1330
1622000 1330
1622010 1330
1622020 1331
1622030 1332
1622040 1332
1622050 1333
1622060 1334
1622070 1334
1622080 1335
1622090 1336
1622100 1336
1622110 1336
1622120 1337
1622130 1337
1622140 1338
1622150 1339
1622160 1339
1622170 1340
1622180 1340
1622190 1341
1622200 1341
1622210 1342
1622220 1343
1622230 1343
1622240 1345
1622250 1346
1622260 1346
1622270 1346
1622280 1347
1622290 1347
1622300 1348
1622310 1349
1622320 1349
1622330 1350
1622340 1348
1622350 1348
1622360 1346
1622370 1345
1622380 1342
1622390 1342
1622400 1339
1622410 1336
1622420 1336
1622430 1335
1622440 1333
1622450 1333
1622460 1331
1622470 1331
1622480 1331
1622490 1332
1622500 1334
1622510 1334
1622520 1336
1622530 1338
1622540 1338
1622550 1339
1622560 1341
1622570 1342
1622580 1342
1622590 1342
1622600 1344
1622610 1344
1622620 1347
1622630 1349
1622640 1349
1622650 1350
1622660 1353
1622670 1353
1622680 1355
1622690 1357
1622700 1357
1622710 1358
1622720 1360
1622730 1360
1622740 1361
1622750 1363
1622760 1363
1622770 1364
1622780 1365
1622790 1366
1622800 1366
1622810 1367
1622820 1370
1622830 1370
1622840 1370
1622850 1371
1622860 1371
1622870 1371
1622880 1370
1622890 1370
1622900 1370
1622910 1370
1622920 1370
1622930 1370
1622940 1369
1622950 1369
1622960 1369
1622970 1369
1622980 1368
1622990 1368
1623000 1367
1623010 1366
1623020 1366
1623030 1365
1623040 1364
1623050 1364
1623060 1362
1623070 1360
1623080 1360
1623090 1358
1623100 1356
1623110 1356
1623120 1355
1623130 1353
1623140 1353
1623150 1351
1623160 1350
1623170 1348
1623180 1348
1623190 1347
1623200 1345
1623210 1345
1623220 1344
1623230 1342
1623240 1342
1623250 1341
1623260 1339
1623270 1339
1623280 1338
1623290 1336
1623300 1336
1623310 1334
1623320 1333
1623330 1333
1623340 1332
1623350 1330
1623360 1330
1623370 1328
1623380 1326
1623390 1323
1623400 1323
1623410 1320
1623420 1318
1623430 1318
1623440 1316
1623450 1313
1623460 1313
1623470 1311
1623480 1309
1623490 1309
1623500 1306
1623510 1304
1623520 1304
1623530 1303
1623540 1303
1623550 1303
1623560 1303
1623570 1303
1623580 1303
1623590 1303
1623600 1302
1623610 1301
1623620 1301
1623630 1300
1623640 1298
1623650 1298
1623660 1296
1623670 1293
1623680 1293
1623690 1290
1623700 1287
1623710 1287
1623720 1286
1623730 1285
1623740 1290
1623750 1288
1623760 1285
1623770 1285
1623780 1282
1623790 1281
1623800 1278
1623810 1278
1623820 1275
1623830 1272
1623840 1272
1623850 1268
1623860 1264
1623870 1264
1623880 1259
1623890 1255
1623900 1255
1623910 1250
1623920 1245
1623930 1245
1623940 1240
1623950 1235
1623960 1235
1623970 1231
1623980 1226
1623990 1221
1624000 1221
1624010 1216
1624020 1211
1624030 1211
1624040 1208
1624050 1206
1624060 1206
1624070 1206
1624080 1206
1624090 1206
1624100 1205
1624110 1203
1624120 1203
1624130 1201
1624140 1198
1624150 1198
1624160 1195
1624170 1192
1624180 1188
1624190 1188
1624200 1184
1624210 1181
1624220 1181
1624230 1177
1624240 1174
1624250 1174
1624260 1171
1624270 1169
1624280 1169
1624290 1166
1624300 1166
1624310 1166
1624320 1169
1624330 1171
1624340 1171
1624350 1171
1624360 1168
1624370 1168
1624380 1163
1624390 1160
1624400 1159
1624410 1159
1624420 1160
1624430 1157
1624440 1157
1624450 1153
1624460 1148
1624470 1148
1624480 1143
1624490 1138
1624500 1138
1624510 1134
1624520 1130
1624530 1130
1624540 1125
1624550 1120
1624560 1120
1624570 1116
1624580 1113
1624590 1110
1624600 1110
1624610 1107
1624620 1104
1624630 1104
1624640 1100
1624650 1103
1624660 1103
1624670 1100
1624680 1098
1624690 1098
1624700 1096
1624710 1098
1624720 1098
1624730 1102
1624740 1105
1624750 1105
1624760 1108
1624770 1111
1624780 1113
1624790 1113
1624800 1117
1624810 1120
1624820 1120
1624830 1125
1624840 1130
1624850 1130
1624860 1135
1624870 1140
1624880 1140
1624890 1145
1624900 1151
1624910 1151
1624920 1155
1624930 1160
1624940 1160
1624950 1163
1624960 1168
1624970 1168
1624980 1173
1624990 1178
1625000 1184
1625010 1184
1625020 1189
1625030 1194
1625040 1194
1625050 1200
1625060 1203
1625070 1203
1625080 1207
1625090 1213
1625100 1213
1625110 1218
1625120 1222
1625130 1222
1625140 1224
1625150 1226
1625160 1226
1625170 1229
1625180 1232
1625190 1236
1625200 1236
1625210 1239
1625220 1243
1625230 1243
1625240 1246
1625250 1249
1625260 1249
1625270 1253
1625280 1255
1625290 1255
1625300 1258
1625310 1260
1625320 1260
1625330 1263
1625340 1266
1625350 1266
1625360 1270
1625370 1274
1625380 1277
1625390 1277
1625400 1280
1625410 1283
1625420 1283
1625430 1286
1625440 1289
1625450 1289
1625460 1291
1625470 1294
1625480 1294
1625490 1296
1625500 1299
1625510 1299
1625520 1302
1625530 1305
1625540 1305
1625550 1305
1625560 1308
1625570 1308
1625580 1311
1625590 1313
1625600 1316
1625610 1316
1625620 1318
1625630 1321
1625640 1321
1625650 1323
1625660 1325
1625670 1325
1625680 1327
1625690 1330
1625700 1330
1625710 1334
1625720 1337
1625730 1337
1625740 1340
1625750 1343
1625760 1343
1625770 1347
1625780 1350
1625790 1354
1625800 1354
1625810 1357
1625820 1360
1625830 1360
1625840 1363
1625850 1365
1625860 1365
1625870 1367
1625880 1369
1625890 1369
1625900 1371
1625910 1373
1625920 1373
1625930 1375
1625940 1377
1625950 1377
1625960 1378
1625970 1378
1625980 1378
1625990 1379
1626000 1380
1626010 1381
1626020 1381
1626030 1382
1626040 1384
1626050 1384
1626060 1386
1626070 1387
1626080 1387
1626090 1389
1626100 1391
1626110 1391
1626120 1393
1626130 1394
1626140 1394
1626150 1396
1626160 1398
1626170 1398
1626180 1400
1626190 1402
1626200 1404
1626210 1404
1626220 1406
1626230 1408
1626240 1408
1626250 1410
1626260 1410
1626270 1410
1626280 1413
1626290 1414
1626300 1414
1626310 1415
1626320 1416
1626330 1416
1626340 1418
1626350 1419
1626360 1419
1626370 1420
1626380 1422
1626390 1424
1626400 1424
1626410 1426
1626420 1428
1626430 1428
1626440 1431
1626450 1431
1626460 1431
1626470 1433
1626480 1434
1626490 1434
1626500 1433
1626510 1430
1626520 1430
1626530 1427
1626540 1424
1626550 1424
1626560 1421
1626570 1419
1626580 1419
1626590 1417
1626600 1414
1626610 1412
1626620 1412
1626630 1410
1626640 1408
1626650 1408
1626660 1404
1626670 1399
1626680 1399
1626690 1397
1626700 1395
1626710 1395
1626720 1393
1626730 1392
1626740 1392
1626750 1389
1626760 1384
1626770 1384
1626780 1382
1626790 1381
1626800 1379
1626810 1379
1626820 1376
1626830 1374
1626840 1374
1626850 1372
1626860 1370
1626870 1370
1626880 1370
1626890 1370
1626900 1370
1626910 1371
1626920 1371
1626930 1371
1626940 1372
1626950 1372
1626960 1372
1626970 1371
1626980 1370
1626990 1368
1627000 1368
1627010 1364
1627020 1360
1627030 1360
1627040 1357
1627050 1356
1627060 1356
1627070 1355
1627080 1353
1627090 1353
1627100 1349
1627110 1346
1627120 1346
1627130 1343
1627140 1341
1627150 1341
1627160 1339
1627170 1337
1627180 1337
1627190 1334
1627200 1333
1627210 1331
1627220 1331
1627230 1329
1627240 1326
1627250 1326
1627260 1323
1627270 1320
1627280 1320
1627290 1317
1627300 1314
1627310 1314
1627320 1312
1627330 1314
1627340 1314
1627350 1313
1627360 1313
1627370 1313
1627380 1313
1627390 1312
1627400 1309
1627410 1309
1627420 1305
1627430 1305
1627440 1305
1627450 1312
1627460 1318
1627470 1318
1627480 1325
1627490 1330
1627500 1330
1627510 1335
1627520 1339
1627530 1339
1627540 1342
1627550 1344
1627560 1344
1627570 1346
1627580 1348
1627590 1348
1627600 1349
1627610 1349
1627620 1350
1627630 1350
1627640 1352
1627650 1354
1627660 1354
1627670 1357
1627680 1360
1627690 1360
1627700 1363
1627710 1365
1627720 1365
1627730 1365
1627740 1365
1627750 1365
1627760 1363
1627770 1361
1627780 1361
1627790 1358
1627800 1353
1627810 1349
1627820 1349
1627830 1352
1627840 1357
1627850 1357
1627860 1363
1627870 1367
1627880 1367
1627890 1371
1627900 1375
1627910 1375
1627920 1379
1627930 1382
1627940 1382
1627950 1385
1627960 1391
1627970 1391
1627980 1397
1627990 1402
1628000 1407
1628010 1407
1628020 1411
1628030 1416
1628040 1416
1628050 1421
1628060 1425
1628070 1425
1628080 1431
1628090 1436
1628100 1436
1628110 1441
1628120 1446
1628130 1446
1628140 1452
1628150 1457
1628160 1457
1628170 1462
1628180 1467
1628190 1467
1628200 1471
1628210 1476
1628220 1485
1628230 1485
1628240 1489
1628250 1494
1628260 1494
1628270 1499
1628280 1504
1628290 1504
1628300 1509
1628310 1513
1628320 1513
1628330 1518
1628340 1522
1628350 1522
1628360 1527
1628370 1531
1628380 1531
1628390 1536
1628400 1540
1628410 1545
1628420 1545
1628430 1550
1628440 1555
1628450 1555
1628460 1559
1628470 1563
1628480 1563
1628490 1567
1628500 1571
1628510 1571
1628520 1576
1628530 1580
1628540 1580
1628550 1584
1628560 1589
1628570 1589
1628580 1593
1628590 1597
1628600 1601
1628610 1601
1628620 1605
1628630 1609
1628640 1609
1628650 1611
1628660 1615
1628670 1615
1628680 1618
1628690 1622
1628700 1622
1628710 1626
1628720 1630
1628730 1630
1628740 1634
1628750 1637
1628760 1637
1628770 1640
1628780 1643
1628790 1643
1628800 1646
1628810 1648
1628820 1651
1628830 1651
1628840 1655
1628850 1659
1628860 1659
1628870 1662
1628880 1665
1628890 1665
1628900 1668
1628910 1671
1628920 1671
1628930 1673
1628940 1675
1628950 1675
1628960 1677
1628970 1679
1628980 1679
1628990 1681
1629000 1682
1629010 1684
1629020 1684
1629030 1686
1629040 1688
1629050 1688
1629060 1689
1629070 1691
1629080 1691
1629090 1697
1629100 1699
1629110 1699
1629120 1699
1629130 1700
1629140 1700
1629150 1700
1629160 1701
1629170 1701
1629180 1704
1629190 1706
1629200 1707
1629210 1707
1629220 1708
1629230 1709
1629240 1709
1629250 1710
1629260 1712
1629270 1712
1629280 1713
1629290 1714
1629300 1714
1629310 1715
1629320 1716
1629330 1716
1629340 1718
1629350 1719
1629360 1719
1629370 1721
1629380 1723
1629390 1723
1629400 1726
1629410 1728
1629420 1730
1629430 1730
1629440 1732
1629450 1733
1629460 1733
1629470 1735
1629480 1737
1629490 1737
1629500 1738
1629510 1739
1629520 1739
1629530 1739
1629540 1740
1629550 1740
1629560 1742
1629570 1745
1629580 1745
1629590 1748
1629600 1750
1629610 1751
1629620 1751
1629630 1753
1629640 1754
1629650 1754
1629660 1756
1629670 1759
1629680 1759
1629690 1762
1629700 1764
1629710 1764
1629720 1766
1629730 1768
1629740 1768
1629750 1770
1629760 1771
1629770 1771
1629780 1772
1629790 1773
1629800 1773
1629810 1773
1629820 1773
1629830 1773
1629840 1773
1629850 1772
1629860 1771
1629870 1771
1629880 1770
1629890 1769
1629900 1769
1629910 1766
1629920 1764
1629930 1764
1629940 1762
1629950 1759
1629960 1759
1629970 1755
1629980 1753
1629990 1753
1630000 1750
1630010 1746
1630020 1744
1630030 1744
1630040 1741
1630050 1738
1630060 1738
1630070 1735
1630080 1733
1630090 1733
1630100 1730
1630110 1726
1630120 1726
1630130 1723
1630140 1720
1630150 1720
1630160 1717
1630170 1714
1630180 1714
1630190 1710
1630200 1707
1630210 1705
1630220 1705
1630230 1703
1630240 1701
1630250 1701
1630260 1698
1630270 1695
1630280 1695
1630290 1691
1630300 1689
1630310 1689
1630320 1686
1630330 1684
1630340 1684
1630350 1682
1630360 1680
1630370 1680
1630380 1677
1630390 1675
1630400 1675
1630410 1671
1630420 1668
1630430 1665
1630440 1665
1630450 1662
1630460 1659
1630470 1659
1630480 1657
1630490 1654
1630500 1654
1630510 1651
1630520 1647
1630530 1647
1630540 1643
1630550 1638
1630560 1638
1630570 1633
1630580 1627
1630590 1627
1630600 1621
1630610 1617
1630620 1612
1630630 1612
1630640 1606
1630650 1601
1630660 1601
1630670 1596
1630680 1591
1630690 1591
1630700 1588
1630710 1584
1630720 1584
1630730 1579
1630740 1576
1630750 1576
1630760 1576
1630770 1576
1630780 1576
1630790 1576
1630800 1576
1630810 1576
1630820 1576
1630830 1572
1630840 1571
1630850 1571
1630860 1570
1630870 1568
1630880 1568
1630890 1567
1630900 1564
1630910 1564
1630920 1560
1630930 1556
1630940 1556
1630950 1553
1630960 1551
1630970 1551
1630980 1548
1630990 1547
1631000 1547
1631010 1546
1631020 1545
1631030 1543
1631040 1543
1631050 1540
1631060 1537
1631070 1537
1631080 1534
1631090 1529
1631100 1529
1631110 1525
1631120 1521
1631130 1521
1631140 1519
1631150 1516
1631160 1516
1631170 1514
1631180 1516
1631190 1516
1631200 1519
1631210 1522
1631220 1525
1631230 1525
1631240 1529
1631250 1532
1631260 1532
1631270 1535
1631280 1536
1631290 1536
1631300 1537
1631310 1537
1631320 1537
1631330 1537
1631340 1536
1631350 1536
1631360 1536
1631370 1536
1631380 1536
1631390 1537
1631400 1539
1631410 1539
1631420 1541
1631430 1542
1631440 1544
1631450 1544
1631460 1545
1631470 1548
1631480 1548
1631490 1549
1631500 1550
1631510 1550
1631520 1550
1631530 1549
1631540 1549
1631550 1547
1631560 1546
1631570 1546
1631580 1544
1631590 1542
1631600 1542
1631610 1539
1631620 1536
1631630 1534
1631640 1534
1631650 1530
1631660 1527
1631670 1527
1631680 1523
1631690 1519
1631700 1518
1631710 1513
1631720 1508
1631730 1508
1631740 1504
1631750 1502
1631760 1502
1631770 1500
1631780 1498
1631790 1498
1631800 1494
1631810 1491
1631820 1487
1631830 1487
1631840 1483
1631850 1480
1631860 1480
1631870 1477
1631880 1475
1631890 1475
1631900 1473
1631910 1471
1631920 1471
1631930 1468
1631940 1470
1631950 1470
1631960 1471
1631970 1469
1631980 1469
1631990 1467
1632000 1464
1632010 1464
1632020 1465
1632030 1469
1632040 1473
1632050 1473
1632060 1478
1632070 1482
1632080 1482
1632090 1487
1632100 1491
1632110 1491
1632120 1496
1632130 1500
1632140 1500
1632150 1505
1632160 1509
1632170 1509
1632180 1513
1632190 1516
1632200 1516
1632210 1519
1632220 1521
1632230 1524
1632240 1524
1632250 1525
1632260 1526
1632270 1526
1632280 1526
1632290 1525
1632300 1525
1632310 1525
1632320 1526
1632330 1526
1632340 1528
1632350 1529
1632360 1529
1632370 1530
1632380 1531
1632390 1531
1632400 1532
1632410 1533
1632420 1534
1632430 1534
1632440 1534
1632450 1535
1632460 1535
1632470 1535
1632480 1536
1632490 1536
1632500 1536
1632510 1535
1632520 1535
1632530 1532
1632540 1530
1632550 1530
1632560 1526
1632570 1524
1632580 1524
1632590 1523
1632600 1522
1632610 1522
1632620 1521
1632630 1520
1632640 1519
1632650 1519
1632660 1517
1632670 1515
1632680 1515
1632690 1513
1632700 1513
1632710 1513
1632720 1513
1632730 1512
1632740 1512
1632750 1511
1632760 1510
1632770 1510
1632780 1510
1632790 1510
1632800 1510
1632810 1509
1632820 1508
1632830 1507
1632840 1507
1632850 1506
1632860 1504
1632870 1504
1632880 1503
1632890 1502
1632900 1502
1632910 1502
1632920 1503
1632930 1503
1632940 1504
1632950 1504
1632960 1504
1632970 1504
1632980 1504
1632990 1504
1633000 1503
1633010 1503
1633020 1503
1633030 1502
1633040 1501
1633050 1500
1633060 1500
1633070 1499
1633080 1497
1633090 1497
1633100 1495
1633110 1493
1633120 1493
1633130 1492
1633140 1490
1633150 1490
1633160 1488
1633170 1486
1633180 1486
1633190 1484
1633200 1481
1633210 1481
1633220 1478
1633230 1475
1633240 1471
1633250 1471
1633260 1468
1633270 1464
1633280 1464
1633290 1460
1633300 1455
1633310 1455
1633320 1449
1633330 1443
1633340 1443
1633350 1440
1633360 1437
1633370 1437
1633380 1435
1633390 1435
1633400 1435
1633410 1433
1633420 1431
1633430 1428
1633440 1428
1633450 1425
1633460 1423
1633470 1423
1633480 1420
1633490 1418
1633500 1418
1633510 1415
1633520 1413
1633530 1413
1633540 1409
1633550 1406
1633560 1406
1633570 1403
1633580 1400
1633590 1400
1633600 1398
1633610 1396
1633620 1396
1633630 1394
1633640 1393
1633650 1391
1633660 1391
1633670 1389
1633680 1385
1633690 1385
1633700 1382
1633710 1379
1633720 1379
1633730 1376
1633740 1373
1633750 1373
1633760 1369
1633770 1365
1633780 1365
1633790 1360
1633800 1355
1633810 1355
1633820 1350
1633830 1346
1633840 1343
1633850 1343
1633860 1339
1633870 1336
1633880 1336
1633890 1332
1633900 1328
1633910 1328
1633920 1325
1633930 1321
1633940 1321
1633950 1318
1633960 1316
1633970 1316
1633980 1314
1633990 1311
1634000 1311
1634010 1309
1634020 1306
1634030 1304
1634040 1304
1634050 1302
1634060 1298
1634070 1298
1634080 1297
1634090 1294
1634100 1294
1634110 1292
1634120 1289
1634130 1289
1634140 1286
1634150 1282
1634160 1282
1634170 1279
1634180 1275
1634190 1275
1634200 1271
1634210 1268
1634220 1268
1634230 1265
1634240 1262
1634250 1259
1634260 1261
1634270 1257
1634280 1254
1634290 1254
1634300 1250
1634310 1247
1634320 1247
1634330 1242
1634340 1238
1634350 1238
1634360 1231
1634370 1224
1634380 1224
1634390 1221
1634400 1219
1634410 1219
1634420 1219
1634430 1219
1634440 1219
1634450 1219
1634460 1218
1634470 1217
1634480 1217
1634490 1215
1634500 1214
1634510 1214
1634520 1213
1634530 1214
1634540 1214
1634550 1215
1634560 1216
1634570 1216
1634580 1216
1634590 1212
1634600 1212
1634610 1211
1634620 1212
1634630 1212
1634640 1214
1634650 1217
1634660 1221
1634670 1221
1634680 1226
1634690 1229
1634700 1229
1634710 1233
1634720 1238
1634730 1238
1634740 1242
1634750 1246
1634760 1246
1634770 1251
1634780 1255
1634790 1255
1634800 1259
1634810 1263
1634820 1263
1634830 1267
1634840 1271
1634850 1274
1634860 1274
1634870 1276
1634880 1280
1634890 1280
1634900 1282
1634910 1285
1634920 1285
1634930 1287
1634940 1289
1634950 1289
1634960 1293
1634970 1296
1634980 1296
1634990 1299
1635000 1302
1635010 1302
1635020 1305
1635030 1307
1635040 1310
1635050 1310
1635060 1313
1635070 1316
1635080 1316
1635090 1320
1635100 1323
1635110 1321
1635120 1324
1635130 1326
1635140 1326
1635150 1329
1635160 1330
1635170 1330
1635180 1332
1635190 1333
1635200 1333
1635210 1334
1635220 1335
1635230 1335
1635240 1335
1635250 1335
1635260 1334
1635270 1334
1635280 1333
1635290 1331
1635300 1331
1635310 1329
1635320 1327
1635330 1327
1635340 1325
1635350 1322
1635360 1322
1635370 1319
1635380 1316
1635390 1316
1635400 1312
1635410 1308
1635420 1308
1635430 1305
1635440 1301
1635450 1297
1635460 1297
1635470 1292
1635480 1287
1635490 1287
1635500 1282
1635510 1279
1635520 1279
1635530 1275
1635540 1272
1635550 1272
1635560 1268
1635570 1264
1635580 1264
1635590 1259
1635600 1254
1635610 1254
1635620 1249
1635630 1243
1635640 1236
1635650 1236
1635660 1229
1635670 1224
1635680 1224
1635690 1217
1635700 1212
1635710 1212
1635720 1207
1635730 1200
1635740 1200
1635750 1194
1635760 1188
1635770 1188
1635780 1186
1635790 1185
1635800 1185
1635810 1183
1635820 1186
1635830 1186
1635840 1188
1635850 1190
1635860 1191
1635870 1191
1635880 1191
1635890 1195
1635900 1195
1635910 1200
1635920 1206
1635930 1206
1635940 1212
1635950 1217
1635960 1217
1635970 1223
1635980 1228
1635990 1228
1636000 1233
1636010 1234
1636020 1234
1636030 1232
1636040 1229
1636050 1229
1636060 1229
1636070 1229
1636080 1228
1636090 1228
1636100 1228
1636110 1228
1636120 1228
1636130 1228
1636140 1231
1636150 1231
1636160 1235
1636170 1239
1636180 1239
1636190 1243
1636200 1247
1636210 1247
1636220 1251
1636230 1257
1636240 1257
1636250 1263
1636260 1268
1636270 1272
1636280 1272
1636290 1276
1636300 1281
1636310 1281
1636320 1286
1636330 1291
1636340 1291
1636350 1296
1636360 1301
1636370 1301
1636380 1305
1636390 1311
1636400 1311
1636410 1316
1636420 1322
1636430 1322
1636440 1327
1636450 1331
1636460 1337
1636470 1337
1636480 1342
1636490 1347
1636500 1347
1636510 1351
1636520 1355
1636530 1355
1636540 1359
1636550 1363
1636560 1363
1636570 1366
1636580 1369
1636590 1369
1636600 1373
1636610 1377
1636620 1377
1636630 1381
1636640 1385
1636650 1389
1636660 1389
1636670 1393
1636680 1397
1636690 1397
1636700 1401
1636710 1404
1636720 1404
1636730 1408
1636740 1411
1636750 1411
1636760 1415
1636770 1418
1636780 1417
1636790 1420
1636800 1425
1636810 1425
1636820 1428
1636830 1432
1636840 1432
1636850 1436
1636860 1439
1636870 1441
1636880 1441
1636890 1443
1636900 1446
1636910 1446
1636920 1448
1636930 1449
1636940 1449
1636950 1450
1636960 1451
1636970 1451
1636980 1453
1636990 1454
1637000 1454
1637010 1455
1637020 1455
1637030 1455
1637040 1455
1637050 1454
1637060 1454
1637070 1454
1637080 1452
1637090 1451
1637100 1451
1637110 1448
1637120 1445
1637130 1445
1637140 1441
1637150 1435
1637160 1435
1637170 1430
1637180 1424
1637190 1424
1637200 1418
1637210 1414
1637220 1414
1637230 1410
1637240 1405
1637250 1400
1637260 1400
1637270 1394
1637280 1389
1637290 1389
1637300 1382
1637310 1376
1637320 1376
1637330 1369
1637340 1365
1637350 1365
1637360 1362
1637370 1360
1637380 1360
1637390 1358
1637400 1356
1637410 1356
1637420 1354
1637430 1353
1637440 1353
1637450 1350
1637460 1346
1637470 1342
1637480 1342
1637490 1340
1637500 1341
1637510 1341
1637520 1343
1637530 1348
1637540 1348
1637550 1352
1637560 1352
1637570 1352
1637580 1348
1637590 1341
1637600 1341
1637610 1338
1637620 1333
1637630 1333
1637640 1328
1637650 1325
1637660 1322
1637670 1322
1637680 1318
1637690 1315
1637700 1315
1637710 1312
1637720 1309
1637730 1309
1637740 1305
1637750 1299
1637760 1299
1637770 1291
1637780 1283
1637790 1283
1637800 1275
1637810 1269
1637820 1269
1637830 1265
1637840 1263
1637850 1263
1637860 1262
1637870 1262
1637880 1261
1637890 1261
1637900 1259
1637910 1256
1637920 1256
1637930 1253
1637940 1249
1637950 1249
1637960 1244
1637970 1239
1637980 1239
1637990 1233
1638000 1228
1638010 1228
1638020 1224
1638030 1218
1638040 1218
1638050 1212
1638060 1207
1638070 1201
1638080 1201
1638090 1196
1638100 1190
1638110 1190
1638120 1185
1638130 1180
1638140 1180
1638150 1175
1638160 1170
1638170 1170
1638180 1165
1638190 1161
1638200 1161
1638210 1156
1638220 1152
1638230 1152
1638240 1147
1638250 1143
1638260 1138
1638270 1138
1638280 1134
1638290 1129
1638300 1129
1638310 1125
1638320 1120
1638330 1120
1638340 1117
1638350 1115
1638360 1115
1638370 1117
1638380 1119
1638390 1119
1638400 1121
1638410 1125
1638420 1125
1638430 1128
1638440 1127
1638450 1127
1638460 1130
1638470 1133
1638480 1135
1638490 1135
1638500 1138
1638510 1140
1638520 1140
1638530 1143
1638540 1145
1638550 1145
1638560 1147
1638570 1149
1638580 1149
1638590 1150
1638600 1152
1638610 1152
1638620 1153
1638630 1155
1638640 1155
1638650 1156
1638660 1157
1638670 1157
1638680 1157
1638690 1158
1638700 1159
1638710 1159
1638720 1159
1638730 1160
1638740 1160
1638750 1160
1638760 1161
1638770 1161
1638780 1161
1638790 1162
1638800 1162
1638810 1163
1638820 1163
1638830 1163
1638840 1164
1638850 1166
1638860 1167
1638870 1167
1638880 1169
1638890 1170
1638900 1170
1638910 1172
1638920 1174
1638930 1174
1638940 1176
1638950 1178
1638960 1178
1638970 1179
1638980 1179
1638990 1179
1639000 1179
1639010 1178
1639020 1178
1639030 1177
1639040 1176
1639050 1176
1639060 1174
1639070 1173
1639080 1171
1639090 1171
1639100 1169
1639110 1169
1639120 1169
1639130 1168
1639140 1168
1639150 1168
1639160 1168
1639170 1168
1639180 1168
1639190 1168
1639200 1168
1639210 1168
1639220 1169
1639230 1170
1639240 1170
1639250 1171
1639260 1169
1639270 1169
1639280 1169
1639290 1169
1639300 1168
1639310 1168
1639320 1167
1639330 1165
1639340 1165
1639350 1163
1639360 1161
1639370 1161
1639380 1159
1639390 1157
1639400 1157
1639410 1154
1639420 1151
1639430 1151
1639440 1149
1639450 1146
1639460 1146
1639470 1142
1639480 1137
1639490 1133
1639500 1133
1639510 1128
1639520 1122
1639530 1122
1639540 1117
1639550 1112
1639560 1112
1639570 1107
1639580 1102
1639590 1102
1639600 1097
1639610 1092
1639620 1092
1639630 1088
1639640 1086
1639650 1086
1639660 1087
1639670 1088
1639680 1089
1639690 1089
1639700 1090
1639710 1090
1639720 1090
1639730 1090
1639740 1090
1639750 1090
1639760 1090
1639770 1090
1639780 1090
1639790 1090
1639800 1090
1639810 1090
1639820 1090
1639830 1089
1639840 1089
1639850 1089
1639860 1089
1639870 1089
1639880 1089
1639890 1089
1639900 1090
1639910 1090
1639920 1091
1639930 1091
1639940 1091
1639950 1092
1639960 1093
1639970 1093
1639980 1094
1639990 1095
