1620000 1256
1620010 1258
1620020 1258
1620030 1262
1620040 1266
1620050 1266
1620060 1269
1620070 1271
1620080 1271
1620090 1273
1620100 1272
1620110 1272
1620120 1272
1620130 1273
1620140 1273
1620150 1273
1620160 1274
1620170 1276
1620180 1276
1620190 1278
1620200 1280
1620210 1280
1620220 1281
1620230 1283
1620240 1283
1620250 1286
1620260 1288
1620270 1288
1620280 1290
1620290 1292
1620300 1292
1620310 1294
1620320 1299
1620330 1302
1620340 1302
1620350 1304
1620360 1305
1620370 1305
1620380 1306
1620390 1305
1620400 1305
1620410 1306
1620420 1308
1620430 1308
1620440 1308
1620450 1307
1620460 1307
1620470 1306
1620480 1303
1620490 1303
1620500 1301
1620510 1300
1620520 1300
1620530 1300
1620540 1301
1620550 1302
1620560 1302
1620570 1306
1620580 1310
1620590 1310
1620600 1309
1620610 1308
1620620 1308
1620630 1307
1620640 1308
1620650 1308
1620660 1308
1620670 1308
1620680 1308
1620690 1309
1620700 1310
1620710 1310
1620720 1312
1620730 1312
1620740 1311
1620750 1311
1620760 1311
1620770 1311
1620780 1311
1620790 1310
1620800 1309
1620810 1309
1620820 1307
1620830 1307
1620840 1307
1620850 1306
1620860 1304
1620870 1304
1620880 1301
1620890 1299
1620900 1299
1620910 1298
1620920 1296
1620930 1296
1620940 1295
1620950 1295
1620960 1295
1620970 1295
1620980 1295
1620990 1294
1621000 1294
1621010 1295
1621020 1295
1621030 1295
1621040 1295
1621050 1292
1621060 1292
1621070 1288
1621080 1284
1621090 1284
1621100 1283
1621110 1282
1621120 1282
1621130 1283
1621140 1285
1621150 1289
1621160 1289
1621170 1293
1621180 1296
1621190 1296
1621200 1297
1621210 1299
1621220 1299
1621230 1303
1621240 1306
1621250 1306
1621260 1309
1621270 1312
1621280 1312
1621290 1315
1621300 1317
1621310 1317
1621320 1321
1621330 1325
1621340 1325
1621350 1327
1621360 1329
1621370 1330
1621380 1330
1621390 1333
1621400 1336
1621410 1336
1621420 1341
1621430 1345
1621440 1345
1621450 1349
1621460 1353
1621470 1353
1621480 1356
1621490 1359
1621500 1359
1621510 1360
1621520 1361
1621530 1361
1621540 1363
1621550 1365
1621560 1366
1621570 1366
1621580 1368
1621590 1370
1621600 1370
1621610 1373
1621620 1377
1621630 1377
1621640 1381
1621650 1386
1621660 1386
1621670 1387
1621680 1388
1621690 1388
1621700 1388
1621710 1388
1621720 1388
1621730 1388
1621740 1389
1621750 1393
1621760 1393
1621770 1397
1621780 1400
1621790 1400
1621800 1404
1621810 1406
1621820 1406
1621830 1409
1621840 1411
1621850 1411
1621860 1415
1621870 1419
1621880 1419
1621890 1422
1621900 1425
1621910 1425
1621920 1427
1621930 1428
1621940 1428
1621950 1431
1621960 1432
1621970 1435
1621980 1435
1621990 1439
1622000 1445
1622010 1445
1622020 1449
1622030 1453
1622040 1453
1622050 1457
1622060 1459
1622070 1459
1622080 1461
1622090 1463
1622100 1463
1622110 1464
1622120 1466
1622130 1466
1622140 1467
1622150 1469
1622160 1470
1622170 1470
1622180 1471
1622190 1472
1622200 1472
1622210 1473
1622220 1475
1622230 1475
1622240 1477
1622250 1478
1622260 1478
1622270 1480
1622280 1481
1622290 1481
1622300 1483
1622310 1484
1622320 1484
1622330 1486
1622340 1487
1622350 1487
1622360 1489
1622370 1490
1622380 1491
1622390 1491
1622400 1493
1622410 1495
1622420 1495
1622430 1496
1622440 1497
1622450 1497
1622460 1498
1622470 1500
1622480 1500
1622490 1503
1622500 1505
1622510 1505
1622520 1506
1622530 1507
1622540 1507
1622550 1508
1622560 1510
1622570 1511
1622580 1511
1622590 1513
1622600 1515
1622610 1515
1622620 1516
1622630 1518
1622640 1518
1622650 1519
1622660 1520
1622670 1520
1622680 1521
1622690 1522
1622700 1522
1622710 1524
1622720 1525
1622730 1525
1622740 1526
1622750 1527
1622760 1527
1622770 1528
1622780 1529
1622790 1531
1622800 1531
1622810 1532
1622820 1534
1622830 1534
1622840 1536
1622850 1537
1622860 1537
1622870 1539
1622880 1540
1622890 1540
1622900 1540
1622910 1541
1622920 1541
1622930 1541
1622940 1541
1622950 1541
1622960 1540
1622970 1540
1622980 1540
1622990 1540
1623000 1539
1623010 1538
1623020 1538
1623030 1537
1623040 1536
1623050 1536
1623060 1535
1623070 1534
1623080 1534
1623090 1533
1623100 1532
1623110 1532
1623120 1531
1623130 1531
1623140 1531
1623150 1530
1623160 1529
1623170 1529
1623180 1529
1623190 1529
1623200 1529
1623210 1529
1623220 1530
1623230 1530
1623240 1530
1623250 1529
1623260 1529
1623270 1529
1623280 1529
1623290 1529
1623300 1529
1623310 1528
1623320 1528
1623330 1528
1623340 1527
1623350 1526
1623360 1526
1623370 1525
1623380 1524
1623390 1523
1623400 1523
1623410 1522
1623420 1521
1623430 1521
1623440 1519
1623450 1517
1623460 1517
1623470 1515
1623480 1512
1623490 1512
1623500 1510
1623510 1507
1623520 1507
1623530 1504
1623540 1501
1623550 1501
1623560 1499
1623570 1495
1623580 1491
1623590 1491
1623600 1487
1623610 1483
1623620 1483
1623630 1479
1623640 1474
1623650 1474
1623660 1469
1623670 1466
1623680 1466
1623690 1464
1623700 1462
1623710 1462
1623720 1461
1623730 1459
1623740 1459
1623750 1457
1623760 1454
1623770 1454
1623780 1452
1623790 1450
1623800 1449
1623810 1449
1623820 1447
1623830 1446
1623840 1446
1623850 1444
1623860 1441
1623870 1441
1623880 1438
1623890 1435
1623900 1435
1623910 1432
1623920 1429
1623930 1429
1623940 1427
1623950 1423
1623960 1423
1623970 1420
1623980 1417
1623990 1415
1624000 1415
1624010 1412
1624020 1408
1624030 1408
1624040 1405
1624050 1404
1624060 1404
1624070 1405
1624080 1405
1624090 1405
1624100 1404
1624110 1403
1624120 1403
1624130 1400
1624140 1396
1624150 1396
1624160 1391
1624170 1386
1624180 1386
1624190 1382
1624200 1377
1624210 1374
1624220 1374
1624230 1371
1624240 1367
1624250 1367
1624260 1361
1624270 1352
1624280 1352
1624290 1346
1624300 1341
1624310 1341
1624320 1335
1624330 1330
1624340 1330
1624350 1325
1624360 1321
1624370 1321
1624380 1317
1624390 1313
1624400 1309
1624410 1309
1624420 1306
1624430 1303
1624440 1303
1624450 1300
1624460 1296
1624470 1296
1624480 1293
1624490 1289
1624500 1289
1624510 1286
1624520 1287
1624530 1287
1624540 1291
1624550 1299
1624560 1299
1624570 1306
1624580 1313
1624590 1320
1624600 1320
1624610 1323
1624620 1325
1624630 1325
1624640 1328
1624650 1331
1624660 1331
1624670 1334
1624680 1336
1624690 1336
1624700 1340
1624710 1346
1624720 1346
1624730 1351
1624740 1354
1624750 1354
1624760 1357
1624770 1362
1624780 1362
1624790 1366
1624800 1372
1624810 1376
1624820 1376
1624830 1380
1624840 1384
1624850 1384
1624860 1387
1624870 1391
1624880 1391
1624890 1396
1624900 1400
1624910 1400
1624920 1404
1624930 1406
1624940 1406
1624950 1409
1624960 1414
1624970 1414
1624980 1418
1624990 1421
1625000 1423
1625010 1423
1625020 1426
1625030 1428
1625040 1428
1625050 1429
1625060 1430
1625070 1430
1625080 1433
1625090 1438
1625100 1438
1625110 1444
1625120 1448
1625130 1448
1625140 1452
1625150 1456
1625160 1456
1625170 1459
1625180 1463
1625190 1463
1625200 1466
1625210 1468
1625220 1471
1625230 1471
1625240 1472
1625250 1474
1625260 1474
1625270 1475
1625280 1476
1625290 1476
1625300 1476
1625310 1475
1625320 1475
1625330 1475
1625340 1474
1625350 1474
1625360 1473
1625370 1471
1625380 1471
1625390 1468
1625400 1466
1625410 1464
1625420 1464
1625430 1462
1625440 1460
1625450 1460
1625460 1458
1625470 1457
1625480 1457
1625490 1453
1625500 1451
1625510 1451
1625520 1448
1625530 1445
1625540 1445
1625550 1443
1625560 1441
1625570 1441
1625580 1438
1625590 1434
1625600 1430
1625610 1430
1625620 1428
1625630 1426
1625640 1426
1625650 1424
1625660 1424
1625670 1424
1625680 1422
1625690 1418
1625700 1418
1625710 1414
1625720 1411
1625730 1411
1625740 1407
1625750 1405
1625760 1405
1625770 1404
1625780 1402
1625790 1402
1625800 1399
1625810 1395
1625820 1392
1625830 1392
1625840 1390
1625850 1387
1625860 1387
1625870 1383
1625880 1390
1625890 1390
1625900 1386
1625910 1387
1625920 1387
1625930 1394
1625940 1398
1625950 1398
1625960 1402
1625970 1406
1625980 1406
1625990 1410
1626000 1413
1626010 1417
1626020 1417
1626030 1423
1626040 1428
1626050 1428
1626060 1432
1626070 1438
1626080 1438
1626090 1444
1626100 1446
1626110 1446
1626120 1447
1626130 1447
1626140 1447
1626150 1446
1626160 1445
1626170 1445
1626180 1448
1626190 1452
1626200 1452
1626210 1456
1626220 1460
1626230 1462
1626240 1462
1626250 1463
1626260 1467
1626270 1467
1626280 1472
1626290 1477
1626300 1477
1626310 1481
1626320 1483
1626330 1483
1626340 1486
1626350 1489
1626360 1489
1626370 1490
1626380 1491
1626390 1491
1626400 1491
1626410 1492
1626420 1492
1626430 1492
1626440 1492
1626450 1493
1626460 1493
1626470 1495
1626480 1498
1626490 1498
1626500 1503
1626510 1507
1626520 1507
1626530 1511
1626540 1512
1626550 1512
1626560 1512
1626570 1514
1626580 1514
1626590 1516
1626600 1518
1626610 1518
1626620 1522
1626630 1526
1626640 1529
1626650 1529
1626660 1530
1626670 1532
1626680 1532
1626690 1535
1626700 1538
1626710 1538
1626720 1542
1626730 1544
1626740 1544
1626750 1545
1626760 1546
1626770 1548
1626780 1550
1626790 1553
1626800 1553
1626810 1556
1626820 1560
1626830 1563
1626840 1563
1626850 1565
1626860 1568
1626870 1568
1626880 1569
1626890 1570
1626900 1570
1626910 1572
1626920 1573
1626930 1573
1626940 1575
1626950 1579
1626960 1579
1626970 1584
1626980 1587
1626990 1587
1627000 1589
1627010 1592
1627020 1593
1627030 1593
1627040 1595
1627050 1598
1627060 1598
1627070 1601
1627080 1603
1627090 1603
1627100 1606
1627110 1610
1627120 1610
1627130 1613
1627140 1616
1627150 1616
1627160 1619
1627170 1622
1627180 1622
1627190 1624
1627200 1627
1627210 1627
1627220 1630
1627230 1633
1627240 1636
1627250 1636
1627260 1637
1627270 1640
1627280 1640
1627290 1642
1627300 1647
1627310 1647
1627320 1652
1627330 1660
1627340 1660
1627350 1665
1627360 1669
1627370 1669
1627380 1673
1627390 1677
1627400 1677
1627410 1681
1627420 1686
1627430 1691
1627440 1691
1627450 1695
1627460 1699
1627470 1699
1627480 1702
1627490 1705
1627500 1705
1627510 1710
1627520 1715
1627530 1715
1627540 1718
1627550 1722
1627560 1722
1627570 1725
1627580 1728
1627590 1728
1627600 1731
1627610 1734
1627620 1734
1627630 1739
1627640 1744
1627650 1746
1627660 1748
1627670 1752
1627680 1755
1627690 1755
1627700 1757
1627710 1760
1627720 1760
1627730 1762
1627740 1764
1627750 1764
1627760 1768
1627770 1772
1627780 1772
1627790 1776
1627800 1779
1627810 1779
1627820 1781
1627830 1783
1627840 1784
1627850 1784
1627860 1785
1627870 1786
1627880 1786
1627890 1787
1627900 1788
1627910 1788
1627920 1789
1627930 1789
1627940 1789
1627950 1789
1627960 1788
1627970 1788
1627980 1787
1627990 1786
1628000 1786
1628010 1785
1628020 1784
1628030 1784
1628040 1783
1628050 1782
1628060 1781
1628070 1781
1628080 1780
1628090 1778
1628100 1778
1628110 1777
1628120 1776
1628130 1776
1628140 1775
1628150 1774
1628160 1774
1628170 1773
1628180 1772
1628190 1772
1628200 1770
1628210 1768
1628220 1768
1628230 1766
1628240 1765
1628250 1764
1628260 1764
1628270 1763
1628280 1761
1628290 1761
1628300 1760
1628310 1759
1628320 1759
1628330 1757
1628340 1756
1628350 1756
1628360 1755
1628370 1753
1628380 1753
1628390 1751
1628400 1750
1628410 1750
1628420 1748
1628430 1746
1628440 1744
1628450 1744
1628460 1743
1628470 1741
1628480 1741
1628490 1739
1628500 1737
1628510 1737
1628520 1735
1628530 1733
1628540 1732
1628550 1730
1628560 1728
1628570 1728
1628580 1725
1628590 1722
1628600 1722
1628610 1720
1628620 1717
1628630 1717
1628640 1714
1628650 1711
1628660 1708
1628670 1708
1628680 1705
1628690 1702
1628700 1702
1628710 1700
1628720 1697
1628730 1697
1628740 1693
1628750 1689
1628760 1689
1628770 1686
1628780 1683
1628790 1683
1628800 1679
1628810 1676
1628820 1676
1628830 1673
1628840 1669
1628850 1666
1628860 1666
1628870 1663
1628880 1660
1628890 1660
1628900 1658
1628910 1656
1628920 1656
1628930 1654
1628940 1651
1628950 1651
1628960 1649
1628970 1647
1628980 1647
1628990 1644
1629000 1641
1629010 1641
1629020 1640
1629030 1639
1629040 1639
1629050 1637
1629060 1635
1629070 1633
1629080 1633
1629090 1631
1629100 1628
1629110 1628
1629120 1625
1629130 1621
1629140 1621
1629150 1618
1629160 1614
1629170 1614
1629180 1610
1629190 1606
1629200 1606
1629210 1603
1629220 1599
1629230 1599
1629240 1594
1629250 1590
1629260 1587
1629270 1587
1629280 1584
1629290 1581
1629300 1581
1629310 1575
1629320 1571
1629330 1571
1629340 1567
1629350 1564
1629360 1564
1629370 1561
1629380 1558
1629390 1558
1629400 1555
1629410 1553
1629420 1552
1629430 1550
1629440 1548
1629450 1548
1629460 1548
1629470 1547
1629480 1548
1629490 1548
1629500 1550
1629510 1552
1629520 1552
1629530 1554
1629540 1556
1629550 1556
1629560 1557
1629570 1558
1629580 1558
1629590 1558
1629600 1558
1629610 1558
1629620 1557
1629630 1557
1629640 1557
1629650 1557
1629660 1556
1629670 1556
1629680 1556
1629690 1556
1629700 1555
1629710 1555
1629720 1554
1629730 1553
1629740 1553
1629750 1552
1629760 1551
1629770 1551
1629780 1550
1629790 1549
1629800 1549
1629810 1547
1629820 1548
1629830 1548
1629840 1548
1629850 1548
1629860 1547
1629870 1547
1629880 1546
1629890 1546
1629900 1546
1629910 1544
1629920 1543
1629930 1543
1629940 1542
1629950 1543
1629960 1543
1629970 1544
1629980 1544
1629990 1544
1630000 1544
1630010 1546
1630020 1546
1630030 1547
1630040 1548
1630050 1548
1630060 1547
1630070 1547
1630080 1544
1630090 1544
1630100 1541
1630110 1538
1630120 1538
1630130 1535
1630140 1532
1630150 1532
1630160 1528
1630170 1524
1630180 1524
1630190 1524
1630200 1525
1630210 1525
1630220 1525
1630230 1524
1630240 1524
1630250 1523
1630260 1522
1630270 1520
1630280 1520
1630290 1523
1630300 1525
1630310 1525
1630320 1526
1630330 1526
1630340 1526
1630350 1525
1630360 1523
1630370 1523
1630380 1524
1630390 1524
1630400 1524
1630410 1523
1630420 1522
1630430 1522
1630440 1520
1630450 1522
1630460 1522
1630470 1524
1630480 1525
1630490 1527
1630500 1527
1630510 1529
1630520 1531
1630530 1531
1630540 1534
1630550 1536
1630560 1536
1630570 1536
1630580 1535
1630590 1535
1630600 1534
1630610 1533
1630620 1533
1630630 1531
1630640 1530
1630650 1530
1630660 1529
1630670 1530
1630680 1533
1630690 1533
1630700 1537
1630710 1541
1630720 1541
1630730 1546
1630740 1551
1630750 1551
1630760 1553
1630770 1555
1630780 1555
1630790 1558
1630800 1559
1630810 1559
1630820 1560
1630830 1560
1630840 1560
1630850 1560
1630860 1561
1630870 1561
1630880 1561
1630890 1561
1630900 1560
1630910 1560
1630920 1560
1630930 1558
1630940 1558
1630950 1557
1630960 1556
1630970 1556
1630980 1555
1630990 1556
1631000 1556
1631010 1558
1631020 1558
1631030 1558
1631040 1558
1631050 1558
1631060 1558
1631070 1557
1631080 1556
1631090 1555
1631100 1555
1631110 1553
1631120 1551
1631130 1551
1631140 1548
1631150 1545
1631160 1546
1631170 1542
1631180 1538
1631190 1538
1631200 1535
1631210 1531
1631220 1531
1631230 1526
1631240 1522
1631250 1522
1631260 1518
1631270 1515
1631280 1512
1631290 1512
1631300 1508
1631310 1503
1631320 1503
1631330 1498
1631340 1493
1631350 1493
1631360 1487
1631370 1481
1631380 1481
1631390 1475
1631400 1469
1631410 1469
1631420 1463
1631430 1456
1631440 1456
1631450 1449
1631460 1442
1631470 1442
1631480 1435
1631490 1430
1631500 1426
1631510 1426
1631520 1423
1631530 1419
1631540 1419
1631550 1415
1631560 1411
1631570 1411
1631580 1407
1631590 1403
1631600 1403
1631610 1399
1631620 1395
1631630 1395
1631640 1390
1631650 1386
1631660 1386
1631670 1379
1631680 1375
1631690 1369
1631700 1369
1631710 1365
1631720 1362
1631730 1362
1631740 1358
1631750 1354
1631760 1354
1631770 1349
1631780 1345
1631790 1345
1631800 1341
1631810 1337
1631820 1337
1631830 1333
1631840 1330
1631850 1330
1631860 1328
1631870 1328
1631880 1328
1631890 1331
1631900 1332
1631910 1333
1631920 1333
1631930 1335
1631940 1335
1631950 1335
1631960 1336
1631970 1339
1631980 1339
1631990 1340
1632000 1342
1632010 1342
1632020 1346
1632030 1343
1632040 1343
1632050 1339
1632060 1336
1632070 1336
1632080 1332
1632090 1327
1632100 1323
1632110 1323
1632120 1318
1632130 1314
1632140 1314
1632150 1310
1632160 1306
1632170 1306
1632180 1303
1632190 1300
1632200 1300
1632210 1297
1632220 1294
1632230 1294
1632240 1291
1632250 1288
1632260 1288
1632270 1284
1632280 1280
1632290 1280
1632300 1277
1632310 1274
1632320 1272
1632330 1272
1632340 1270
1632350 1269
1632360 1269
1632370 1267
1632380 1266
1632390 1266
1632400 1265
1632410 1265
1632420 1265
1632430 1263
1632440 1260
1632450 1260
1632460 1256
1632470 1255
1632480 1255
1632490 1254
1632500 1253
1632510 1249
1632520 1249
1632530 1246
1632540 1243
1632550 1243
1632560 1244
1632570 1244
1632580 1244
1632590 1244
1632600 1246
1632610 1246
1632620 1246
1632630 1246
1632640 1246
1632650 1246
1632660 1248
1632670 1248
1632680 1249
1632690 1250
1632700 1250
1632710 1250
1632720 1250
1632730 1250
1632740 1250
1632750 1251
1632760 1250
1632770 1250
1632780 1249
1632790 1248
1632800 1248
1632810 1248
1632820 1247
1632830 1247
1632840 1247
1632850 1248
1632860 1248
1632870 1250
1632880 1251
1632890 1251
1632900 1251
1632910 1252
1632920 1252
1632930 1252
1632940 1254
1632950 1255
1632960 1255
1632970 1256
1632980 1257
1632990 1257
1633000 1258
1633010 1258
1633020 1258
1633030 1257
1633040 1257
1633050 1257
1633060 1257
1633070 1257
1633080 1257
1633090 1256
1633100 1255
1633110 1254
1633120 1254
1633130 1253
1633140 1252
1633150 1252
1633160 1251
1633170 1250
1633180 1250
1633190 1249
1633200 1248
1633210 1248
1633220 1247
1633230 1246
1633240 1246
1633250 1245
1633260 1244
1633270 1244
1633280 1243
1633290 1242
1633300 1242
1633310 1241
1633320 1241
1633330 1240
1633340 1240
1633350 1238
1633360 1235
1633370 1235
1633380 1232
1633390 1229
1633400 1229
1633410 1226
1633420 1221
1633430 1221
1633440 1217
1633450 1211
1633460 1211
1633470 1205
1633480 1199
1633490 1199
1633500 1194
1633510 1190
1633520 1185
1633530 1185
1633540 1180
1633550 1176
1633560 1176
1633570 1171
1633580 1166
1633590 1166
1633600 1161
1633610 1156
1633620 1156
1633630 1151
1633640 1146
1633650 1146
1633660 1141
1633670 1137
1633680 1137
1633690 1135
1633700 1134
1633710 1134
1633720 1132
1633730 1131
1633740 1136
1633750 1136
1633760 1143
1633770 1148
1633780 1148
1633790 1152
1633800 1156
1633810 1156
1633820 1159
1633830 1163
1633840 1163
1633850 1167
1633860 1171
1633870 1171
1633880 1175
1633890 1178
1633900 1178
1633910 1181
1633920 1183
1633930 1185
1633940 1185
1633950 1186
1633960 1187
1633970 1187
1633980 1188
1633990 1189
1634000 1189
1634010 1189
1634020 1190
1634030 1190
1634040 1190
1634050 1191
1634060 1191
1634070 1191
1634080 1191
1634090 1191
1634100 1192
1634110 1193
1634120 1193
1634130 1194
1634140 1195
1634150 1195
1634160 1195
1634170 1196
1634180 1195
1634190 1195
1634200 1194
1634210 1193
1634220 1193
1634230 1192
1634240 1189
1634250 1189
1634260 1186
1634270 1183
1634280 1183
1634290 1180
1634300 1176
1634310 1176
1634320 1172
1634330 1169
1634340 1166
1634350 1166
1634360 1165
1634370 1164
1634380 1164
1634390 1164
1634400 1165
1634410 1165
1634420 1164
1634430 1163
1634440 1163
1634450 1162
1634460 1160
1634470 1160
1634480 1157
1634490 1153
1634500 1153
1634510 1151
1634520 1148
1634530 1146
1634540 1146
1634550 1145
1634560 1144
1634570 1144
1634580 1137
1634590 1137
1634600 1137
1634610 1136
1634620 1134
1634630 1134
1634640 1132
1634650 1130
1634660 1130
1634670 1129
1634680 1128
1634690 1128
1634700 1127
1634710 1127
1634720 1127
1634730 1126
1634740 1125
1634750 1125
1634760 1125
1634770 1123
1634780 1122
1634790 1122
1634800 1120
1634810 1120
1634820 1120
1634830 1122
1634840 1123
1634850 1123
1634860 1125
1634870 1127
1634880 1127
1634890 1128
1634900 1129
1634910 1129
1634920 1130
1634930 1131
1634940 1131
1634950 1131
1634960 1131
1634970 1131
1634980 1131
1634990 1130
1635000 1130
1635010 1130
1635020 1128
1635030 1127
1635040 1127
1635050 1124
1635060 1122
1635070 1122
1635080 1119
1635090 1116
1635100 1116
1635110 1113
1635120 1109
1635130 1109
1635140 1105
1635150 1100
1635160 1095
1635170 1095
1635180 1089
1635190 1084
1635200 1084
1635210 1078
1635220 1073
1635230 1073
1635240 1069
1635250 1070
1635260 1070
1635270 1073
1635280 1076
1635290 1076
1635300 1079
1635310 1079
1635320 1079
1635330 1076
1635340 1072
1635350 1069
1635360 1069
1635370 1068
1635380 1069
1635390 1069
1635400 1071
1635410 1075
1635420 1079
1635430 1083
1635440 1088
1635450 1088
1635460 1092
1635470 1097
1635480 1097
1635490 1102
1635500 1106
1635510 1106
1635520 1110
1635530 1115
1635540 1115
1635550 1120
1635560 1125
1635570 1130
1635580 1130
1635590 1135
1635600 1140
1635610 1140
1635620 1146
1635630 1151
1635640 1151
1635650 1158
1635660 1166
1635670 1166
1635680 1171
1635690 1177
1635700 1177
1635710 1183
1635720 1190
1635730 1190
1635740 1197
1635750 1202
1635760 1206
1635770 1206
1635780 1209
1635790 1210
1635800 1210
1635810 1212
1635820 1216
1635830 1216
1635840 1219
1635850 1222
1635860 1222
1635870 1226
1635880 1231
1635890 1231
1635900 1235
1635910 1237
1635920 1237
1635930 1238
1635940 1239
1635950 1238
1635960 1238
1635970 1237
1635980 1237
1635990 1237
1636000 1236
1636010 1237
1636020 1237
1636030 1237
1636040 1237
1636050 1237
1636060 1235
1636070 1233
1636080 1233
1636090 1231
1636100 1230
1636110 1230
1636120 1230
1636130 1230
1636140 1230
1636150 1229
1636160 1227
1636170 1225
1636180 1225
1636190 1223
1636200 1221
1636210 1221
1636220 1220
1636230 1222
1636240 1222
1636250 1224
1636260 1222
1636270 1222
1636280 1223
1636290 1221
1636300 1221
1636310 1217
1636320 1214
1636330 1214
1636340 1211
1636350 1209
1636360 1210
1636370 1210
1636380 1210
1636390 1212
1636400 1212
1636410 1213
1636420 1218
1636430 1218
1636440 1227
1636450 1239
1636460 1239
1636470 1248
1636480 1252
1636490 1252
1636500 1255
1636510 1258
1636520 1258
1636530 1261
1636540 1264
1636550 1264
1636560 1268
1636570 1271
1636580 1274
1636590 1274
1636600 1277
1636610 1280
1636620 1280
1636630 1283
1636640 1288
1636650 1288
1636660 1290
1636670 1291
1636680 1291
1636690 1292
1636700 1292
1636710 1292
1636720 1293
1636730 1294
1636740 1294
1636750 1296
1636760 1297
1636770 1297
1636780 1297
1636790 1296
1636800 1295
1636810 1295
1636820 1296
1636830 1296
1636840 1296
1636850 1297
1636860 1298
1636870 1298
1636880 1300
1636890 1303
1636900 1303
1636910 1305
1636920 1307
1636930 1307
1636940 1308
1636950 1309
1636960 1309
1636970 1311
1636980 1311
1636990 1311
1637000 1311
1637010 1311
1637020 1311
1637030 1311
1637040 1312
1637050 1312
1637060 1312
1637070 1312
1637080 1313
1637090 1309
1637100 1309
1637110 1311
1637120 1311
1637130 1315
1637140 1318
1637150 1318
1637160 1320
1637170 1322
1637180 1324
1637190 1324
1637200 1326
1637210 1329
1637220 1329
1637230 1329
1637240 1329
1637250 1329
1637260 1330
1637270 1332
1637280 1332
1637290 1336
1637300 1337
1637310 1337
1637320 1339
1637330 1346
1637340 1346
1637350 1353
1637360 1359
1637370 1364
1637380 1364
1637390 1369
1637400 1373
1637410 1373
1637420 1375
1637430 1378
1637440 1378
1637450 1381
1637460 1385
1637470 1385
1637480 1388
1637490 1391
1637500 1391
1637510 1393
1637520 1395
1637530 1395
1637540 1397
1637550 1398
1637560 1398
1637570 1398
1637580 1399
1637590 1400
1637600 1400
1637610 1402
1637620 1404
1637630 1404
1637640 1406
1637650 1407
1637660 1407
1637670 1409
1637680 1410
1637690 1410
1637700 1411
1637710 1413
1637720 1413
1637730 1414
1637740 1415
1637750 1415
1637760 1416
1637770 1416
1637780 1417
1637790 1417
1637800 1417
1637810 1417
1637820 1417
1637830 1417
1637840 1417
1637850 1417
1637860 1416
1637870 1415
1637880 1415
1637890 1414
1637900 1412
1637910 1412
1637920 1410
1637930 1409
1637940 1409
1637950 1408
1637960 1407
1637970 1407
1637980 1407
1637990 1406
1638000 1406
1638010 1406
1638020 1406
1638030 1407
1638040 1407
1638050 1407
1638060 1408
1638070 1408
1638080 1408
1638090 1409
1638100 1409
1638110 1410
1638120 1410
1638130 1410
1638140 1411
1638150 1412
1638160 1412
1638170 1413
1638180 1413
1638190 1414
1638200 1414
1638210 1414
1638220 1415
1638230 1415
1638240 1415
1638250 1415
1638260 1415
1638270 1415
1638280 1415
1638290 1415
1638300 1415
1638310 1414
1638320 1414
1638330 1414
1638340 1414
1638350 1414
1638360 1413
1638370 1413
1638380 1413
1638390 1412
1638400 1411
1638410 1410
1638420 1410
1638430 1409
1638440 1408
1638450 1408
1638460 1407
1638470 1406
1638480 1406
1638490 1404
1638500 1403
1638510 1403
1638520 1402
1638530 1400
1638540 1400
1638550 1399
1638560 1397
1638570 1397
1638580 1395
1638590 1393
1638600 1391
1638610 1391
1638620 1389
1638630 1387
1638640 1387
1638650 1385
1638660 1383
1638670 1383
1638680 1381
1638690 1379
1638700 1379
1638710 1377
1638720 1375
1638730 1375
1638740 1373
1638750 1371
1638760 1371
1638770 1370
1638780 1368
1638790 1368
1638800 1367
1638810 1365
1638820 1363
1638830 1363
1638840 1362
1638850 1360
1638860 1360
1638870 1358
1638880 1356
1638890 1356
1638900 1353
1638910 1351
1638920 1351
1638930 1349
1638940 1348
1638950 1348
1638960 1346
1638970 1344
1638980 1344
1638990 1343
1639000 1342
1639010 1340
1639020 1340
1639030 1339
1639040 1338
1639050 1338
1639060 1336
1639070 1335
1639080 1335
1639090 1333
1639100 1331
1639110 1331
1639120 1329
1639130 1327
1639140 1327
1639150 1325
1639160 1323
1639170 1323
1639180 1321
1639190 1319
1639200 1317
1639210 1317
1639220 1314
1639230 1312
1639240 1312
1639250 1311
1639260 1309
1639270 1309
1639280 1307
1639290 1305
1639300 1305
1639310 1303
1639320 1301
1639330 1301
1639340 1299
1639350 1297
1639360 1297
1639370 1295
1639380 1293
1639390 1293
1639400 1292
1639410 1290
1639420 1288
1639430 1288
1639440 1287
1639450 1285
1639460 1285
1639470 1284
1639480 1282
1639490 1282
1639500 1281
1639510 1279
1639520 1279
1639530 1277
1639540 1275
1639550 1275
1639560 1271
1639570 1269
1639580 1269
1639590 1267
1639600 1265
1639610 1263
1639620 1263
1639630 1261
1639640 1260
1639650 1260
1639660 1259
1639670 1258
1639680 1258
1639690 1256
1639700 1255
1639710 1255
1639720 1254
1639730 1253
1639740 1253
1639750 1251
1639760 1250
1639770 1250
1639780 1248
1639790 1247
1639800 1247
1639810 1245
1639820 1244
1639830 1242
1639840 1242
1639850 1240
1639860 1238
1639870 1238
1639880 1235
1639890 1233
1639900 1233
1639910 1230
1639920 1228
1639930 1228
1639940 1225
1639950 1223
1639960 1223
1639970 1221
1639980 1219
1639990 1219
