1620000 1270
1620010 1267
1620020 1264
1620030 1264
1620040 1261
1620050 1257
1620060 1252
1620070 1252
1620080 1247
1620090 1243
1620100 1243
1620110 1241
1620120 1239
1620130 1239
1620140 1236
1620150 1233
1620160 1233
1620170 1231
1620180 1228
1620190 1228
1620200 1224
1620210 1220
1620220 1220
1620230 1216
1620240 1212
1620250 1208
1620260 1208
1620270 1205
1620280 1202
1620290 1202
1620300 1201
1620310 1200
1620320 1200
1620330 1198
1620340 1197
1620350 1197
1620360 1195
1620370 1193
1620380 1193
1620390 1190
1620400 1188
1620410 1188
1620420 1186
1620430 1184
1620440 1184
1620450 1182
1620460 1179
1620470 1179
1620480 1179
1620490 1179
1620500 1180
1620510 1180
1620520 1181
1620530 1182
1620540 1182
1620550 1183
1620560 1185
1620570 1185
1620580 1187
1620590 1191
1620600 1191
1620610 1195
1620620 1199
1620630 1199
1620640 1202
1620650 1206
1620660 1210
1620670 1210
1620680 1214
1620690 1218
1620700 1218
1620710 1222
1620720 1226
1620730 1226
1620740 1229
1620750 1231
1620760 1231
1620770 1233
1620780 1237
1620790 1237
1620800 1240
1620810 1243
1620820 1243
1620830 1245
1620840 1247
1620850 1249
1620860 1249
1620870 1253
1620880 1256
1620890 1256
1620900 1259
1620910 1261
1620920 1261
1620930 1264
1620940 1266
1620950 1266
1620960 1270
1620970 1273
1620980 1273
1620990 1275
1621000 1277
1621010 1277
1621020 1280
1621030 1284
1621040 1284
1621050 1287
1621060 1289
1621070 1292
1621080 1292
1621090 1293
1621100 1296
1621110 1296
1621120 1299
1621130 1301
1621140 1301
1621150 1303
1621160 1306
1621170 1306
1621180 1309
1621190 1312
1621200 1312
1621210 1315
1621220 1318
1621230 1318
1621240 1321
1621250 1325
1621260 1328
1621270 1328
1621280 1331
1621290 1334
1621300 1334
1621310 1336
1621320 1339
1621330 1339
1621340 1341
1621350 1343
1621360 1343
1621370 1345
1621380 1347
1621390 1347
1621400 1349
1621410 1351
1621420 1351
1621430 1354
1621440 1356
1621450 1356
1621460 1358
1621470 1360
1621480 1362
1621490 1362
1621500 1364
1621510 1365
1621520 1365
1621530 1367
1621540 1369
1621550 1369
1621560 1371
1621570 1372
1621580 1372
1621590 1373
1621600 1374
1621610 1375
1621620 1377
1621630 1379
1621640 1379
1621650 1380
1621660 1382
1621670 1384
1621680 1384
1621690 1386
1621700 1388
1621710 1388
1621720 1389
1621730 1391
1621740 1391
1621750 1393
1621760 1396
1621770 1396
1621780 1398
1621790 1399
1621800 1399
1621810 1399
1621820 1400
1621830 1400
1621840 1401
1621850 1401
1621860 1401
1621870 1403
1621880 1404
1621890 1407
1621900 1407
1621910 1409
1621920 1411
1621930 1411
1621940 1413
1621950 1414
1621960 1414
1621970 1416
1621980 1418
1621990 1418
1622000 1421
1622010 1423
1622020 1423
1622030 1425
1622040 1428
1622050 1428
1622060 1431
1622070 1435
1622080 1439
1622090 1439
1622100 1442
1622110 1444
1622120 1444
1622130 1447
1622140 1449
1622150 1449
1622160 1450
1622170 1451
1622180 1451
1622190 1453
1622200 1455
1622210 1455
1622220 1457
1622230 1460
1622240 1460
1622250 1462
1622260 1464
1622270 1464
1622280 1466
1622290 1469
1622300 1471
1622310 1471
1622320 1473
1622330 1476
1622340 1476
1622350 1479
1622360 1481
1622370 1481
1622380 1484
1622390 1486
1622400 1486
1622410 1488
1622420 1491
1622430 1491
1622440 1493
1622450 1494
1622460 1494
1622470 1496
1622480 1499
1622490 1502
1622500 1502
1622510 1505
1622520 1508
1622530 1507
1622540 1510
1622550 1512
1622560 1512
1622570 1514
1622580 1515
1622590 1515
1622600 1517
1622610 1519
1622620 1519
1622630 1521
1622640 1522
1622650 1522
1622660 1524
1622670 1526
1622680 1526
1622690 1528
1622700 1530
1622710 1532
1622720 1532
1622730 1535
1622740 1537
1622750 1537
1622760 1539
1622770 1541
1622780 1541
1622790 1544
1622800 1546
1622810 1546
1622820 1548
1622830 1551
1622840 1551
1622850 1553
1622860 1556
1622870 1556
1622880 1558
1622890 1560
1622900 1562
1622910 1562
1622920 1564
1622930 1566
1622940 1566
1622950 1569
1622960 1570
1622970 1570
1622980 1572
1622990 1573
1623000 1573
1623010 1574
1623020 1576
1623030 1576
1623040 1578
1623050 1580
1623060 1580
1623070 1582
1623080 1584
1623090 1584
1623100 1586
1623110 1587
1623120 1589
1623130 1589
1623140 1591
1623150 1593
1623160 1593
1623170 1595
1623180 1597
1623190 1597
1623200 1599
1623210 1601
1623220 1601
1623230 1603
1623240 1604
1623250 1604
1623260 1606
1623270 1608
1623280 1608
1623290 1611
1623300 1613
1623310 1614
1623320 1614
1623330 1615
1623340 1617
1623350 1617
1623360 1620
1623370 1621
1623380 1621
1623390 1623
1623400 1625
1623410 1625
1623420 1626
1623430 1629
1623440 1628
1623450 1632
1623460 1635
1623470 1635
1623480 1638
1623490 1642
1623500 1642
1623510 1645
1623520 1647
1623530 1649
1623540 1649
1623550 1649
1623560 1649
1623570 1649
1623580 1649
1623590 1649
1623600 1649
1623610 1649
1623620 1650
1623630 1650
1623640 1650
1623650 1650
1623660 1650
1623670 1650
1623680 1650
1623690 1650
1623700 1651
1623710 1651
1623720 1651
1623730 1651
1623740 1651
1623750 1650
1623760 1650
1623770 1650
1623780 1651
1623790 1651
1623800 1651
1623810 1651
1623820 1651
1623830 1651
1623840 1651
1623850 1651
1623860 1650
1623870 1650
1623880 1650
1623890 1649
1623900 1648
1623910 1648
1623920 1647
1623930 1646
1623940 1645
1623950 1645
1623960 1644
1623970 1643
1623980 1643
1623990 1642
1624000 1642
1624010 1642
1624020 1641
1624030 1639
1624040 1639
1624050 1638
1624060 1638
1624070 1638
1624080 1638
1624090 1639
1624100 1639
1624110 1640
1624120 1640
1624130 1641
1624140 1641
1624150 1641
1624160 1640
1624170 1640
1624180 1640
1624190 1640
1624200 1640
1624210 1640
1624220 1639
1624230 1639
1624240 1639
1624250 1638
1624260 1638
1624270 1638
1624280 1637
1624290 1637
1624300 1636
1624310 1634
1624320 1632
1624330 1632
1624340 1629
1624350 1629
1624360 1629
1624370 1628
1624380 1627
1624390 1627
1624400 1626
1624410 1624
1624420 1624
1624430 1623
1624440 1623
1624450 1623
1624460 1620
1624470 1618
1624480 1618
1624490 1616
1624500 1615
1624510 1615
1624520 1614
1624530 1614
1624540 1615
1624550 1615
1624560 1615
1624570 1615
1624580 1615
1624590 1614
1624600 1614
1624610 1614
1624620 1614
1624630 1614
1624640 1614
1624650 1613
1624660 1613
1624670 1613
1624680 1613
1624690 1614
1624700 1614
1624710 1614
1624720 1614
1624730 1613
1624740 1613
1624750 1610
1624760 1608
1624770 1608
1624780 1606
1624790 1605
1624800 1605
1624810 1604
1624820 1605
1624830 1605
1624840 1605
1624850 1606
1624860 1606
1624870 1606
1624880 1607
1624890 1607
1624900 1608
1624910 1609
1624920 1609
1624930 1609
1624940 1608
1624950 1609
1624960 1609
1624970 1610
1624980 1609
1624990 1609
1625000 1608
1625010 1607
1625020 1607
1625030 1607
1625040 1606
1625050 1606
1625060 1606
1625070 1606
1625080 1606
1625090 1607
1625100 1609
1625110 1609
1625120 1611
1625130 1612
1625140 1613
1625150 1613
1625160 1615
1625170 1616
1625180 1616
1625190 1617
1625200 1619
1625210 1619
1625220 1621
1625230 1624
1625240 1624
1625250 1627
1625260 1632
1625270 1632
1625280 1634
1625290 1636
1625300 1636
1625310 1638
1625320 1640
1625330 1640
1625340 1641
1625350 1642
1625360 1643
1625370 1643
1625380 1643
1625390 1644
1625400 1644
1625410 1645
1625420 1646
1625430 1646
1625440 1647
1625450 1646
1625460 1646
1625470 1645
1625480 1647
1625490 1647
1625500 1650
1625510 1652
1625520 1652
1625530 1654
1625540 1656
1625550 1658
1625560 1658
1625570 1660
1625580 1663
1625590 1663
1625600 1666
1625610 1669
1625620 1669
1625630 1671
1625640 1673
1625650 1673
1625660 1674
1625670 1677
1625680 1677
1625690 1678
1625700 1680
1625710 1680
1625720 1682
1625730 1684
1625740 1684
1625750 1686
1625760 1688
1625770 1690
1625780 1690
1625790 1692
1625800 1695
1625810 1695
1625820 1698
1625830 1700
1625840 1700
1625850 1702
1625860 1704
1625870 1704
1625880 1706
1625890 1706
1625900 1706
1625910 1706
1625920 1709
1625930 1709
1625940 1711
1625950 1714
1625960 1715
1625970 1715
1625980 1717
1625990 1718
1626000 1718
1626010 1718
1626020 1718
1626030 1718
1626040 1718
1626050 1719
1626060 1719
1626070 1720
1626080 1721
1626090 1721
1626100 1721
1626110 1722
1626120 1722
1626130 1723
1626140 1724
1626150 1728
1626160 1728
1626170 1728
1626180 1728
1626190 1728
1626200 1729
1626210 1731
1626220 1731
1626230 1732
1626240 1734
1626250 1734
1626260 1735
1626270 1735
1626280 1735
1626290 1736
1626300 1737
1626310 1737
1626320 1738
1626330 1738
1626340 1738
1626350 1740
1626360 1742
1626370 1743
1626380 1743
1626390 1744
1626400 1744
1626410 1744
1626420 1744
1626430 1744
1626440 1744
1626450 1744
1626460 1744
1626470 1744
1626480 1744
1626490 1744
1626500 1744
1626510 1742
1626520 1742
1626530 1742
1626540 1743
1626550 1744
1626560 1744
1626570 1743
1626580 1742
1626590 1740
1626600 1740
1626610 1741
1626620 1744
1626630 1744
1626640 1747
1626650 1749
1626660 1749
1626670 1752
1626680 1755
1626690 1755
1626700 1757
1626710 1759
1626720 1759
1626730 1761
1626740 1762
1626750 1762
1626760 1764
1626770 1769
1626780 1774
1626790 1774
1626800 1778
1626810 1782
1626820 1782
1626830 1785
1626840 1789
1626850 1789
1626860 1792
1626870 1793
1626880 1793
1626890 1794
1626900 1795
1626910 1795
1626920 1798
1626930 1802
1626940 1802
1626950 1805
1626960 1808
1626970 1808
1626980 1811
1626990 1815
1627000 1818
1627010 1818
1627020 1821
1627030 1823
1627040 1823
1627050 1829
1627060 1832
1627070 1832
1627080 1834
1627090 1836
1627100 1836
1627110 1838
1627120 1840
1627130 1840
1627140 1841
1627150 1842
1627160 1842
1627170 1844
1627180 1845
1627190 1846
1627200 1846
1627210 1847
1627220 1848
1627230 1848
1627240 1849
1627250 1850
1627260 1850
1627270 1850
1627280 1850
1627290 1850
1627300 1849
1627310 1848
1627320 1848
1627330 1847
1627340 1846
1627350 1846
1627360 1845
1627370 1843
1627380 1843
1627390 1840
1627400 1836
1627410 1834
1627420 1834
1627430 1832
1627440 1830
1627450 1830
1627460 1828
1627470 1826
1627480 1826
1627490 1825
1627500 1823
1627510 1823
1627520 1821
1627530 1819
1627540 1819
1627550 1817
1627560 1815
1627570 1815
1627580 1812
1627590 1810
1627600 1808
1627610 1808
1627620 1806
1627630 1804
1627640 1804
1627650 1802
1627660 1800
1627670 1800
1627680 1798
1627690 1795
1627700 1795
1627710 1792
1627720 1790
1627730 1790
1627740 1787
1627750 1785
1627760 1785
1627770 1783
1627780 1781
1627790 1781
1627800 1779
1627810 1777
1627820 1774
1627830 1774
1627840 1771
1627850 1769
1627860 1769
1627870 1767
1627880 1765
1627890 1765
1627900 1763
1627910 1760
1627920 1760
1627930 1757
1627940 1755
1627950 1755
1627960 1753
1627970 1750
1627980 1750
1627990 1747
1628000 1744
1628010 1740
1628020 1740
1628030 1739
1628040 1738
1628050 1738
1628060 1737
1628070 1736
1628080 1736
1628090 1733
1628100 1731
1628110 1731
1628120 1729
1628130 1727
1628140 1727
1628150 1725
1628160 1723
1628170 1723
1628180 1721
1628190 1719
1628200 1717
1628210 1717
1628220 1714
1628230 1711
1628240 1711
1628250 1710
1628260 1708
1628270 1708
1628280 1706
1628290 1705
1628300 1705
1628310 1704
1628320 1702
1628330 1702
1628340 1699
1628350 1697
1628360 1697
1628370 1694
1628380 1691
1628390 1691
1628400 1689
1628410 1688
1628420 1686
1628430 1686
1628440 1685
1628450 1683
1628460 1683
1628470 1680
1628480 1677
1628490 1677
1628500 1674
1628510 1671
1628520 1671
1628530 1669
1628540 1666
1628550 1666
1628560 1662
1628570 1658
1628580 1658
1628590 1657
1628600 1659
1628610 1660
1628620 1660
1628630 1659
1628640 1660
1628650 1660
1628660 1661
1628670 1661
1628680 1661
1628690 1660
1628700 1659
1628710 1659
1628720 1659
1628730 1659
1628740 1659
1628750 1658
1628760 1657
1628770 1657
1628780 1656
1628790 1655
1628800 1655
1628810 1653
1628820 1651
1628830 1649
1628840 1649
1628850 1647
1628860 1645
1628870 1645
1628880 1642
1628890 1639
1628900 1639
1628910 1636
1628920 1633
1628930 1633
1628940 1630
1628950 1628
1628960 1628
1628970 1626
1628980 1625
1628990 1625
1629000 1624
1629010 1623
1629020 1622
1629030 1622
1629040 1621
1629050 1620
1629060 1620
1629070 1619
1629080 1617
1629090 1617
1629100 1615
1629110 1614
1629120 1614
1629130 1612
1629140 1611
1629150 1611
1629160 1610
1629170 1609
1629180 1609
1629190 1608
1629200 1607
1629210 1607
1629220 1606
1629230 1606
1629240 1604
1629250 1604
1629260 1601
1629270 1599
1629280 1599
1629290 1597
1629300 1595
1629310 1595
1629320 1593
1629330 1589
1629340 1589
1629350 1586
1629360 1583
1629370 1583
1629380 1581
1629390 1578
1629400 1578
1629410 1576
1629420 1574
1629430 1572
1629440 1572
1629450 1571
1629460 1569
1629470 1569
1629480 1568
1629490 1566
1629500 1566
1629510 1565
1629520 1564
1629530 1564
1629540 1564
1629550 1563
1629560 1563
1629570 1563
1629580 1564
1629590 1564
1629600 1566
1629610 1566
1629620 1566
1629630 1566
1629640 1566
1629650 1567
1629660 1567
1629670 1568
1629680 1569
1629690 1567
1629700 1567
1629710 1567
1629720 1567
1629730 1567
1629740 1566
1629750 1566
1629760 1564
1629770 1563
1629780 1563
1629790 1563
1629800 1564
1629810 1564
1629820 1566
1629830 1569
1629840 1570
1629850 1570
1629860 1571
1629870 1572
1629880 1572
1629890 1573
1629900 1574
1629910 1574
1629920 1574
1629930 1574
1629940 1574
1629950 1575
1629960 1575
1629970 1575
1629980 1575
1629990 1574
1630000 1574
1630010 1573
1630020 1572
1630030 1572
1630040 1571
1630050 1570
1630060 1568
1630070 1568
1630080 1567
1630090 1565
1630100 1565
1630110 1564
1630120 1562
1630130 1562
1630140 1561
1630150 1559
1630160 1559
1630170 1556
1630180 1553
1630190 1553
1630200 1551
1630210 1549
1630220 1549
1630230 1547
1630240 1544
1630250 1542
1630260 1542
1630270 1539
1630280 1536
1630290 1536
1630300 1534
1630310 1535
1630320 1535
1630330 1537
1630340 1537
1630350 1537
1630360 1536
1630370 1537
1630380 1537
1630390 1537
1630400 1538
1630410 1538
1630420 1539
1630430 1540
1630440 1540
1630450 1541
1630460 1542
1630470 1543
1630480 1543
1630490 1543
1630500 1544
1630510 1544
1630520 1545
1630530 1547
1630540 1547
1630550 1548
1630560 1547
1630570 1547
1630580 1548
1630590 1547
1630600 1547
1630610 1548
1630620 1548
1630630 1548
1630640 1549
1630650 1549
1630660 1550
1630670 1550
1630680 1549
1630690 1550
1630700 1550
1630710 1551
1630720 1552
1630730 1552
1630740 1553
1630750 1555
1630760 1555
1630770 1556
1630780 1557
1630790 1557
1630800 1558
1630810 1559
1630820 1559
1630830 1560
1630840 1560
1630850 1560
1630860 1561
1630870 1561
1630880 1561
1630890 1561
1630900 1562
1630910 1563
1630920 1563
1630930 1564
1630940 1565
1630950 1565
1630960 1565
1630970 1565
1630980 1565
1630990 1566
1631000 1568
1631010 1568
1631020 1569
1631030 1571
1631040 1571
1631050 1573
1631060 1574
1631070 1575
1631080 1575
1631090 1577
1631100 1580
1631110 1580
1631120 1582
1631130 1585
1631140 1585
1631150 1587
1631160 1589
1631170 1589
1631180 1591
1631190 1593
1631200 1593
1631210 1595
1631220 1597
1631230 1597
1631240 1598
1631250 1600
1631260 1600
1631270 1602
1631280 1603
1631290 1603
1631300 1603
1631310 1603
1631320 1602
1631330 1602
1631340 1602
1631350 1602
1631360 1602
1631370 1602
1631380 1602
1631390 1602
1631400 1602
1631410 1601
1631420 1599
1631430 1598
1631440 1596
1631450 1596
1631460 1596
1631470 1595
1631480 1593
1631490 1593
1631500 1591
1631510 1588
1631520 1588
1631530 1585
1631540 1581
1631550 1581
1631560 1576
1631570 1572
1631580 1572
1631590 1567
1631600 1561
1631610 1561
1631620 1555
1631630 1550
1631640 1550
1631650 1546
1631660 1545
1631670 1545
1631680 1541
1631690 1536
1631700 1533
1631710 1533
1631720 1532
1631730 1530
1631740 1530
1631750 1526
1631760 1520
1631770 1520
1631780 1515
1631790 1510
1631800 1510
1631810 1506
1631820 1503
1631830 1503
1631840 1500
1631850 1498
1631860 1498
1631870 1496
1631880 1496
1631890 1495
1631900 1495
1631910 1493
1631920 1492
1631930 1492
1631940 1491
1631950 1489
1631960 1489
1631970 1487
1631980 1485
1631990 1485
1632000 1483
1632010 1479
1632020 1479
1632030 1477
1632040 1475
1632050 1475
1632060 1472
1632070 1470
1632080 1467
1632090 1467
1632100 1465
1632110 1463
1632120 1463
1632130 1462
1632140 1459
1632150 1459
1632160 1456
1632170 1453
1632180 1453
1632190 1450
1632200 1448
1632210 1448
1632220 1445
1632230 1442
1632240 1442
1632250 1437
1632260 1433
1632270 1433
1632280 1432
1632290 1430
1632300 1426
1632310 1426
1632320 1424
1632330 1423
1632340 1423
1632350 1422
1632360 1421
1632370 1421
1632380 1419
1632390 1417
1632400 1417
1632410 1415
1632420 1416
1632430 1416
1632440 1417
1632450 1417
1632460 1417
1632470 1416
1632480 1417
1632490 1417
1632500 1417
1632510 1414
1632520 1411
1632530 1411
1632540 1411
1632550 1411
1632560 1411
1632570 1410
1632580 1410
1632590 1410
1632600 1409
1632610 1409
1632620 1409
1632630 1410
1632640 1412
1632650 1412
1632660 1413
1632670 1413
1632680 1413
1632690 1413
1632700 1413
1632710 1412
1632720 1412
1632730 1410
1632740 1407
1632750 1407
1632760 1406
1632770 1405
1632780 1405
1632790 1404
1632800 1404
1632810 1404
1632820 1401
1632830 1396
1632840 1396
1632850 1390
1632860 1385
1632870 1385
1632880 1384
1632890 1384
1632900 1385
1632910 1385
1632920 1386
1632930 1388
1632940 1388
1632950 1389
1632960 1393
1632970 1393
1632980 1394
1632990 1395
1633000 1395
1633010 1393
1633020 1392
1633030 1392
1633040 1392
1633050 1393
1633060 1393
1633070 1394
1633080 1394
1633090 1394
1633100 1396
1633110 1397
1633120 1398
1633130 1398
1633140 1404
1633150 1408
1633160 1408
1633170 1411
1633180 1412
1633190 1412
1633200 1413
1633210 1413
1633220 1413
1633230 1412
1633240 1411
1633250 1411
1633260 1408
1633270 1407
1633280 1407
1633290 1406
1633300 1404
1633310 1403
1633320 1403
1633330 1404
1633340 1403
1633350 1403
1633360 1401
1633370 1401
1633380 1401
1633390 1400
1633400 1400
1633410 1400
1633420 1401
1633430 1402
1633440 1402
1633450 1405
1633460 1407
1633470 1407
1633480 1407
1633490 1406
1633500 1406
1633510 1405
1633520 1402
1633530 1402
1633540 1402
1633550 1401
1633560 1399
1633570 1399
1633580 1397
1633590 1397
1633600 1397
1633610 1399
1633620 1400
1633630 1400
1633640 1399
1633650 1398
1633660 1398
1633670 1399
1633680 1399
1633690 1399
1633700 1400
1633710 1401
1633720 1402
1633730 1402
1633740 1404
1633750 1406
1633760 1406
1633770 1407
1633780 1409
1633790 1409
1633800 1412
1633810 1415
1633820 1415
1633830 1417
1633840 1419
1633850 1419
1633860 1422
1633870 1426
1633880 1426
1633890 1431
1633900 1435
1633910 1435
1633920 1440
1633930 1443
1633940 1445
1633950 1445
1633960 1448
1633970 1450
1633980 1450
1633990 1454
1634000 1453
1634010 1453
1634020 1453
1634030 1453
1634040 1453
1634050 1452
1634060 1450
1634070 1450
1634080 1448
1634090 1447
1634100 1447
1634110 1445
1634120 1442
1634130 1440
1634140 1440
1634150 1438
1634160 1437
1634170 1437
1634180 1436
1634190 1436
1634200 1436
1634210 1435
1634220 1436
1634230 1436
1634240 1436
1634250 1437
1634260 1437
1634270 1438
1634280 1438
1634290 1438
1634300 1437
1634310 1437
1634320 1437
1634330 1437
1634340 1437
1634350 1438
1634360 1438
1634370 1438
1634380 1437
1634390 1437
1634400 1436
1634410 1436
1634420 1436
1634430 1435
1634440 1435
1634450 1435
1634460 1435
1634470 1435
1634480 1435
1634490 1434
1634500 1433
1634510 1433
1634520 1431
1634530 1430
1634540 1430
1634550 1430
1634560 1429
1634570 1427
1634580 1427
1634590 1427
1634600 1427
1634610 1427
1634620 1425
1634630 1423
1634640 1423
1634650 1421
1634660 1419
1634670 1419
1634680 1416
1634690 1414
1634700 1414
1634710 1413
1634720 1411
1634730 1411
1634740 1409
1634750 1407
1634760 1406
1634770 1406
1634780 1404
1634790 1403
1634800 1403
1634810 1401
1634820 1399
1634830 1399
1634840 1398
1634850 1397
1634860 1397
1634870 1394
1634880 1390
1634890 1390
1634900 1386
1634910 1382
1634920 1382
1634930 1378
1634940 1374
1634950 1372
1634960 1372
1634970 1368
1634980 1364
1634990 1364
1635000 1359
1635010 1355
1635020 1355
1635030 1351
1635040 1347
1635050 1347
1635060 1343
1635070 1339
1635080 1339
1635090 1335
1635100 1331
1635110 1331
1635120 1326
1635130 1321
1635140 1321
1635150 1316
1635160 1311
1635170 1305
1635180 1305
1635190 1299
1635200 1293
1635210 1293
1635220 1286
1635230 1280
1635240 1280
1635250 1275
1635260 1271
1635270 1271
1635280 1267
1635290 1264
1635300 1264
1635310 1261
1635320 1258
1635330 1258
1635340 1256
1635350 1253
1635360 1247
1635370 1247
1635380 1242
1635390 1236
1635400 1236
1635410 1229
1635420 1226
1635430 1226
1635440 1221
1635450 1217
1635460 1217
1635470 1212
1635480 1207
1635490 1207
1635500 1201
1635510 1195
1635520 1195
1635530 1190
1635540 1186
1635550 1186
1635560 1181
1635570 1176
1635580 1170
1635590 1170
1635600 1165
1635610 1162
1635620 1162
1635630 1159
1635640 1158
1635650 1158
1635660 1158
1635670 1158
1635680 1152
1635690 1151
1635700 1150
1635710 1150
1635720 1147
1635730 1142
1635740 1142
1635750 1137
1635760 1133
1635770 1129
1635780 1129
1635790 1126
1635800 1121
1635810 1121
1635820 1116
1635830 1110
1635840 1110
1635850 1106
1635860 1098
1635870 1098
1635880 1092
1635890 1086
1635900 1086
1635910 1080
1635920 1074
1635930 1074
1635940 1069
1635950 1064
1635960 1064
1635970 1059
1635980 1053
1635990 1048
1636000 1048
1636010 1043
1636020 1037
1636030 1037
1636040 1032
1636050 1031
1636060 1031
1636070 1032
1636080 1030
1636090 1030
1636100 1025
1636110 1020
1636120 1020
1636130 1017
1636140 1015
1636150 1015
1636160 1013
1636170 1012
1636180 1012
1636190 1012
1636200 1011
1636210 1010
1636220 1010
1636230 1010
1636240 1012
1636250 1012
1636260 1015
1636270 1015
1636280 1015
1636290 1012
1636300 1008
1636310 1008
1636320 1006
1636330 1004
1636340 1004
1636350 1003
1636360 1003
1636370 1003
1636380 1002
1636390 1002
1636400 1002
1636410 1002
1636420 1002
1636430 1003
1636440 1003
1636450 1003
1636460 1006
1636470 1006
1636480 1008
1636490 1011
1636500 1011
1636510 1013
1636520 1010
1636530 1010
1636540 1015
1636550 1021
1636560 1021
1636570 1026
1636580 1031
1636590 1032
1636600 1032
1636610 1030
1636620 1028
1636630 1028
1636640 1029
1636650 1032
1636660 1032
1636670 1038
1636680 1045
1636690 1045
1636700 1052
1636710 1058
1636720 1058
1636730 1063
1636740 1067
1636750 1067
1636760 1072
1636770 1077
1636780 1077
1636790 1081
1636800 1084
1636810 1088
1636820 1088
1636830 1090
1636840 1093
1636850 1093
1636860 1095
1636870 1099
1636880 1099
1636890 1102
1636900 1106
1636910 1106
1636920 1109
1636930 1112
1636940 1112
1636950 1115
1636960 1117
1636970 1117
1636980 1120
1636990 1123
1637000 1126
1637010 1126
1637020 1128
1637030 1131
1637040 1131
1637050 1134
1637060 1138
1637070 1138
1637080 1142
1637090 1145
1637100 1145
1637110 1148
1637120 1150
1637130 1150
1637140 1153
1637150 1156
1637160 1156
1637170 1158
1637180 1159
1637190 1161
1637200 1161
1637210 1163
1637220 1164
1637230 1164
1637240 1165
1637250 1166
1637260 1166
1637270 1167
1637280 1167
1637290 1167
1637300 1166
1637310 1164
1637320 1164
1637330 1163
1637340 1161
1637350 1157
1637360 1156
1637370 1156
1637380 1156
1637390 1156
1637400 1155
1637410 1154
1637420 1154
1637430 1154
1637440 1154
1637450 1154
1637460 1153
1637470 1151
1637480 1151
1637490 1150
1637500 1150
1637510 1150
1637520 1150
1637530 1149
1637540 1149
1637550 1148
1637560 1147
1637570 1147
1637580 1146
1637590 1145
1637600 1143
1637610 1143
1637620 1139
1637630 1142
1637640 1142
1637650 1147
1637660 1151
1637670 1151
1637680 1155
1637690 1160
1637700 1160
1637710 1164
1637720 1169
1637730 1169
1637740 1172
1637750 1177
1637760 1177
1637770 1180
1637780 1185
1637790 1185
1637800 1189
1637810 1193
1637820 1198
1637830 1198
1637840 1202
1637850 1204
1637860 1204
1637870 1207
1637880 1210
1637890 1210
1637900 1212
1637910 1215
1637920 1215
1637930 1217
1637940 1219
1637950 1219
1637960 1221
1637970 1223
1637980 1223
1637990 1225
1638000 1226
1638010 1228
1638020 1228
1638030 1229
1638040 1229
1638050 1229
1638060 1230
1638070 1230
1638080 1230
1638090 1229
1638100 1229
1638110 1229
1638120 1229
1638130 1230
1638140 1230
1638150 1230
1638160 1232
1638170 1232
1638180 1231
1638190 1234
1638200 1234
1638210 1237
1638220 1239
1638230 1241
1638240 1241
1638250 1244
1638260 1247
1638270 1247
1638280 1251
1638290 1254
1638300 1254
1638310 1257
1638320 1260
1638330 1260
1638340 1263
1638350 1265
1638360 1265
1638370 1268
1638380 1270
1638390 1270
1638400 1271
1638410 1272
1638420 1273
1638430 1273
1638440 1274
1638450 1274
1638460 1274
1638470 1275
1638480 1275
1638490 1275
1638500 1275
1638510 1275
1638520 1275
1638530 1274
1638540 1274
1638550 1274
1638560 1273
1638570 1273
1638580 1273
1638590 1271
1638600 1270
1638610 1270
1638620 1269
1638630 1268
1638640 1266
1638650 1266
1638660 1265
1638670 1263
1638680 1263
1638690 1262
1638700 1260
1638710 1260
1638720 1258
1638730 1256
1638740 1256
1638750 1255
1638760 1253
1638770 1253
1638780 1251
1638790 1250
1638800 1250
1638810 1248
1638820 1247
1638830 1246
1638840 1246
1638850 1245
1638860 1244
1638870 1244
1638880 1244
1638890 1243
1638900 1243
1638910 1242
1638920 1241
1638930 1241
1638940 1240
1638950 1238
1638960 1238
1638970 1237
1638980 1235
1638990 1235
1639000 1232
1639010 1230
1639020 1230
1639030 1229
1639040 1228
1639050 1227
1639060 1227
1639070 1227
1639080 1226
1639090 1226
1639100 1225
1639110 1225
1639120 1225
1639130 1224
1639140 1224
1639150 1224
1639160 1223
1639170 1223
1639180 1223
1639190 1222
1639200 1220
1639210 1220
1639220 1218
1639230 1216
1639240 1213
1639250 1213
1639260 1212
1639270 1210
1639280 1210
1639290 1208
1639300 1206
1639310 1206
1639320 1203
1639330 1201
1639340 1201
1639350 1199
1639360 1198
1639370 1198
1639380 1196
1639390 1195
1639400 1195
1639410 1194
1639420 1193
1639430 1193
1639440 1192
1639450 1191
1639460 1190
1639470 1190
1639480 1188
1639490 1187
1639500 1187
1639510 1186
1639520 1185
1639530 1185
1639540 1183
1639550 1182
1639560 1182
1639570 1181
1639580 1180
1639590 1180
1639600 1178
1639610 1177
1639620 1177
1639630 1176
1639640 1174
1639650 1173
1639660 1173
1639670 1171
1639680 1169
1639690 1169
1639700 1168
1639710 1166
1639720 1166
1639730 1164
1639740 1162
1639750 1162
1639760 1161
1639770 1159
1639780 1159
1639790 1156
1639800 1153
1639810 1153
1639820 1150
1639830 1149
1639840 1149
1639850 1147
1639860 1146
1639870 1145
1639880 1145
1639890 1144
1639900 1143
1639910 1143
1639920 1142
1639930 1141
1639940 1141
1639950 1140
1639960 1139
1639970 1139
1639980 1139
1639990 1138
