1620000 1349
1620010 1349
1620020 1347
1620030 1345
1620040 1345
1620050 1342
1620060 1340
1620070 1340
1620080 1338
1620090 1335
1620100 1335
1620110 1332
1620120 1329
1620130 1326
1620140 1326
1620150 1324
1620160 1322
1620170 1322
1620180 1320
1620190 1317
1620200 1317
1620210 1315
1620220 1313
1620230 1313
1620240 1312
1620250 1310
1620260 1310
1620270 1308
1620280 1306
1620290 1306
1620300 1303
1620310 1298
1620320 1298
1620330 1293
1620340 1290
1620350 1286
1620360 1286
1620370 1281
1620380 1277
1620390 1277
1620400 1275
1620410 1274
1620420 1274
1620430 1271
1620440 1268
1620450 1268
1620460 1264
1620470 1261
1620480 1261
1620490 1259
1620500 1257
1620510 1257
1620520 1255
1620530 1255
1620540 1254
1620550 1254
1620560 1254
1620570 1256
1620580 1256
1620590 1256
1620600 1257
1620610 1257
1620620 1257
1620630 1257
1620640 1257
1620650 1254
1620660 1249
1620670 1249
1620680 1245
1620690 1240
1620700 1240
1620710 1237
1620720 1234
1620730 1234
1620740 1232
1620750 1232
1620760 1232
1620770 1232
1620780 1233
1620790 1234
1620800 1234
1620810 1233
1620820 1230
1620830 1230
1620840 1236
1620850 1242
1620860 1242
1620870 1246
1620880 1248
1620890 1248
1620900 1249
1620910 1250
1620920 1255
1620930 1256
1620940 1256
1620950 1256
1620960 1256
1620970 1256
1620980 1256
1620990 1256
1621000 1257
1621010 1258
1621020 1258
1621030 1259
1621040 1261
1621050 1261
1621060 1262
1621070 1263
1621080 1263
1621090 1262
1621100 1261
1621110 1261
1621120 1263
1621130 1267
1621140 1267
1621150 1272
1621160 1276
1621170 1282
1621180 1282
1621190 1287
1621200 1293
1621210 1293
1621220 1297
1621230 1301
1621240 1301
1621250 1304
1621260 1306
1621270 1306
1621280 1307
1621290 1309
1621300 1309
1621310 1310
1621320 1311
1621330 1311
1621340 1309
1621350 1310
1621360 1310
1621370 1310
1621380 1310
1621390 1308
1621400 1308
1621410 1304
1621420 1301
1621430 1301
1621440 1300
1621450 1301
1621460 1301
1621470 1301
1621480 1304
1621490 1304
1621500 1306
1621510 1307
1621520 1307
1621530 1308
1621540 1310
1621550 1310
1621560 1312
1621570 1315
1621580 1316
1621590 1316
1621600 1316
1621610 1317
1621620 1317
1621630 1319
1621640 1319
1621650 1319
1621660 1318
1621670 1316
1621680 1316
1621690 1315
1621700 1314
1621710 1314
1621720 1313
1621730 1311
1621740 1311
1621750 1307
1621760 1303
1621770 1301
1621780 1301
1621790 1303
1621800 1308
1621810 1308
1621820 1313
1621830 1317
1621840 1318
1621850 1321
1621860 1325
1621870 1325
1621880 1328
1621890 1332
1621900 1332
1621910 1336
1621920 1339
1621930 1339
1621940 1342
1621950 1346
1621960 1346
1621970 1349
1621980 1350
1621990 1351
1622000 1351
1622010 1352
1622020 1352
1622030 1352
1622040 1353
1622050 1354
1622060 1354
1622070 1355
1622080 1357
1622090 1357
1622100 1358
1622110 1359
1622120 1359
1622130 1360
1622140 1361
1622150 1361
1622160 1362
1622170 1363
1622180 1364
1622190 1364
1622200 1364
1622210 1365
1622220 1365
1622230 1365
1622240 1365
1622250 1365
1622260 1365
1622270 1365
1622280 1365
1622290 1365
1622300 1366
1622310 1366
1622320 1367
1622330 1368
1622340 1368
1622350 1371
1622360 1374
1622370 1374
1622380 1377
1622390 1379
1622400 1380
1622410 1380
1622420 1380
1622430 1382
1622440 1382
1622450 1384
1622460 1385
1622470 1385
1622480 1386
1622490 1387
1622500 1387
1622510 1386
1622520 1383
1622530 1383
1622540 1379
1622550 1383
1622560 1383
1622570 1389
1622580 1394
1622590 1398
1622600 1398
1622610 1402
1622620 1405
1622630 1405
1622640 1408
1622650 1410
1622660 1410
1622670 1411
1622680 1412
1622690 1412
1622700 1415
1622710 1418
1622720 1418
1622730 1422
1622740 1426
1622750 1426
1622760 1432
1622770 1435
1622780 1435
1622790 1439
1622800 1443
1622810 1448
1622820 1448
1622830 1452
1622840 1455
1622850 1455
1622860 1457
1622870 1460
1622880 1460
1622890 1465
1622900 1470
1622910 1470
1622920 1474
1622930 1478
1622940 1478
1622950 1483
1622960 1488
1622970 1488
1622980 1492
1622990 1494
1623000 1496
1623010 1496
1623020 1500
1623030 1504
1623040 1504
1623050 1510
1623060 1514
1623070 1514
1623080 1518
1623090 1521
1623100 1521
1623110 1524
1623120 1526
1623130 1526
1623140 1528
1623150 1531
1623160 1531
1623170 1536
1623180 1539
1623190 1539
1623200 1542
1623210 1544
1623220 1546
1623230 1546
1623240 1548
1623250 1552
1623260 1552
1623270 1554
1623280 1557
1623290 1557
1623300 1560
1623310 1564
1623320 1564
1623330 1568
1623340 1572
1623350 1572
1623360 1576
1623370 1579
1623380 1579
1623390 1581
1623400 1584
1623410 1586
1623420 1586
1623430 1589
1623440 1592
1623450 1592
1623460 1596
1623470 1600
1623480 1600
1623490 1605
1623500 1608
1623510 1608
1623520 1611
1623530 1613
1623540 1613
1623550 1616
1623560 1620
1623570 1620
1623580 1624
1623590 1627
1623600 1627
1623610 1630
1623620 1634
1623630 1635
1623640 1635
1623650 1638
1623660 1642
1623670 1642
1623680 1645
1623690 1648
1623700 1648
1623710 1649
1623720 1651
1623730 1651
1623740 1654
1623750 1655
1623760 1655
1623770 1658
1623780 1660
1623790 1660
1623800 1663
1623810 1667
1623820 1671
1623830 1671
1623840 1674
1623850 1677
1623860 1677
1623870 1678
1623880 1680
1623890 1680
1623900 1683
1623910 1687
1623920 1687
1623930 1691
1623940 1695
1623950 1695
1623960 1698
1623970 1700
1623980 1700
1623990 1703
1624000 1705
1624010 1705
1624020 1708
1624030 1710
1624040 1712
1624050 1712
1624060 1715
1624070 1717
1624080 1717
1624090 1720
1624100 1723
1624110 1723
1624120 1727
1624130 1730
1624140 1730
1624150 1734
1624160 1738
1624170 1738
1624180 1741
1624190 1743
1624200 1743
1624210 1747
1624220 1749
1624230 1751
1624240 1751
1624250 1753
1624260 1755
1624270 1755
1624280 1756
1624290 1757
1624300 1757
1624310 1759
1624320 1759
1624330 1759
1624340 1761
1624350 1764
1624360 1764
1624370 1767
1624380 1770
1624390 1770
1624400 1772
1624410 1773
1624420 1773
1624430 1773
1624440 1774
1624450 1774
1624460 1774
1624470 1775
1624480 1775
1624490 1775
1624500 1775
1624510 1775
1624520 1775
1624530 1775
1624540 1774
1624550 1774
1624560 1774
1624570 1774
1624580 1777
1624590 1776
1624600 1775
1624610 1775
1624620 1774
1624630 1773
1624640 1770
1624650 1770
1624660 1767
1624670 1764
1624680 1764
1624690 1762
1624700 1760
1624710 1760
1624720 1758
1624730 1756
1624740 1756
1624750 1754
1624760 1753
1624770 1753
1624780 1752
1624790 1750
1624800 1750
1624810 1749
1624820 1748
1624830 1748
1624840 1747
1624850 1745
1624860 1744
1624870 1744
1624880 1744
1624890 1745
1624900 1745
1624910 1745
1624920 1745
1624930 1745
1624940 1746
1624950 1747
1624960 1747
1624970 1747
1624980 1749
1624990 1749
1625000 1750
1625010 1752
1625020 1752
1625030 1754
1625040 1756
1625050 1758
1625060 1758
1625070 1761
1625080 1764
1625090 1764
1625100 1768
1625110 1770
1625120 1770
1625130 1772
1625140 1774
1625150 1774
1625160 1776
1625170 1778
1625180 1778
1625190 1780
1625200 1781
1625210 1781
1625220 1783
1625230 1784
1625240 1784
1625250 1786
1625260 1787
1625270 1789
1625280 1789
1625290 1791
1625300 1792
1625310 1792
1625320 1794
1625330 1796
1625340 1796
1625350 1798
1625360 1799
1625370 1799
1625380 1801
1625390 1802
1625400 1802
1625410 1804
1625420 1805
1625430 1805
1625440 1806
1625450 1807
1625460 1807
1625470 1807
1625480 1807
1625490 1810
1625500 1810
1625510 1810
1625520 1811
1625530 1811
1625540 1811
1625550 1811
1625560 1811
1625570 1810
1625580 1809
1625590 1809
1625600 1808
1625610 1807
1625620 1807
1625630 1806
1625640 1806
1625650 1806
1625660 1806
1625670 1806
1625680 1806
1625690 1806
1625700 1805
1625710 1804
1625720 1804
1625730 1802
1625740 1800
1625750 1800
1625760 1800
1625770 1799
1625780 1799
1625790 1797
1625800 1796
1625810 1796
1625820 1795
1625830 1793
1625840 1793
1625850 1792
1625860 1791
1625870 1790
1625880 1790
1625890 1789
1625900 1788
1625910 1788
1625920 1787
1625930 1786
1625940 1786
1625950 1786
1625960 1786
1625970 1786
1625980 1785
1625990 1785
1626000 1785
1626010 1785
1626020 1785
1626030 1785
1626040 1784
1626050 1782
1626060 1782
1626070 1781
1626080 1779
1626090 1778
1626100 1778
1626110 1778
1626120 1779
1626130 1779
1626140 1779
1626150 1780
1626160 1780
1626170 1781
1626180 1781
1626190 1781
1626200 1782
1626210 1783
1626220 1783
1626230 1783
1626240 1782
1626250 1782
1626260 1783
1626270 1784
1626280 1786
1626290 1786
1626300 1788
1626310 1788
1626320 1788
1626330 1788
1626340 1789
1626350 1789
1626360 1789
1626370 1790
1626380 1787
1626390 1788
1626400 1788
1626410 1788
1626420 1789
1626430 1789
1626440 1789
1626450 1788
1626460 1788
1626470 1788
1626480 1788
1626490 1787
1626500 1786
1626510 1786
1626520 1786
1626530 1786
1626540 1786
1626550 1787
1626560 1788
1626570 1788
1626580 1789
1626590 1789
1626600 1789
1626610 1789
1626620 1789
1626630 1789
1626640 1787
1626650 1788
1626660 1788
1626670 1788
1626680 1788
1626690 1789
1626700 1789
1626710 1790
1626720 1791
1626730 1791
1626740 1792
1626750 1792
1626760 1792
1626770 1792
1626780 1792
1626790 1792
1626800 1793
1626810 1794
1626820 1794
1626830 1796
1626840 1796
1626850 1796
1626860 1796
1626870 1798
1626880 1798
1626890 1799
1626900 1800
1626910 1801
1626920 1801
1626930 1802
1626940 1805
1626950 1805
1626960 1808
1626970 1810
1626980 1810
1626990 1811
1627000 1813
1627010 1813
1627020 1813
1627030 1813
1627040 1813
1627050 1814
1627060 1813
1627070 1813
1627080 1813
1627090 1813
1627100 1812
1627110 1812
1627120 1810
1627130 1808
1627140 1808
1627150 1808
1627160 1807
1627170 1807
1627180 1805
1627190 1803
1627200 1803
1627210 1802
1627220 1799
1627230 1799
1627240 1796
1627250 1794
1627260 1794
1627270 1788
1627280 1786
1627290 1786
1627300 1784
1627310 1781
1627320 1778
1627330 1778
1627340 1776
1627350 1774
1627360 1774
1627370 1771
1627380 1769
1627390 1769
1627400 1767
1627410 1765
1627420 1765
1627430 1763
1627440 1761
1627450 1761
1627460 1760
1627470 1758
1627480 1758
1627490 1755
1627500 1752
1627510 1750
1627520 1750
1627530 1749
1627540 1746
1627550 1746
1627560 1743
1627570 1743
1627580 1743
1627590 1742
1627600 1741
1627610 1741
1627620 1740
1627630 1738
1627640 1738
1627650 1737
1627660 1734
1627670 1734
1627680 1732
1627690 1730
1627700 1730
1627710 1726
1627720 1724
1627730 1722
1627740 1722
1627750 1719
1627760 1717
1627770 1717
1627780 1714
1627790 1711
1627800 1711
1627810 1709
1627820 1706
1627830 1706
1627840 1703
1627850 1699
1627860 1699
1627870 1695
1627880 1690
1627890 1690
1627900 1686
1627910 1682
1627920 1678
1627930 1678
1627940 1675
1627950 1671
1627960 1671
1627970 1666
1627980 1662
1627990 1662
1628000 1657
1628010 1653
1628020 1653
1628030 1649
1628040 1646
1628050 1646
1628060 1641
1628070 1637
1628080 1637
1628090 1633
1628100 1629
1628110 1629
1628120 1626
1628130 1622
1628140 1621
1628150 1621
1628160 1614
1628170 1612
1628180 1612
1628190 1610
1628200 1609
1628210 1609
1628220 1607
1628230 1604
1628240 1604
1628250 1600
1628260 1597
1628270 1597
1628280 1594
1628290 1591
1628300 1591
1628310 1589
1628320 1589
1628330 1590
1628340 1590
1628350 1589
1628360 1589
1628370 1589
1628380 1590
1628390 1591
1628400 1591
1628410 1592
1628420 1591
1628430 1591
1628440 1589
1628450 1587
1628460 1587
1628470 1586
1628480 1586
1628490 1586
1628500 1585
1628510 1585
1628520 1585
1628530 1586
1628540 1586
1628550 1584
1628560 1584
1628570 1581
1628580 1578
1628590 1578
1628600 1574
1628610 1569
1628620 1569
1628630 1566
1628640 1565
1628650 1565
1628660 1564
1628670 1562
1628680 1562
1628690 1559
1628700 1556
1628710 1556
1628720 1555
1628730 1554
1628740 1551
1628750 1551
1628760 1547
1628770 1542
1628780 1542
1628790 1539
1628800 1543
1628810 1543
1628820 1544
1628830 1545
1628840 1545
1628850 1547
1628860 1547
1628870 1547
1628880 1549
1628890 1550
1628900 1550
1628910 1552
1628920 1553
1628930 1553
1628940 1554
1628950 1555
1628960 1557
1628970 1557
1628980 1557
1628990 1557
1629000 1557
1629010 1558
1629020 1558
1629030 1558
1629040 1555
1629050 1555
1629060 1555
1629070 1553
1629080 1551
1629090 1551
1629100 1549
1629110 1547
1629120 1547
1629130 1545
1629140 1543
1629150 1540
1629160 1540
1629170 1539
1629180 1538
1629190 1538
1629200 1538
1629210 1537
1629220 1537
1629230 1535
1629240 1534
1629250 1534
1629260 1531
1629270 1529
1629280 1529
1629290 1527
1629300 1524
1629310 1524
1629320 1522
1629330 1519
1629340 1519
1629350 1517
1629360 1513
1629370 1511
1629380 1511
1629390 1509
1629400 1506
1629410 1506
1629420 1503
1629430 1500
1629440 1500
1629450 1496
1629460 1491
1629470 1491
1629480 1486
1629490 1482
1629500 1482
1629510 1478
1629520 1475
1629530 1475
1629540 1471
1629550 1470
1629560 1467
1629570 1467
1629580 1466
1629590 1465
1629600 1465
1629610 1464
1629620 1462
1629630 1462
1629640 1460
1629650 1458
1629660 1458
1629670 1455
1629680 1452
1629690 1452
1629700 1448
1629710 1446
1629720 1446
1629730 1444
1629740 1440
1629750 1440
1629760 1435
1629770 1432
1629780 1433
1629790 1433
1629800 1436
1629810 1436
1629820 1436
1629830 1435
1629840 1436
1629850 1436
1629860 1437
1629870 1439
1629880 1439
1629890 1442
1629900 1444
1629910 1442
1629920 1443
1629930 1443
1629940 1443
1629950 1443
1629960 1443
1629970 1444
1629980 1444
1629990 1447
1630000 1449
1630010 1449
1630020 1451
1630030 1452
1630040 1452
1630050 1453
1630060 1454
1630070 1454
1630080 1456
1630090 1456
1630100 1456
1630110 1455
1630120 1454
1630130 1454
1630140 1453
1630150 1453
1630160 1453
1630170 1454
1630180 1454
1630190 1454
1630200 1454
1630210 1454
1630220 1457
1630230 1457
1630240 1459
1630250 1459
1630260 1459
1630270 1459
1630280 1457
1630290 1457
1630300 1455
1630310 1453
1630320 1453
1630330 1450
1630340 1448
1630350 1448
1630360 1446
1630370 1444
1630380 1443
1630390 1443
1630400 1441
1630410 1440
1630420 1440
1630430 1439
1630440 1438
1630450 1438
1630460 1437
1630470 1436
1630480 1436
1630490 1434
1630500 1430
1630510 1430
1630520 1427
1630530 1423
1630540 1423
1630550 1419
1630560 1414
1630570 1414
1630580 1410
1630590 1408
1630600 1405
1630610 1405
1630620 1404
1630630 1402
1630640 1402
1630650 1405
1630660 1408
1630670 1408
1630680 1410
1630690 1412
1630700 1412
1630710 1414
1630720 1416
1630730 1416
1630740 1420
1630750 1424
1630760 1424
1630770 1427
1630780 1428
1630790 1431
1630800 1431
1630810 1433
1630820 1435
1630830 1435
1630840 1437
1630850 1439
1630860 1439
1630870 1442
1630880 1444
1630890 1444
1630900 1445
1630910 1445
1630920 1445
1630930 1448
1630940 1451
1630950 1451
1630960 1453
1630970 1454
1630980 1454
1630990 1456
1631000 1457
1631010 1458
1631020 1458
1631030 1459
1631040 1461
1631050 1461
1631060 1462
1631070 1464
1631080 1464
1631090 1465
1631100 1468
1631110 1468
1631120 1470
1631130 1471
1631140 1471
1631150 1472
1631160 1473
1631170 1473
1631180 1473
1631190 1473
1631200 1473
1631210 1473
1631220 1474
1631230 1474
1631240 1474
1631250 1474
1631260 1475
1631270 1475
1631280 1474
1631290 1473
1631300 1473
1631310 1473
1631320 1473
1631330 1473
1631340 1473
1631350 1473
1631360 1473
1631370 1473
1631380 1471
1631390 1471
1631400 1470
1631410 1470
1631420 1469
1631430 1469
1631440 1469
1631450 1470
1631460 1470
1631470 1471
1631480 1471
1631490 1471
1631500 1471
1631510 1469
1631520 1469
1631530 1468
1631540 1468
1631550 1468
1631560 1468
1631570 1467
1631580 1467
1631590 1466
1631600 1466
1631610 1466
1631620 1466
1631630 1466
1631640 1466
1631650 1464
1631660 1463
1631670 1462
1631680 1462
1631690 1461
1631700 1461
1631710 1461
1631720 1462
1631730 1463
1631740 1463
1631750 1463
1631760 1463
1631770 1463
1631780 1465
1631790 1467
1631800 1467
1631810 1470
1631820 1473
1631830 1476
1631840 1476
1631850 1478
1631860 1480
1631870 1480
1631880 1481
1631890 1481
1631900 1481
1631910 1482
1631920 1483
1631930 1483
1631940 1485
1631950 1486
1631960 1486
1631970 1486
1631980 1486
1631990 1486
1632000 1485
1632010 1485
1632020 1484
1632030 1484
1632040 1483
1632050 1482
1632060 1482
1632070 1481
1632080 1480
1632090 1480
1632100 1479
1632110 1478
1632120 1478
1632130 1477
1632140 1475
1632150 1475
1632160 1474
1632170 1471
1632180 1471
1632190 1469
1632200 1470
1632210 1470
1632220 1471
1632230 1471
1632240 1472
1632250 1472
1632260 1473
1632270 1474
1632280 1474
1632290 1474
1632300 1475
1632310 1475
1632320 1476
1632330 1477
1632340 1477
1632350 1477
1632360 1479
1632370 1479
1632380 1480
1632390 1482
1632400 1482
1632410 1483
1632420 1484
1632430 1485
1632440 1485
1632450 1486
1632460 1487
1632470 1487
1632480 1488
1632490 1490
1632500 1490
1632510 1490
1632520 1492
1632530 1492
1632540 1493
1632550 1494
1632560 1494
1632570 1494
1632580 1494
1632590 1494
1632600 1495
1632610 1495
1632620 1495
1632630 1495
1632640 1495
1632650 1495
1632660 1495
1632670 1494
1632680 1494
1632690 1494
1632700 1493
1632710 1492
1632720 1492
1632730 1492
1632740 1491
1632750 1491
1632760 1490
1632770 1490
1632780 1490
1632790 1489
1632800 1489
1632810 1489
1632820 1488
1632830 1488
1632840 1487
1632850 1487
1632860 1487
1632870 1487
1632880 1487
1632890 1487
1632900 1486
1632910 1486
1632920 1485
1632930 1484
1632940 1484
1632950 1482
1632960 1481
1632970 1481
1632980 1479
1632990 1477
1633000 1477
1633010 1475
1633020 1472
1633030 1472
1633040 1470
1633050 1469
1633060 1468
1633070 1468
1633080 1467
1633090 1466
1633100 1466
1633110 1465
1633120 1463
1633130 1463
1633140 1462
1633150 1461
1633160 1461
1633170 1462
1633180 1462
1633190 1462
1633200 1462
1633210 1463
1633220 1463
1633230 1463
1633240 1463
1633250 1462
1633260 1462
1633270 1460
1633280 1460
1633290 1460
1633300 1460
1633310 1460
1633320 1460
1633330 1461
1633340 1462
1633350 1462
1633360 1460
1633370 1461
1633380 1461
1633390 1462
1633400 1463
1633410 1463
1633420 1464
1633430 1466
1633440 1466
1633450 1466
1633460 1467
1633470 1467
1633480 1467
1633490 1467
1633500 1467
1633510 1467
1633520 1466
1633530 1465
1633540 1465
1633550 1463
1633560 1461
1633570 1461
1633580 1460
1633590 1458
1633600 1458
1633610 1457
1633620 1456
1633630 1456
1633640 1455
1633650 1454
1633660 1454
1633670 1454
1633680 1453
1633690 1453
1633700 1453
1633710 1452
1633720 1450
1633730 1450
1633740 1449
1633750 1447
1633760 1447
1633770 1447
1633780 1448
1633790 1448
1633800 1447
1633810 1447
1633820 1447
1633830 1447
1633840 1446
1633850 1446
1633860 1446
1633870 1445
1633880 1445
1633890 1445
1633900 1444
1633910 1443
1633920 1443
1633930 1442
1633940 1442
1633950 1442
1633960 1441
1633970 1440
1633980 1440
1633990 1439
1634000 1437
1634010 1437
1634020 1435
1634030 1434
1634040 1434
1634050 1432
1634060 1430
1634070 1428
1634080 1428
1634090 1428
1634100 1426
1634110 1426
1634120 1426
1634130 1425
1634140 1425
1634150 1424
1634160 1424
1634170 1424
1634180 1423
1634190 1422
1634200 1422
1634210 1419
1634220 1419
1634230 1419
1634240 1418
1634250 1418
1634260 1418
1634270 1417
1634280 1417
1634290 1416
1634300 1416
1634310 1417
1634320 1416
1634330 1416
1634340 1416
1634350 1416
1634360 1416
1634370 1416
1634380 1416
1634390 1416
1634400 1416
1634410 1416
1634420 1416
1634430 1416
1634440 1415
1634450 1415
1634460 1415
1634470 1414
1634480 1414
1634490 1414
1634500 1414
1634510 1413
1634520 1413
1634530 1413
1634540 1413
1634550 1413
1634560 1413
1634570 1412
1634580 1412
1634590 1412
1634600 1411
1634610 1411
1634620 1411
1634630 1411
1634640 1411
1634650 1410
1634660 1409
1634670 1409
1634680 1408
1634690 1407
1634700 1406
1634710 1406
1634720 1405
1634730 1404
1634740 1404
1634750 1404
1634760 1404
1634770 1404
1634780 1403
1634790 1403
1634800 1403
1634810 1402
1634820 1401
1634830 1401
1634840 1400
1634850 1400
1634860 1400
1634870 1399
1634880 1399
1634890 1399
1634900 1399
1634910 1399
1634920 1398
1634930 1398
1634940 1398
1634950 1398
1634960 1398
1634970 1398
1634980 1398
1634990 1398
1635000 1398
1635010 1397
1635020 1397
1635030 1397
1635040 1397
1635050 1397
1635060 1396
1635070 1396
1635080 1396
1635090 1396
1635100 1396
1635110 1396
1635120 1396
1635130 1395
1635140 1393
1635150 1393
1635160 1392
1635170 1391
1635180 1391
1635190 1389
1635200 1387
1635210 1387
1635220 1384
1635230 1381
1635240 1381
1635250 1378
1635260 1375
1635270 1375
1635280 1373
1635290 1370
1635300 1369
1635310 1369
1635320 1366
1635330 1364
1635340 1364
1635350 1361
1635360 1359
1635370 1359
1635380 1358
1635390 1356
1635400 1356
1635410 1354
1635420 1352
1635430 1352
1635440 1350
1635450 1349
1635460 1349
1635470 1347
1635480 1345
1635490 1345
1635500 1343
1635510 1342
1635520 1340
1635530 1340
1635540 1340
1635550 1340
1635560 1340
1635570 1339
1635580 1339
1635590 1339
1635600 1338
1635610 1336
1635620 1336
1635630 1334
1635640 1331
1635650 1331
1635660 1328
1635670 1325
1635680 1325
1635690 1321
1635700 1318
1635710 1315
1635720 1315
1635730 1312
1635740 1308
1635750 1308
1635760 1305
1635770 1303
1635780 1303
1635790 1302
1635800 1301
1635810 1301
1635820 1301
1635830 1300
1635840 1300
1635850 1301
1635860 1301
1635870 1301
1635880 1302
1635890 1303
1635900 1307
1635910 1308
1635920 1307
1635930 1306
1635940 1306
1635950 1305
1635960 1304
1635970 1304
1635980 1302
1635990 1300
1636000 1300
1636010 1297
1636020 1295
1636030 1295
1636040 1293
1636050 1292
1636060 1292
1636070 1291
1636080 1289
1636090 1289
1636100 1287
1636110 1285
1636120 1282
1636130 1282
1636140 1278
1636150 1276
1636160 1276
1636170 1274
1636180 1271
1636190 1271
1636200 1269
1636210 1266
1636220 1266
1636230 1264
1636240 1260
1636250 1260
1636260 1255
1636270 1252
1636280 1252
1636290 1248
1636300 1240
1636310 1240
1636320 1235
1636330 1229
1636340 1224
1636350 1224
1636360 1219
1636370 1214
1636380 1214
1636390 1209
1636400 1203
1636410 1203
1636420 1198
1636430 1193
1636440 1193
1636450 1188
1636460 1183
1636470 1183
1636480 1177
1636490 1173
1636500 1173
1636510 1170
1636520 1169
1636530 1168
1636540 1168
1636550 1168
1636560 1167
1636570 1167
1636580 1166
1636590 1164
1636600 1164
1636610 1163
1636620 1161
1636630 1161
1636640 1158
1636650 1154
1636660 1154
1636670 1149
1636680 1145
1636690 1145
1636700 1140
1636710 1135
1636720 1135
1636730 1131
1636740 1125
1636750 1119
1636760 1119
1636770 1112
1636780 1105
1636790 1105
1636800 1098
1636810 1092
1636820 1092
1636830 1086
1636840 1080
1636850 1080
1636860 1074
1636870 1069
1636880 1069
1636890 1065
1636900 1057
1636910 1057
1636920 1050
1636930 1045
1636940 1038
1636950 1038
1636960 1028
1636970 1020
1636980 1020
1636990 1013
1637000 1008
1637010 1008
1637020 1002
1637030 994
1637040 994
1637050 987
1637060 981
1637070 981
1637080 974
1637090 967
1637100 967
1637110 960
1637120 953
1637130 953
1637140 952
1637150 955
1637160 959
1637170 959
1637180 965
1637190 973
1637200 973
1637210 980
1637220 984
1637230 984
1637240 987
1637250 991
1637260 991
1637270 994
1637280 999
1637290 999
1637300 1003
1637310 1007
1637320 1007
1637330 1012
1637340 1016
1637350 1021
1637360 1021
1637370 1027
1637380 1033
1637390 1033
1637400 1039
1637410 1045
1637420 1045
1637430 1052
1637440 1057
1637450 1057
1637460 1063
1637470 1069
1637480 1069
1637490 1074
1637500 1079
1637510 1079
1637520 1084
1637530 1091
1637540 1091
1637550 1098
1637560 1106
1637570 1103
1637580 1103
1637590 1103
1637600 1102
1637610 1102
1637620 1099
1637630 1097
1637640 1097
1637650 1097
1637660 1094
1637670 1094
1637680 1090
1637690 1088
1637700 1088
1637710 1087
1637720 1088
1637730 1088
1637740 1089
1637750 1091
1637760 1095
1637770 1095
1637780 1100
1637790 1106
1637800 1106
1637810 1115
1637820 1121
1637830 1121
1637840 1126
1637850 1132
1637860 1132
1637870 1135
1637880 1138
1637890 1138
1637900 1141
1637910 1143
1637920 1143
1637930 1145
1637940 1147
1637950 1147
1637960 1148
1637970 1149
1637980 1149
1637990 1149
1638000 1150
1638010 1150
1638020 1150
1638030 1150
1638040 1150
1638050 1150
1638060 1150
1638070 1150
1638080 1150
1638090 1150
1638100 1151
1638110 1151
1638120 1151
1638130 1151
1638140 1151
1638150 1150
1638160 1150
1638170 1149
1638180 1149
1638190 1149
1638200 1148
1638210 1148
1638220 1148
1638230 1148
1638240 1148
1638250 1147
1638260 1147
1638270 1147
1638280 1146
1638290 1146
1638300 1146
1638310 1145
1638320 1145
1638330 1145
1638340 1144
1638350 1143
1638360 1143
1638370 1142
1638380 1140
1638390 1136
1638400 1136
1638410 1134
1638420 1132
1638430 1132
1638440 1130
1638450 1128
1638460 1128
1638470 1127
1638480 1125
1638490 1125
1638500 1123
1638510 1122
1638520 1122
1638530 1121
1638540 1119
1638550 1119
1638560 1118
1638570 1117
1638580 1116
1638590 1116
1638600 1115
1638610 1114
1638620 1114
1638630 1113
1638640 1111
1638650 1111
1638660 1110
1638670 1109
1638680 1109
1638690 1108
1638700 1107
1638710 1107
1638720 1106
1638730 1105
1638740 1105
1638750 1104
1638760 1104
1638770 1104
1638780 1103
1638790 1102
1638800 1101
1638810 1101
1638820 1100
1638830 1099
1638840 1099
1638850 1098
1638860 1096
1638870 1096
1638880 1095
1638890 1094
1638900 1094
1638910 1092
1638920 1090
1638930 1090
1638940 1087
1638950 1085
1638960 1085
1638970 1082
1638980 1079
1638990 1077
1639000 1077
1639010 1076
1639020 1076
1639030 1076
1639040 1076
1639050 1076
1639060 1076
1639070 1077
1639080 1077
1639090 1077
1639100 1077
1639110 1077
1639120 1077
1639130 1077
1639140 1076
1639150 1076
1639160 1076
1639170 1075
1639180 1075
1639190 1075
1639200 1074
1639210 1072
1639220 1072
1639230 1072
1639240 1071
1639250 1071
1639260 1070
1639270 1069
1639280 1069
1639290 1068
1639300 1067
1639310 1067
1639320 1065
1639330 1064
1639340 1064
1639350 1062
1639360 1061
1639370 1061
1639380 1060
1639390 1059
1639400 1057
1639410 1057
1639420 1056
1639430 1055
1639440 1055
1639450 1054
1639460 1054
1639470 1054
1639480 1053
1639490 1052
1639500 1052
1639510 1052
1639520 1051
1639530 1051
1639540 1050
1639550 1048
1639560 1048
1639570 1047
1639580 1046
1639590 1046
1639600 1045
1639610 1044
1639620 1042
1639630 1042
1639640 1041
1639650 1040
1639660 1040
1639670 1039
1639680 1038
1639690 1038
1639700 1038
1639710 1038
1639720 1038
1639730 1038
1639740 1039
1639750 1039
1639760 1040
1639770 1041
1639780 1041
1639790 1042
1639800 1042
1639810 1043
1639820 1043
1639830 1043
1639840 1043
1639850 1043
1639860 1043
1639870 1042
1639880 1042
1639890 1042
1639900 1041
1639910 1041
1639920 1040
1639930 1039
1639940 1039
1639950 1038
1639960 1037
1639970 1037
1639980 1035
1639990 1034
