1620000 1352
1620010 1354
1620020 1356
1620030 1357
1620040 1357
1620050 1360
1620060 1361
1620070 1361
1620080 1364
1620090 1367
1620100 1367
1620110 1370
1620120 1372
1620130 1372
1620140 1375
1620150 1378
1620160 1378
1620170 1383
1620180 1386
1620190 1386
1620200 1390
1620210 1394
1620220 1397
1620230 1397
1620240 1400
1620250 1402
1620260 1402
1620270 1405
1620280 1407
1620290 1407
1620300 1409
1620310 1412
1620320 1412
1620330 1414
1620340 1416
1620350 1416
1620360 1418
1620370 1419
1620380 1419
1620390 1421
1620400 1423
1620410 1423
1620420 1426
1620430 1428
1620440 1429
1620450 1429
1620460 1430
1620470 1431
1620480 1431
1620490 1433
1620500 1435
1620510 1435
1620520 1438
1620530 1441
1620540 1441
1620550 1444
1620560 1448
1620570 1448
1620580 1450
1620590 1453
1620600 1453
1620610 1455
1620620 1457
1620630 1459
1620640 1459
1620650 1461
1620660 1463
1620670 1463
1620680 1465
1620690 1467
1620700 1467
1620710 1469
1620720 1470
1620730 1470
1620740 1472
1620750 1475
1620760 1475
1620770 1478
1620780 1481
1620790 1481
1620800 1485
1620810 1487
1620820 1487
1620830 1490
1620840 1492
1620850 1495
1620860 1495
1620870 1498
1620880 1501
1620890 1501
1620900 1503
1620910 1504
1620920 1504
1620930 1506
1620940 1507
1620950 1507
1620960 1508
1620970 1510
1620980 1510
1620990 1512
1621000 1514
1621010 1514
1621020 1516
1621030 1517
1621040 1517
1621050 1519
1621060 1521
1621070 1522
1621080 1522
1621090 1524
1621100 1526
1621110 1526
1621120 1528
1621130 1530
1621140 1530
1621150 1532
1621160 1534
1621170 1534
1621180 1536
1621190 1538
1621200 1538
1621210 1539
1621220 1541
1621230 1541
1621240 1543
1621250 1545
1621260 1547
1621270 1547
1621280 1549
1621290 1552
1621300 1552
1621310 1554
1621320 1557
1621330 1557
1621340 1559
1621350 1561
1621360 1561
1621370 1563
1621380 1565
1621390 1565
1621400 1567
1621410 1570
1621420 1570
1621430 1572
1621440 1575
1621450 1575
1621460 1577
1621470 1579
1621480 1580
1621490 1580
1621500 1581
1621510 1581
1621520 1581
1621530 1581
1621540 1581
1621550 1581
1621560 1581
1621570 1581
1621580 1581
1621590 1582
1621600 1583
1621610 1583
1621620 1585
1621630 1586
1621640 1586
1621650 1587
1621660 1586
1621670 1585
1621680 1585
1621690 1585
1621700 1586
1621710 1586
1621720 1588
1621730 1590
1621740 1590
1621750 1591
1621760 1593
1621770 1593
1621780 1593
1621790 1590
1621800 1590
1621810 1591
1621820 1592
1621830 1592
1621840 1593
1621850 1593
1621860 1593
1621870 1592
1621880 1593
1621890 1595
1621900 1595
1621910 1598
1621920 1600
1621930 1600
1621940 1602
1621950 1601
1621960 1601
1621970 1601
1621980 1601
1621990 1601
1622000 1600
1622010 1600
1622020 1600
1622030 1593
1622040 1592
1622050 1592
1622060 1591
1622070 1594
1622080 1594
1622090 1599
1622100 1602
1622110 1605
1622120 1605
1622130 1608
1622140 1611
1622150 1611
1622160 1615
1622170 1617
1622180 1617
1622190 1618
1622200 1618
1622210 1618
1622220 1617
1622230 1616
1622240 1616
1622250 1613
1622260 1610
1622270 1610
1622280 1609
1622290 1608
1622300 1606
1622310 1606
1622320 1604
1622330 1602
1622340 1602
1622350 1599
1622360 1597
1622370 1597
1622380 1595
1622390 1594
1622400 1594
1622410 1594
1622420 1594
1622430 1594
1622440 1594
1622450 1594
1622460 1594
1622470 1593
1622480 1590
1622490 1590
1622500 1588
1622510 1588
1622520 1588
1622530 1588
1622540 1587
1622550 1586
1622560 1586
1622570 1587
1622580 1588
1622590 1588
1622600 1588
1622610 1589
1622620 1589
1622630 1591
1622640 1592
1622650 1592
1622660 1594
1622670 1596
1622680 1596
1622690 1598
1622700 1600
1622710 1599
1622720 1599
1622730 1600
1622740 1601
1622750 1601
1622760 1604
1622770 1606
1622780 1606
1622790 1609
1622800 1613
1622810 1613
1622820 1617
1622830 1622
1622840 1622
1622850 1624
1622860 1624
1622870 1624
1622880 1625
1622890 1628
1622900 1628
1622910 1632
1622920 1636
1622930 1641
1622940 1644
1622950 1647
1622960 1650
1622970 1650
1622980 1652
1622990 1655
1623000 1655
1623010 1659
1623020 1661
1623030 1661
1623040 1665
1623050 1667
1623060 1667
1623070 1669
1623080 1673
1623090 1673
1623100 1678
1623110 1681
1623120 1681
1623130 1684
1623140 1687
1623150 1690
1623160 1690
1623170 1694
1623180 1697
1623190 1697
1623200 1701
1623210 1704
1623220 1704
1623230 1707
1623240 1710
1623250 1710
1623260 1712
1623270 1714
1623280 1714
1623290 1717
1623300 1719
1623310 1719
1623320 1721
1623330 1724
1623340 1727
1623350 1727
1623360 1729
1623370 1729
1623380 1729
1623390 1729
1623400 1732
1623410 1732
1623420 1734
1623430 1735
1623440 1735
1623450 1738
1623460 1740
1623470 1740
1623480 1742
1623490 1744
1623500 1744
1623510 1746
1623520 1747
1623530 1747
1623540 1749
1623550 1752
1623560 1753
1623570 1753
1623580 1754
1623590 1756
1623600 1756
1623610 1758
1623620 1760
1623630 1760
1623640 1761
1623650 1762
1623660 1762
1623670 1763
1623680 1764
1623690 1764
1623700 1764
1623710 1765
1623720 1765
1623730 1765
1623740 1766
1623750 1767
1623760 1767
1623770 1766
1623780 1765
1623790 1765
1623800 1765
1623810 1765
1623820 1765
1623830 1765
1623840 1765
1623850 1765
1623860 1767
1623870 1767
1623880 1767
1623890 1767
1623900 1768
1623910 1768
1623920 1768
1623930 1768
1623940 1768
1623950 1768
1623960 1768
1623970 1769
1623980 1769
1623990 1768
1624000 1768
1624010 1768
1624020 1768
1624030 1768
1624040 1768
1624050 1769
1624060 1769
1624070 1769
1624080 1769
1624090 1770
1624100 1770
1624110 1771
1624120 1771
1624130 1771
1624140 1771
1624150 1772
1624160 1772
1624170 1772
1624180 1772
1624190 1772
1624200 1772
1624210 1772
1624220 1773
1624230 1773
1624240 1774
1624250 1775
1624260 1775
1624270 1777
1624280 1778
1624290 1778
1624300 1779
1624310 1779
1624320 1779
1624330 1780
1624340 1781
1624350 1781
1624360 1781
1624370 1781
1624380 1782
1624390 1782
1624400 1782
1624410 1783
1624420 1783
1624430 1784
1624440 1783
1624450 1783
1624460 1783
1624470 1782
1624480 1782
1624490 1782
1624500 1782
1624510 1782
1624520 1781
1624530 1782
1624540 1782
1624550 1782
1624560 1781
1624570 1781
1624580 1781
1624590 1780
1624600 1780
1624610 1780
1624620 1781
1624630 1781
1624640 1781
1624650 1781
1624660 1780
1624670 1780
1624680 1778
1624690 1778
1624700 1778
1624710 1777
1624720 1776
1624730 1776
1624740 1775
1624750 1773
1624760 1776
1624770 1774
1624780 1772
1624790 1771
1624800 1771
1624810 1770
1624820 1768
1624830 1768
1624840 1766
1624850 1763
1624860 1763
1624870 1761
1624880 1759
1624890 1759
1624900 1757
1624910 1756
1624920 1756
1624930 1754
1624940 1752
1624950 1752
1624960 1749
1624970 1746
1624980 1746
1624990 1744
1625000 1741
1625010 1739
1625020 1739
1625030 1738
1625040 1737
1625050 1737
1625060 1735
1625070 1733
1625080 1733
1625090 1732
1625100 1731
1625110 1731
1625120 1730
1625130 1728
1625140 1728
1625150 1725
1625160 1723
1625170 1723
1625180 1720
1625190 1718
1625200 1716
1625210 1716
1625220 1714
1625230 1712
1625240 1712
1625250 1709
1625260 1707
1625270 1707
1625280 1705
1625290 1703
1625300 1703
1625310 1699
1625320 1694
1625330 1694
1625340 1690
1625350 1685
1625360 1685
1625370 1679
1625380 1672
1625390 1672
1625400 1669
1625410 1667
1625420 1663
1625430 1663
1625440 1660
1625450 1658
1625460 1658
1625470 1655
1625480 1652
1625490 1652
1625500 1649
1625510 1643
1625520 1643
1625530 1637
1625540 1632
1625550 1632
1625560 1628
1625570 1624
1625580 1624
1625590 1621
1625600 1618
1625610 1618
1625620 1614
1625630 1610
1625640 1605
1625650 1605
1625660 1602
1625670 1603
1625680 1603
1625690 1600
1625700 1597
1625710 1597
1625720 1594
1625730 1592
1625740 1592
1625750 1590
1625760 1588
1625770 1588
1625780 1586
1625790 1584
1625800 1584
1625810 1582
1625820 1581
1625830 1579
1625840 1579
1625850 1577
1625860 1574
1625870 1574
1625880 1569
1625890 1565
1625900 1565
1625910 1560
1625920 1556
1625930 1556
1625940 1551
1625950 1546
1625960 1546
1625970 1541
1625980 1539
1625990 1539
1626000 1535
1626010 1532
1626020 1532
1626030 1529
1626040 1524
1626050 1521
1626060 1521
1626070 1518
1626080 1515
1626090 1515
1626100 1514
1626110 1514
1626120 1514
1626130 1512
1626140 1509
1626150 1509
1626160 1505
1626170 1501
1626180 1501
1626190 1496
1626200 1491
1626210 1491
1626220 1487
1626230 1484
1626240 1481
1626250 1481
1626260 1478
1626270 1475
1626280 1475
1626290 1473
1626300 1470
1626310 1470
1626320 1466
1626330 1463
1626340 1463
1626350 1460
1626360 1456
1626370 1456
1626380 1454
1626390 1450
1626400 1450
1626410 1446
1626420 1443
1626430 1443
1626440 1440
1626450 1436
1626460 1434
1626470 1434
1626480 1430
1626490 1427
1626500 1427
1626510 1424
1626520 1420
1626530 1420
1626540 1416
1626550 1413
1626560 1414
1626570 1411
1626580 1408
1626590 1408
1626600 1404
1626610 1402
1626620 1402
1626630 1400
1626640 1397
1626650 1397
1626660 1394
1626670 1391
1626680 1389
1626690 1389
1626700 1388
1626710 1388
1626720 1388
1626730 1386
1626740 1385
1626750 1385
1626760 1382
1626770 1379
1626780 1379
1626790 1375
1626800 1370
1626810 1370
1626820 1366
1626830 1363
1626840 1363
1626850 1361
1626860 1360
1626870 1359
1626880 1359
1626890 1363
1626900 1370
1626910 1370
1626920 1375
1626930 1380
1626940 1380
1626950 1383
1626960 1381
1626970 1381
1626980 1378
1626990 1375
1627000 1375
1627010 1371
1627020 1369
1627030 1369
1627040 1367
1627050 1368
1627060 1368
1627070 1372
1627080 1376
1627090 1381
1627100 1381
1627110 1385
1627120 1389
1627130 1389
1627140 1394
1627150 1398
1627160 1398
1627170 1402
1627180 1406
1627190 1406
1627200 1411
1627210 1415
1627220 1415
1627230 1421
1627240 1426
1627250 1426
1627260 1432
1627270 1439
1627280 1445
1627290 1445
1627300 1449
1627310 1454
1627320 1454
1627330 1457
1627340 1461
1627350 1461
1627360 1465
1627370 1468
1627380 1468
1627390 1472
1627400 1476
1627410 1476
1627420 1479
1627430 1484
1627440 1484
1627450 1488
1627460 1492
1627470 1492
1627480 1496
1627490 1500
1627500 1503
1627510 1503
1627520 1507
1627530 1511
1627540 1511
1627550 1515
1627560 1519
1627570 1519
1627580 1522
1627590 1525
1627600 1525
1627610 1527
1627620 1530
1627630 1530
1627640 1532
1627650 1534
1627660 1534
1627670 1536
1627680 1538
1627690 1538
1627700 1539
1627710 1541
1627720 1541
1627730 1541
1627740 1541
1627750 1541
1627760 1541
1627770 1541
1627780 1541
1627790 1541
1627800 1542
1627810 1541
1627820 1541
1627830 1541
1627840 1541
1627850 1541
1627860 1542
1627870 1542
1627880 1542
1627890 1543
1627900 1542
1627910 1540
1627920 1540
1627930 1539
1627940 1538
1627950 1538
1627960 1537
1627970 1535
1627980 1535
1627990 1534
1628000 1534
1628010 1534
1628020 1533
1628030 1532
1628040 1532
1628050 1532
1628060 1533
1628070 1533
1628080 1533
1628090 1534
1628100 1534
1628110 1534
1628120 1535
1628130 1535
1628140 1535
1628150 1535
1628160 1535
1628170 1535
1628180 1534
1628190 1532
1628200 1532
1628210 1530
1628220 1528
1628230 1528
1628240 1526
1628250 1523
1628260 1523
1628270 1520
1628280 1517
1628290 1517
1628300 1513
1628310 1510
1628320 1507
1628330 1507
1628340 1503
1628350 1500
1628360 1500
1628370 1498
1628380 1495
1628390 1495
1628400 1491
1628410 1488
1628420 1488
1628430 1486
1628440 1483
1628450 1483
1628460 1480
1628470 1476
1628480 1476
1628490 1474
1628500 1472
1628510 1472
1628520 1470
1628530 1468
1628540 1466
1628550 1466
1628560 1464
1628570 1460
1628580 1460
1628590 1457
1628600 1453
1628610 1453
1628620 1451
1628630 1450
1628640 1450
1628650 1448
1628660 1445
1628670 1445
1628680 1441
1628690 1439
1628700 1439
1628710 1438
1628720 1435
1628730 1435
1628740 1434
1628750 1432
1628760 1431
1628770 1431
1628780 1429
1628790 1428
1628800 1428
1628810 1427
1628820 1426
1628830 1426
1628840 1425
1628850 1424
1628860 1424
1628870 1423
1628880 1422
1628890 1422
1628900 1419
1628910 1417
1628920 1417
1628930 1417
1628940 1419
1628950 1421
1628960 1421
1628970 1419
1628980 1415
1628990 1415
1629000 1412
1629010 1411
1629020 1411
1629030 1412
1629040 1411
1629050 1411
1629060 1408
1629070 1407
1629080 1407
1629090 1408
1629100 1407
1629110 1407
1629120 1408
1629130 1408
1629140 1408
1629150 1410
1629160 1410
1629170 1411
1629180 1411
1629190 1411
1629200 1411
1629210 1408
1629220 1408
1629230 1408
1629240 1408
1629250 1409
1629260 1409
1629270 1409
1629280 1409
1629290 1409
1629300 1409
1629310 1409
1629320 1409
1629330 1409
1629340 1409
1629350 1409
1629360 1410
1629370 1410
1629380 1410
1629390 1410
1629400 1410
1629410 1412
1629420 1415
1629430 1415
1629440 1416
1629450 1417
1629460 1417
1629470 1418
1629480 1419
1629490 1419
1629500 1420
1629510 1421
1629520 1421
1629530 1422
1629540 1424
1629550 1424
1629560 1426
1629570 1427
1629580 1428
1629590 1428
1629600 1430
1629610 1431
1629620 1431
1629630 1431
1629640 1432
1629650 1432
1629660 1431
1629670 1430
1629680 1430
1629690 1430
1629700 1430
1629710 1430
1629720 1429
1629730 1428
1629740 1428
1629750 1427
1629760 1425
1629770 1425
1629780 1424
1629790 1423
1629800 1422
1629810 1422
1629820 1421
1629830 1420
1629840 1420
1629850 1420
1629860 1419
1629870 1419
1629880 1418
1629890 1417
1629900 1417
1629910 1416
1629920 1414
1629930 1414
1629940 1411
1629950 1410
1629960 1410
1629970 1409
1629980 1405
1629990 1401
1630000 1401
1630010 1398
1630020 1395
1630030 1395
1630040 1392
1630050 1391
1630060 1391
1630070 1390
1630080 1389
1630090 1389
1630100 1388
1630110 1388
1630120 1388
1630130 1386
1630140 1384
1630150 1384
1630160 1382
1630170 1379
1630180 1379
1630190 1376
1630200 1373
1630210 1371
1630220 1371
1630230 1370
1630240 1371
1630250 1371
1630260 1372
1630270 1373
1630280 1373
1630290 1374
1630300 1374
1630310 1374
1630320 1375
1630330 1376
1630340 1376
1630350 1379
1630360 1383
1630370 1383
1630380 1384
1630390 1385
1630400 1386
1630410 1386
1630420 1386
1630430 1384
1630440 1384
1630450 1381
1630460 1378
1630470 1378
1630480 1378
1630490 1378
1630500 1378
1630510 1378
1630520 1378
1630530 1378
1630540 1378
1630550 1377
1630560 1377
1630570 1379
1630580 1380
1630590 1380
1630600 1380
1630610 1380
1630620 1381
1630630 1381
1630640 1381
1630650 1380
1630660 1380
1630670 1380
1630680 1379
1630690 1379
1630700 1376
1630710 1373
1630720 1373
1630730 1368
1630740 1366
1630750 1366
1630760 1364
1630770 1363
1630780 1363
1630790 1363
1630800 1364
1630810 1364
1630820 1365
1630830 1365
1630840 1366
1630850 1366
1630860 1366
1630870 1366
1630880 1366
1630890 1367
1630900 1369
1630910 1369
1630920 1371
1630930 1372
1630940 1372
1630950 1375
1630960 1374
1630970 1374
1630980 1376
1630990 1379
1631000 1379
1631010 1384
1631020 1388
1631030 1391
1631040 1391
1631050 1395
1631060 1398
1631070 1398
1631080 1401
1631090 1404
1631100 1404
1631110 1406
1631120 1408
1631130 1408
1631140 1410
1631150 1412
1631160 1412
1631170 1413
1631180 1415
1631190 1415
1631200 1416
1631210 1417
1631220 1417
1631230 1419
1631240 1420
1631250 1420
1631260 1420
1631270 1421
1631280 1422
1631290 1422
1631300 1422
1631310 1423
1631320 1423
1631330 1424
1631340 1424
1631350 1424
1631360 1425
1631370 1426
1631380 1426
1631390 1426
1631400 1426
1631410 1426
1631420 1427
1631430 1427
1631440 1428
1631450 1428
1631460 1428
1631470 1429
1631480 1429
1631490 1429
1631500 1430
1631510 1430
1631520 1431
1631530 1433
1631540 1433
1631550 1434
1631560 1435
1631570 1435
1631580 1436
1631590 1436
1631600 1436
1631610 1435
1631620 1434
1631630 1434
1631640 1433
1631650 1433
1631660 1433
1631670 1433
1631680 1432
1631690 1432
1631700 1432
1631710 1431
1631720 1431
1631730 1431
1631740 1431
1631750 1431
1631760 1431
1631770 1430
1631780 1430
1631790 1430
1631800 1431
1631810 1431
1631820 1429
1631830 1429
1631840 1430
1631850 1430
1631860 1430
1631870 1429
1631880 1428
1631890 1428
1631900 1429
1631910 1431
1631920 1431
1631930 1431
1631940 1430
1631950 1430
1631960 1429
1631970 1429
1631980 1429
1631990 1429
1632000 1429
1632010 1429
1632020 1429
1632030 1429
1632040 1429
1632050 1429
1632060 1429
1632070 1429
1632080 1429
1632090 1429
1632100 1429
1632110 1429
1632120 1429
1632130 1429
1632140 1429
1632150 1429
1632160 1428
1632170 1428
1632180 1427
1632190 1427
1632200 1427
1632210 1427
1632220 1427
1632230 1427
1632240 1427
1632250 1428
1632260 1428
1632270 1427
1632280 1427
1632290 1427
1632300 1427
1632310 1427
1632320 1428
1632330 1428
1632340 1429
1632350 1430
1632360 1430
1632370 1431
1632380 1433
1632390 1433
1632400 1435
1632410 1436
1632420 1436
1632430 1438
1632440 1439
1632450 1439
1632460 1440
1632470 1441
1632480 1442
1632490 1442
1632500 1442
1632510 1442
1632520 1442
1632530 1442
1632540 1442
1632550 1442
1632560 1441
1632570 1441
1632580 1441
1632590 1442
1632600 1442
1632610 1442
1632620 1442
1632630 1442
1632640 1442
1632650 1441
1632660 1439
1632670 1439
1632680 1437
1632690 1436
1632700 1435
1632710 1435
1632720 1434
1632730 1433
1632740 1433
1632750 1430
1632760 1427
1632770 1427
1632780 1425
1632790 1424
1632800 1424
1632810 1423
1632820 1421
1632830 1421
1632840 1419
1632850 1418
1632860 1418
1632870 1416
1632880 1415
1632890 1415
1632900 1414
1632910 1413
1632920 1411
1632930 1411
1632940 1409
1632950 1408
1632960 1408
1632970 1407
1632980 1406
1632990 1406
1633000 1405
1633010 1403
1633020 1403
1633030 1401
1633040 1399
1633050 1399
1633060 1396
1633070 1394
1633080 1394
1633090 1391
1633100 1389
1633110 1387
1633120 1387
1633130 1384
1633140 1381
1633150 1381
1633160 1379
1633170 1377
1633180 1377
1633190 1375
1633200 1373
1633210 1373
1633220 1372
1633230 1371
1633240 1371
1633250 1370
1633260 1368
1633270 1368
1633280 1366
1633290 1363
1633300 1363
1633310 1360
1633320 1356
1633330 1353
1633340 1353
1633350 1350
1633360 1346
1633370 1346
1633380 1342
1633390 1338
1633400 1338
1633410 1334
1633420 1331
1633430 1331
1633440 1330
1633450 1328
1633460 1328
1633470 1327
1633480 1325
1633490 1325
1633500 1321
1633510 1317
1633520 1313
1633530 1310
1633540 1307
1633550 1303
1633560 1303
1633570 1300
1633580 1297
1633590 1297
1633600 1294
1633610 1291
1633620 1291
1633630 1288
1633640 1286
1633650 1286
1633660 1283
1633670 1281
1633680 1281
1633690 1278
1633700 1276
1633710 1276
1633720 1274
1633730 1272
1633740 1271
1633750 1271
1633760 1271
1633770 1271
1633780 1271
1633790 1272
1633800 1272
1633810 1272
1633820 1273
1633830 1273
1633840 1273
1633850 1273
1633860 1274
1633870 1274
1633880 1275
1633890 1277
1633900 1277
1633910 1278
1633920 1277
1633930 1277
1633940 1277
1633950 1276
1633960 1275
1633970 1275
1633980 1275
1633990 1275
1634000 1275
1634010 1277
1634020 1279
1634030 1279
1634040 1278
1634050 1276
1634060 1276
1634070 1273
1634080 1271
1634090 1271
1634100 1270
1634110 1269
1634120 1269
1634130 1269
1634140 1269
1634150 1270
1634160 1270
1634170 1271
1634180 1273
1634190 1273
1634200 1276
1634210 1278
1634220 1278
1634230 1280
1634240 1281
1634250 1281
1634260 1283
1634270 1285
1634280 1285
1634290 1286
1634300 1285
1634310 1285
1634320 1285
1634330 1285
1634340 1285
1634350 1285
1634360 1285
1634370 1285
1634380 1284
1634390 1284
1634400 1283
1634410 1283
1634420 1283
1634430 1283
1634440 1283
1634450 1282
1634460 1281
1634470 1281
1634480 1280
1634490 1277
1634500 1277
1634510 1274
1634520 1272
1634530 1272
1634540 1269
1634550 1266
1634560 1263
1634570 1263
1634580 1260
1634590 1257
1634600 1257
1634610 1255
1634620 1252
1634630 1252
1634640 1250
1634650 1248
1634660 1248
1634670 1246
1634680 1244
1634690 1244
1634700 1242
1634710 1240
1634720 1240
1634730 1238
1634740 1237
1634750 1237
1634760 1236
1634770 1233
1634780 1233
1634790 1233
1634800 1231
1634810 1230
1634820 1230
1634830 1228
1634840 1226
1634850 1226
1634860 1224
1634870 1223
1634880 1223
1634890 1221
1634900 1220
1634910 1220
1634920 1218
1634930 1217
1634940 1217
1634950 1216
1634960 1215
1634970 1215
1634980 1214
1634990 1213
1635000 1213
1635010 1213
1635020 1212
1635030 1211
1635040 1211
1635050 1211
1635060 1211
1635070 1211
1635080 1210
1635090 1209
1635100 1209
1635110 1208
1635120 1209
1635130 1209
1635140 1207
1635150 1206
1635160 1206
1635170 1205
1635180 1203
1635190 1201
1635200 1201
1635210 1199
1635220 1196
1635230 1196
1635240 1194
1635250 1191
1635260 1191
1635270 1189
1635280 1187
1635290 1187
1635300 1185
1635310 1183
1635320 1183
1635330 1180
1635340 1177
1635350 1177
1635360 1175
1635370 1173
1635380 1173
1635390 1170
1635400 1169
1635410 1169
1635420 1169
1635430 1168
1635440 1166
1635450 1166
1635460 1164
1635470 1162
1635480 1162
1635490 1159
1635500 1156
1635510 1156
1635520 1154
1635530 1151
1635540 1151
1635550 1148
1635560 1145
1635570 1145
1635580 1141
1635590 1138
1635600 1138
1635610 1135
1635620 1135
1635630 1134
1635640 1134
1635650 1134
1635660 1135
1635670 1135
1635680 1135
1635690 1135
1635700 1135
1635710 1134
1635720 1133
1635730 1133
1635740 1133
1635750 1132
1635760 1132
1635770 1132
1635780 1130
1635790 1130
1635800 1129
1635810 1128
1635820 1127
1635830 1127
1635840 1127
1635850 1127
1635860 1127
1635870 1127
1635880 1127
1635890 1127
1635900 1127
1635910 1127
1635920 1127
1635930 1127
1635940 1126
1635950 1126
1635960 1126
1635970 1125
1635980 1125
1635990 1125
1636000 1124
1636010 1124
1636020 1123
1636030 1123
1636040 1123
1636050 1123
1636060 1122
1636070 1120
1636080 1120
1636090 1119
1636100 1118
1636110 1118
1636120 1117
1636130 1115
1636140 1115
1636150 1113
1636160 1111
1636170 1111
1636180 1109
1636190 1106
1636200 1106
1636210 1102
1636220 1099
1636230 1096
1636240 1096
1636250 1093
1636260 1090
1636270 1090
1636280 1086
1636290 1082
1636300 1082
1636310 1080
1636320 1078
1636330 1078
1636340 1076
1636350 1076
1636360 1076
1636370 1075
1636380 1073
1636390 1073
1636400 1069
1636410 1064
1636420 1064
1636430 1060
1636440 1055
1636450 1052
1636460 1052
1636470 1049
1636480 1045
1636490 1045
1636500 1041
1636510 1038
1636520 1038
1636530 1036
1636540 1034
1636550 1034
1636560 1031
1636570 1029
1636580 1029
1636590 1025
1636600 1021
1636610 1021
1636620 1017
1636630 1011
1636640 1011
1636650 1004
1636660 998
1636670 992
1636680 992
1636690 987
1636700 983
1636710 983
1636720 977
1636730 975
1636740 975
1636750 973
1636760 971
1636770 971
1636780 968
1636790 966
1636800 966
1636810 964
1636820 962
1636830 962
1636840 960
1636850 958
1636860 956
1636870 956
1636880 953
1636890 951
1636900 947
1636910 945
1636920 943
1636930 943
1636940 941
1636950 940
1636960 940
1636970 938
1636980 937
1636990 937
1637000 936
1637010 935
1637020 935
1637030 934
1637040 933
1637050 933
1637060 933
1637070 932
1637080 931
1637090 931
1637100 932
1637110 934
1637120 934
1637130 935
1637140 935
1637150 935
1637160 935
1637170 934
1637180 934
1637190 933
1637200 933
1637210 933
1637220 934
1637230 934
1637240 934
1637250 937
1637260 939
1637270 942
1637280 942
1637290 943
1637300 944
1637310 944
1637320 943
1637330 944
1637340 944
1637350 943
1637360 944
1637370 944
1637380 945
1637390 946
1637400 946
1637410 946
1637420 946
1637430 946
1637440 947
1637450 947
1637460 947
1637470 947
1637480 947
1637490 947
1637500 947
1637510 948
1637520 949
1637530 949
1637540 950
1637550 952
1637560 952
1637570 953
1637580 953
1637590 953
1637600 954
1637610 955
1637620 955
1637630 956
1637640 955
1637650 955
1637660 952
1637670 949
1637680 949
1637690 946
1637700 941
1637710 935
1637720 935
1637730 925
1637740 918
1637750 918
1637760 911
1637770 906
1637780 906
1637790 902
1637800 898
1637810 898
1637820 895
1637830 892
1637840 892
1637850 890
1637860 887
1637870 887
1637880 885
1637890 883
1637900 882
1637910 882
1637920 880
1637930 879
1637940 879
1637950 879
1637960 879
1637970 879
1637980 880
1637990 880
1638000 880
1638010 880
1638020 879
1638030 879
1638040 878
1638050 876
1638060 876
1638070 874
1638080 873
1638090 873
1638100 870
1638110 868
1638120 866
1638130 866
1638140 864
1638150 865
1638160 865
1638170 864
1638180 864
1638190 864
1638200 863
1638210 863
1638220 863
1638230 863
1638240 864
1638250 864
1638260 865
1638270 867
1638280 867
1638290 869
1638300 871
1638310 875
1638320 875
1638330 878
1638340 882
1638350 882
1638360 887
1638370 891
1638380 891
1638390 896
1638400 901
1638410 901
1638420 907
1638430 912
1638440 912
1638450 918
1638460 923
1638470 923
1638480 929
1638490 934
1638500 934
1638510 940
1638520 946
1638530 952
1638540 952
1638550 956
1638560 954
1638570 954
1638580 954
1638590 952
1638600 952
1638610 950
1638620 948
1638630 948
1638640 946
1638650 945
1638660 945
1638670 945
1638680 945
1638690 945
1638700 945
1638710 944
1638720 944
1638730 943
1638740 942
1638750 942
1638760 942
1638770 942
1638780 944
1638790 944
1638800 945
1638810 947
1638820 947
1638830 947
1638840 947
1638850 947
1638860 944
1638870 941
1638880 941
1638890 937
1638900 933
1638910 933
1638920 929
1638930 927
1638940 926
1638950 926
1638960 924
1638970 921
1638980 921
1638990 918
1639000 915
1639010 915
1639020 910
1639030 905
1639040 905
1639050 899
1639060 894
1639070 894
1639080 890
1639090 885
1639100 885
1639110 881
1639120 877
1639130 877
1639140 874
1639150 870
1639160 867
1639170 867
1639180 863
1639190 860
1639200 860
1639210 856
1639220 852
1639230 852
1639240 849
1639250 845
1639260 845
1639270 841
1639280 839
1639290 839
1639300 837
1639310 836
1639320 836
1639330 836
1639340 836
1639350 836
1639360 836
1639370 836
1639380 836
1639390 836
1639400 836
1639410 836
1639420 836
1639430 836
1639440 837
1639450 837
1639460 836
1639470 836
1639480 836
1639490 836
1639500 836
1639510 836
1639520 837
1639530 837
1639540 837
1639550 837
1639560 835
1639570 836
1639580 836
1639590 836
1639600 836
1639610 836
1639620 836
1639630 836
1639640 836
1639650 836
1639660 837
1639670 837
1639680 837
1639690 838
1639700 838
1639710 838
1639720 839
1639730 839
1639740 840
1639750 841
1639760 841
1639770 842
1639780 843
1639790 845
1639800 845
1639810 846
1639820 847
1639830 847
1639840 849
1639850 850
1639860 850
1639870 851
1639880 852
1639890 852
1639900 853
1639910 853
1639920 853
1639930 853
1639940 852
1639950 852
1639960 851
1639970 851
1639980 852
1639990 852
