1620000 1676
1620010 1678
1620020 1682
1620030 1682
1620040 1685
1620050 1689
1620060 1689
1620070 1692
1620080 1695
1620090 1695
1620100 1699
1620110 1702
1620120 1702
1620130 1706
1620140 1710
1620150 1710
1620160 1715
1620170 1719
1620180 1719
1620190 1723
1620200 1728
1620210 1733
1620220 1733
1620230 1738
1620240 1742
1620250 1742
1620260 1746
1620270 1751
1620280 1751
1620290 1756
1620300 1761
1620310 1761
1620320 1765
1620330 1769
1620340 1769
1620350 1772
1620360 1774
1620370 1774
1620380 1776
1620390 1779
1620400 1781
1620410 1781
1620420 1783
1620430 1786
1620440 1786
1620450 1789
1620460 1791
1620470 1791
1620480 1792
1620490 1795
1620500 1795
1620510 1797
1620520 1798
1620530 1798
1620540 1800
1620550 1803
1620560 1803
1620570 1805
1620580 1810
1620590 1810
1620600 1816
1620610 1817
1620620 1821
1620630 1821
1620640 1825
1620650 1830
1620660 1830
1620670 1833
1620680 1836
1620690 1836
1620700 1839
1620710 1842
1620720 1842
1620730 1844
1620740 1846
1620750 1846
1620760 1848
1620770 1850
1620780 1850
1620790 1852
1620800 1854
1620810 1854
1620820 1857
1620830 1859
1620840 1862
1620850 1862
1620860 1864
1620870 1867
1620880 1867
1620890 1869
1620900 1870
1620910 1870
1620920 1873
1620930 1875
1620940 1875
1620950 1877
1620960 1879
1620970 1879
1620980 1882
1620990 1885
1621000 1885
1621010 1887
1621020 1891
1621030 1891
1621040 1894
1621050 1897
1621060 1900
1621070 1900
1621080 1903
1621090 1906
1621100 1906
1621110 1909
1621120 1913
1621130 1913
1621140 1917
1621150 1922
1621160 1922
1621170 1926
1621180 1930
1621190 1930
1621200 1934
1621210 1937
1621220 1937
1621230 1941
1621240 1944
1621250 1948
1621260 1948
1621270 1952
1621280 1956
1621290 1956
1621300 1958
1621310 1961
1621320 1961
1621330 1964
1621340 1967
1621350 1967
1621360 1970
1621370 1972
1621380 1972
1621390 1974
1621400 1976
1621410 1976
1621420 1979
1621430 1982
1621440 1982
1621450 1984
1621460 1987
1621470 1991
1621480 1991
1621490 1993
1621500 1995
1621510 1995
1621520 1998
1621530 2000
1621540 2002
1621550 2004
1621560 2006
1621570 2006
1621580 2008
1621590 2011
1621600 2011
1621610 2013
1621620 2016
1621630 2016
1621640 2019
1621650 2021
1621660 2021
1621670 2024
1621680 2026
1621690 2028
1621700 2028
1621710 2031
1621720 2034
1621730 2034
1621740 2037
1621750 2040
1621760 2040
1621770 2043
1621780 2046
1621790 2046
1621800 2048
1621810 2049
1621820 2049
1621830 2051
1621840 2053
1621850 2053
1621860 2056
1621870 2058
1621880 2061
1621890 2061
1621900 2063
1621910 2066
1621920 2066
1621930 2068
1621940 2070
1621950 2070
1621960 2072
1621970 2074
1621980 2074
1621990 2077
1622000 2080
1622010 2080
1622020 2083
1622030 2085
1622040 2085
1622050 2088
1622060 2090
1622070 2090
1622080 2093
1622090 2095
1622100 2098
1622110 2098
1622120 2101
1622130 2105
1622140 2105
1622150 2107
1622160 2109
1622170 2109
1622180 2111
1622190 2113
1622200 2113
1622210 2115
1622220 2119
1622230 2119
1622240 2122
1622250 2124
1622260 2124
1622270 2127
1622280 2130
1622290 2130
1622300 2133
1622310 2135
1622320 2138
1622330 2138
1622340 2140
1622350 2142
1622360 2142
1622370 2144
1622380 2147
1622390 2147
1622400 2149
1622410 2151
1622420 2151
1622430 2153
1622440 2156
1622450 2156
1622460 2159
1622470 2160
1622480 2160
1622490 2161
1622500 2163
1622510 2163
1622520 2164
1622530 2166
1622540 2167
1622550 2167
1622560 2168
1622570 2169
1622580 2169
1622590 2170
1622600 2170
1622610 2170
1622620 2171
1622630 2172
1622640 2172
1622650 2172
1622660 2172
1622670 2172
1622680 2172
1622690 2172
1622700 2172
1622710 2172
1622720 2171
1622730 2171
1622740 2171
1622750 2170
1622760 2169
1622770 2169
1622780 2168
1622790 2167
1622800 2167
1622810 2167
1622820 2166
1622830 2166
1622840 2165
1622850 2163
1622860 2163
1622870 2161
1622880 2159
1622890 2159
1622900 2158
1622910 2157
1622920 2157
1622930 2154
1622940 2150
1622950 2143
1622960 2143
1622970 2135
1622980 2129
1622990 2129
1623000 2122
1623010 2116
1623020 2116
1623030 2109
1623040 2100
1623050 2100
1623060 2092
1623070 2083
1623080 2083
1623090 2074
1623100 2065
1623110 2065
1623120 2056
1623130 2049
1623140 2049
1623150 2043
1623160 2036
1623170 2033
1623180 2033
1623190 2029
1623200 2025
1623210 2025
1623220 2021
1623230 2017
1623240 2017
1623250 2013
1623260 2009
1623270 2009
1623280 2006
1623290 2003
1623300 2003
1623310 2000
1623320 1999
1623330 1999
1623340 2000
1623350 2000
1623360 2000
1623370 1999
1623380 2007
1623390 2007
1623400 2007
1623410 2009
1623420 2010
1623430 2010
1623440 2010
1623450 2010
1623460 2010
1623470 2009
1623480 2007
1623490 2007
1623500 2007
1623510 2005
1623520 2005
1623530 2004
1623540 2005
1623550 2005
1623560 2004
1623570 2005
1623580 2006
1623590 2006
1623600 2007
1623610 2009
1623620 2009
1623630 2012
1623640 2014
1623650 2014
1623660 2016
1623670 2019
1623680 2019
1623690 2020
1623700 2022
1623710 2022
1623720 2023
1623730 2024
1623740 2024
1623750 2024
1623760 2024
1623770 2024
1623780 2023
1623790 2023
1623800 2023
1623810 2023
1623820 2022
1623830 2022
1623840 2022
1623850 2022
1623860 2021
1623870 2021
1623880 2019
1623890 2015
1623900 2015
1623910 2011
1623920 2006
1623930 2006
1623940 2003
1623950 2000
1623960 2000
1623970 1997
1623980 1994
1623990 1994
1624000 1992
1624010 1989
1624020 1985
1624030 1985
1624040 1980
1624050 1977
1624060 1977
1624070 1974
1624080 1971
1624090 1971
1624100 1968
1624110 1964
1624120 1964
1624130 1962
1624140 1960
1624150 1960
1624160 1958
1624170 1956
1624180 1956
1624190 1953
1624200 1951
1624210 1951
1624220 1949
1624230 1948
1624240 1946
1624250 1946
1624260 1944
1624270 1943
1624280 1943
1624290 1944
1624300 1941
1624310 1941
1624320 1937
1624330 1933
1624340 1933
1624350 1929
1624360 1925
1624370 1925
1624380 1920
1624390 1916
1624400 1916
1624410 1913
1624420 1909
1624430 1904
1624440 1904
1624450 1900
1624460 1896
1624470 1896
1624480 1893
1624490 1888
1624500 1888
1624510 1884
1624520 1879
1624530 1879
1624540 1875
1624550 1870
1624560 1870
1624570 1866
1624580 1862
1624590 1862
1624600 1858
1624610 1854
1624620 1854
1624630 1850
1624640 1845
1624650 1842
1624660 1842
1624670 1840
1624680 1837
1624690 1837
1624700 1834
1624710 1831
1624720 1831
1624730 1827
1624740 1824
1624750 1824
1624760 1822
1624770 1820
1624780 1820
1624790 1818
1624800 1815
1624810 1815
1624820 1814
1624830 1812
1624840 1812
1624850 1810
1624860 1807
1624870 1804
1624880 1804
1624890 1802
1624900 1800
1624910 1800
1624920 1798
1624930 1797
1624940 1797
1624950 1795
1624960 1794
1624970 1794
1624980 1791
1624990 1788
1625000 1788
1625010 1787
1625020 1786
1625030 1786
1625040 1784
1625050 1783
1625060 1783
1625070 1781
1625080 1779
1625090 1777
1625100 1777
1625110 1775
1625120 1773
1625130 1773
1625140 1771
1625150 1768
1625160 1768
1625170 1765
1625180 1762
1625190 1763
1625200 1760
1625210 1757
1625220 1757
1625230 1754
1625240 1750
1625250 1750
1625260 1746
1625270 1743
1625280 1740
1625290 1740
1625300 1738
1625310 1735
1625320 1735
1625330 1732
1625340 1729
1625350 1729
1625360 1726
1625370 1722
1625380 1722
1625390 1719
1625400 1716
1625410 1716
1625420 1713
1625430 1710
1625440 1710
1625450 1707
1625460 1704
1625470 1704
1625480 1700
1625490 1698
1625500 1695
1625510 1695
1625520 1693
1625530 1690
1625540 1690
1625550 1687
1625560 1683
1625570 1683
1625580 1680
1625590 1677
1625600 1677
1625610 1675
1625620 1672
1625630 1672
1625640 1669
1625650 1667
1625660 1667
1625670 1663
1625680 1661
1625690 1661
1625700 1658
1625710 1656
1625720 1654
1625730 1654
1625740 1652
1625750 1650
1625760 1650
1625770 1648
1625780 1646
1625790 1646
1625800 1645
1625810 1643
1625820 1643
1625830 1641
1625840 1640
1625850 1640
1625860 1638
1625870 1637
1625880 1637
1625890 1635
1625900 1634
1625910 1633
1625920 1633
1625930 1632
1625940 1630
1625950 1630
1625960 1628
1625970 1626
1625980 1626
1625990 1625
1626000 1624
1626010 1624
1626020 1622
1626030 1621
1626040 1621
1626050 1621
1626060 1619
1626070 1619
1626080 1616
1626090 1611
1626100 1611
1626110 1606
1626120 1602
1626130 1600
1626140 1600
1626150 1598
1626160 1596
1626170 1596
1626180 1594
1626190 1593
1626200 1593
1626210 1591
1626220 1590
1626230 1590
1626240 1589
1626250 1588
1626260 1588
1626270 1587
1626280 1586
1626290 1586
1626300 1584
1626310 1583
1626320 1583
1626330 1581
1626340 1579
1626350 1577
1626360 1577
1626370 1575
1626380 1572
1626390 1572
1626400 1569
1626410 1567
1626420 1567
1626430 1564
1626440 1561
1626450 1561
1626460 1559
1626470 1557
1626480 1557
1626490 1555
1626500 1553
1626510 1553
1626520 1552
1626530 1551
1626540 1551
1626550 1549
1626560 1547
1626570 1546
1626580 1546
1626590 1544
1626600 1542
1626610 1542
1626620 1541
1626630 1539
1626640 1539
1626650 1537
1626660 1536
1626670 1536
1626680 1536
1626690 1533
1626700 1533
1626710 1529
1626720 1525
1626730 1525
1626740 1523
1626750 1519
1626760 1516
1626770 1516
1626780 1512
1626790 1509
1626800 1509
1626810 1506
1626820 1503
1626830 1503
1626840 1500
1626850 1497
1626860 1497
1626870 1494
1626880 1491
1626890 1491
1626900 1488
1626910 1484
1626920 1484
1626930 1482
1626940 1480
1626950 1480
1626960 1476
1626970 1472
1626980 1467
1626990 1467
1627000 1463
1627010 1460
1627020 1460
1627030 1457
1627040 1455
1627050 1455
1627060 1453
1627070 1452
1627080 1452
1627090 1452
1627100 1451
1627110 1451
1627120 1451
1627130 1450
1627140 1450
1627150 1450
1627160 1449
1627170 1449
1627180 1448
1627190 1446
1627200 1445
1627210 1445
1627220 1443
1627230 1441
1627240 1441
1627250 1438
1627260 1435
1627270 1435
1627280 1431
1627290 1426
1627300 1426
1627310 1422
1627320 1419
1627330 1419
1627340 1416
1627350 1413
1627360 1413
1627370 1411
1627380 1408
1627390 1408
1627400 1406
1627410 1404
1627420 1403
1627430 1403
1627440 1402
1627450 1401
1627460 1401
1627470 1401
1627480 1401
1627490 1401
1627500 1400
1627510 1399
1627520 1399
1627530 1397
1627540 1395
1627550 1395
1627560 1392
1627570 1390
1627580 1390
1627590 1388
1627600 1387
1627610 1385
1627620 1385
1627630 1384
1627640 1383
1627650 1383
1627660 1381
1627670 1378
1627680 1378
1627690 1376
1627700 1374
1627710 1374
1627720 1371
1627730 1367
1627740 1367
1627750 1365
1627760 1363
1627770 1363
1627780 1361
1627790 1360
1627800 1360
1627810 1357
1627820 1355
1627830 1351
1627840 1351
1627850 1350
1627860 1349
1627870 1348
1627880 1348
1627890 1347
1627900 1347
1627910 1345
1627920 1343
1627930 1343
1627940 1341
1627950 1340
1627960 1340
1627970 1340
1627980 1339
1627990 1339
1628000 1337
1628010 1336
1628020 1336
1628030 1334
1628040 1334
1628050 1335
1628060 1335
1628070 1334
1628080 1334
1628090 1334
1628100 1333
1628110 1331
1628120 1331
1628130 1330
1628140 1330
1628150 1330
1628160 1329
1628170 1328
1628180 1328
1628190 1327
1628200 1326
1628210 1326
1628220 1324
1628230 1323
1628240 1323
1628250 1321
1628260 1319
1628270 1317
1628280 1317
1628290 1313
1628300 1310
1628310 1310
1628320 1307
1628330 1305
1628340 1305
1628350 1303
1628360 1302
1628370 1302
1628380 1301
1628390 1300
1628400 1300
1628410 1298
1628420 1297
1628430 1297
1628440 1295
1628450 1294
1628460 1293
1628470 1293
1628480 1291
1628490 1289
1628500 1289
1628510 1287
1628520 1284
1628530 1284
1628540 1280
1628550 1276
1628560 1276
1628570 1272
1628580 1270
1628590 1270
1628600 1269
1628610 1266
1628620 1266
1628630 1264
1628640 1262
1628650 1262
1628660 1260
1628670 1257
1628680 1255
1628690 1255
1628700 1254
1628710 1254
1628720 1254
1628730 1254
1628740 1255
1628750 1255
1628760 1261
1628770 1265
1628780 1265
1628790 1270
1628800 1275
1628810 1275
1628820 1280
1628830 1285
1628840 1285
1628850 1291
1628860 1297
1628870 1297
1628880 1301
1628890 1305
1628900 1309
1628910 1309
1628920 1314
1628930 1318
1628940 1318
1628950 1322
1628960 1326
1628970 1326
1628980 1330
1628990 1335
1629000 1335
1629010 1339
1629020 1342
1629030 1342
1629040 1345
1629050 1346
1629060 1346
1629070 1348
1629080 1349
1629090 1349
1629100 1349
1629110 1348
1629120 1348
1629130 1348
1629140 1348
1629150 1347
1629160 1347
1629170 1347
1629180 1346
1629190 1346
1629200 1345
1629210 1344
1629220 1344
1629230 1344
1629240 1345
1629250 1345
1629260 1345
1629270 1346
1629280 1346
1629290 1347
1629300 1347
1629310 1349
1629320 1349
1629330 1351
1629340 1353
1629350 1353
1629360 1354
1629370 1358
1629380 1358
1629390 1362
1629400 1365
1629410 1365
1629420 1369
1629430 1373
1629440 1373
1629450 1376
1629460 1380
1629470 1380
1629480 1383
1629490 1387
1629500 1387
1629510 1391
1629520 1395
1629530 1398
1629540 1398
1629550 1402
1629560 1405
1629570 1405
1629580 1408
1629590 1411
1629600 1411
1629610 1414
1629620 1416
1629630 1417
1629640 1420
1629650 1421
1629660 1421
1629670 1424
1629680 1426
1629690 1426
1629700 1429
1629710 1431
1629720 1431
1629730 1433
1629740 1435
1629750 1437
1629760 1437
1629770 1439
1629780 1440
1629790 1440
1629800 1441
1629810 1443
1629820 1443
1629830 1444
1629840 1445
1629850 1445
1629860 1446
1629870 1447
1629880 1447
1629890 1449
1629900 1449
1629910 1449
1629920 1450
1629930 1452
1629940 1453
1629950 1453
1629960 1454
1629970 1455
1629980 1455
1629990 1455
1630000 1456
1630010 1456
1630020 1457
1630030 1457
1630040 1457
1630050 1456
1630060 1456
1630070 1456
1630080 1455
1630090 1454
1630100 1454
1630110 1452
1630120 1450
1630130 1450
1630140 1447
1630150 1444
1630160 1441
1630170 1441
1630180 1439
1630190 1438
1630200 1438
1630210 1435
1630220 1433
1630230 1433
1630240 1431
1630250 1428
1630260 1428
1630270 1426
1630280 1424
1630290 1424
1630300 1425
1630310 1426
1630320 1426
1630330 1427
1630340 1427
1630350 1427
1630360 1426
1630370 1425
1630380 1423
1630390 1423
1630400 1422
1630410 1422
1630420 1422
1630430 1422
1630440 1421
1630450 1421
1630460 1420
1630470 1419
1630480 1419
1630490 1422
1630500 1424
1630510 1429
1630520 1430
1630530 1432
1630540 1432
1630550 1434
1630560 1437
1630570 1437
1630580 1439
1630590 1442
1630600 1444
1630610 1444
1630620 1445
1630630 1447
1630640 1447
1630650 1451
1630660 1454
1630670 1454
1630680 1455
1630690 1455
1630700 1455
1630710 1456
1630720 1457
1630730 1457
1630740 1458
1630750 1460
1630760 1460
1630770 1462
1630780 1464
1630790 1466
1630800 1466
1630810 1468
1630820 1471
1630830 1471
1630840 1472
1630850 1474
1630860 1474
1630870 1476
1630880 1479
1630890 1479
1630900 1481
1630910 1485
1630920 1485
1630930 1488
1630940 1490
1630950 1490
1630960 1490
1630970 1491
1630980 1491
1630990 1491
1631000 1491
1631010 1491
1631020 1491
1631030 1491
1631040 1492
1631050 1492
1631060 1492
1631070 1492
1631080 1492
1631090 1491
1631100 1491
1631110 1491
1631120 1490
1631130 1489
1631140 1489
1631150 1488
1631160 1487
1631170 1487
1631180 1486
1631190 1485
1631200 1485
1631210 1484
1631220 1483
1631230 1482
1631240 1482
1631250 1481
1631260 1480
1631270 1480
1631280 1478
1631290 1477
1631300 1477
1631310 1475
1631320 1473
1631330 1473
1631340 1471
1631350 1469
1631360 1469
1631370 1468
1631380 1466
1631390 1466
1631400 1465
1631410 1463
1631420 1463
1631430 1461
1631440 1459
1631450 1458
1631460 1458
1631470 1456
1631480 1455
1631490 1455
1631500 1453
1631510 1451
1631520 1451
1631530 1449
1631540 1448
1631550 1448
1631560 1446
1631570 1445
1631580 1445
1631590 1443
1631600 1442
1631610 1442
1631620 1442
1631630 1443
1631640 1442
1631650 1442
1631660 1444
1631670 1445
1631680 1445
1631690 1446
1631700 1447
1631710 1447
1631720 1448
1631730 1449
1631740 1449
1631750 1450
1631760 1451
1631770 1451
1631780 1451
1631790 1452
1631800 1452
1631810 1453
1631820 1454
1631830 1454
1631840 1455
1631850 1456
1631860 1457
1631870 1457
1631880 1458
1631890 1458
1631900 1458
1631910 1459
1631920 1459
1631930 1459
1631940 1459
1631950 1460
1631960 1460
1631970 1460
1631980 1461
1631990 1461
1632000 1461
1632010 1460
1632020 1460
1632030 1459
1632040 1458
1632050 1458
1632060 1457
1632070 1457
1632080 1456
1632090 1456
1632100 1455
1632110 1454
1632120 1454
1632130 1453
1632140 1452
1632150 1452
1632160 1451
1632170 1449
1632180 1449
1632190 1448
1632200 1447
1632210 1447
1632220 1446
1632230 1446
1632240 1446
1632250 1446
1632260 1445
1632270 1445
1632280 1445
1632290 1444
1632300 1444
1632310 1444
1632320 1443
1632330 1443
1632340 1443
1632350 1442
1632360 1440
1632370 1440
1632380 1438
1632390 1437
1632400 1437
1632410 1434
1632420 1431
1632430 1431
1632440 1430
1632450 1428
1632460 1428
1632470 1427
1632480 1426
1632490 1425
1632500 1425
1632510 1423
1632520 1421
1632530 1421
1632540 1419
1632550 1416
1632560 1416
1632570 1414
1632580 1412
1632590 1412
1632600 1411
1632610 1409
1632620 1409
1632630 1408
1632640 1407
1632650 1407
1632660 1407
1632670 1406
1632680 1406
1632690 1405
1632700 1405
1632710 1404
1632720 1404
1632730 1402
1632740 1400
1632750 1400
1632760 1397
1632770 1396
1632780 1396
1632790 1396
1632800 1395
1632810 1395
1632820 1394
1632830 1394
1632840 1394
1632850 1393
1632860 1392
1632870 1392
1632880 1391
1632890 1390
1632900 1390
1632910 1389
1632920 1388
1632930 1388
1632940 1388
1632950 1387
1632960 1385
1632970 1385
1632980 1383
1632990 1380
1633000 1380
1633010 1378
1633020 1377
1633030 1377
1633040 1376
1633050 1376
1633060 1376
1633070 1375
1633080 1375
1633090 1373
1633100 1373
1633110 1373
1633120 1373
1633130 1373
1633140 1372
1633150 1371
1633160 1371
1633170 1371
1633180 1371
1633190 1371
1633200 1369
1633210 1368
1633220 1368
1633230 1367
1633240 1367
1633250 1367
1633260 1367
1633270 1367
1633280 1367
1633290 1368
1633300 1368
1633310 1368
1633320 1369
1633330 1369
1633340 1370
1633350 1370
1633360 1369
1633370 1370
1633380 1370
1633390 1371
1633400 1371
1633410 1371
1633420 1371
1633430 1369
1633440 1369
1633450 1368
1633460 1365
1633470 1365
1633480 1363
1633490 1361
1633500 1361
1633510 1359
1633520 1358
1633530 1358
1633540 1356
1633550 1355
1633560 1354
1633570 1354
1633580 1353
1633590 1352
1633600 1352
1633610 1352
1633620 1351
1633630 1351
1633640 1350
1633650 1349
1633660 1349
1633670 1347
1633680 1347
1633690 1347
1633700 1346
1633710 1346
1633720 1346
1633730 1346
1633740 1346
1633750 1346
1633760 1346
1633770 1346
1633780 1348
1633790 1348
1633800 1349
1633810 1350
1633820 1350
1633830 1351
1633840 1352
1633850 1352
1633860 1352
1633870 1353
1633880 1353
1633890 1354
1633900 1354
1633910 1354
1633920 1355
1633930 1355
1633940 1356
1633950 1356
1633960 1357
1633970 1357
1633980 1357
1633990 1357
1634000 1356
1634010 1356
1634020 1356
1634030 1355
1634040 1355
1634050 1355
1634060 1354
1634070 1354
1634080 1354
1634090 1353
1634100 1353
1634110 1352
1634120 1352
1634130 1352
1634140 1351
1634150 1350
1634160 1350
1634170 1348
1634180 1347
1634190 1346
1634200 1346
1634210 1345
1634220 1344
1634230 1344
1634240 1344
1634250 1343
1634260 1343
1634270 1342
1634280 1342
1634290 1342
1634300 1341
1634310 1341
1634320 1341
1634330 1341
1634340 1341
1634350 1341
1634360 1341
1634370 1342
1634380 1342
1634390 1342
1634400 1342
1634410 1341
1634420 1341
1634430 1341
1634440 1341
1634450 1341
1634460 1341
1634470 1341
1634480 1341
1634490 1341
1634500 1340
1634510 1340
1634520 1339
1634530 1338
1634540 1338
1634550 1337
1634560 1336
1634570 1336
1634580 1335
1634590 1334
1634600 1334
1634610 1333
1634620 1332
1634630 1332
1634640 1332
1634650 1331
1634660 1331
1634670 1331
1634680 1331
1634690 1331
1634700 1331
1634710 1331
1634720 1331
1634730 1331
1634740 1332
1634750 1332
1634760 1332
1634770 1331
1634780 1328
1634790 1327
1634800 1324
1634810 1322
1634820 1320
1634830 1320
1634840 1318
1634850 1316
1634860 1316
1634870 1314
1634880 1312
1634890 1312
1634900 1310
1634910 1308
1634920 1308
1634930 1306
1634940 1303
1634950 1303
1634960 1300
1634970 1297
1634980 1297
1634990 1295
1635000 1292
1635010 1292
1635020 1290
1635030 1288
1635040 1285
1635050 1285
1635060 1283
1635070 1280
1635080 1280
1635090 1278
1635100 1276
1635110 1276
1635120 1273
1635130 1271
1635140 1271
1635150 1269
1635160 1267
1635170 1267
1635180 1265
1635190 1262
1635200 1262
1635210 1260
1635220 1258
1635230 1258
1635240 1255
1635250 1252
1635260 1249
1635270 1249
1635280 1247
1635290 1244
1635300 1244
1635310 1242
1635320 1239
1635330 1239
1635340 1237
1635350 1233
1635360 1233
1635370 1230
1635380 1227
1635390 1227
1635400 1225
1635410 1223
1635420 1223
1635430 1220
1635440 1217
1635450 1217
1635460 1214
1635470 1213
1635480 1211
1635490 1211
1635500 1208
1635510 1204
1635520 1204
1635530 1200
1635540 1198
1635550 1198
1635560 1194
1635570 1190
1635580 1190
1635590 1186
1635600 1184
1635610 1184
1635620 1182
1635630 1176
1635640 1176
1635650 1175
1635660 1173
1635670 1173
1635680 1172
1635690 1171
1635700 1170
1635710 1170
1635720 1170
1635730 1171
1635740 1171
1635750 1172
1635760 1173
1635770 1173
1635780 1174
1635790 1175
1635800 1175
1635810 1175
1635820 1175
1635830 1175
1635840 1174
1635850 1171
1635860 1171
1635870 1169
1635880 1167
1635890 1165
1635900 1165
1635910 1164
1635920 1162
1635930 1162
1635940 1161
1635950 1160
1635960 1160
1635970 1158
1635980 1156
1635990 1156
1636000 1155
1636010 1155
1636020 1155
1636030 1155
1636040 1158
1636050 1158
1636060 1159
1636070 1157
1636080 1157
1636090 1154
1636100 1150
1636110 1148
1636120 1148
1636130 1145
1636140 1143
1636150 1143
1636160 1141
1636170 1139
1636180 1139
1636190 1137
1636200 1134
1636210 1134
1636220 1133
1636230 1129
1636240 1129
1636250 1125
1636260 1122
1636270 1122
1636280 1119
1636290 1116
1636300 1116
1636310 1113
1636320 1111
1636330 1110
1636340 1110
1636350 1108
1636360 1106
1636370 1106
1636380 1105
1636390 1104
1636400 1104
1636410 1104
1636420 1103
1636430 1103
1636440 1103
1636450 1102
1636460 1102
1636470 1098
1636480 1098
1636490 1098
1636500 1097
1636510 1097
1636520 1097
1636530 1097
1636540 1097
1636550 1097
1636560 1097
1636570 1097
1636580 1096
1636590 1096
1636600 1095
1636610 1094
1636620 1094
1636630 1093
1636640 1093
1636650 1093
1636660 1092
1636670 1091
1636680 1091
1636690 1090
1636700 1089
1636710 1089
1636720 1088
1636730 1086
1636740 1084
1636750 1084
1636760 1083
1636770 1081
1636780 1081
1636790 1079
1636800 1077
1636810 1077
1636820 1075
1636830 1074
1636840 1074
1636850 1073
1636860 1072
1636870 1072
1636880 1070
1636890 1069
1636900 1069
1636910 1068
1636920 1066
1636930 1066
1636940 1065
1636950 1064
1636960 1062
1636970 1062
1636980 1061
1636990 1059
1637000 1059
1637010 1058
1637020 1057
1637030 1057
1637040 1055
1637050 1053
1637060 1053
1637070 1051
1637080 1049
1637090 1049
1637100 1047
1637110 1044
1637120 1044
1637130 1042
1637140 1039
1637150 1039
1637160 1036
1637170 1033
1637180 1031
1637190 1031
1637200 1029
1637210 1026
1637220 1026
1637230 1024
1637240 1021
1637250 1021
1637260 1019
1637270 1016
1637280 1016
1637290 1014
1637300 1010
1637310 1010
1637320 1009
1637330 1008
1637340 1008
1637350 1005
1637360 1002
1637370 1002
1637380 1000
1637390 999
1637400 998
1637410 998
1637420 995
1637430 992
1637440 992
1637450 989
1637460 985
1637470 985
1637480 982
1637490 980
1637500 980
1637510 981
1637520 980
1637530 980
1637540 980
1637550 980
1637560 980
1637570 980
1637580 979
1637590 979
1637600 979
1637610 979
1637620 979
1637630 979
1637640 979
1637650 979
1637660 979
1637670 979
1637680 979
1637690 979
1637700 979
1637710 979
1637720 979
1637730 978
1637740 978
1637750 978
1637760 978
1637770 978
1637780 978
1637790 978
1637800 978
1637810 977
1637820 977
1637830 977
1637840 976
1637850 976
1637860 976
1637870 975
1637880 975
1637890 975
1637900 975
1637910 975
1637920 973
1637930 973
1637940 973
1637950 972
1637960 971
1637970 971
1637980 970
1637990 969
1638000 969
1638010 969
1638020 968
1638030 967
1638040 967
1638050 966
1638060 966
1638070 966
1638080 965
1638090 965
1638100 965
1638110 964
1638120 964
1638130 963
1638140 963
1638150 962
1638160 962
1638170 961
1638180 961
1638190 961
1638200 961
1638210 960
1638220 960
1638230 960
1638240 960
1638250 960
1638260 960
1638270 960
1638280 960
1638290 960
1638300 960
1638310 960
1638320 960
1638330 961
1638340 960
1638350 960
1638360 960
1638370 960
1638380 960
1638390 961
1638400 960
1638410 960
1638420 960
1638430 960
1638440 960
1638450 960
1638460 960
1638470 961
1638480 961
1638490 961
1638500 961
1638510 961
1638520 959
1638530 958
1638540 958
1638550 956
1638560 955
1638570 955
1638580 954
1638590 951
1638600 951
1638610 949
1638620 948
1638630 948
1638640 947
1638650 945
1638660 943
1638670 943
1638680 941
1638690 940
1638700 940
1638710 939
1638720 938
1638730 938
1638740 937
1638750 936
1638760 936
1638770 934
1638780 933
1638790 933
1638800 932
1638810 931
1638820 931
1638830 931
1638840 930
1638850 930
1638860 931
1638870 933
1638880 935
1638890 935
1638900 937
1638910 938
1638920 938
1638930 940
1638940 942
1638950 942
1638960 943
1638970 948
1638980 948
1638990 949
1639000 950
1639010 950
1639020 949
1639030 949
1639040 949
1639050 950
1639060 949
1639070 950
1639080 950
1639090 951
1639100 953
1639110 953
1639120 955
1639130 957
1639140 957
1639150 961
1639160 964
1639170 964
1639180 966
1639190 969
1639200 969
1639210 971
1639220 973
1639230 973
1639240 975
1639250 975
1639260 975
1639270 977
1639280 981
1639290 984
1639300 984
1639310 987
1639320 990
1639330 990
1639340 993
1639350 995
1639360 995
1639370 997
1639380 1000
1639390 1000
1639400 1002
1639410 1007
1639420 1007
1639430 1010
1639440 1013
1639450 1013
1639460 1017
1639470 1020
1639480 1020
1639490 1023
1639500 1026
1639510 1028
1639520 1028
1639530 1029
1639540 1031
1639550 1031
1639560 1033
1639570 1034
1639580 1034
1639590 1035
1639600 1036
1639610 1036
1639620 1037
1639630 1039
1639640 1039
1639650 1040
1639660 1041
1639670 1041
1639680 1042
1639690 1041
1639700 1041
1639710 1041
1639720 1041
1639730 1041
1639740 1041
1639750 1042
1639760 1043
1639770 1043
1639780 1048
1639790 1049
1639800 1049
1639810 1051
1639820 1051
1639830 1051
1639840 1051
1639850 1051
1639860 1051
1639870 1051
1639880 1050
1639890 1050
1639900 1048
1639910 1045
1639920 1042
1639930 1042
1639940 1039
1639950 1036
1639960 1036
1639970 1032
1639980 1029
1639990 1029
