1620000 1670
1620010 1672
1620020 1672
1620030 1674
1620040 1676
1620050 1676
1620060 1677
1620070 1679
1620080 1672
1620090 1674
1620100 1676
1620110 1679
1620120 1679
1620130 1683
1620140 1687
1620150 1687
1620160 1691
1620170 1697
1620180 1697
1620190 1703
1620200 1707
1620210 1707
1620220 1710
1620230 1715
1620240 1715
1620250 1719
1620260 1724
1620270 1724
1620280 1728
1620290 1730
1620300 1733
1620310 1733
1620320 1735
1620330 1737
1620340 1737
1620350 1740
1620360 1742
1620370 1742
1620380 1745
1620390 1749
1620400 1749
1620410 1751
1620420 1753
1620430 1753
1620440 1756
1620450 1755
1620460 1755
1620470 1754
1620480 1755
1620490 1755
1620500 1757
1620510 1757
1620520 1752
1620530 1752
1620540 1745
1620550 1746
1620560 1746
1620570 1748
1620580 1751
1620590 1751
1620600 1753
1620610 1756
1620620 1756
1620630 1761
1620640 1766
1620650 1766
1620660 1772
1620670 1778
1620680 1778
1620690 1783
1620700 1787
1620710 1787
1620720 1792
1620730 1797
1620740 1802
1620750 1802
1620760 1806
1620770 1811
1620780 1811
1620790 1816
1620800 1821
1620810 1821
1620820 1825
1620830 1829
1620840 1829
1620850 1834
1620860 1839
1620870 1839
1620880 1843
1620890 1847
1620900 1847
1620910 1851
1620920 1856
1620930 1856
1620940 1861
1620950 1867
1620960 1872
1620970 1872
1620980 1878
1620990 1882
1621000 1882
1621010 1889
1621020 1892
1621030 1892
1621040 1896
1621050 1899
1621060 1899
1621070 1903
1621080 1907
1621090 1907
1621100 1911
1621110 1916
1621120 1916
1621130 1920
1621140 1925
1621150 1928
1621160 1928
1621170 1932
1621180 1935
1621190 1935
1621200 1939
1621210 1943
1621220 1943
1621230 1947
1621240 1950
1621250 1950
1621260 1953
1621270 1957
1621280 1957
1621290 1960
1621300 1964
1621310 1964
1621320 1968
1621330 1971
1621340 1971
1621350 1974
1621360 1978
1621370 1982
1621380 1982
1621390 1985
1621400 1988
1621410 1988
1621420 1991
1621430 1993
1621440 1993
1621450 1996
1621460 2000
1621470 2000
1621480 2005
1621490 2009
1621500 2009
1621510 2012
1621520 2015
1621530 2015
1621540 2017
1621550 2020
1621560 2020
1621570 2023
1621580 2026
1621590 2028
1621600 2028
1621610 2030
1621620 2032
1621630 2032
1621640 2035
1621650 2038
1621660 2038
1621670 2040
1621680 2043
1621690 2043
1621700 2045
1621710 2047
1621720 2047
1621730 2050
1621740 2052
1621750 2052
1621760 2056
1621770 2058
1621780 2058
1621790 2061
1621800 2063
1621810 2066
1621820 2066
1621830 2070
1621840 2073
1621850 2073
1621860 2076
1621870 2079
1621880 2079
1621890 2081
1621900 2084
1621910 2084
1621920 2087
1621930 2090
1621940 2092
1621950 2095
1621960 2098
1621970 2098
1621980 2101
1621990 2103
1622000 2106
1622010 2106
1622020 2109
1622030 2111
1622040 2111
1622050 2114
1622060 2117
1622070 2117
1622080 2119
1622090 2121
1622100 2121
1622110 2123
1622120 2127
1622130 2127
1622140 2130
1622150 2134
1622160 2134
1622170 2137
1622180 2139
1622190 2139
1622200 2143
1622210 2146
1622220 2149
1622230 2149
1622240 2151
1622250 2154
1622260 2154
1622270 2156
1622280 2158
1622290 2158
1622300 2160
1622310 2162
1622320 2162
1622330 2163
1622340 2165
1622350 2165
1622360 2166
1622370 2168
1622380 2168
1622390 2169
1622400 2171
1622410 2171
1622420 2172
1622430 2174
1622440 2176
1622450 2176
1622460 2178
1622470 2180
1622480 2180
1622490 2181
1622500 2182
1622510 2182
1622520 2184
1622530 2185
1622540 2185
1622550 2186
1622560 2187
1622570 2187
1622580 2188
1622590 2188
1622600 2188
1622610 2189
1622620 2189
1622630 2189
1622640 2190
1622650 2190
1622660 2190
1622670 2190
1622680 2190
1622690 2190
1622700 2190
1622710 2190
1622720 2190
1622730 2190
1622740 2190
1622750 2189
1622760 2189
1622770 2188
1622780 2188
1622790 2188
1622800 2187
1622810 2186
1622820 2186
1622830 2185
1622840 2184
1622850 2182
1622860 2185
1622870 2184
1622880 2184
1622890 2184
1622900 2183
1622910 2182
1622920 2182
1622930 2180
1622940 2178
1622950 2178
1622960 2176
1622970 2172
1622980 2172
1622990 2167
1623000 2161
1623010 2161
1623020 2155
1623030 2150
1623040 2150
1623050 2145
1623060 2139
1623070 2134
1623080 2134
1623090 2128
1623100 2122
1623110 2122
1623120 2117
1623130 2112
1623140 2112
1623150 2108
1623160 2104
1623170 2104
1623180 2100
1623190 2096
1623200 2096
1623210 2092
1623220 2089
1623230 2089
1623240 2085
1623250 2082
1623260 2082
1623270 2079
1623280 2074
1623290 2070
1623300 2070
1623310 2066
1623320 2063
1623330 2063
1623340 2060
1623350 2057
1623360 2057
1623370 2056
1623380 2055
1623390 2055
1623400 2054
1623410 2052
1623420 2052
1623430 2050
1623440 2049
1623450 2049
1623460 2049
1623470 2050
1623480 2050
1623490 2051
1623500 2053
1623510 2056
1623520 2056
1623530 2060
1623540 2064
1623550 2064
1623560 2067
1623570 2069
1623580 2069
1623590 2070
1623600 2069
1623610 2069
1623620 2071
1623630 2074
1623640 2074
1623650 2076
1623660 2077
1623670 2077
1623680 2078
1623690 2078
1623700 2077
1623710 2077
1623720 2075
1623730 2073
1623740 2073
1623750 2070
1623760 2067
1623770 2067
1623780 2066
1623790 2062
1623800 2062
1623810 2059
1623820 2056
1623830 2056
1623840 2053
1623850 2050
1623860 2050
1623870 2047
1623880 2045
1623890 2045
1623900 2042
1623910 2040
1623920 2038
1623930 2038
1623940 2037
1623950 2035
1623960 2035
1623970 2033
1623980 2031
1623990 2031
1624000 2028
1624010 2026
1624020 2026
1624030 2023
1624040 2020
1624050 2020
1624060 2017
1624070 2014
1624080 2014
1624090 2012
1624100 2009
1624110 2009
1624120 2006
1624130 2002
1624140 1998
1624150 1998
1624160 1994
1624170 1989
1624180 1989
1624190 1984
1624200 1979
1624210 1979
1624220 1974
1624230 1969
1624240 1969
1624250 1961
1624260 1951
1624270 1951
1624280 1946
1624290 1941
1624300 1941
1624310 1936
1624320 1931
1624330 1931
1624340 1927
1624350 1922
1624360 1916
1624370 1916
1624380 1912
1624390 1910
1624400 1910
1624410 1907
1624420 1905
1624430 1905
1624440 1903
1624450 1900
1624460 1900
1624470 1897
1624480 1894
1624490 1894
1624500 1890
1624510 1886
1624520 1886
1624530 1882
1624540 1879
1624550 1875
1624560 1875
1624570 1871
1624580 1867
1624590 1867
1624600 1863
1624610 1859
1624620 1859
1624630 1855
1624640 1851
1624650 1851
1624660 1848
1624670 1844
1624680 1845
1624690 1841
1624700 1838
1624710 1838
1624720 1833
1624730 1828
1624740 1828
1624750 1824
1624760 1821
1624770 1818
1624780 1818
1624790 1816
1624800 1815
1624810 1815
1624820 1813
1624830 1811
1624840 1811
1624850 1810
1624860 1809
1624870 1809
1624880 1808
1624890 1806
1624900 1806
1624910 1804
1624920 1803
1624930 1803
1624940 1803
1624950 1801
1624960 1801
1624970 1799
1624980 1796
1624990 1794
1625000 1794
1625010 1791
1625020 1789
1625030 1789
1625040 1787
1625050 1785
1625060 1785
1625070 1782
1625080 1780
1625090 1780
1625100 1778
1625110 1776
1625120 1776
1625130 1773
1625140 1770
1625150 1770
1625160 1767
1625170 1764
1625180 1762
1625190 1762
1625200 1759
1625210 1755
1625220 1755
1625230 1751
1625240 1748
1625250 1748
1625260 1744
1625270 1741
1625280 1741
1625290 1738
1625300 1734
1625310 1734
1625320 1731
1625330 1726
1625340 1726
1625350 1722
1625360 1718
1625370 1718
1625380 1715
1625390 1713
1625400 1711
1625410 1711
1625420 1708
1625430 1704
1625440 1704
1625450 1701
1625460 1697
1625470 1697
1625480 1692
1625490 1688
1625500 1688
1625510 1684
1625520 1681
1625530 1681
1625540 1678
1625550 1675
1625560 1675
1625570 1672
1625580 1669
1625590 1669
1625600 1666
1625610 1663
1625620 1660
1625630 1660
1625640 1656
1625650 1652
1625660 1652
1625670 1650
1625680 1648
1625690 1648
1625700 1646
1625710 1644
1625720 1644
1625730 1642
1625740 1639
1625750 1639
1625760 1636
1625770 1635
1625780 1635
1625790 1632
1625800 1629
1625810 1629
1625820 1626
1625830 1623
1625840 1621
1625850 1621
1625860 1618
1625870 1617
1625880 1617
1625890 1615
1625900 1613
1625910 1613
1625920 1612
1625930 1612
1625940 1612
1625950 1610
1625960 1609
1625970 1609
1625980 1607
1625990 1605
1626000 1605
1626010 1603
1626020 1601
1626030 1599
1626040 1599
1626050 1597
1626060 1594
1626070 1594
1626080 1591
1626090 1587
1626100 1587
1626110 1584
1626120 1582
1626130 1582
1626140 1580
1626150 1578
1626160 1578
1626170 1577
1626180 1575
1626190 1575
1626200 1573
1626210 1571
1626220 1571
1626230 1570
1626240 1568
1626250 1566
1626260 1566
1626270 1565
1626280 1563
1626290 1563
1626300 1561
1626310 1560
1626320 1560
1626330 1558
1626340 1557
1626350 1557
1626360 1556
1626370 1554
1626380 1554
1626390 1552
1626400 1549
1626410 1549
1626420 1547
1626430 1545
1626440 1545
1626450 1543
1626460 1541
1626470 1540
1626480 1539
1626490 1537
1626500 1535
1626510 1535
1626520 1533
1626530 1530
1626540 1530
1626550 1528
1626560 1527
1626570 1527
1626580 1525
1626590 1524
1626600 1524
1626610 1524
1626620 1522
1626630 1522
1626640 1521
1626650 1519
1626660 1519
1626670 1517
1626680 1515
1626690 1514
1626700 1514
1626710 1512
1626720 1511
1626730 1511
1626740 1509
1626750 1507
1626760 1507
1626770 1504
1626780 1502
1626790 1502
1626800 1500
1626810 1497
1626820 1497
1626830 1493
1626840 1490
1626850 1490
1626860 1486
1626870 1484
1626880 1481
1626890 1481
1626900 1478
1626910 1477
1626920 1477
1626930 1475
1626940 1473
1626950 1473
1626960 1470
1626970 1467
1626980 1467
1626990 1464
1627000 1462
1627010 1462
1627020 1461
1627030 1459
1627040 1459
1627050 1457
1627060 1455
1627070 1455
1627080 1452
1627090 1450
1627100 1448
1627110 1448
1627120 1445
1627130 1443
1627140 1443
1627150 1440
1627160 1438
1627170 1438
1627180 1435
1627190 1432
1627200 1432
1627210 1431
1627220 1429
1627230 1429
1627240 1429
1627250 1427
1627260 1427
1627270 1425
1627280 1422
1627290 1422
1627300 1418
1627310 1416
1627320 1414
1627330 1414
1627340 1411
1627350 1407
1627360 1407
1627370 1402
1627380 1400
1627390 1400
1627400 1397
1627410 1396
1627420 1396
1627430 1395
1627440 1393
1627450 1393
1627460 1392
1627470 1391
1627480 1391
1627490 1389
1627500 1387
1627510 1387
1627520 1386
1627530 1386
1627540 1386
1627550 1386
1627560 1383
1627570 1379
1627580 1379
1627590 1377
1627600 1375
1627610 1375
1627620 1374
1627630 1374
1627640 1374
1627650 1373
1627660 1372
1627670 1372
1627680 1371
1627690 1371
1627700 1371
1627710 1371
1627720 1371
1627730 1371
1627740 1371
1627750 1371
1627760 1371
1627770 1371
1627780 1372
1627790 1372
1627800 1372
1627810 1371
1627820 1370
1627830 1370
1627840 1367
1627850 1365
1627860 1365
1627870 1363
1627880 1361
1627890 1361
1627900 1359
1627910 1358
1627920 1358
1627930 1356
1627940 1355
1627950 1354
1627960 1354
1627970 1354
1627980 1354
1627990 1354
1628000 1353
1628010 1353
1628020 1353
1628030 1353
1628040 1352
1628050 1352
1628060 1350
1628070 1348
1628080 1348
1628090 1346
1628100 1345
1628110 1345
1628120 1343
1628130 1341
1628140 1341
1628150 1339
1628160 1337
1628170 1336
1628180 1336
1628190 1334
1628200 1333
1628210 1333
1628220 1331
1628230 1329
1628240 1329
1628250 1327
1628260 1325
1628270 1325
1628280 1323
1628290 1321
1628300 1321
1628310 1319
1628320 1317
1628330 1317
1628340 1314
1628350 1311
1628360 1311
1628370 1309
1628380 1308
1628390 1306
1628400 1306
1628410 1303
1628420 1299
1628430 1299
1628440 1295
1628450 1295
1628460 1295
1628470 1297
1628480 1300
1628490 1300
1628500 1304
1628510 1310
1628520 1310
1628530 1315
1628540 1317
1628550 1317
1628560 1313
1628570 1308
1628580 1303
1628590 1303
1628600 1298
1628610 1292
1628620 1292
1628630 1288
1628640 1286
1628650 1286
1628660 1283
1628670 1280
1628680 1280
1628690 1278
1628700 1276
1628710 1276
1628720 1274
1628730 1275
1628740 1275
1628750 1277
1628760 1280
1628770 1280
1628780 1285
1628790 1289
1628800 1295
1628810 1295
1628820 1302
1628830 1308
1628840 1308
1628850 1313
1628860 1317
1628870 1317
1628880 1322
1628890 1327
1628900 1327
1628910 1332
1628920 1337
1628930 1337
1628940 1341
1628950 1345
1628960 1345
1628970 1348
1628980 1352
1628990 1352
1629000 1354
1629010 1356
1629020 1358
1629030 1358
1629040 1358
1629050 1359
1629060 1359
1629070 1360
1629080 1362
1629090 1362
1629100 1364
1629110 1366
1629120 1366
1629130 1369
1629140 1372
1629150 1372
1629160 1374
1629170 1376
1629180 1376
1629190 1378
1629200 1379
1629210 1379
1629220 1380
1629230 1382
1629240 1383
1629250 1383
1629260 1385
1629270 1386
1629280 1386
1629290 1388
1629300 1390
1629310 1390
1629320 1392
1629330 1394
1629340 1394
1629350 1395
1629360 1397
1629370 1397
1629380 1397
1629390 1398
1629400 1398
1629410 1399
1629420 1400
1629430 1401
1629440 1401
1629450 1402
1629460 1404
1629470 1404
1629480 1405
1629490 1407
1629500 1407
1629510 1409
1629520 1411
1629530 1411
1629540 1413
1629550 1416
1629560 1416
1629570 1419
1629580 1420
1629590 1420
1629600 1423
1629610 1426
1629620 1426
1629630 1428
1629640 1430
1629650 1433
1629660 1433
1629670 1437
1629680 1440
1629690 1440
1629700 1443
1629710 1446
1629720 1446
1629730 1448
1629740 1451
1629750 1451
1629760 1454
1629770 1458
1629780 1458
1629790 1461
1629800 1463
1629810 1463
1629820 1465
1629830 1467
1629840 1467
1629850 1469
1629860 1472
1629870 1474
1629880 1474
1629890 1476
1629900 1479
1629910 1479
1629920 1481
1629930 1484
1629940 1484
1629950 1485
1629960 1486
1629970 1486
1629980 1486
1629990 1487
1630000 1487
1630010 1492
1630020 1493
1630030 1493
1630040 1493
1630050 1492
1630060 1492
1630070 1491
1630080 1490
1630090 1488
1630100 1488
1630110 1486
1630120 1484
1630130 1484
1630140 1482
1630150 1480
1630160 1480
1630170 1479
1630180 1478
1630190 1478
1630200 1476
1630210 1475
1630220 1475
1630230 1474
1630240 1473
1630250 1473
1630260 1472
1630270 1471
1630280 1469
1630290 1469
1630300 1466
1630310 1465
1630320 1465
1630330 1466
1630340 1466
1630350 1466
1630360 1467
1630370 1468
1630380 1468
1630390 1468
1630400 1468
1630410 1468
1630420 1469
1630430 1469
1630440 1469
1630450 1468
1630460 1467
1630470 1467
1630480 1467
1630490 1467
1630500 1467
1630510 1467
1630520 1467
1630530 1468
1630540 1468
1630550 1469
1630560 1471
1630570 1471
1630580 1473
1630590 1476
1630600 1476
1630610 1478
1630620 1480
1630630 1480
1630640 1482
1630650 1484
1630660 1484
1630670 1486
1630680 1488
1630690 1488
1630700 1491
1630710 1495
1630720 1498
1630730 1498
1630740 1501
1630750 1504
1630760 1504
1630770 1507
1630780 1511
1630790 1511
1630800 1513
1630810 1513
1630820 1513
1630830 1512
1630840 1512
1630850 1512
1630860 1512
1630870 1512
1630880 1514
1630890 1514
1630900 1514
1630910 1514
1630920 1514
1630930 1514
1630940 1514
1630950 1514
1630960 1514
1630970 1514
1630980 1514
1630990 1513
1631000 1513
1631010 1513
1631020 1511
1631030 1510
1631040 1510
1631050 1508
1631060 1507
1631070 1507
1631080 1506
1631090 1504
1631100 1504
1631110 1503
1631120 1502
1631130 1501
1631140 1501
1631150 1500
1631160 1498
1631170 1498
1631180 1497
1631190 1496
1631200 1496
1631210 1495
1631220 1493
1631230 1493
1631240 1491
1631250 1489
1631260 1489
1631270 1487
1631280 1485
1631290 1485
1631300 1483
1631310 1482
1631320 1482
1631330 1480
1631340 1478
1631350 1477
1631360 1477
1631370 1475
1631380 1473
1631390 1473
1631400 1472
1631410 1471
1631420 1471
1631430 1469
1631440 1468
1631450 1468
1631460 1467
1631470 1466
1631480 1466
1631490 1465
1631500 1464
1631510 1464
1631520 1463
1631530 1461
1631540 1461
1631550 1461
1631560 1460
1631570 1460
1631580 1460
1631590 1460
1631600 1460
1631610 1460
1631620 1460
1631630 1461
1631640 1461
1631650 1461
1631660 1462
1631670 1462
1631680 1464
1631690 1465
1631700 1465
1631710 1466
1631720 1467
1631730 1467
1631740 1468
1631750 1471
1631760 1471
1631770 1473
1631780 1474
1631790 1475
1631800 1475
1631810 1476
1631820 1478
1631830 1478
1631840 1479
1631850 1479
1631860 1479
1631870 1478
1631880 1477
1631890 1477
1631900 1477
1631910 1476
1631920 1476
1631930 1476
1631940 1475
1631950 1475
1631960 1475
1631970 1474
1631980 1472
1631990 1472
1632000 1470
1632010 1468
1632020 1468
1632030 1466
1632040 1464
1632050 1464
1632060 1461
1632070 1458
1632080 1458
1632090 1456
1632100 1454
1632110 1454
1632120 1453
1632130 1451
1632140 1451
1632150 1450
1632160 1449
1632170 1449
1632180 1447
1632190 1446
1632200 1445
1632210 1445
1632220 1444
1632230 1442
1632240 1442
1632250 1440
1632260 1438
1632270 1438
1632280 1436
1632290 1435
1632300 1435
1632310 1433
1632320 1431
1632330 1431
1632340 1428
1632350 1424
1632360 1424
1632370 1421
1632380 1417
1632390 1417
1632400 1414
1632410 1411
1632420 1408
1632430 1408
1632440 1406
1632450 1403
1632460 1403
1632470 1401
1632480 1398
1632490 1398
1632500 1396
1632510 1394
1632520 1394
1632530 1393
1632540 1391
1632550 1391
1632560 1388
1632570 1386
1632580 1386
1632590 1384
1632600 1383
1632610 1379
1632620 1379
1632630 1378
1632640 1376
1632650 1376
1632660 1374
1632670 1372
1632680 1372
1632690 1371
1632700 1369
1632710 1369
1632720 1366
1632730 1363
1632740 1363
1632750 1361
1632760 1360
1632770 1360
1632780 1359
1632790 1359
1632800 1359
1632810 1359
1632820 1358
1632830 1356
1632840 1356
1632850 1355
1632860 1354
1632870 1354
1632880 1353
1632890 1352
1632900 1352
1632910 1351
1632920 1351
1632930 1351
1632940 1350
1632950 1349
1632960 1349
1632970 1348
1632980 1347
1632990 1347
1633000 1346
1633010 1346
1633020 1346
1633030 1345
1633040 1345
1633050 1344
1633060 1344
1633070 1343
1633080 1343
1633090 1343
1633100 1343
1633110 1343
1633120 1343
1633130 1342
1633140 1342
1633150 1342
1633160 1341
1633170 1339
1633180 1339
1633190 1338
1633200 1338
1633210 1338
1633220 1339
1633230 1340
1633240 1340
1633250 1340
1633260 1339
1633270 1338
1633280 1338
1633290 1338
1633300 1338
1633310 1338
1633320 1337
1633330 1335
1633340 1335
1633350 1333
1633360 1333
1633370 1333
1633380 1333
1633390 1334
1633400 1334
1633410 1336
1633420 1338
1633430 1338
1633440 1340
1633450 1340
1633460 1336
1633470 1335
1633480 1333
1633490 1330
1633500 1330
1633510 1327
1633520 1326
1633530 1326
1633540 1326
1633550 1326
1633560 1326
1633570 1328
1633580 1332
1633590 1332
1633600 1336
1633610 1340
1633620 1340
1633630 1343
1633640 1343
1633650 1343
1633660 1343
1633670 1342
1633680 1342
1633690 1342
1633700 1342
1633710 1342
1633720 1342
1633730 1343
1633740 1345
1633750 1345
1633760 1347
1633770 1349
1633780 1349
1633790 1350
1633800 1352
1633810 1352
1633820 1354
1633830 1354
1633840 1354
1633850 1354
1633860 1354
1633870 1354
1633880 1354
1633890 1353
1633900 1352
1633910 1352
1633920 1351
1633930 1351
1633940 1351
1633950 1351
1633960 1351
1633970 1351
1633980 1351
1633990 1351
1634000 1351
1634010 1351
1634020 1351
1634030 1351
1634040 1352
1634050 1351
1634060 1351
1634070 1352
1634080 1352
1634090 1352
1634100 1352
1634110 1353
1634120 1353
1634130 1353
1634140 1354
1634150 1354
1634160 1354
1634170 1355
1634180 1355
1634190 1355
1634200 1356
1634210 1356
1634220 1356
1634230 1357
1634240 1358
1634250 1358
1634260 1359
1634270 1359
1634280 1359
1634290 1359
1634300 1359
1634310 1360
1634320 1360
1634330 1359
1634340 1358
1634350 1358
1634360 1358
1634370 1357
1634380 1357
1634390 1356
1634400 1354
1634410 1354
1634420 1352
1634430 1350
1634440 1350
1634450 1348
1634460 1346
1634470 1346
1634480 1345
1634490 1343
1634500 1343
1634510 1341
1634520 1339
1634530 1337
1634540 1337
1634550 1335
1634560 1333
1634570 1333
1634580 1331
1634590 1330
1634600 1330
1634610 1329
1634620 1328
1634630 1328
1634640 1327
1634650 1326
1634660 1326
1634670 1324
1634680 1322
1634690 1322
1634700 1320
1634710 1318
1634720 1318
1634730 1315
1634740 1313
1634750 1310
1634760 1310
1634770 1308
1634780 1306
1634790 1306
1634800 1304
1634810 1302
1634820 1302
1634830 1299
1634840 1297
1634850 1297
1634860 1295
1634870 1293
1634880 1293
1634890 1291
1634900 1289
1634910 1289
1634920 1287
1634930 1286
1634940 1286
1634950 1283
1634960 1281
1634970 1279
1634980 1279
1634990 1277
1635000 1275
1635010 1275
1635020 1273
1635030 1271
1635040 1271
1635050 1269
1635060 1266
1635070 1266
1635080 1264
1635090 1262
1635100 1262
1635110 1259
1635120 1257
1635130 1257
1635140 1254
1635150 1251
1635160 1249
1635170 1247
1635180 1245
1635190 1243
1635200 1243
1635210 1242
1635220 1239
1635230 1239
1635240 1237
1635250 1234
1635260 1234
1635270 1231
1635280 1229
1635290 1229
1635300 1225
1635310 1222
1635320 1222
1635330 1220
1635340 1218
1635350 1218
1635360 1215
1635370 1212
1635380 1209
1635390 1209
1635400 1206
1635410 1203
1635420 1203
1635430 1200
1635440 1196
1635450 1196
1635460 1192
1635470 1189
1635480 1189
1635490 1188
1635500 1189
1635510 1189
1635520 1191
1635530 1192
1635540 1192
1635550 1192
1635560 1191
1635570 1191
1635580 1189
1635590 1187
1635600 1184
1635610 1184
1635620 1181
1635630 1178
1635640 1178
1635650 1175
1635660 1171
1635670 1171
1635680 1167
1635690 1163
1635700 1163
1635710 1157
1635720 1152
1635730 1152
1635740 1146
1635750 1142
1635760 1142
1635770 1138
1635780 1132
1635790 1132
1635800 1127
1635810 1127
1635820 1127
1635830 1127
1635840 1126
1635850 1125
1635860 1125
1635870 1124
1635880 1124
1635890 1124
1635900 1123
1635910 1122
1635920 1122
1635930 1121
1635940 1119
1635950 1119
1635960 1118
1635970 1116
1635980 1116
1635990 1113
1636000 1107
1636010 1107
1636020 1105
1636030 1102
1636040 1100
1636050 1100
1636060 1099
1636070 1097
1636080 1097
1636090 1095
1636100 1095
1636110 1095
1636120 1094
1636130 1093
1636140 1093
1636150 1092
1636160 1091
1636170 1091
1636180 1089
1636190 1088
1636200 1088
1636210 1085
1636220 1082
1636230 1079
1636240 1079
1636250 1078
1636260 1076
1636270 1076
1636280 1075
1636290 1075
1636300 1075
1636310 1076
1636320 1075
1636330 1075
1636340 1071
1636350 1068
1636360 1068
1636370 1064
1636380 1060
1636390 1060
1636400 1057
1636410 1056
1636420 1056
1636430 1057
1636440 1057
1636450 1058
1636460 1058
1636470 1059
1636480 1061
1636490 1061
1636500 1062
1636510 1064
1636520 1064
1636530 1065
1636540 1066
1636550 1066
1636560 1067
1636570 1068
1636580 1068
1636590 1067
1636600 1065
1636610 1065
1636620 1063
1636630 1063
1636640 1063
1636650 1062
1636660 1060
1636670 1057
1636680 1057
1636690 1055
1636700 1053
1636710 1053
1636720 1051
1636730 1048
1636740 1048
1636750 1047
1636760 1045
1636770 1045
1636780 1043
1636790 1042
1636800 1042
1636810 1040
1636820 1039
1636830 1036
1636840 1035
1636850 1034
1636860 1034
1636870 1032
1636880 1031
1636890 1030
1636900 1030
1636910 1029
1636920 1027
1636930 1027
1636940 1026
1636950 1024
1636960 1024
1636970 1023
1636980 1023
1636990 1023
1637000 1022
1637010 1022
1637020 1022
1637030 1021
1637040 1019
1637050 1019
1637060 1018
1637070 1017
1637080 1016
1637090 1016
1637100 1015
1637110 1014
1637120 1014
1637130 1013
1637140 1012
1637150 1012
1637160 1010
1637170 1008
1637180 1008
1637190 1006
1637200 1004
1637210 1004
1637220 1002
1637230 1000
1637240 1000
1637250 998
1637260 995
1637270 995
1637280 993
1637290 990
1637300 987
1637310 987
1637320 985
1637330 982
1637340 982
1637350 979
1637360 978
1637370 978
1637380 976
1637390 975
1637400 975
1637410 973
1637420 971
1637430 971
1637440 969
1637450 969
1637460 969
1637470 969
1637480 969
1637490 969
1637500 969
1637510 969
1637520 969
1637530 969
1637540 969
1637550 969
1637560 969
1637570 969
1637580 969
1637590 969
1637600 969
1637610 969
1637620 969
1637630 968
1637640 968
1637650 968
1637660 968
1637670 967
1637680 967
1637690 967
1637700 967
1637710 967
1637720 967
1637730 966
1637740 966
1637750 966
1637760 966
1637770 966
1637780 966
1637790 966
1637800 966
1637810 966
1637820 966
1637830 966
1637840 966
1637850 966
1637860 966
1637870 966
1637880 966
1637890 966
1637900 966
1637910 965
1637920 965
1637930 964
1637940 964
1637950 964
1637960 963
1637970 963
1637980 963
1637990 962
1638000 962
1638010 961
1638020 960
1638030 960
1638040 959
1638050 959
1638060 959
1638070 958
1638080 958
1638090 958
1638100 958
1638110 957
1638120 957
1638130 957
1638140 956
1638150 956
1638160 956
1638170 955
1638180 955
1638190 955
1638200 954
1638210 954
1638220 954
1638230 954
1638240 954
1638250 954
1638260 953
1638270 953
1638280 953
1638290 953
1638300 953
1638310 953
1638320 953
1638330 953
1638340 953
1638350 954
1638360 954
1638370 954
1638380 954
1638390 954
1638400 954
1638410 954
1638420 954
1638430 954
1638440 954
1638450 954
1638460 954
1638470 954
1638480 954
1638490 954
1638500 954
1638510 954
1638520 953
1638530 953
1638540 953
1638550 953
1638560 953
1638570 952
1638580 952
1638590 952
1638600 952
1638610 950
1638620 947
1638630 947
1638640 946
1638650 947
1638660 947
1638670 947
1638680 946
1638690 946
1638700 946
1638710 945
1638720 945
1638730 942
1638740 940
1638750 940
1638760 941
1638770 942
1638780 943
1638790 943
1638800 944
1638810 944
1638820 944
1638830 942
1638840 939
1638850 939
1638860 937
1638870 935
1638880 935
1638890 935
1638900 935
1638910 935
1638920 936
1638930 939
1638940 939
1638950 941
1638960 943
1638970 943
1638980 947
1638990 952
1639000 957
1639010 957
1639020 961
1639030 963
1639040 963
1639050 965
1639060 966
1639070 966
1639080 967
1639090 967
1639100 967
1639110 968
1639120 968
1639130 968
1639140 969
1639150 971
1639160 971
1639170 972
1639180 974
1639190 974
1639200 975
1639210 976
1639220 977
1639230 977
1639240 978
1639250 980
1639260 980
1639270 982
1639280 986
1639290 986
1639300 989
1639310 992
1639320 992
1639330 994
1639340 997
1639350 997
1639360 1000
1639370 1002
1639380 1002
1639390 1004
1639400 1007
1639410 1007
1639420 1010
1639430 1013
1639440 1016
1639450 1016
1639460 1019
1639470 1022
1639480 1022
1639490 1025
1639500 1027
1639510 1027
1639520 1029
1639530 1032
1639540 1032
1639550 1035
1639560 1037
1639570 1037
1639580 1040
1639590 1042
1639600 1042
1639610 1044
1639620 1046
1639630 1048
1639640 1048
1639650 1051
1639660 1053
1639670 1053
1639680 1055
1639690 1057
1639700 1057
1639710 1058
1639720 1060
1639730 1060
1639740 1061
1639750 1062
1639760 1062
1639770 1064
1639780 1063
1639790 1063
1639800 1063
1639810 1062
1639820 1062
1639830 1060
1639840 1057
1639850 1055
1639860 1055
1639870 1053
1639880 1052
1639890 1052
1639900 1050
1639910 1049
1639920 1049
1639930 1049
1639940 1048
1639950 1048
1639960 1046
1639970 1043
1639980 1043
1639990 1040
