1620000 1978
1620010 1979
1620020 1981
1620030 1981
1620040 1982
1620050 1983
1620060 1983
1620070 1985
1620080 1986
1620090 1986
1620100 1987
1620110 1987
1620120 1987
1620130 1987
1620140 1987
1620150 1989
1620160 1989
1620170 1989
1620180 1990
1620190 1990
1620200 1990
1620210 1991
1620220 1991
1620230 1992
1620240 1993
1620250 1993
1620260 1993
1620270 1993
1620280 1993
1620290 1995
1620300 1997
1620310 1999
1620320 1999
1620330 2000
1620340 2001
1620350 2004
1620360 2005
1620370 2005
1620380 2005
1620390 2008
1620400 2010
1620410 2010
1620420 2011
1620430 2012
1620440 2012
1620450 2015
1620460 2019
1620470 2019
1620480 2022
1620490 2024
1620500 2024
1620510 2026
1620520 2028
1620530 2030
1620540 2030
1620550 2032
1620560 2034
1620570 2034
1620580 2036
1620590 2037
1620600 2037
1620610 2037
1620620 2039
1620630 2039
1620640 2040
1620650 2042
1620660 2042
1620670 2043
1620680 2045
1620690 2045
1620700 2048
1620710 2049
1620720 2049
1620730 2052
1620740 2054
1620750 2056
1620760 2056
1620770 2058
1620780 2060
1620790 2060
1620800 2063
1620810 2066
1620820 2066
1620830 2068
1620840 2071
1620850 2071
1620860 2073
1620870 2074
1620880 2074
1620890 2078
1620900 2082
1620910 2082
1620920 2084
1620930 2087
1620940 2087
1620950 2088
1620960 2090
1620970 2093
1620980 2093
1620990 2097
1621000 2101
1621010 2101
1621020 2104
1621030 2107
1621040 2107
1621050 2111
1621060 2114
1621070 2114
1621080 2117
1621090 2120
1621100 2120
1621110 2123
1621120 2126
1621130 2126
1621140 2130
1621150 2133
1621160 2133
1621170 2135
1621180 2138
1621190 2141
1621200 2141
1621210 2144
1621220 2146
1621230 2146
1621240 2149
1621250 2152
1621260 2152
1621270 2155
1621280 2159
1621290 2159
1621300 2162
1621310 2164
1621320 2164
1621330 2166
1621340 2169
1621350 2169
1621360 2171
1621370 2173
1621380 2173
1621390 2176
1621400 2178
1621410 2181
1621420 2181
1621430 2183
1621440 2186
1621450 2186
1621460 2188
1621470 2191
1621480 2191
1621490 2194
1621500 2196
1621510 2196
1621520 2198
1621530 2200
1621540 2200
1621550 2203
1621560 2205
1621570 2205
1621580 2207
1621590 2210
1621600 2212
1621610 2212
1621620 2214
1621630 2216
1621640 2216
1621650 2218
1621660 2220
1621670 2220
1621680 2223
1621690 2225
1621700 2225
1621710 2226
1621720 2228
1621730 2228
1621740 2230
1621750 2231
1621760 2231
1621770 2233
1621780 2235
1621790 2235
1621800 2237
1621810 2238
1621820 2240
1621830 2240
1621840 2243
1621850 2245
1621860 2245
1621870 2247
1621880 2249
1621890 2249
1621900 2251
1621910 2252
1621920 2252
1621930 2254
1621940 2255
1621950 2255
1621960 2251
1621970 2244
1621980 2244
1621990 2237
1622000 2231
1622010 2231
1622020 2226
1622030 2221
1622040 2217
1622050 2217
1622060 2212
1622070 2207
1622080 2207
1622090 2202
1622100 2198
1622110 2198
1622120 2195
1622130 2193
1622140 2193
1622150 2190
1622160 2186
1622170 2186
1622180 2181
1622190 2172
1622200 2174
1622210 2162
1622220 2153
1622230 2153
1622240 2145
1622250 2137
1622260 2128
1622270 2128
1622280 2120
1622290 2111
1622300 2111
1622310 2104
1622320 2097
1622330 2097
1622340 2090
1622350 2084
1622360 2084
1622370 2078
1622380 2075
1622390 2075
1622400 2073
1622410 2071
1622420 2071
1622430 2068
1622440 2065
1622450 2065
1622460 2062
1622470 2061
1622480 2061
1622490 2061
1622500 2060
1622510 2057
1622520 2057
1622530 2055
1622540 2053
1622550 2053
1622560 2052
1622570 2052
1622580 2052
1622590 2052
1622600 2052
1622610 2052
1622620 2052
1622630 2052
1622640 2052
1622650 2052
1622660 2052
1622670 2052
1622680 2052
1622690 2052
1622700 2052
1622710 2052
1622720 2052
1622730 2052
1622740 2052
1622750 2052
1622760 2052
1622770 2052
1622780 2052
1622790 2052
1622800 2052
1622810 2053
1622820 2052
1622830 2052
1622840 2053
1622850 2053
1622860 2053
1622870 2054
1622880 2054
1622890 2052
1622900 2052
1622910 2050
1622920 2049
1622930 2049
1622940 2048
1622950 2048
1622960 2048
1622970 2050
1622980 2053
1622990 2053
1623000 2056
1623010 2058
1623020 2058
1623030 2060
1623040 2062
1623050 2062
1623060 2065
1623070 2068
1623080 2068
1623090 2071
1623100 2073
1623110 2075
1623120 2082
1623130 2083
1623140 2086
1623150 2086
1623160 2089
1623170 2090
1623180 2090
1623190 2090
1623200 2089
1623210 2089
1623220 2086
1623230 2083
1623240 2083
1623250 2079
1623260 2074
1623270 2074
1623280 2071
1623290 2068
1623300 2068
1623310 2062
1623320 2057
1623330 2053
1623340 2053
1623350 2048
1623360 2043
1623370 2043
1623380 2038
1623390 2036
1623400 2036
1623410 2035
1623420 2035
1623430 2035
1623440 2033
1623450 2033
1623460 2033
1623470 2033
1623480 2034
1623490 2034
1623500 2036
1623510 2039
1623520 2039
1623530 2045
1623540 2051
1623550 2050
1623560 2050
1623570 2052
1623580 2055
1623590 2055
1623600 2057
1623610 2069
1623620 2069
1623630 2079
1623640 2085
1623650 2085
1623660 2088
1623670 2090
1623680 2090
1623690 2091
1623700 2092
1623710 2092
1623720 2094
1623730 2094
1623740 2094
1623750 2094
1623760 2094
1623770 2093
1623780 2093
1623790 2093
1623800 2091
1623810 2091
1623820 2089
1623830 2088
1623840 2088
1623850 2086
1623860 2086
1623870 2086
1623880 2086
1623890 2084
1623900 2084
1623910 2083
1623920 2084
1623930 2084
1623940 2084
1623950 2084
1623960 2084
1623970 2084
1623980 2084
1623990 2084
1624000 2084
1624010 2083
1624020 2083
1624030 2089
1624040 2088
1624050 2087
1624060 2087
1624070 2085
1624080 2083
1624090 2083
1624100 2081
1624110 2079
1624120 2079
1624130 2077
1624140 2076
1624150 2076
1624160 2074
1624170 2072
1624180 2069
1624190 2069
1624200 2066
1624210 2064
1624220 2064
1624230 2061
1624240 2059
1624250 2059
1624260 2057
1624270 2054
1624280 2054
1624290 2051
1624300 2049
1624310 2049
1624320 2046
1624330 2043
1624340 2043
1624350 2041
1624360 2039
1624370 2039
1624380 2035
1624390 2033
1624400 2031
1624410 2031
1624420 2028
1624430 2025
1624440 2025
1624450 2022
1624460 2019
1624470 2019
1624480 2016
1624490 2013
1624500 2013
1624510 2009
1624520 2006
1624530 2006
1624540 2002
1624550 1998
1624560 1998
1624570 1994
1624580 1990
1624590 1990
1624600 1986
1624610 1982
1624620 1979
1624630 1979
1624640 1975
1624650 1971
1624660 1971
1624670 1968
1624680 1967
1624690 1967
1624700 1966
1624710 1964
1624720 1964
1624730 1963
1624740 1961
1624750 1961
1624760 1959
1624770 1957
1624780 1957
1624790 1954
1624800 1951
1624810 1951
1624820 1950
1624830 1949
1624840 1947
1624850 1947
1624860 1945
1624870 1943
1624880 1943
1624890 1941
1624900 1939
1624910 1939
1624920 1937
1624930 1935
1624940 1936
1624950 1935
1624960 1934
1624970 1934
1624980 1932
1624990 1931
1625000 1931
1625010 1929
1625020 1928
1625030 1928
1625040 1927
1625050 1925
1625060 1924
1625070 1924
1625080 1923
1625090 1922
1625100 1922
1625110 1921
1625120 1920
1625130 1920
1625140 1920
1625150 1919
1625160 1919
1625170 1918
1625180 1918
1625190 1918
1625200 1917
1625210 1916
1625220 1916
1625230 1916
1625240 1915
1625250 1915
1625260 1915
1625270 1914
1625280 1913
1625290 1913
1625300 1912
1625310 1911
1625320 1911
1625330 1909
1625340 1908
1625350 1908
1625360 1906
1625370 1905
1625380 1905
1625390 1904
1625400 1902
1625410 1902
1625420 1901
1625430 1900
1625440 1900
1625450 1898
1625460 1897
1625470 1896
1625480 1896
1625490 1895
1625500 1894
1625510 1894
1625520 1893
1625530 1892
1625540 1892
1625550 1891
1625560 1889
1625570 1889
1625580 1888
1625590 1887
1625600 1887
1625610 1886
1625620 1885
1625630 1885
1625640 1884
1625650 1882
1625660 1882
1625670 1881
1625680 1880
1625690 1879
1625700 1879
1625710 1878
1625720 1877
1625730 1877
1625740 1875
1625750 1874
1625760 1874
1625770 1872
1625780 1871
1625790 1871
1625800 1869
1625810 1867
1625820 1867
1625830 1865
1625840 1864
1625850 1864
1625860 1862
1625870 1861
1625880 1861
1625890 1859
1625900 1858
1625910 1856
1625920 1856
1625930 1854
1625940 1852
1625950 1852
1625960 1851
1625970 1850
1625980 1850
1625990 1848
1626000 1846
1626010 1846
1626020 1844
1626030 1842
1626040 1842
1626050 1840
1626060 1838
1626070 1838
1626080 1836
1626090 1834
1626100 1834
1626110 1831
1626120 1829
1626130 1827
1626140 1827
1626150 1825
1626160 1822
1626170 1822
1626180 1820
1626190 1818
1626200 1818
1626210 1815
1626220 1813
1626230 1813
1626240 1811
1626250 1808
1626260 1808
1626270 1806
1626280 1804
1626290 1804
1626300 1802
1626310 1800
1626320 1800
1626330 1798
1626340 1796
1626350 1794
1626360 1794
1626370 1792
1626380 1790
1626390 1790
1626400 1788
1626410 1786
1626420 1786
1626430 1784
1626440 1782
1626450 1782
1626460 1780
1626470 1779
1626480 1779
1626490 1777
1626500 1775
1626510 1775
1626520 1774
1626530 1772
1626540 1772
1626550 1771
1626560 1769
1626570 1768
1626580 1768
1626590 1766
1626600 1764
1626610 1764
1626620 1763
1626630 1762
1626640 1762
1626650 1761
1626660 1760
1626670 1760
1626680 1759
1626690 1758
1626700 1758
1626710 1757
1626720 1755
1626730 1755
1626740 1751
1626750 1750
1626760 1749
1626770 1749
1626780 1748
1626790 1748
1626800 1748
1626810 1746
1626820 1745
1626830 1745
1626840 1744
1626850 1743
1626860 1743
1626870 1742
1626880 1741
1626890 1741
1626900 1741
1626910 1739
1626920 1739
1626930 1738
1626940 1737
1626950 1737
1626960 1736
1626970 1734
1626980 1732
1626990 1732
1627000 1730
1627010 1728
1627020 1728
1627030 1727
1627040 1725
1627050 1725
1627060 1723
1627070 1722
1627080 1722
1627090 1721
1627100 1721
1627110 1721
1627120 1720
1627130 1718
1627140 1718
1627150 1718
1627160 1717
1627170 1717
1627180 1715
1627190 1714
1627200 1713
1627210 1713
1627220 1711
1627230 1709
1627240 1709
1627250 1707
1627260 1706
1627270 1706
1627280 1705
1627290 1704
1627300 1704
1627310 1703
1627320 1703
1627330 1703
1627340 1703
1627350 1702
1627360 1702
1627370 1701
1627380 1699
1627390 1699
1627400 1697
1627410 1694
1627420 1691
1627430 1691
1627440 1689
1627450 1687
1627460 1687
1627470 1685
1627480 1683
1627490 1683
1627500 1682
1627510 1680
1627520 1680
1627530 1679
1627540 1678
1627550 1678
1627560 1676
1627570 1675
1627580 1675
1627590 1673
1627600 1672
1627610 1672
1627620 1670
1627630 1665
1627640 1664
1627650 1664
1627660 1662
1627670 1660
1627680 1660
1627690 1657
1627700 1654
1627710 1654
1627720 1651
1627730 1645
1627740 1645
1627750 1640
1627760 1636
1627770 1636
1627780 1633
1627790 1630
1627800 1630
1627810 1627
1627820 1624
1627830 1624
1627840 1620
1627850 1616
1627860 1612
1627870 1612
1627880 1610
1627890 1607
1627900 1607
1627910 1603
1627920 1601
1627930 1601
1627940 1599
1627950 1598
1627960 1598
1627970 1597
1627980 1597
1627990 1597
1628000 1596
1628010 1597
1628020 1597
1628030 1595
1628040 1596
1628050 1598
1628060 1598
1628070 1599
1628080 1599
1628090 1599
1628100 1598
1628110 1597
1628120 1597
1628130 1596
1628140 1593
1628150 1593
1628160 1592
1628170 1592
1628180 1592
1628190 1590
1628200 1589
1628210 1589
1628220 1589
1628230 1588
1628240 1588
1628250 1587
1628260 1587
1628270 1587
1628280 1587
1628290 1586
1628300 1585
1628310 1585
1628320 1585
1628330 1584
1628340 1584
1628350 1584
1628360 1583
1628370 1583
1628380 1582
1628390 1581
1628400 1581
1628410 1581
1628420 1580
1628430 1580
1628440 1579
1628450 1579
1628460 1579
1628470 1578
1628480 1577
1628490 1576
1628500 1576
1628510 1572
1628520 1571
1628530 1571
1628540 1571
1628550 1570
1628560 1570
1628570 1570
1628580 1571
1628590 1571
1628600 1572
1628610 1573
1628620 1573
1628630 1574
1628640 1575
1628650 1575
1628660 1577
1628670 1580
1628680 1580
1628690 1582
1628700 1584
1628710 1585
1628720 1585
1628730 1586
1628740 1588
1628750 1588
1628760 1589
1628770 1590
1628780 1590
1628790 1591
1628800 1592
1628810 1592
1628820 1592
1628830 1593
1628840 1593
1628850 1593
1628860 1593
1628870 1593
1628880 1594
1628890 1594
1628900 1594
1628910 1593
1628920 1593
1628930 1593
1628940 1593
1628950 1592
1628960 1591
1628970 1591
1628980 1589
1628990 1587
1629000 1587
1629010 1585
1629020 1583
1629030 1583
1629040 1581
1629050 1578
1629060 1578
1629070 1575
1629080 1573
1629090 1573
1629100 1571
1629110 1568
1629120 1568
1629130 1566
1629140 1563
1629150 1559
1629160 1559
1629170 1556
1629180 1554
1629190 1554
1629200 1551
1629210 1549
1629220 1549
1629230 1545
1629240 1542
1629250 1542
1629260 1539
1629270 1537
1629280 1537
1629290 1534
1629300 1532
1629310 1532
1629320 1530
1629330 1527
1629340 1524
1629350 1524
1629360 1521
1629370 1519
1629380 1519
1629390 1515
1629400 1513
1629410 1513
1629420 1510
1629430 1507
1629440 1507
1629450 1504
1629460 1501
1629470 1501
1629480 1499
1629490 1497
1629500 1497
1629510 1494
1629520 1491
1629530 1491
1629540 1487
1629550 1484
1629560 1480
1629570 1480
1629580 1477
1629590 1473
1629600 1473
1629610 1470
1629620 1468
1629630 1468
1629640 1466
1629650 1463
1629660 1463
1629670 1459
1629680 1456
1629690 1456
1629700 1453
1629710 1450
1629720 1450
1629730 1447
1629740 1444
1629750 1444
1629760 1441
1629770 1438
1629780 1435
1629790 1435
1629800 1432
1629810 1431
1629820 1431
1629830 1427
1629840 1424
1629850 1424
1629860 1421
1629870 1419
1629880 1419
1629890 1417
1629900 1416
1629910 1416
1629920 1414
1629930 1413
1629940 1413
1629950 1414
1629960 1415
1629970 1415
1629980 1415
1629990 1415
1630000 1413
1630010 1413
1630020 1409
1630030 1403
1630040 1403
1630050 1398
1630060 1395
1630070 1395
1630080 1391
1630090 1390
1630100 1390
1630110 1388
1630120 1386
1630130 1386
1630140 1385
1630150 1384
1630160 1384
1630170 1382
1630180 1381
1630190 1381
1630200 1379
1630210 1378
1630220 1377
1630230 1377
1630240 1375
1630250 1374
1630260 1374
1630270 1370
1630280 1369
1630290 1369
1630300 1368
1630310 1367
1630320 1367
1630330 1367
1630340 1366
1630350 1366
1630360 1365
1630370 1363
1630380 1363
1630390 1361
1630400 1358
1630410 1358
1630420 1355
1630430 1352
1630440 1348
1630450 1348
1630460 1345
1630470 1341
1630480 1341
1630490 1338
1630500 1335
1630510 1335
1630520 1333
1630530 1331
1630540 1331
1630550 1329
1630560 1326
1630570 1326
1630580 1324
1630590 1321
1630600 1321
1630610 1318
1630620 1316
1630630 1314
1630640 1314
1630650 1311
1630660 1308
1630670 1308
1630680 1306
1630690 1303
1630700 1303
1630710 1300
1630720 1296
1630730 1296
1630740 1292
1630750 1286
1630760 1286
1630770 1280
1630780 1274
1630790 1274
1630800 1269
1630810 1264
1630820 1264
1630830 1259
1630840 1255
1630850 1249
1630860 1249
1630870 1245
1630880 1240
1630890 1240
1630900 1235
1630910 1230
1630920 1230
1630930 1225
1630940 1220
1630950 1220
1630960 1216
1630970 1211
1630980 1211
1630990 1206
1631000 1201
1631010 1201
1631020 1197
1631030 1194
1631040 1194
1631050 1190
1631060 1186
1631070 1182
1631080 1182
1631090 1177
1631100 1173
1631110 1173
1631120 1169
1631130 1166
1631140 1166
1631150 1161
1631160 1156
1631170 1156
1631180 1151
1631190 1147
1631200 1147
1631210 1142
1631220 1138
1631230 1138
1631240 1135
1631250 1132
1631260 1132
1631270 1130
1631280 1128
1631290 1128
1631300 1128
1631310 1129
1631320 1130
1631330 1130
1631340 1130
1631350 1130
1631360 1130
1631370 1133
1631380 1135
1631390 1135
1631400 1136
1631410 1135
1631420 1135
1631430 1135
1631440 1134
1631450 1134
1631460 1135
1631470 1136
1631480 1136
1631490 1136
1631500 1137
1631510 1138
1631520 1138
1631530 1140
1631540 1141
1631550 1141
1631560 1142
1631570 1144
1631580 1144
1631590 1145
1631600 1146
1631610 1146
1631620 1148
1631630 1151
1631640 1151
1631650 1153
1631660 1154
1631670 1154
1631680 1154
1631690 1154
1631700 1154
1631710 1154
1631720 1154
1631730 1153
1631740 1153
1631750 1152
1631760 1150
1631770 1150
1631780 1148
1631790 1146
1631800 1146
1631810 1145
1631820 1144
1631830 1144
1631840 1143
1631850 1143
1631860 1143
1631870 1143
1631880 1143
1631890 1143
1631900 1142
1631910 1142
1631920 1143
1631930 1143
1631940 1143
1631950 1145
1631960 1145
1631970 1147
1631980 1150
1631990 1150
1632000 1150
1632010 1152
1632020 1152
1632030 1153
1632040 1153
1632050 1153
1632060 1153
1632070 1152
1632080 1152
1632090 1152
1632100 1151
1632110 1151
1632120 1150
1632130 1149
1632140 1149
1632150 1149
1632160 1149
1632170 1151
1632180 1151
1632190 1152
1632200 1153
1632210 1153
1632220 1153
1632230 1154
1632240 1154
1632250 1154
1632260 1154
1632270 1154
1632280 1153
1632290 1152
1632300 1152
1632310 1151
1632320 1150
1632330 1150
1632340 1149
1632350 1147
1632360 1145
1632370 1145
1632380 1143
1632390 1140
1632400 1140
1632410 1138
1632420 1136
1632430 1136
1632440 1133
1632450 1130
1632460 1130
1632470 1128
1632480 1125
1632490 1125
1632500 1122
1632510 1119
1632520 1119
1632530 1115
1632540 1112
1632550 1112
1632560 1110
1632570 1107
1632580 1105
1632590 1105
1632600 1102
1632610 1100
1632620 1100
1632630 1098
1632640 1096
1632650 1096
1632660 1091
1632670 1089
1632680 1089
1632690 1088
1632700 1086
1632710 1086
1632720 1082
1632730 1078
1632740 1078
1632750 1075
1632760 1071
1632770 1071
1632780 1067
1632790 1063
1632800 1059
1632810 1059
1632820 1055
1632830 1050
1632840 1050
1632850 1046
1632860 1042
1632870 1042
1632880 1039
1632890 1036
1632900 1036
1632910 1033
1632920 1030
1632930 1030
1632940 1028
1632950 1026
1632960 1026
1632970 1024
1632980 1020
1632990 1020
1633000 1017
1633010 1013
1633020 1007
1633030 1007
1633040 1001
1633050 995
1633060 995
1633070 990
1633080 984
1633090 984
1633100 982
1633110 978
1633120 978
1633130 975
1633140 973
1633150 973
1633160 971
1633170 970
1633180 970
1633190 968
1633200 966
1633210 966
1633220 966
1633230 966
1633240 966
1633250 966
1633260 968
1633270 969
1633280 969
1633290 968
1633300 965
1633310 965
1633320 961
1633330 957
1633340 957
1633350 955
1633360 956
1633370 956
1633380 959
1633390 960
1633400 960
1633410 962
1633420 964
1633430 966
1633440 966
1633450 965
1633460 964
1633470 964
1633480 962
1633490 961
1633500 961
1633510 960
1633520 957
1633530 957
1633540 958
1633550 963
1633560 963
1633570 969
1633580 975
1633590 975
1633600 981
1633610 987
1633620 987
1633630 992
1633640 996
1633650 1000
1633660 1000
1633670 1004
1633680 1008
1633690 1008
1633700 1010
1633710 1015
1633720 1015
1633730 1019
1633740 1022
1633750 1022
1633760 1025
1633770 1027
1633780 1027
1633790 1027
1633800 1026
1633810 1026
1633820 1024
1633830 1021
1633840 1021
1633850 1018
1633860 1015
1633870 1013
1633880 1013
1633890 1011
1633900 1010
1633910 1010
1633920 1009
1633930 1008
1633940 1008
1633950 1007
1633960 1006
1633970 1006
1633980 1004
1633990 1004
1634000 1004
1634010 1007
1634020 1010
1634030 1010
1634040 1012
1634050 1015
1634060 1015
1634070 1018
1634080 1021
1634090 1024
1634100 1024
1634110 1027
1634120 1030
1634130 1030
1634140 1033
1634150 1035
1634160 1035
1634170 1038
1634180 1040
1634190 1040
1634200 1042
1634210 1043
1634220 1043
1634230 1042
1634240 1041
1634250 1041
1634260 1038
1634270 1034
1634280 1034
1634290 1035
1634300 1035
1634310 1036
1634320 1036
1634330 1037
1634340 1039
1634350 1039
1634360 1041
1634370 1042
1634380 1042
1634390 1044
1634400 1046
1634410 1046
1634420 1049
1634430 1052
1634440 1052
1634450 1054
1634460 1056
1634470 1056
1634480 1058
1634490 1060
1634500 1061
1634510 1061
1634520 1062
1634530 1063
1634540 1063
1634550 1063
1634560 1060
1634570 1060
1634580 1059
1634590 1058
1634600 1058
1634610 1056
1634620 1055
1634630 1055
1634640 1054
1634650 1053
1634660 1053
1634670 1050
1634680 1048
1634690 1048
1634700 1045
1634710 1043
1634720 1043
1634730 1043
1634740 1042
1634750 1041
1634760 1041
1634770 1041
1634780 1040
1634790 1040
1634800 1040
1634810 1040
1634820 1040
1634830 1040
1634840 1041
1634850 1041
1634860 1041
1634870 1042
1634880 1042
1634890 1042
1634900 1043
1634910 1043
1634920 1044
1634930 1045
1634940 1047
1634950 1047
1634960 1049
1634970 1051
1634980 1051
1634990 1052
1635000 1052
1635010 1052
1635020 1054
1635030 1055
1635040 1055
1635050 1055
1635060 1054
1635070 1054
1635080 1053
1635090 1051
1635100 1051
1635110 1049
1635120 1047
1635130 1047
1635140 1045
1635150 1043
1635160 1041
1635170 1041
1635180 1038
1635190 1035
1635200 1035
1635210 1031
1635220 1028
1635230 1028
1635240 1024
1635250 1021
1635260 1021
1635270 1018
1635280 1015
1635290 1015
1635300 1013
1635310 1009
1635320 1009
1635330 1006
1635340 1003
1635350 1003
1635360 1000
1635370 997
1635380 994
1635390 994
1635400 987
1635410 984
1635420 984
1635430 982
1635440 979
1635450 979
1635460 976
1635470 972
1635480 972
1635490 969
1635500 966
1635510 966
1635520 963
1635530 960
1635540 960
1635550 956
1635560 953
1635570 953
1635580 951
1635590 951
1635600 952
1635610 952
1635620 951
1635630 950
1635640 950
1635650 948
1635660 947
1635670 947
1635680 945
1635690 944
1635700 944
1635710 942
1635720 941
1635730 941
1635740 940
1635750 939
1635760 939
1635770 936
1635780 935
1635790 935
1635800 934
1635810 933
1635820 932
1635830 932
1635840 930
1635850 929
1635860 929
1635870 928
1635880 927
1635890 927
1635900 927
1635910 926
1635920 926
1635930 925
1635940 924
1635950 924
1635960 923
1635970 923
1635980 923
1635990 922
1636000 921
1636010 921
1636020 921
1636030 918
1636040 917
1636050 917
1636060 916
1636070 915
1636080 915
1636090 914
1636100 913
1636110 913
1636120 912
1636130 911
1636140 911
1636150 911
1636160 910
1636170 910
1636180 910
1636190 909
1636200 909
1636210 908
1636220 907
1636230 907
1636240 907
1636250 906
1636260 905
1636270 905
1636280 904
1636290 903
1636300 903
1636310 903
1636320 903
1636330 903
1636340 902
1636350 901
1636360 901
1636370 900
1636380 899
1636390 899
1636400 899
1636410 898
1636420 898
1636430 898
1636440 897
1636450 896
1636460 896
1636470 896
1636480 896
1636490 896
1636500 895
1636510 895
1636520 895
1636530 895
1636540 895
1636550 895
1636560 895
1636570 895
1636580 895
1636590 894
1636600 894
1636610 894
1636620 893
1636630 891
1636640 891
1636650 890
1636660 889
1636670 890
1636680 890
1636690 891
1636700 894
1636710 894
1636720 898
1636730 899
1636740 899
1636750 899
1636760 899
1636770 899
1636780 900
1636790 900
1636800 900
1636810 900
1636820 901
1636830 901
1636840 901
1636850 901
1636860 901
1636870 902
1636880 902
1636890 902
1636900 902
1636910 903
1636920 903
1636930 903
1636940 903
1636950 903
1636960 903
1636970 904
1636980 904
1636990 904
1637000 905
1637010 905
1637020 905
1637030 905
1637040 905
1637050 905
1637060 906
1637070 906
1637080 906
1637090 906
1637100 906
1637110 906
1637120 906
1637130 907
1637140 907
1637150 907
1637160 907
1637170 908
1637180 908
1637190 908
1637200 908
1637210 908
1637220 908
1637230 909
1637240 909
1637250 909
1637260 909
1637270 909
1637280 910
1637290 910
1637300 911
1637310 911
1637320 911
1637330 911
1637340 911
1637350 912
1637360 912
1637370 912
1637380 913
1637390 913
1637400 913
1637410 913
1637420 914
1637430 914
1637440 914
1637450 915
1637460 915
1637470 915
1637480 915
1637490 915
1637500 915
1637510 915
1637520 915
1637530 915
1637540 916
1637550 916
1637560 916
1637570 916
1637580 916
1637590 916
1637600 917
1637610 917
1637620 917
1637630 917
1637640 917
1637650 917
1637660 917
1637670 918
1637680 918
1637690 918
1637700 918
1637710 918
1637720 919
1637730 919
1637740 920
1637750 920
1637760 920
1637770 921
1637780 921
1637790 921
1637800 921
1637810 921
1637820 921
1637830 921
1637840 921
1637850 921
1637860 919
1637870 919
1637880 919
1637890 920
1637900 921
1637910 923
1637920 925
1637930 925
1637940 927
1637950 929
1637960 931
1637970 931
1637980 932
1637990 934
1638000 934
1638010 935
1638020 936
1638030 936
1638040 938
1638050 941
1638060 941
1638070 943
1638080 945
1638090 945
1638100 948
1638110 950
1638120 950
1638130 953
1638140 955
1638150 955
1638160 957
1638170 959
1638180 960
1638190 960
1638200 960
1638210 960
1638220 960
1638230 959
1638240 959
1638250 959
1638260 958
1638270 957
1638280 957
1638290 956
1638300 957
1638310 957
1638320 959
1638330 960
1638340 960
1638350 961
1638360 961
1638370 961
1638380 959
1638390 957
1638400 953
1638410 953
1638420 950
1638430 952
1638440 952
1638450 955
1638460 957
1638470 957
1638480 961
1638490 965
1638500 965
1638510 969
1638520 972
1638530 972
1638540 976
1638550 981
1638560 981
1638570 986
1638580 988
1638590 989
1638600 989
1638610 990
1638620 991
1638630 991
1638640 992
1638650 993
1638660 993
1638670 996
1638680 998
1638690 998
1638700 1000
1638710 1002
1638720 1002
1638730 1006
1638740 1007
1638750 1007
1638760 1009
1638770 1011
1638780 1011
1638790 1012
1638800 1014
1638810 1015
1638820 1015
1638830 1017
1638840 1019
1638850 1019
1638860 1021
1638870 1022
1638880 1022
1638890 1023
1638900 1024
1638910 1024
1638920 1024
1638930 1023
1638940 1023
1638950 1021
1638960 1018
1638970 1018
1638980 1014
1638990 1010
1639000 1010
1639010 1008
1639020 1008
1639030 1007
1639040 1007
1639050 1003
1639060 1000
1639070 1000
1639080 999
1639090 998
1639100 998
1639110 996
1639120 997
1639130 997
1639140 1003
1639150 1008
1639160 1008
1639170 1012
1639180 1015
1639190 1015
1639200 1018
1639210 1022
1639220 1022
1639230 1026
1639240 1029
1639250 1033
1639260 1033
1639270 1036
1639280 1039
1639290 1039
1639300 1042
1639310 1045
1639320 1045
1639330 1048
1639340 1051
1639350 1051
1639360 1053
1639370 1055
1639380 1055
1639390 1056
1639400 1057
1639410 1057
1639420 1058
1639430 1058
1639440 1058
1639450 1058
1639460 1059
1639470 1060
1639480 1060
1639490 1061
1639500 1061
1639510 1061
1639520 1063
1639530 1064
1639540 1064
1639550 1068
1639560 1069
1639570 1069
1639580 1071
1639590 1073
1639600 1073
1639610 1075
1639620 1077
1639630 1077
1639640 1080
1639650 1082
1639660 1082
1639670 1084
1639680 1086
1639690 1088
1639700 1088
1639710 1090
1639720 1091
1639730 1091
1639740 1093
1639750 1095
1639760 1095
1639770 1097
1639780 1098
1639790 1098
1639800 1100
1639810 1101
1639820 1101
1639830 1103
1639840 1104
1639850 1104
1639860 1106
1639870 1107
1639880 1108
1639890 1108
1639900 1109
1639910 1110
1639920 1110
1639930 1111
1639940 1111
1639950 1111
1639960 1112
1639970 1112
1639980 1112
1639990 1113
