1620000 2026
1620010 2026
1620020 2029
1620030 2031
1620040 2031
1620050 2033
1620060 2035
1620070 2035
1620080 2037
1620090 2039
1620100 2041
1620110 2041
1620120 2043
1620130 2046
1620140 2046
1620150 2048
1620160 2050
1620170 2050
1620180 2051
1620190 2053
1620200 2053
1620210 2054
1620220 2056
1620230 2056
1620240 2058
1620250 2061
1620260 2061
1620270 2064
1620280 2067
1620290 2071
1620300 2071
1620310 2074
1620320 2076
1620330 2076
1620340 2079
1620350 2082
1620360 2082
1620370 2085
1620380 2088
1620390 2088
1620400 2091
1620410 2094
1620420 2094
1620430 2096
1620440 2099
1620450 2099
1620460 2102
1620470 2107
1620480 2107
1620490 2111
1620500 2113
1620510 2118
1620520 2118
1620530 2123
1620540 2128
1620550 2128
1620560 2132
1620570 2137
1620580 2137
1620590 2142
1620600 2145
1620610 2145
1620620 2149
1620630 2152
1620640 2152
1620650 2158
1620660 2164
1620670 2164
1620680 2169
1620690 2174
1620700 2174
1620710 2177
1620720 2181
1620730 2185
1620740 2185
1620750 2189
1620760 2192
1620770 2192
1620780 2195
1620790 2198
1620800 2198
1620810 2202
1620820 2205
1620830 2205
1620840 2209
1620850 2213
1620860 2213
1620870 2216
1620880 2220
1620890 2220
1620900 2224
1620910 2227
1620920 2227
1620930 2230
1620940 2235
1620950 2240
1620960 2240
1620970 2244
1620980 2248
1620990 2248
1621000 2251
1621010 2254
1621020 2254
1621030 2258
1621040 2263
1621050 2263
1621060 2266
1621070 2268
1621080 2268
1621090 2270
1621100 2273
1621110 2273
1621120 2276
1621130 2279
1621140 2279
1621150 2281
1621160 2283
1621170 2286
1621180 2286
1621190 2289
1621200 2292
1621210 2292
1621220 2294
1621230 2296
1621240 2296
1621250 2299
1621260 2302
1621270 2302
1621280 2306
1621290 2311
1621300 2311
1621310 2315
1621320 2321
1621330 2321
1621340 2326
1621350 2331
1621360 2331
1621370 2335
1621380 2339
1621390 2343
1621400 2343
1621410 2346
1621420 2350
1621430 2350
1621440 2354
1621450 2357
1621460 2359
1621470 2364
1621480 2368
1621490 2368
1621500 2372
1621510 2374
1621520 2374
1621530 2374
1621540 2375
1621550 2375
1621560 2379
1621570 2383
1621580 2383
1621590 2386
1621600 2388
1621610 2389
1621620 2389
1621630 2389
1621640 2385
1621650 2385
1621660 2380
1621670 2375
1621680 2375
1621690 2369
1621700 2362
1621710 2362
1621720 2356
1621730 2351
1621740 2351
1621750 2345
1621760 2339
1621770 2339
1621780 2333
1621790 2327
1621800 2322
1621810 2322
1621820 2317
1621830 2312
1621840 2312
1621850 2306
1621860 2301
1621870 2301
1621880 2296
1621890 2291
1621900 2291
1621910 2286
1621920 2282
1621930 2282
1621940 2277
1621950 2272
1621960 2272
1621970 2268
1621980 2264
1621990 2264
1622000 2260
1622010 2256
1622020 2253
1622030 2253
1622040 2249
1622050 2247
1622060 2247
1622070 2244
1622080 2241
1622090 2241
1622100 2238
1622110 2235
1622120 2235
1622130 2231
1622140 2228
1622150 2228
1622160 2225
1622170 2222
1622180 2222
1622190 2220
1622200 2218
1622210 2218
1622220 2215
1622230 2213
1622240 2211
1622250 2211
1622260 2208
1622270 2206
1622280 2206
1622290 2205
1622300 2203
1622310 2203
1622320 2201
1622330 2200
1622340 2200
1622350 2198
1622360 2196
1622370 2196
1622380 2195
1622390 2194
1622400 2194
1622410 2193
1622420 2192
1622430 2192
1622440 2191
1622450 2190
1622460 2189
1622470 2189
1622480 2188
1622490 2187
1622500 2187
1622510 2186
1622520 2185
1622530 2185
1622540 2184
1622550 2183
1622560 2183
1622570 2182
1622580 2181
1622590 2181
1622600 2180
1622610 2179
1622620 2179
1622630 2178
1622640 2177
1622650 2177
1622660 2176
1622670 2175
1622680 2174
1622690 2174
1622700 2173
1622710 2172
1622720 2172
1622730 2171
1622740 2170
1622750 2170
1622760 2170
1622770 2169
1622780 2169
1622790 2168
1622800 2167
1622810 2167
1622820 2167
1622830 2167
1622840 2167
1622850 2167
1622860 2166
1622870 2166
1622880 2166
1622890 2166
1622900 2166
1622910 2166
1622920 2167
1622930 2167
1622940 2167
1622950 2168
1622960 2168
1622970 2168
1622980 2169
1622990 2169
1623000 2169
1623010 2169
1623020 2170
1623030 2170
1623040 2170
1623050 2170
1623060 2170
1623070 2171
1623080 2171
1623090 2171
1623100 2171
1623110 2171
1623120 2172
1623130 2172
1623140 2173
1623150 2174
1623160 2174
1623170 2175
1623180 2176
1623190 2176
1623200 2177
1623210 2177
1623220 2177
1623230 2178
1623240 2179
1623250 2179
1623260 2179
1623270 2180
1623280 2180
1623290 2180
1623300 2181
1623310 2182
1623320 2182
1623330 2182
1623340 2182
1623350 2182
1623360 2182
1623370 2182
1623380 2182
1623390 2181
1623400 2180
1623410 2180
1623420 2178
1623430 2176
1623440 2176
1623450 2174
1623460 2172
1623470 2172
1623480 2170
1623490 2168
1623500 2168
1623510 2165
1623520 2163
1623530 2160
1623540 2160
1623550 2158
1623560 2155
1623570 2155
1623580 2152
1623590 2149
1623600 2149
1623610 2147
1623620 2144
1623630 2144
1623640 2141
1623650 2138
1623660 2138
1623670 2136
1623680 2133
1623690 2133
1623700 2130
1623710 2127
1623720 2127
1623730 2123
1623740 2121
1623750 2117
1623760 2117
1623770 2113
1623780 2108
1623790 2108
1623800 2103
1623810 2099
1623820 2099
1623830 2093
1623840 2089
1623850 2089
1623860 2086
1623870 2082
1623880 2082
1623890 2078
1623900 2075
1623910 2075
1623920 2071
1623930 2067
1623940 2067
1623950 2063
1623960 2059
1623970 2056
1623980 2056
1623990 2055
1624000 2052
1624010 2052
1624020 2049
1624030 2047
1624040 2047
1624050 2047
1624060 2043
1624070 2043
1624080 2039
1624090 2037
1624100 2037
1624110 2036
1624120 2033
1624130 2033
1624140 2031
1624150 2028
1624160 2028
1624170 2025
1624180 2022
1624190 2021
1624200 2021
1624210 2019
1624220 2017
1624230 2017
1624240 2015
1624250 2013
1624260 2013
1624270 2012
1624280 2010
1624290 2010
1624300 2007
1624310 2004
1624320 2004
1624330 2002
1624340 1999
1624350 1999
1624360 1996
1624370 1994
1624380 1994
1624390 1991
1624400 1989
1624410 1986
1624420 1986
1624430 1984
1624440 1981
1624450 1981
1624460 1979
1624470 1977
1624480 1977
1624490 1975
1624500 1973
1624510 1973
1624520 1971
1624530 1970
1624540 1970
1624550 1968
1624560 1965
1624570 1965
1624580 1963
1624590 1961
1624600 1961
1624610 1959
1624620 1956
1624630 1954
1624640 1954
1624650 1952
1624660 1950
1624670 1950
1624680 1947
1624690 1945
1624700 1945
1624710 1943
1624720 1941
1624730 1941
1624740 1938
1624750 1936
1624760 1936
1624770 1934
1624780 1932
1624790 1932
1624800 1930
1624810 1929
1624820 1927
1624830 1927
1624840 1924
1624850 1922
1624860 1922
1624870 1920
1624880 1918
1624890 1918
1624900 1915
1624910 1911
1624920 1911
1624930 1909
1624940 1907
1624950 1907
1624960 1905
1624970 1903
1624980 1903
1624990 1901
1625000 1900
1625010 1900
1625020 1897
1625030 1895
1625040 1893
1625050 1893
1625060 1891
1625070 1889
1625080 1889
1625090 1886
1625100 1883
1625110 1883
1625120 1879
1625130 1877
1625140 1877
1625150 1877
1625160 1876
1625170 1876
1625180 1875
1625190 1874
1625200 1874
1625210 1872
1625220 1872
1625230 1872
1625240 1871
1625250 1870
1625260 1869
1625270 1869
1625280 1868
1625290 1867
1625300 1867
1625310 1865
1625320 1863
1625330 1863
1625340 1860
1625350 1859
1625360 1859
1625370 1857
1625380 1855
1625390 1855
1625400 1853
1625410 1852
1625420 1852
1625430 1850
1625440 1848
1625450 1848
1625460 1846
1625470 1845
1625480 1843
1625490 1843
1625500 1840
1625510 1838
1625520 1838
1625530 1837
1625540 1835
1625550 1835
1625560 1833
1625570 1830
1625580 1830
1625590 1829
1625600 1826
1625610 1826
1625620 1824
1625630 1821
1625640 1821
1625650 1819
1625660 1816
1625670 1816
1625680 1814
1625690 1812
1625700 1809
1625710 1809
1625720 1806
1625730 1805
1625740 1805
1625750 1803
1625760 1801
1625770 1801
1625780 1798
1625790 1795
1625800 1795
1625810 1791
1625820 1788
1625830 1788
1625840 1785
1625850 1783
1625860 1783
1625870 1781
1625880 1779
1625890 1779
1625900 1777
1625910 1777
1625920 1778
1625930 1778
1625940 1778
1625950 1778
1625960 1778
1625970 1776
1625980 1774
1625990 1774
1626000 1774
1626010 1774
1626020 1769
1626030 1769
1626040 1768
1626050 1768
1626060 1767
1626070 1766
1626080 1766
1626090 1763
1626100 1759
1626110 1759
1626120 1755
1626130 1751
1626140 1745
1626150 1745
1626160 1737
1626170 1729
1626180 1729
1626190 1724
1626200 1720
1626210 1720
1626220 1719
1626230 1719
1626240 1719
1626250 1719
1626260 1718
1626270 1718
1626280 1718
1626290 1717
1626300 1717
1626310 1715
1626320 1712
1626330 1711
1626340 1711
1626350 1709
1626360 1707
1626370 1707
1626380 1705
1626390 1701
1626400 1701
1626410 1697
1626420 1693
1626430 1693
1626440 1690
1626450 1689
1626460 1689
1626470 1689
1626480 1687
1626490 1687
1626500 1685
1626510 1682
1626520 1682
1626530 1679
1626540 1677
1626550 1677
1626560 1677
1626570 1677
1626580 1678
1626590 1678
1626600 1677
1626610 1674
1626620 1674
1626630 1672
1626640 1670
1626650 1670
1626660 1670
1626670 1668
1626680 1668
1626690 1667
1626700 1667
1626710 1667
1626720 1665
1626730 1662
1626740 1662
1626750 1659
1626760 1656
1626770 1656
1626780 1656
1626790 1655
1626800 1653
1626810 1653
1626820 1652
1626830 1650
1626840 1650
1626850 1649
1626860 1648
1626870 1648
1626880 1646
1626890 1644
1626900 1644
1626910 1639
1626920 1638
1626930 1638
1626940 1638
1626950 1637
1626960 1637
1626970 1635
1626980 1634
1626990 1632
1627000 1632
1627010 1631
1627020 1629
1627030 1629
1627040 1627
1627050 1626
1627060 1626
1627070 1624
1627080 1622
1627090 1622
1627100 1621
1627110 1618
1627120 1618
1627130 1617
1627140 1615
1627150 1615
1627160 1612
1627170 1610
1627180 1610
1627190 1608
1627200 1607
1627210 1605
1627220 1605
1627230 1603
1627240 1600
1627250 1600
1627260 1598
1627270 1595
1627280 1595
1627290 1592
1627300 1588
1627310 1588
1627320 1587
1627330 1585
1627340 1585
1627350 1584
1627360 1582
1627370 1582
1627380 1579
1627390 1577
1627400 1577
1627410 1573
1627420 1571
1627430 1568
1627440 1568
1627450 1567
1627460 1565
1627470 1565
1627480 1564
1627490 1563
1627500 1563
1627510 1562
1627520 1560
1627530 1560
1627540 1558
1627550 1556
1627560 1556
1627570 1554
1627580 1551
1627590 1551
1627600 1547
1627610 1542
1627620 1542
1627630 1538
1627640 1534
1627650 1530
1627660 1530
1627670 1528
1627680 1526
1627690 1526
1627700 1525
1627710 1522
1627720 1522
1627730 1518
1627740 1516
1627750 1516
1627760 1514
1627770 1511
1627780 1511
1627790 1508
1627800 1503
1627810 1503
1627820 1499
1627830 1495
1627840 1491
1627850 1491
1627860 1488
1627870 1484
1627880 1484
1627890 1480
1627900 1474
1627910 1474
1627920 1469
1627930 1462
1627940 1462
1627950 1456
1627960 1449
1627970 1449
1627980 1444
1627990 1440
1628000 1440
1628010 1437
1628020 1435
1628030 1435
1628040 1434
1628050 1430
1628060 1430
1628070 1430
1628080 1434
1628090 1439
1628100 1439
1628110 1442
1628120 1444
1628130 1444
1628140 1446
1628150 1447
1628160 1447
1628170 1447
1628180 1447
1628190 1447
1628200 1447
1628210 1448
1628220 1448
1628230 1451
1628240 1454
1628250 1454
1628260 1456
1628270 1460
1628280 1460
1628290 1460
1628300 1462
1628310 1464
1628320 1464
1628330 1465
1628340 1465
1628350 1465
1628360 1465
1628370 1465
1628380 1465
1628390 1464
1628400 1464
1628410 1464
1628420 1464
1628430 1463
1628440 1463
1628450 1461
1628460 1459
1628470 1459
1628480 1456
1628490 1454
1628500 1452
1628510 1452
1628520 1450
1628530 1448
1628540 1448
1628550 1448
1628560 1449
1628570 1449
1628580 1450
1628590 1453
1628600 1453
1628610 1456
1628620 1459
1628630 1459
1628640 1463
1628650 1468
1628660 1468
1628670 1473
1628680 1477
1628690 1474
1628700 1478
1628710 1481
1628720 1484
1628730 1484
1628740 1488
1628750 1491
1628760 1491
1628770 1495
1628780 1498
1628790 1498
1628800 1500
1628810 1502
1628820 1502
1628830 1504
1628840 1505
1628850 1505
1628860 1506
1628870 1506
1628880 1506
1628890 1506
1628900 1506
1628910 1506
1628920 1504
1628930 1502
1628940 1501
1628950 1501
1628960 1498
1628970 1494
1628980 1494
1628990 1491
1629000 1491
1629010 1491
1629020 1489
1629030 1488
1629040 1488
1629050 1486
1629060 1485
1629070 1485
1629080 1482
1629090 1479
1629100 1479
1629110 1477
1629120 1476
1629130 1476
1629140 1474
1629150 1472
1629160 1470
1629170 1470
1629180 1467
1629190 1464
1629200 1464
1629210 1461
1629220 1458
1629230 1458
1629240 1456
1629250 1452
1629260 1452
1629270 1448
1629280 1444
1629290 1444
1629300 1443
1629310 1442
1629320 1442
1629330 1441
1629340 1440
1629350 1440
1629360 1440
1629370 1439
1629380 1437
1629390 1437
1629400 1436
1629410 1436
1629420 1436
1629430 1437
1629440 1437
1629450 1437
1629460 1437
1629470 1437
1629480 1437
1629490 1437
1629500 1437
1629510 1437
1629520 1437
1629530 1437
1629540 1437
1629550 1437
1629560 1436
1629570 1432
1629580 1432
1629590 1431
1629600 1429
1629610 1429
1629620 1428
1629630 1427
1629640 1427
1629650 1426
1629660 1426
1629670 1426
1629680 1426
1629690 1425
1629700 1425
1629710 1423
1629720 1420
1629730 1420
1629740 1418
1629750 1415
1629760 1415
1629770 1411
1629780 1408
1629790 1404
1629800 1404
1629810 1400
1629820 1395
1629830 1395
1629840 1389
1629850 1384
1629860 1384
1629870 1379
1629880 1374
1629890 1374
1629900 1370
1629910 1365
1629920 1365
1629930 1359
1629940 1352
1629950 1352
1629960 1345
1629970 1338
1629980 1338
1629990 1332
1630000 1324
1630010 1316
1630020 1316
1630030 1308
1630040 1301
1630050 1301
1630060 1294
1630070 1287
1630080 1287
1630090 1279
1630100 1272
1630110 1272
1630120 1266
1630130 1261
1630140 1261
1630150 1257
1630160 1253
1630170 1253
1630180 1250
1630190 1247
1630200 1247
1630210 1246
1630220 1248
1630230 1250
1630240 1250
1630250 1254
1630260 1258
1630270 1258
1630280 1263
1630290 1268
1630300 1268
1630310 1273
1630320 1278
1630330 1278
1630340 1284
1630350 1289
1630360 1289
1630370 1293
1630380 1294
1630390 1294
1630400 1294
1630410 1293
1630420 1293
1630430 1293
1630440 1290
1630450 1291
1630460 1291
1630470 1291
1630480 1291
1630490 1291
1630500 1291
1630510 1292
1630520 1292
1630530 1292
1630540 1293
1630550 1293
1630560 1292
1630570 1292
1630580 1292
1630590 1291
1630600 1291
1630610 1291
1630620 1290
1630630 1288
1630640 1288
1630650 1286
1630660 1283
1630670 1280
1630680 1280
1630690 1277
1630700 1274
1630710 1274
1630720 1270
1630730 1268
1630740 1268
1630750 1267
1630760 1266
1630770 1266
1630780 1264
1630790 1262
1630800 1262
1630810 1260
1630820 1258
1630830 1258
1630840 1256
1630850 1255
1630860 1254
1630870 1254
1630880 1252
1630890 1248
1630900 1248
1630910 1245
1630920 1242
1630930 1242
1630940 1238
1630950 1235
1630960 1235
1630970 1232
1630980 1228
1630990 1228
1631000 1227
1631010 1225
1631020 1225
1631030 1221
1631040 1219
1631050 1219
1631060 1219
1631070 1218
1631080 1215
1631090 1215
1631100 1213
1631110 1210
1631120 1210
1631130 1208
1631140 1206
1631150 1206
1631160 1203
1631170 1198
1631180 1198
1631190 1195
1631200 1192
1631210 1192
1631220 1189
1631230 1187
1631240 1187
1631250 1185
1631260 1183
1631270 1183
1631280 1181
1631290 1179
1631300 1175
1631310 1178
1631320 1175
1631330 1171
1631340 1171
1631350 1169
1631360 1166
1631370 1166
1631380 1164
1631390 1161
1631400 1161
1631410 1158
1631420 1155
1631430 1155
1631440 1152
1631450 1149
1631460 1149
1631470 1146
1631480 1142
1631490 1142
1631500 1139
1631510 1134
1631520 1130
1631530 1130
1631540 1126
1631550 1122
1631560 1122
1631570 1118
1631580 1115
1631590 1115
1631600 1112
1631610 1109
1631620 1109
1631630 1107
1631640 1106
1631650 1106
1631660 1105
1631670 1103
1631680 1103
1631690 1101
1631700 1100
1631710 1100
1631720 1099
1631730 1098
1631740 1097
1631750 1097
1631760 1096
1631770 1094
1631780 1094
1631790 1093
1631800 1090
1631810 1090
1631820 1087
1631830 1084
1631840 1084
1631850 1082
1631860 1078
1631870 1078
1631880 1073
1631890 1068
1631900 1068
1631910 1063
1631920 1059
1631930 1059
1631940 1056
1631950 1054
1631960 1051
1631970 1051
1631980 1048
1631990 1045
1632000 1045
1632010 1042
1632020 1041
1632030 1041
1632040 1038
1632050 1034
1632060 1034
1632070 1030
1632080 1026
1632090 1026
1632100 1022
1632110 1019
1632120 1019
1632130 1016
1632140 1016
1632150 1015
1632160 1015
1632170 1013
1632180 1013
1632190 1013
1632200 1015
1632210 1016
1632220 1016
1632230 1016
1632240 1017
1632250 1017
1632260 1020
1632270 1023
1632280 1023
1632290 1026
1632300 1027
1632310 1027
1632320 1029
1632330 1030
1632340 1030
1632350 1031
1632360 1033
1632370 1036
1632380 1036
1632390 1038
1632400 1039
1632410 1039
1632420 1040
1632430 1040
1632440 1040
1632450 1040
1632460 1041
1632470 1041
1632480 1042
1632490 1042
1632500 1042
1632510 1042
1632520 1043
1632530 1043
1632540 1044
1632550 1045
1632560 1045
1632570 1046
1632580 1046
1632590 1046
1632600 1046
1632610 1046
1632620 1046
1632630 1046
1632640 1045
1632650 1045
1632660 1045
1632670 1044
1632680 1043
1632690 1043
1632700 1041
1632710 1039
1632720 1039
1632730 1039
1632740 1039
1632750 1039
1632760 1038
1632770 1037
1632780 1037
1632790 1036
1632800 1034
1632810 1032
1632820 1032
1632830 1030
1632840 1029
1632850 1029
1632860 1026
1632870 1024
1632880 1024
1632890 1022
1632900 1019
1632910 1019
1632920 1016
1632930 1013
1632940 1013
1632950 1010
1632960 1007
1632970 1007
1632980 1004
1632990 1002
1633000 1002
1633010 1000
1633020 997
1633030 992
1633040 992
1633050 990
1633060 988
1633070 988
1633080 986
1633090 984
1633100 984
1633110 982
1633120 980
1633130 980
1633140 979
1633150 978
1633160 978
1633170 976
1633180 974
1633190 974
1633200 972
1633210 970
1633220 970
1633230 968
1633240 967
1633250 965
1633260 965
1633270 963
1633280 960
1633290 960
1633300 957
1633310 954
1633320 954
1633330 950
1633340 947
1633350 947
1633360 945
1633370 943
1633380 943
1633390 942
1633400 940
1633410 940
1633420 938
1633430 935
1633440 935
1633450 933
1633460 929
1633470 925
1633480 925
1633490 921
1633500 919
1633510 919
1633520 919
1633530 918
1633540 918
1633550 916
1633560 916
1633570 916
1633580 917
1633590 919
1633600 919
1633610 921
1633620 924
1633630 924
1633640 928
1633650 932
1633660 932
1633670 934
1633680 935
1633690 936
1633700 936
1633710 937
1633720 938
1633730 938
1633740 938
1633750 939
1633760 939
1633770 939
1633780 939
1633790 939
1633800 938
1633810 938
1633820 938
1633830 938
1633840 937
1633850 937
1633860 937
1633870 937
1633880 935
1633890 935
1633900 935
1633910 935
1633920 935
1633930 934
1633940 934
1633950 934
1633960 933
1633970 932
1633980 932
1633990 931
1634000 930
1634010 930
1634020 928
1634030 926
1634040 926
1634050 925
1634060 927
1634070 927
1634080 928
1634090 929
1634100 929
1634110 929
1634120 930
1634130 930
1634140 930
1634150 931
1634160 932
1634170 932
1634180 933
1634190 935
1634200 935
1634210 936
1634220 936
1634230 936
1634240 937
1634250 938
1634260 938
1634270 939
1634280 939
1634290 939
1634300 940
1634310 940
1634320 941
1634330 941
1634340 941
1634350 941
1634360 941
1634370 941
1634380 941
1634390 941
1634400 942
1634410 942
1634420 942
1634430 942
1634440 942
1634450 942
1634460 943
1634470 943
1634480 943
1634490 943
1634500 944
1634510 944
1634520 944
1634530 944
1634540 944
1634550 944
1634560 944
1634570 944
1634580 944
1634590 943
1634600 942
1634610 942
1634620 940
1634630 940
1634640 940
1634650 938
1634660 937
1634670 937
1634680 937
1634690 938
1634700 938
1634710 937
1634720 937
1634730 936
1634740 936
1634750 936
1634760 936
1634770 936
1634780 937
1634790 937
1634800 937
1634810 938
1634820 938
1634830 938
1634840 938
1634850 938
1634860 938
1634870 938
1634880 937
1634890 937
1634900 937
1634910 936
1634920 936
1634930 935
1634940 934
1634950 934
1634960 933
1634970 932
1634980 932
1634990 932
1635000 931
1635010 931
1635020 931
1635030 931
1635040 931
1635050 931
1635060 930
1635070 931
1635080 931
1635090 930
1635100 930
1635110 930
1635120 929
1635130 929
1635140 929
1635150 928
1635160 928
1635170 928
1635180 927
1635190 926
1635200 925
1635210 925
1635220 924
1635230 924
1635240 924
1635250 923
1635260 923
1635270 923
1635280 922
1635290 922
1635300 922
1635310 922
1635320 920
1635330 920
1635340 917
1635350 915
1635360 915
1635370 917
1635380 917
1635390 916
1635400 916
1635410 915
1635420 913
1635430 913
1635440 911
1635450 910
1635460 910
1635470 909
1635480 907
1635490 907
1635500 907
1635510 906
1635520 906
1635530 906
1635540 905
1635550 905
1635560 904
1635570 903
1635580 903
1635590 902
1635600 901
1635610 900
1635620 900
1635630 900
1635640 899
1635650 899
1635660 898
1635670 898
1635680 898
1635690 897
1635700 896
1635710 896
1635720 895
1635730 894
1635740 894
1635750 893
1635760 892
1635770 892
1635780 891
1635790 890
1635800 890
1635810 889
1635820 887
1635830 887
1635840 887
1635850 887
1635860 887
1635870 887
1635880 887
1635890 887
1635900 887
1635910 886
1635920 886
1635930 886
1635940 885
1635950 885
1635960 885
1635970 884
1635980 883
1635990 883
1636000 882
1636010 881
1636020 881
1636030 881
1636040 881
1636050 880
1636060 880
1636070 880
1636080 881
1636090 881
1636100 881
1636110 880
1636120 880
1636130 880
1636140 880
1636150 880
1636160 880
1636170 879
1636180 879
1636190 879
1636200 878
1636210 878
1636220 877
1636230 877
1636240 877
1636250 876
1636260 877
1636270 882
1636280 882
1636290 885
1636300 885
1636310 885
1636320 885
1636330 886
1636340 886
1636350 887
1636360 887
1636370 887
1636380 888
1636390 888
1636400 888
1636410 888
1636420 888
1636430 888
1636440 888
1636450 888
1636460 888
1636470 889
1636480 889
1636490 889
1636500 889
1636510 889
1636520 889
1636530 889
1636540 889
1636550 890
1636560 890
1636570 891
1636580 891
1636590 891
1636600 891
1636610 892
1636620 892
1636630 891
1636640 891
1636650 891
1636660 892
1636670 893
1636680 893
1636690 893
1636700 893
1636710 893
1636720 893
1636730 893
1636740 894
1636750 894
1636760 894
1636770 894
1636780 894
1636790 894
1636800 895
1636810 895
1636820 895
1636830 895
1636840 895
1636850 895
1636860 895
1636870 895
1636880 896
1636890 896
1636900 896
1636910 896
1636920 896
1636930 896
1636940 896
1636950 897
1636960 897
1636970 897
1636980 897
1636990 897
1637000 897
1637010 897
1637020 898
1637030 898
1637040 898
1637050 898
1637060 898
1637070 898
1637080 898
1637090 898
1637100 898
1637110 898
1637120 898
1637130 898
1637140 898
1637150 898
1637160 898
1637170 898
1637180 898
1637190 898
1637200 898
1637210 897
1637220 897
1637230 897
1637240 895
1637250 895
1637260 894
1637270 895
1637280 895
1637290 896
1637300 896
1637310 896
1637320 897
1637330 898
1637340 899
1637350 899
1637360 901
1637370 902
1637380 902
1637390 903
1637400 904
1637410 904
1637420 905
1637430 906
1637440 906
1637450 907
1637460 908
1637470 908
1637480 908
1637490 909
1637500 909
1637510 910
1637520 911
1637530 911
1637540 912
1637550 913
1637560 914
1637570 914
1637580 915
1637590 916
1637600 916
1637610 917
1637620 918
1637630 918
1637640 919
1637650 920
1637660 920
1637670 922
1637680 923
1637690 923
1637700 925
1637710 926
1637720 926
1637730 928
1637740 929
1637750 929
1637760 931
1637770 934
1637780 936
1637790 936
1637800 937
1637810 939
1637820 939
1637830 941
1637840 945
1637850 945
1637860 947
1637870 950
1637880 950
1637890 953
1637900 957
1637910 957
1637920 961
1637930 966
1637940 966
1637950 969
1637960 974
1637970 974
1637980 978
1637990 982
1638000 985
1638010 985
1638020 989
1638030 992
1638040 992
1638050 996
1638060 999
1638070 1000
1638080 1003
1638090 1006
1638100 1006
1638110 1009
1638120 1012
1638130 1012
1638140 1016
1638150 1019
1638160 1019
1638170 1023
1638180 1026
1638190 1026
1638200 1029
1638210 1032
1638220 1035
1638230 1035
1638240 1037
1638250 1039
1638260 1039
1638270 1042
1638280 1044
1638290 1044
1638300 1046
1638310 1048
1638320 1048
1638330 1050
1638340 1052
1638350 1052
1638360 1053
1638370 1055
1638380 1055
1638390 1055
1638400 1052
1638410 1052
1638420 1048
1638430 1045
1638440 1041
1638450 1041
1638460 1038
1638470 1035
1638480 1035
1638490 1032
1638500 1030
1638510 1030
1638520 1027
1638530 1025
1638540 1025
1638550 1022
1638560 1025
1638570 1025
1638580 1028
1638590 1030
1638600 1030
1638610 1033
1638620 1035
1638630 1038
1638640 1038
1638650 1042
1638660 1046
1638670 1046
1638680 1050
1638690 1054
1638700 1054
1638710 1058
1638720 1061
1638730 1061
1638740 1065
1638750 1068
1638760 1068
1638770 1071
1638780 1073
1638790 1073
1638800 1076
1638810 1080
1638820 1080
1638830 1083
1638840 1087
1638850 1090
1638860 1090
1638870 1094
1638880 1097
1638890 1098
1638900 1101
1638910 1104
1638920 1104
1638930 1106
1638940 1108
1638950 1108
1638960 1110
1638970 1112
1638980 1112
1638990 1113
1639000 1114
1639010 1114
1639020 1115
1639030 1115
1639040 1115
1639050 1115
1639060 1115
1639070 1114
1639080 1114
1639090 1114
1639100 1113
1639110 1113
1639120 1112
1639130 1111
1639140 1111
1639150 1110
1639160 1108
1639170 1108
1639180 1106
1639190 1102
1639200 1102
1639210 1098
1639220 1095
1639230 1095
1639240 1092
1639250 1089
1639260 1089
1639270 1085
1639280 1083
1639290 1081
1639300 1081
1639310 1080
1639320 1081
1639330 1081
1639340 1084
1639350 1087
1639360 1087
1639370 1091
1639380 1095
1639390 1095
1639400 1100
1639410 1104
1639420 1104
1639430 1109
1639440 1112
1639450 1112
1639460 1114
1639470 1117
1639480 1117
1639490 1118
1639500 1121
1639510 1123
1639520 1123
1639530 1124
1639540 1126
1639550 1126
1639560 1128
1639570 1130
1639580 1130
1639590 1133
1639600 1134
1639610 1134
1639620 1136
1639630 1137
1639640 1137
1639650 1139
1639660 1140
1639670 1140
1639680 1141
1639690 1143
1639700 1143
1639710 1145
1639720 1146
1639730 1147
1639740 1147
1639750 1148
1639760 1149
1639770 1149
1639780 1149
1639790 1150
1639800 1150
1639810 1150
1639820 1150
1639830 1150
1639840 1149
1639850 1149
1639860 1149
1639870 1148
1639880 1147
1639890 1147
1639900 1146
1639910 1144
1639920 1144
1639930 1142
1639940 1141
1639950 1139
1639960 1139
1639970 1138
1639980 1137
1639990 1137
