1620000 2100
1620010 2100
1620020 2103
1620030 2106
1620040 2109
1620050 2109
1620060 2110
1620070 2113
1620080 2113
1620090 2115
1620100 2118
1620110 2118
1620120 2121
1620130 2123
1620140 2123
1620150 2125
1620160 2127
1620170 2127
1620180 2129
1620190 2133
1620200 2133
1620210 2137
1620220 2140
1620230 2140
1620240 2144
1620250 2147
1620260 2150
1620270 2150
1620280 2153
1620290 2156
1620300 2156
1620310 2159
1620320 2162
1620330 2162
1620340 2165
1620350 2169
1620360 2169
1620370 2171
1620380 2174
1620390 2174
1620400 2178
1620410 2181
1620420 2181
1620430 2185
1620440 2189
1620450 2189
1620460 2192
1620470 2195
1620480 2199
1620490 2199
1620500 2202
1620510 2206
1620520 2206
1620530 2210
1620540 2214
1620550 2214
1620560 2218
1620570 2223
1620580 2223
1620590 2226
1620600 2229
1620610 2229
1620620 2233
1620630 2238
1620640 2238
1620650 2244
1620660 2248
1620670 2248
1620680 2254
1620690 2260
1620700 2264
1620710 2264
1620720 2266
1620730 2268
1620740 2268
1620750 2272
1620760 2278
1620770 2278
1620780 2284
1620790 2289
1620800 2289
1620810 2294
1620820 2298
1620830 2298
1620840 2301
1620850 2300
1620860 2300
1620870 2293
1620880 2286
1620890 2286
1620900 2280
1620910 2272
1620920 2264
1620930 2264
1620940 2256
1620950 2248
1620960 2248
1620970 2240
1620980 2233
1620990 2233
1621000 2225
1621010 2214
1621020 2214
1621030 2204
1621040 2197
1621050 2197
1621060 2190
1621070 2184
1621080 2184
1621090 2178
1621100 2174
1621110 2174
1621120 2170
1621130 2167
1621140 2166
1621150 2166
1621160 2164
1621170 2163
1621180 2163
1621190 2162
1621200 2162
1621210 2162
1621220 2163
1621230 2163
1621240 2163
1621250 2163
1621260 2165
1621270 2165
1621280 2165
1621290 2165
1621300 2165
1621310 2166
1621320 2166
1621330 2166
1621340 2168
1621350 2170
1621360 2171
1621370 2171
1621380 2172
1621390 2174
1621400 2174
1621410 2175
1621420 2174
1621430 2174
1621440 2172
1621450 2171
1621460 2171
1621470 2172
1621480 2172
1621490 2172
1621500 2171
1621510 2170
1621520 2170
1621530 2169
1621540 2167
1621550 2165
1621560 2165
1621570 2163
1621580 2162
1621590 2162
1621600 2162
1621610 2160
1621620 2160
1621630 2163
1621640 2165
1621650 2165
1621660 2166
1621670 2166
1621680 2166
1621690 2165
1621700 2164
1621710 2164
1621720 2161
1621730 2158
1621740 2158
1621750 2157
1621760 2159
1621770 2163
1621780 2163
1621790 2166
1621800 2168
1621810 2168
1621820 2170
1621830 2174
1621840 2174
1621850 2176
1621860 2180
1621870 2180
1621880 2183
1621890 2185
1621900 2185
1621910 2187
1621920 2188
1621930 2188
1621940 2186
1621950 2182
1621960 2182
1621970 2174
1621980 2168
1621990 2161
1622000 2161
1622010 2157
1622020 2153
1622030 2153
1622040 2147
1622050 2141
1622060 2141
1622070 2136
1622080 2131
1622090 2131
1622100 2125
1622110 2120
1622120 2120
1622130 2116
1622140 2115
1622150 2115
1622160 2112
1622170 2109
1622180 2109
1622190 2108
1622200 2105
1622210 2102
1622220 2102
1622230 2097
1622240 2092
1622250 2092
1622260 2088
1622270 2085
1622280 2085
1622290 2082
1622300 2075
1622310 2075
1622320 2070
1622330 2065
1622340 2065
1622350 2060
1622360 2055
1622370 2055
1622380 2050
1622390 2048
1622400 2048
1622410 2050
1622420 2051
1622430 2050
1622440 2050
1622450 2047
1622460 2043
1622470 2043
1622480 2036
1622490 2033
1622500 2033
1622510 2032
1622520 2029
1622530 2029
1622540 2022
1622550 2019
1622560 2019
1622570 2018
1622580 2016
1622590 2016
1622600 2015
1622610 2013
1622620 2013
1622630 2012
1622640 2012
1622650 2013
1622660 2013
1622670 2013
1622680 2013
1622690 2013
1622700 2011
1622710 2010
1622720 2010
1622730 2011
1622740 2011
1622750 2011
1622760 2010
1622770 2010
1622780 2010
1622790 2013
1622800 2016
1622810 2016
1622820 2019
1622830 2020
1622840 2020
1622850 2022
1622860 2025
1622870 2029
1622880 2029
1622890 2035
1622900 2039
1622910 2039
1622920 2044
1622930 2046
1622940 2046
1622950 2047
1622960 2048
1622970 2048
1622980 2048
1622990 2048
1623000 2048
1623010 2049
1623020 2052
1623030 2052
1623040 2056
1623050 2059
1623060 2059
1623070 2062
1623080 2067
1623090 2071
1623100 2071
1623110 2073
1623120 2073
1623130 2073
1623140 2073
1623150 2074
1623160 2074
1623170 2075
1623180 2079
1623190 2079
1623200 2082
1623210 2085
1623220 2085
1623230 2088
1623240 2091
1623250 2091
1623260 2093
1623270 2093
1623280 2093
1623290 2094
1623300 2096
1623310 2096
1623320 2096
1623330 2098
1623340 2100
1623350 2100
1623360 2101
1623370 2102
1623380 2102
1623390 2102
1623400 2103
1623410 2103
1623420 2103
1623430 2105
1623440 2105
1623450 2101
1623460 2100
1623470 2100
1623480 2098
1623490 2097
1623500 2096
1623510 2096
1623520 2095
1623530 2093
1623540 2093
1623550 2091
1623560 2091
1623570 2091
1623580 2090
1623590 2091
1623600 2091
1623610 2091
1623620 2093
1623630 2093
1623640 2095
1623650 2095
1623660 2095
1623670 2095
1623680 2096
1623690 2096
1623700 2095
1623710 2095
1623720 2095
1623730 2095
1623740 2095
1623750 2095
1623760 2095
1623770 2094
1623780 2093
1623790 2093
1623800 2093
1623810 2092
1623820 2092
1623830 2091
1623840 2089
1623850 2089
1623860 2088
1623870 2087
1623880 2087
1623890 2085
1623900 2084
1623910 2084
1623920 2082
1623930 2081
1623940 2080
1623950 2080
1623960 2079
1623970 2077
1623980 2077
1623990 2075
1624000 2072
1624010 2072
1624020 2069
1624030 2067
1624040 2067
1624050 2064
1624060 2061
1624070 2061
1624080 2058
1624090 2055
1624100 2055
1624110 2053
1624120 2050
1624130 2050
1624140 2047
1624150 2044
1624160 2041
1624170 2041
1624180 2039
1624190 2037
1624200 2037
1624210 2034
1624220 2031
1624230 2031
1624240 2028
1624250 2025
1624260 2025
1624270 2021
1624280 2018
1624290 2018
1624300 2015
1624310 2011
1624320 2011
1624330 2008
1624340 2005
1624350 2005
1624360 2001
1624370 1996
1624380 1992
1624390 1992
1624400 1988
1624410 1985
1624420 1985
1624430 1982
1624440 1979
1624450 1979
1624460 1977
1624470 1975
1624480 1975
1624490 1973
1624500 1970
1624510 1970
1624520 1967
1624530 1964
1624540 1964
1624550 1961
1624560 1957
1624570 1957
1624580 1954
1624590 1952
1624600 1950
1624610 1950
1624620 1947
1624630 1946
1624640 1946
1624650 1943
1624660 1940
1624670 1940
1624680 1938
1624690 1935
1624700 1935
1624710 1932
1624720 1931
1624730 1931
1624740 1928
1624750 1924
1624760 1924
1624770 1919
1624780 1916
1624790 1916
1624800 1913
1624810 1909
1624820 1905
1624830 1905
1624840 1902
1624850 1899
1624860 1899
1624870 1897
1624880 1894
1624890 1894
1624900 1891
1624910 1888
1624920 1888
1624930 1884
1624940 1881
1624950 1881
1624960 1876
1624970 1872
1624980 1872
1624990 1869
1625000 1867
1625010 1867
1625020 1867
1625030 1864
1625040 1861
1625050 1861
1625060 1858
1625070 1855
1625080 1855
1625090 1851
1625100 1849
1625110 1849
1625120 1846
1625130 1843
1625140 1843
1625150 1840
1625160 1837
1625170 1837
1625180 1834
1625190 1832
1625200 1832
1625210 1829
1625220 1826
1625230 1826
1625240 1823
1625250 1819
1625260 1816
1625270 1816
1625280 1813
1625290 1810
1625300 1810
1625310 1808
1625320 1806
1625330 1806
1625340 1802
1625350 1800
1625360 1800
1625370 1797
1625380 1794
1625390 1794
1625400 1792
1625410 1790
1625420 1790
1625430 1789
1625440 1786
1625450 1786
1625460 1784
1625470 1783
1625480 1782
1625490 1782
1625500 1780
1625510 1778
1625520 1778
1625530 1775
1625540 1774
1625550 1774
1625560 1773
1625570 1772
1625580 1772
1625590 1770
1625600 1768
1625610 1768
1625620 1766
1625630 1764
1625640 1764
1625650 1762
1625660 1760
1625670 1758
1625680 1758
1625690 1755
1625700 1753
1625710 1753
1625720 1750
1625730 1747
1625740 1747
1625750 1744
1625760 1741
1625770 1741
1625780 1737
1625790 1734
1625800 1734
1625810 1730
1625820 1727
1625830 1727
1625840 1723
1625850 1721
1625860 1721
1625870 1719
1625880 1716
1625890 1713
1625900 1713
1625910 1710
1625920 1707
1625930 1707
1625940 1704
1625950 1701
1625960 1701
1625970 1699
1625980 1696
1625990 1696
1626000 1693
1626010 1690
1626020 1690
1626030 1687
1626040 1685
1626050 1685
1626060 1682
1626070 1678
1626080 1678
1626090 1675
1626100 1671
1626110 1668
1626120 1668
1626130 1665
1626140 1661
1626150 1661
1626160 1656
1626170 1655
1626180 1655
1626190 1651
1626200 1647
1626210 1647
1626220 1643
1626230 1639
1626240 1639
1626250 1635
1626260 1630
1626270 1630
1626280 1627
1626290 1624
1626300 1624
1626310 1620
1626320 1616
1626330 1612
1626340 1612
1626350 1608
1626360 1603
1626370 1603
1626380 1599
1626390 1594
1626400 1594
1626410 1590
1626420 1585
1626430 1585
1626440 1582
1626450 1578
1626460 1578
1626470 1574
1626480 1568
1626490 1568
1626500 1563
1626510 1558
1626520 1558
1626530 1551
1626540 1545
1626550 1541
1626560 1541
1626570 1537
1626580 1534
1626590 1534
1626600 1530
1626610 1526
1626620 1526
1626630 1523
1626640 1517
1626650 1517
1626660 1509
1626670 1501
1626680 1501
1626690 1494
1626700 1488
1626710 1488
1626720 1484
1626730 1483
1626740 1483
1626750 1483
1626760 1480
1626770 1477
1626780 1477
1626790 1475
1626800 1472
1626810 1472
1626820 1469
1626830 1465
1626840 1465
1626850 1463
1626860 1461
1626870 1461
1626880 1458
1626890 1459
1626900 1459
1626910 1459
1626920 1456
1626930 1456
1626940 1452
1626950 1451
1626960 1451
1626970 1448
1626980 1444
1626990 1439
1627000 1439
1627010 1436
1627020 1431
1627030 1431
1627040 1427
1627050 1424
1627060 1417
1627070 1415
1627080 1415
1627090 1415
1627100 1414
1627110 1412
1627120 1412
1627130 1410
1627140 1408
1627150 1408
1627160 1408
1627170 1408
1627180 1408
1627190 1408
1627200 1410
1627210 1412
1627220 1412
1627230 1414
1627240 1415
1627250 1415
1627260 1416
1627270 1417
1627280 1417
1627290 1417
1627300 1417
1627310 1417
1627320 1418
1627330 1419
1627340 1419
1627350 1418
1627360 1415
1627370 1415
1627380 1412
1627390 1408
1627400 1405
1627410 1405
1627420 1403
1627430 1400
1627440 1400
1627450 1397
1627460 1393
1627470 1393
1627480 1389
1627490 1386
1627500 1386
1627510 1383
1627520 1381
1627530 1381
1627540 1378
1627550 1376
1627560 1376
1627570 1375
1627580 1373
1627590 1373
1627600 1373
1627610 1372
1627620 1370
1627630 1370
1627640 1368
1627650 1364
1627660 1364
1627670 1364
1627680 1368
1627690 1368
1627700 1375
1627710 1382
1627720 1382
1627730 1389
1627740 1394
1627750 1394
1627760 1396
1627770 1396
1627780 1396
1627790 1395
1627800 1393
1627810 1393
1627820 1388
1627830 1383
1627840 1378
1627850 1378
1627860 1372
1627870 1367
1627880 1367
1627890 1362
1627900 1358
1627910 1358
1627920 1354
1627930 1351
1627940 1351
1627950 1346
1627960 1342
1627970 1342
1627980 1339
1627990 1335
1628000 1335
1628010 1329
1628020 1323
1628030 1323
1628040 1317
1628050 1312
1628060 1309
1628070 1309
1628080 1310
1628090 1312
1628100 1312
1628110 1313
1628120 1314
1628130 1314
1628140 1311
1628150 1309
1628160 1309
1628170 1309
1628180 1308
1628190 1308
1628200 1308
1628210 1308
1628220 1308
1628230 1310
1628240 1313
1628250 1313
1628260 1314
1628270 1315
1628280 1314
1628290 1314
1628300 1313
1628310 1311
1628320 1311
1628330 1308
1628340 1306
1628350 1306
1628360 1304
1628370 1302
1628380 1302
1628390 1300
1628400 1298
1628410 1298
1628420 1293
1628430 1289
1628440 1289
1628450 1284
1628460 1279
1628470 1279
1628480 1274
1628490 1272
1628500 1276
1628510 1276
1628520 1282
1628530 1286
1628540 1286
1628550 1292
1628560 1297
1628570 1297
1628580 1302
1628590 1308
1628600 1308
1628610 1314
1628620 1321
1628630 1321
1628640 1327
1628650 1333
1628660 1333
1628670 1338
1628680 1342
1628690 1342
1628700 1345
1628710 1349
1628720 1352
1628730 1352
1628740 1354
1628750 1356
1628760 1356
1628770 1360
1628780 1364
1628790 1364
1628800 1368
1628810 1372
1628820 1372
1628830 1370
1628840 1372
1628850 1372
1628860 1374
1628870 1379
1628880 1379
1628890 1384
1628900 1387
1628910 1387
1628920 1390
1628930 1390
1628940 1391
1628950 1391
1628960 1390
1628970 1390
1628980 1390
1628990 1388
1629000 1384
1629010 1384
1629020 1382
1629030 1381
1629040 1381
1629050 1378
1629060 1374
1629070 1374
1629080 1369
1629090 1365
1629100 1365
1629110 1360
1629120 1356
1629130 1356
1629140 1352
1629150 1348
1629160 1344
1629170 1344
1629180 1339
1629190 1335
1629200 1335
1629210 1330
1629220 1325
1629230 1325
1629240 1322
1629250 1320
1629260 1320
1629270 1318
1629280 1316
1629290 1316
1629300 1313
1629310 1311
1629320 1311
1629330 1308
1629340 1306
1629350 1304
1629360 1304
1629370 1302
1629380 1300
1629390 1300
1629400 1298
1629410 1296
1629420 1296
1629430 1294
1629440 1292
1629450 1292
1629460 1289
1629470 1286
1629480 1286
1629490 1283
1629500 1280
1629510 1280
1629520 1277
1629530 1274
1629540 1274
1629550 1271
1629560 1268
1629570 1266
1629580 1266
1629590 1263
1629600 1259
1629610 1259
1629620 1254
1629630 1246
1629640 1246
1629650 1238
1629660 1233
1629670 1233
1629680 1229
1629690 1227
1629700 1227
1629710 1222
1629720 1224
1629730 1224
1629740 1226
1629750 1229
1629760 1229
1629770 1231
1629780 1229
1629790 1225
1629800 1225
1629810 1223
1629820 1223
1629830 1223
1629840 1225
1629850 1225
1629860 1225
1629870 1225
1629880 1230
1629890 1230
1629900 1236
1629910 1241
1629920 1241
1629930 1245
1629940 1247
1629950 1247
1629960 1245
1629970 1242
1629980 1242
1629990 1238
1630000 1235
1630010 1235
1630020 1235
1630030 1238
1630040 1241
1630050 1241
1630060 1243
1630070 1244
1630080 1244
1630090 1244
1630100 1243
1630110 1243
1630120 1242
1630130 1241
1630140 1241
1630150 1241
1630160 1240
1630170 1240
1630180 1240
1630190 1241
1630200 1241
1630210 1241
1630220 1241
1630230 1241
1630240 1241
1630250 1242
1630260 1242
1630270 1242
1630280 1242
1630290 1242
1630300 1242
1630310 1242
1630320 1242
1630330 1242
1630340 1241
1630350 1239
1630360 1239
1630370 1236
1630380 1234
1630390 1234
1630400 1229
1630410 1224
1630420 1224
1630430 1220
1630440 1215
1630450 1211
1630460 1211
1630470 1207
1630480 1202
1630490 1202
1630500 1197
1630510 1195
1630520 1195
1630530 1194
1630540 1191
1630550 1191
1630560 1188
1630570 1185
1630580 1186
1630590 1183
1630600 1179
1630610 1179
1630620 1176
1630630 1172
1630640 1172
1630650 1168
1630660 1164
1630670 1159
1630680 1159
1630690 1153
1630700 1147
1630710 1147
1630720 1142
1630730 1136
1630740 1136
1630750 1129
1630760 1123
1630770 1123
1630780 1117
1630790 1110
1630800 1110
1630810 1103
1630820 1097
1630830 1097
1630840 1091
1630850 1087
1630860 1087
1630870 1082
1630880 1078
1630890 1072
1630900 1072
1630910 1067
1630920 1063
1630930 1063
1630940 1061
1630950 1059
1630960 1059
1630970 1057
1630980 1057
1630990 1057
1631000 1059
1631010 1059
1631020 1059
1631030 1059
1631040 1058
1631050 1058
1631060 1059
1631070 1060
1631080 1060
1631090 1061
1631100 1062
1631110 1062
1631120 1062
1631130 1062
1631140 1062
1631150 1062
1631160 1062
1631170 1062
1631180 1062
1631190 1062
1631200 1061
1631210 1061
1631220 1062
1631230 1063
1631240 1063
1631250 1063
1631260 1065
1631270 1065
1631280 1067
1631290 1070
1631300 1072
1631310 1072
1631320 1072
1631330 1072
1631340 1072
1631350 1072
1631360 1070
1631370 1070
1631380 1068
1631390 1066
1631400 1066
1631410 1064
1631420 1061
1631430 1061
1631440 1058
1631450 1053
1631460 1053
1631470 1050
1631480 1046
1631490 1046
1631500 1041
1631510 1038
1631520 1037
1631530 1037
1631540 1035
1631550 1033
1631560 1033
1631570 1033
1631580 1031
1631590 1031
1631600 1029
1631610 1027
1631620 1027
1631630 1027
1631640 1028
1631650 1028
1631660 1029
1631670 1028
1631680 1028
1631690 1027
1631700 1025
1631710 1025
1631720 1024
1631730 1024
1631740 1023
1631750 1023
1631760 1022
1631770 1021
1631780 1021
1631790 1020
1631800 1019
1631810 1019
1631820 1018
1631830 1017
1631840 1017
1631850 1017
1631860 1017
1631870 1017
1631880 1017
1631890 1016
1631900 1016
1631910 1015
1631920 1013
1631930 1013
1631940 1011
1631950 1009
1631960 1007
1631970 1007
1631980 1004
1631990 1002
1632000 1002
1632010 999
1632020 997
1632030 997
1632040 995
1632050 993
1632060 993
1632070 990
1632080 986
1632090 986
1632100 982
1632110 979
1632120 979
1632130 975
1632140 971
1632150 971
1632160 968
1632170 964
1632180 962
1632190 962
1632200 962
1632210 962
1632220 962
1632230 961
1632240 960
1632250 960
1632260 959
1632270 958
1632280 958
1632290 956
1632300 954
1632310 953
1632320 951
1632330 949
1632340 949
1632350 948
1632360 947
1632370 947
1632380 945
1632390 942
1632400 940
1632410 940
1632420 938
1632430 937
1632440 937
1632450 936
1632460 935
1632470 935
1632480 933
1632490 933
1632500 933
1632510 932
1632520 931
1632530 931
1632540 931
1632550 931
1632560 931
1632570 930
1632580 930
1632590 930
1632600 929
1632610 928
1632620 927
1632630 927
1632640 926
1632650 926
1632660 926
1632670 925
1632680 924
1632690 924
1632700 924
1632710 923
1632720 923
1632730 922
1632740 922
1632750 922
1632760 920
1632770 920
1632780 920
1632790 920
1632800 920
1632810 920
1632820 919
1632830 919
1632840 919
1632850 919
1632860 918
1632870 918
1632880 918
1632890 918
1632900 918
1632910 918
1632920 918
1632930 918
1632940 918
1632950 918
1632960 919
1632970 919
1632980 920
1632990 922
1633000 922
1633010 923
1633020 925
1633030 925
1633040 930
1633050 931
1633060 933
1633070 933
1633080 935
1633090 935
1633100 935
1633110 935
1633120 937
1633130 937
1633140 939
1633150 941
1633160 941
1633170 947
1633180 948
1633190 948
1633200 950
1633210 952
1633220 952
1633230 953
1633240 953
1633250 952
1633260 952
1633270 951
1633280 951
1633290 951
1633300 952
1633310 955
1633320 955
1633330 959
1633340 964
1633350 964
1633360 969
1633370 974
1633380 974
1633390 979
1633400 984
1633410 984
1633420 987
1633430 990
1633440 990
1633450 993
1633460 996
1633470 999
1633480 999
1633490 1002
1633500 1004
1633510 1004
1633520 1007
1633530 1009
1633540 1009
1633550 1010
1633560 1011
1633570 1011
1633580 1010
1633590 1007
1633600 1007
1633610 1003
1633620 1000
1633630 1000
1633640 997
1633650 994
1633660 994
1633670 990
1633680 987
1633690 983
1633700 983
1633710 978
1633720 974
1633730 974
1633740 971
1633750 967
1633760 967
1633770 963
1633780 959
1633790 959
1633800 955
1633810 951
1633820 951
1633830 948
1633840 945
1633850 945
1633860 942
1633870 938
1633880 938
1633890 933
1633900 927
1633910 920
1633920 920
1633930 915
1633940 910
1633950 910
1633960 907
1633970 903
1633980 903
1633990 902
1634000 901
1634010 901
1634020 895
1634030 890
1634040 890
1634050 884
1634060 881
1634070 881
1634080 880
1634090 879
1634100 879
1634110 880
1634120 880
1634130 880
1634140 880
1634150 880
1634160 880
1634170 880
1634180 880
1634190 880
1634200 880
1634210 880
1634220 880
1634230 880
1634240 880
1634250 880
1634260 880
1634270 879
1634280 879
1634290 879
1634300 879
1634310 879
1634320 879
1634330 879
1634340 879
1634350 879
1634360 879
1634370 879
1634380 879
1634390 879
1634400 879
1634410 879
1634420 879
1634430 879
1634440 879
1634450 879
1634460 879
1634470 879
1634480 879
1634490 879
1634500 879
1634510 879
1634520 879
1634530 879
1634540 879
1634550 879
1634560 879
1634570 878
1634580 878
1634590 879
1634600 880
1634610 880
1634620 881
1634630 883
1634640 883
1634650 885
1634660 886
1634670 886
1634680 887
1634690 887
1634700 887
1634710 888
1634720 888
1634730 888
1634740 887
1634750 888
1634760 888
1634770 888
1634780 888
1634790 888
1634800 888
1634810 888
1634820 888
1634830 888
1634840 888
1634850 888
1634860 888
1634870 887
1634880 887
1634890 887
1634900 887
1634910 887
1634920 887
1634930 886
1634940 886
1634950 886
1634960 886
1634970 886
1634980 886
1634990 886
1635000 885
1635010 885
1635020 885
1635030 885
1635040 884
1635050 884
1635060 884
1635070 884
1635080 884
1635090 884
1635100 883
1635110 883
1635120 883
1635130 882
1635140 882
1635150 882
1635160 882
1635170 882
1635180 882
1635190 882
1635200 882
1635210 881
1635220 881
1635230 881
1635240 881
1635250 881
1635260 881
1635270 881
1635280 880
1635290 880
1635300 880
1635310 880
1635320 879
1635330 879
1635340 879
1635350 878
1635360 878
1635370 878
1635380 877
1635390 877
1635400 877
1635410 877
1635420 876
1635430 876
1635440 876
1635450 876
1635460 876
1635470 875
1635480 874
1635490 874
1635500 874
1635510 875
1635520 875
1635530 875
1635540 875
1635550 875
1635560 874
1635570 874
1635580 874
1635590 874
1635600 874
1635610 874
1635620 874
1635630 873
1635640 870
1635650 870
1635660 868
1635670 866
1635680 866
1635690 865
1635700 865
1635710 865
1635720 865
1635730 866
1635740 866
1635750 866
1635760 866
1635770 866
1635780 866
1635790 866
1635800 866
1635810 866
1635820 866
1635830 866
1635840 866
1635850 866
1635860 867
1635870 867
1635880 867
1635890 867
1635900 867
1635910 867
1635920 868
1635930 868
1635940 868
1635950 869
1635960 869
1635970 869
1635980 869
1635990 869
1636000 869
1636010 869
1636020 869
1636030 870
1636040 870
1636050 870
1636060 870
1636070 870
1636080 870
1636090 870
1636100 871
1636110 871
1636120 871
1636130 870
1636140 870
1636150 870
1636160 870
1636170 870
1636180 870
1636190 869
1636200 870
1636210 870
1636220 871
1636230 871
1636240 871
1636250 874
1636260 877
1636270 877
1636280 882
1636290 886
1636300 889
1636310 889
1636320 892
1636330 896
1636340 896
1636350 899
1636360 902
1636370 902
1636380 906
1636390 909
1636400 909
1636410 912
1636420 915
1636430 915
1636440 918
1636450 920
1636460 920
1636470 923
1636480 925
1636490 925
1636500 927
1636510 929
1636520 931
1636530 931
1636540 933
1636550 934
1636560 934
1636570 935
1636580 937
1636590 937
1636600 938
1636610 940
1636620 940
1636630 941
1636640 941
1636650 941
1636660 942
1636670 942
1636680 942
1636690 942
1636700 942
1636710 942
1636720 941
1636730 940
1636740 940
1636750 940
1636760 938
1636770 937
1636780 937
1636790 936
1636800 935
1636810 935
1636820 934
1636830 934
1636840 934
1636850 933
1636860 932
1636870 932
1636880 931
1636890 931
1636900 931
1636910 930
1636920 930
1636930 930
1636940 930
1636950 930
1636960 931
1636970 931
1636980 931
1636990 930
1637000 930
1637010 929
1637020 927
1637030 927
1637040 930
1637050 931
1637060 931
1637070 933
1637080 936
1637090 936
1637100 937
1637110 939
1637120 939
1637130 941
1637140 944
1637150 944
1637160 947
1637170 950
1637180 953
1637190 953
1637200 957
1637210 959
1637220 959
1637230 961
1637240 964
1637250 964
1637260 966
1637270 969
1637280 969
1637290 972
1637300 974
1637310 974
1637320 976
1637330 978
1637340 978
1637350 981
1637360 983
1637370 985
1637380 986
1637390 988
1637400 990
1637410 990
1637420 992
1637430 994
1637440 994
1637450 996
1637460 998
1637470 998
1637480 999
1637490 1001
1637500 1001
1637510 1003
1637520 1005
1637530 1005
1637540 1006
1637550 1008
1637560 1008
1637570 1010
1637580 1012
1637590 1014
1637600 1014
1637610 1015
1637620 1017
1637630 1017
1637640 1019
1637650 1020
1637660 1020
1637670 1022
1637680 1023
1637690 1023
1637700 1024
1637710 1025
1637720 1025
1637730 1026
1637740 1027
1637750 1027
1637760 1028
1637770 1029
1637780 1029
1637790 1030
1637800 1031
1637810 1032
1637820 1032
1637830 1034
1637840 1036
1637850 1036
1637860 1037
1637870 1039
1637880 1039
1637890 1041
1637900 1043
1637910 1043
1637920 1046
1637930 1049
1637940 1049
1637950 1051
1637960 1054
1637970 1054
1637980 1058
1637990 1061
1638000 1061
1638010 1064
1638020 1066
1638030 1069
1638040 1069
1638050 1072
1638060 1075
1638070 1075
1638080 1077
1638090 1080
1638100 1080
1638110 1082
1638120 1085
1638130 1085
1638140 1088
1638150 1090
1638160 1090
1638170 1092
1638180 1093
1638190 1093
1638200 1094
1638210 1093
1638220 1093
1638230 1092
1638240 1091
1638250 1093
1638260 1093
1638270 1095
1638280 1095
1638290 1095
1638300 1097
1638310 1098
1638320 1098
1638330 1098
1638340 1098
1638350 1098
1638360 1098
1638370 1097
1638380 1097
1638390 1096
1638400 1095
1638410 1095
1638420 1094
1638430 1093
1638440 1093
1638450 1093
1638460 1094
1638470 1094
1638480 1094
1638490 1095
1638500 1096
1638510 1096
1638520 1096
1638530 1093
1638540 1093
1638550 1093
1638560 1098
1638570 1098
1638580 1103
1638590 1107
1638600 1107
1638610 1111
1638620 1114
1638630 1114
1638640 1117
1638650 1120
1638660 1120
1638670 1124
1638680 1127
1638690 1131
1638700 1131
1638710 1133
1638720 1136
1638730 1136
1638740 1139
1638750 1142
1638760 1142
1638770 1144
1638780 1146
1638790 1146
1638800 1149
1638810 1152
1638820 1152
1638830 1154
1638840 1157
1638850 1157
1638860 1159
1638870 1162
1638880 1162
1638890 1165
1638900 1167
1638910 1170
1638920 1170
1638930 1172
1638940 1174
1638950 1174
1638960 1176
1638970 1178
1638980 1178
1638990 1180
1639000 1182
1639010 1182
1639020 1184
1639030 1186
1639040 1186
1639050 1188
1639060 1190
1639070 1190
1639080 1191
1639090 1192
1639100 1192
1639110 1193
1639120 1194
1639130 1194
1639140 1194
1639150 1195
1639160 1195
1639170 1195
1639180 1195
1639190 1193
1639200 1193
1639210 1192
1639220 1191
1639230 1191
1639240 1189
1639250 1188
1639260 1188
1639270 1187
1639280 1186
1639290 1186
1639300 1185
1639310 1183
1639320 1182
1639330 1182
1639340 1180
1639350 1179
1639360 1179
1639370 1178
1639380 1177
1639390 1177
1639400 1176
1639410 1175
1639420 1175
1639430 1173
1639440 1171
1639450 1171
1639460 1169
1639470 1168
1639480 1168
1639490 1166
1639500 1163
1639510 1163
1639520 1161
1639530 1159
1639540 1157
1639550 1157
1639560 1155
1639570 1153
1639580 1153
1639590 1151
1639600 1149
1639610 1149
1639620 1147
1639630 1145
1639640 1145
1639650 1143
1639660 1141
1639670 1141
1639680 1139
1639690 1136
1639700 1136
1639710 1133
1639720 1132
1639730 1132
1639740 1130
1639750 1129
1639760 1128
1639770 1128
1639780 1126
1639790 1124
1639800 1124
1639810 1122
1639820 1121
1639830 1121
1639840 1119
1639850 1116
1639860 1116
1639870 1114
1639880 1111
1639890 1111
1639900 1108
1639910 1106
1639920 1106
1639930 1103
1639940 1101
1639950 1101
1639960 1098
1639970 1095
1639980 1093
1639990 1093
