1620000 2235
1620010 2235
1620020 2236
1620030 2238
1620040 2238
1620050 2239
1620060 2240
1620070 2240
1620080 2242
1620090 2244
1620100 2251
1620110 2251
1620120 2243
1620130 2233
1620140 2233
1620150 2225
1620160 2219
1620170 2219
1620180 2213
1620190 2207
1620200 2207
1620210 2202
1620220 2197
1620230 2197
1620240 2191
1620250 2186
1620260 2186
1620270 2181
1620280 2179
1620290 2179
1620300 2178
1620310 2178
1620320 2177
1620330 2177
1620340 2177
1620350 2175
1620360 2175
1620370 2173
1620380 2171
1620390 2171
1620400 2171
1620410 2172
1620420 2172
1620430 2174
1620440 2176
1620450 2176
1620460 2179
1620470 2179
1620480 2179
1620490 2179
1620500 2179
1620510 2179
1620520 2182
1620530 2189
1620540 2194
1620550 2194
1620560 2200
1620570 2202
1620580 2202
1620590 2200
1620600 2202
1620610 2202
1620620 2203
1620630 2201
1620640 2201
1620650 2200
1620660 2196
1620670 2196
1620680 2193
1620690 2190
1620700 2190
1620710 2188
1620720 2190
1620730 2190
1620740 2192
1620750 2194
1620760 2196
1620770 2196
1620780 2197
1620790 2199
1620800 2199
1620810 2201
1620820 2202
1620830 2202
1620840 2203
1620850 2205
1620860 2205
1620870 2206
1620880 2207
1620890 2207
1620900 2209
1620910 2211
1620920 2211
1620930 2212
1620940 2212
1620950 2212
1620960 2213
1620970 2215
1620980 2217
1620990 2217
1621000 2218
1621010 2219
1621020 2219
1621030 2217
1621040 2218
1621050 2218
1621060 2221
1621070 2222
1621080 2222
1621090 2224
1621100 2224
1621110 2224
1621120 2222
1621130 2218
1621140 2218
1621150 2212
1621160 2208
1621170 2208
1621180 2206
1621190 2204
1621200 2202
1621210 2202
1621220 2200
1621230 2198
1621240 2198
1621250 2197
1621260 2197
1621270 2197
1621280 2197
1621290 2194
1621300 2194
1621310 2193
1621320 2194
1621330 2194
1621340 2195
1621350 2196
1621360 2196
1621370 2195
1621380 2195
1621390 2195
1621400 2197
1621410 2200
1621420 2202
1621430 2202
1621440 2200
1621450 2192
1621460 2192
1621470 2192
1621480 2190
1621490 2190
1621500 2186
1621510 2175
1621520 2175
1621530 2166
1621540 2154
1621550 2154
1621560 2140
1621570 2128
1621580 2128
1621590 2123
1621600 2109
1621610 2109
1621620 2102
1621630 2095
1621640 2087
1621650 2087
1621660 2079
1621670 2071
1621680 2071
1621690 2065
1621700 2058
1621710 2058
1621720 2051
1621730 2045
1621740 2045
1621750 2040
1621760 2035
1621770 2035
1621780 2031
1621790 2028
1621800 2028
1621810 2026
1621820 2024
1621830 2024
1621840 2024
1621850 2023
1621860 2023
1621870 2023
1621880 2022
1621890 2021
1621900 2021
1621910 2019
1621920 2017
1621930 2017
1621940 2016
1621950 2016
1621960 2016
1621970 2015
1621980 2013
1621990 2013
1622000 2010
1622010 2008
1622020 2008
1622030 2006
1622040 2004
1622050 2004
1622060 2003
1622070 2003
1622080 2002
1622090 2002
1622100 2001
1622110 2000
1622120 2000
1622130 1999
1622140 1997
1622150 1997
1622160 1997
1622170 1997
1622180 1997
1622190 1996
1622200 1996
1622210 1996
1622220 1995
1622230 1996
1622240 1996
1622250 1996
1622260 1992
1622270 1992
1622280 1985
1622290 1981
1622300 1981
1622310 1981
1622320 1980
1622330 1975
1622340 1975
1622350 1967
1622360 1961
1622370 1961
1622380 1952
1622390 1944
1622400 1944
1622410 1938
1622420 1936
1622430 1936
1622440 1936
1622450 1936
1622460 1936
1622470 1935
1622480 1934
1622490 1934
1622500 1933
1622510 1931
1622520 1931
1622530 1931
1622540 1929
1622550 1928
1622560 1928
1622570 1926
1622580 1926
1622590 1926
1622600 1925
1622610 1924
1622620 1924
1622630 1924
1622640 1924
1622650 1924
1622660 1923
1622670 1922
1622680 1922
1622690 1922
1622700 1922
1622710 1922
1622720 1921
1622730 1921
1622740 1921
1622750 1921
1622760 1920
1622770 1920
1622780 1920
1622790 1920
1622800 1919
1622810 1919
1622820 1918
1622830 1917
1622840 1917
1622850 1915
1622860 1912
1622870 1912
1622880 1910
1622890 1907
1622900 1907
1622910 1903
1622920 1898
1622930 1891
1622940 1891
1622950 1887
1622960 1883
1622970 1883
1622980 1880
1622990 1877
1623000 1877
1623010 1874
1623020 1871
1623030 1871
1623040 1870
1623050 1869
1623060 1869
1623070 1868
1623080 1867
1623090 1867
1623100 1869
1623110 1870
1623120 1870
1623130 1869
1623140 1866
1623150 1856
1623160 1856
1623170 1848
1623180 1843
1623190 1843
1623200 1840
1623210 1837
1623220 1837
1623230 1835
1623240 1833
1623250 1833
1623260 1832
1623270 1834
1623280 1834
1623290 1835
1623300 1835
1623310 1835
1623320 1835
1623330 1834
1623340 1834
1623350 1834
1623360 1833
1623370 1832
1623380 1832
1623390 1832
1623400 1831
1623410 1831
1623420 1830
1623430 1826
1623440 1826
1623450 1825
1623460 1823
1623470 1823
1623480 1821
1623490 1818
1623500 1818
1623510 1813
1623520 1812
1623530 1812
1623540 1817
1623550 1821
1623560 1821
1623570 1822
1623580 1822
1623590 1823
1623600 1823
1623610 1825
1623620 1827
1623630 1827
1623640 1831
1623650 1834
1623660 1834
1623670 1835
1623680 1838
1623690 1838
1623700 1839
1623710 1842
1623720 1842
1623730 1844
1623740 1845
1623750 1845
1623760 1844
1623770 1845
1623780 1845
1623790 1849
1623800 1857
1623810 1858
1623820 1858
1623830 1859
1623840 1860
1623850 1860
1623860 1862
1623870 1864
1623880 1864
1623890 1867
1623900 1871
1623910 1871
1623920 1874
1623930 1876
1623940 1876
1623950 1878
1623960 1880
1623970 1880
1623980 1882
1623990 1883
1624000 1883
1624010 1885
1624020 1887
1624030 1887
1624040 1887
1624050 1886
1624060 1885
1624070 1885
1624080 1885
1624090 1884
1624100 1884
1624110 1884
1624120 1885
1624130 1885
1624140 1884
1624150 1882
1624160 1882
1624170 1879
1624180 1878
1624190 1878
1624200 1879
1624210 1879
1624220 1879
1624230 1878
1624240 1877
1624250 1878
1624260 1878
1624270 1881
1624280 1883
1624290 1883
1624300 1882
1624310 1881
1624320 1881
1624330 1882
1624340 1880
1624350 1880
1624360 1881
1624370 1883
1624380 1883
1624390 1883
1624400 1882
1624410 1882
1624420 1882
1624430 1883
1624440 1883
1624450 1884
1624460 1885
1624470 1885
1624480 1885
1624490 1884
1624500 1881
1624510 1881
1624520 1878
1624530 1879
1624540 1879
1624550 1880
1624560 1877
1624570 1877
1624580 1873
1624590 1869
1624600 1869
1624610 1867
1624620 1867
1624630 1867
1624640 1868
1624650 1868
1624660 1868
1624670 1866
1624680 1864
1624690 1863
1624700 1863
1624710 1863
1624720 1863
1624730 1863
1624740 1863
1624750 1863
1624760 1863
1624770 1862
1624780 1862
1624790 1862
1624800 1862
1624810 1862
1624820 1862
1624830 1861
1624840 1859
1624850 1859
1624860 1858
1624870 1858
1624880 1858
1624890 1858
1624900 1858
1624910 1857
1624920 1857
1624930 1856
1624940 1854
1624950 1854
1624960 1853
1624970 1853
1624980 1853
1624990 1854
1625000 1857
1625010 1857
1625020 1859
1625030 1861
1625040 1861
1625050 1861
1625060 1861
1625070 1861
1625080 1861
1625090 1861
1625100 1861
1625110 1861
1625120 1861
1625130 1860
1625140 1860
1625150 1860
1625160 1861
1625170 1861
1625180 1861
1625190 1861
1625200 1861
1625210 1861
1625220 1862
1625230 1862
1625240 1865
1625250 1866
1625260 1866
1625270 1868
1625280 1869
1625290 1869
1625300 1870
1625310 1872
1625320 1872
1625330 1872
1625340 1873
1625350 1874
1625360 1874
1625370 1875
1625380 1875
1625390 1875
1625400 1875
1625410 1875
1625420 1875
1625430 1873
1625440 1871
1625450 1871
1625460 1868
1625470 1865
1625480 1865
1625490 1862
1625500 1859
1625510 1859
1625520 1857
1625530 1855
1625540 1855
1625550 1853
1625560 1851
1625570 1849
1625580 1849
1625590 1846
1625600 1844
1625610 1844
1625620 1842
1625630 1839
1625640 1839
1625650 1837
1625660 1835
1625670 1835
1625680 1833
1625690 1831
1625700 1831
1625710 1829
1625720 1827
1625730 1827
1625740 1825
1625750 1822
1625760 1822
1625770 1820
1625780 1818
1625790 1815
1625800 1815
1625810 1812
1625820 1810
1625830 1810
1625840 1807
1625850 1805
1625860 1805
1625870 1802
1625880 1799
1625890 1799
1625900 1797
1625910 1794
1625920 1794
1625930 1791
1625940 1788
1625950 1788
1625960 1785
1625970 1782
1625980 1778
1625990 1778
1626000 1776
1626010 1773
1626020 1773
1626030 1769
1626040 1766
1626050 1766
1626060 1762
1626070 1759
1626080 1759
1626090 1756
1626100 1753
1626110 1753
1626120 1750
1626130 1747
1626140 1747
1626150 1744
1626160 1741
1626170 1741
1626180 1737
1626190 1734
1626200 1731
1626210 1731
1626220 1727
1626230 1722
1626240 1722
1626250 1719
1626260 1716
1626270 1716
1626280 1713
1626290 1710
1626300 1710
1626310 1707
1626320 1703
1626330 1703
1626340 1699
1626350 1695
1626360 1695
1626370 1690
1626380 1685
1626390 1685
1626400 1680
1626410 1676
1626420 1673
1626430 1673
1626440 1669
1626450 1666
1626460 1666
1626470 1662
1626480 1657
1626490 1657
1626500 1653
1626510 1648
1626520 1648
1626530 1643
1626540 1638
1626550 1638
1626560 1634
1626570 1629
1626580 1629
1626590 1624
1626600 1619
1626610 1619
1626620 1615
1626630 1610
1626640 1605
1626650 1605
1626660 1600
1626670 1595
1626680 1595
1626690 1591
1626700 1589
1626710 1589
1626720 1585
1626730 1582
1626740 1582
1626750 1580
1626760 1577
1626770 1577
1626780 1574
1626790 1570
1626800 1570
1626810 1565
1626820 1561
1626830 1561
1626840 1557
1626850 1554
1626860 1552
1626870 1552
1626880 1550
1626890 1548
1626900 1548
1626910 1544
1626920 1541
1626930 1541
1626940 1537
1626950 1533
1626960 1533
1626970 1531
1626980 1529
1626990 1529
1627000 1526
1627010 1523
1627020 1523
1627030 1520
1627040 1519
1627050 1519
1627060 1516
1627070 1513
1627080 1510
1627090 1510
1627100 1507
1627110 1503
1627120 1503
1627130 1500
1627140 1496
1627150 1496
1627160 1492
1627170 1487
1627180 1487
1627190 1483
1627200 1478
1627210 1478
1627220 1472
1627230 1468
1627240 1468
1627250 1463
1627260 1458
1627270 1458
1627280 1456
1627290 1452
1627300 1447
1627310 1447
1627320 1444
1627330 1441
1627340 1441
1627350 1438
1627360 1435
1627370 1435
1627380 1431
1627390 1428
1627400 1428
1627410 1425
1627420 1423
1627430 1423
1627440 1421
1627450 1419
1627460 1419
1627470 1416
1627480 1413
1627490 1413
1627500 1410
1627510 1406
1627520 1404
1627530 1404
1627540 1401
1627550 1398
1627560 1398
1627570 1396
1627580 1393
1627590 1393
1627600 1391
1627610 1389
1627620 1389
1627630 1387
1627640 1385
1627650 1385
1627660 1383
1627670 1380
1627680 1380
1627690 1378
1627700 1376
1627710 1376
1627720 1375
1627730 1374
1627740 1373
1627750 1373
1627760 1372
1627770 1371
1627780 1371
1627790 1369
1627800 1367
1627810 1367
1627820 1364
1627830 1360
1627840 1360
1627850 1356
1627860 1352
1627870 1352
1627880 1347
1627890 1342
1627900 1342
1627910 1337
1627920 1333
1627930 1334
1627940 1329
1627950 1325
1627960 1320
1627970 1320
1627980 1316
1627990 1312
1628000 1312
1628010 1307
1628020 1302
1628030 1302
1628040 1296
1628050 1291
1628060 1291
1628070 1287
1628080 1281
1628090 1281
1628100 1276
1628110 1269
1628120 1269
1628130 1263
1628140 1256
1628150 1256
1628160 1248
1628170 1241
1628180 1235
1628190 1235
1628200 1229
1628210 1224
1628220 1224
1628230 1217
1628240 1212
1628250 1212
1628260 1206
1628270 1200
1628280 1200
1628290 1194
1628300 1189
1628310 1189
1628320 1183
1628330 1178
1628340 1178
1628350 1174
1628360 1169
1628370 1169
1628380 1164
1628390 1160
1628400 1158
1628410 1158
1628420 1157
1628430 1156
1628440 1156
1628450 1156
1628460 1154
1628470 1154
1628480 1153
1628490 1152
1628500 1152
1628510 1151
1628520 1152
1628530 1152
1628540 1155
1628550 1158
1628560 1158
1628570 1161
1628580 1165
1628590 1165
1628600 1169
1628610 1171
1628620 1172
1628630 1172
1628640 1173
1628650 1174
1628660 1174
1628670 1175
1628680 1174
1628690 1174
1628700 1174
1628710 1175
1628720 1175
1628730 1174
1628740 1174
1628750 1174
1628760 1175
1628770 1175
1628780 1175
1628790 1175
1628800 1175
1628810 1170
1628820 1170
1628830 1170
1628840 1170
1628850 1170
1628860 1170
1628870 1171
1628880 1171
1628890 1171
1628900 1172
1628910 1172
1628920 1174
1628930 1176
1628940 1176
1628950 1178
1628960 1176
1628970 1176
1628980 1173
1628990 1171
1629000 1171
1629010 1171
1629020 1173
1629030 1175
1629040 1175
1629050 1178
1629060 1181
1629070 1181
1629080 1183
1629090 1185
1629100 1185
1629110 1188
1629120 1187
1629130 1187
1629140 1184
1629150 1180
1629160 1180
1629170 1175
1629180 1172
1629190 1172
1629200 1171
1629210 1172
1629220 1172
1629230 1174
1629240 1177
1629250 1178
1629260 1178
1629270 1179
1629280 1178
1629290 1178
1629300 1179
1629310 1179
1629320 1179
1629330 1181
1629340 1182
1629350 1182
1629360 1183
1629370 1182
1629380 1182
1629390 1182
1629400 1182
1629410 1182
1629420 1181
1629430 1181
1629440 1181
1629450 1181
1629460 1181
1629470 1181
1629480 1181
1629490 1181
1629500 1180
1629510 1180
1629520 1177
1629530 1173
1629540 1173
1629550 1170
1629560 1168
1629570 1168
1629580 1167
1629590 1164
1629600 1164
1629610 1161
1629620 1160
1629630 1160
1629640 1160
1629650 1160
1629660 1160
1629670 1161
1629680 1164
1629690 1158
1629700 1158
1629710 1159
1629720 1157
1629730 1157
1629740 1155
1629750 1150
1629760 1150
1629770 1146
1629780 1145
1629790 1145
1629800 1145
1629810 1145
1629820 1145
1629830 1145
1629840 1144
1629850 1144
1629860 1145
1629870 1145
1629880 1145
1629890 1143
1629900 1140
1629910 1138
1629920 1138
1629930 1137
1629940 1135
1629950 1135
1629960 1134
1629970 1133
1629980 1133
1629990 1131
1630000 1130
1630010 1130
1630020 1128
1630030 1125
1630040 1125
1630050 1121
1630060 1117
1630070 1117
1630080 1113
1630090 1107
1630100 1107
1630110 1102
1630120 1099
1630130 1097
1630140 1097
1630150 1096
1630160 1094
1630170 1094
1630180 1092
1630190 1091
1630200 1091
1630210 1089
1630220 1086
1630230 1086
1630240 1084
1630250 1084
1630260 1084
1630270 1083
1630280 1079
1630290 1079
1630300 1073
1630310 1071
1630320 1071
1630330 1069
1630340 1066
1630350 1062
1630360 1062
1630370 1058
1630380 1055
1630390 1055
1630400 1052
1630410 1050
1630420 1050
1630430 1048
1630440 1046
1630450 1046
1630460 1044
1630470 1042
1630480 1042
1630490 1041
1630500 1039
1630510 1039
1630520 1037
1630530 1035
1630540 1035
1630550 1033
1630560 1029
1630570 1027
1630580 1027
1630590 1025
1630600 1023
1630610 1023
1630620 1021
1630630 1019
1630640 1019
1630650 1018
1630660 1017
1630670 1017
1630680 1016
1630690 1014
1630700 1014
1630710 1012
1630720 1010
1630730 1010
1630740 1008
1630750 1005
1630760 1005
1630770 1002
1630780 999
1630790 997
1630800 997
1630810 994
1630820 991
1630830 991
1630840 989
1630850 985
1630860 985
1630870 981
1630880 979
1630890 979
1630900 978
1630910 978
1630920 978
1630930 977
1630940 977
1630950 977
1630960 980
1630970 982
1630980 982
1630990 990
1631000 996
1631010 1000
1631020 1000
1631030 1005
1631040 1011
1631050 1011
1631060 1017
1631070 1023
1631080 1023
1631090 1029
1631100 1034
1631110 1034
1631120 1038
1631130 1039
1631140 1039
1631150 1034
1631160 1027
1631170 1027
1631180 1021
1631190 1015
1631200 1015
1631210 1011
1631220 1008
1631230 1005
1631240 1005
1631250 1002
1631260 1000
1631270 1000
1631280 999
1631290 997
1631300 997
1631310 997
1631320 997
1631330 997
1631340 996
1631350 997
1631360 997
1631370 999
1631380 1001
1631390 1001
1631400 1003
1631410 1005
1631420 1005
1631430 1011
1631440 1012
1631450 1014
1631460 1014
1631470 1016
1631480 1017
1631490 1017
1631500 1015
1631510 1009
1631520 1009
1631530 1002
1631540 995
1631550 995
1631560 990
1631570 988
1631580 988
1631590 988
1631600 987
1631610 987
1631620 984
1631630 983
1631640 985
1631650 985
1631660 991
1631670 993
1631680 993
1631690 995
1631700 999
1631710 999
1631720 1002
1631730 1005
1631740 1005
1631750 1009
1631760 1011
1631770 1011
1631780 1013
1631790 1015
1631800 1015
1631810 1016
1631820 1018
1631830 1018
1631840 1019
1631850 1021
1631860 1024
1631870 1024
1631880 1026
1631890 1029
1631900 1029
1631910 1029
1631920 1027
1631930 1027
1631940 1026
1631950 1024
1631960 1024
1631970 1024
1631980 1026
1631990 1026
1632000 1028
1632010 1031
1632020 1031
1632030 1035
1632040 1039
1632050 1039
1632060 1044
1632070 1048
1632080 1051
1632090 1051
1632100 1054
1632110 1058
1632120 1058
1632130 1061
1632140 1064
1632150 1064
1632160 1067
1632170 1069
1632180 1069
1632190 1071
1632200 1073
1632210 1073
1632220 1074
1632230 1075
1632240 1075
1632250 1075
1632260 1076
1632270 1076
1632280 1077
1632290 1079
1632300 1077
1632310 1077
1632320 1076
1632330 1076
1632340 1076
1632350 1078
1632360 1080
1632370 1080
1632380 1081
1632390 1082
1632400 1082
1632410 1082
1632420 1083
1632430 1083
1632440 1083
1632450 1084
1632460 1084
1632470 1084
1632480 1084
1632490 1084
1632500 1084
1632510 1084
1632520 1085
1632530 1085
1632540 1085
1632550 1085
1632560 1085
1632570 1085
1632580 1086
1632590 1086
1632600 1086
1632610 1087
1632620 1087
1632630 1087
1632640 1087
1632650 1087
1632660 1087
1632670 1087
1632680 1087
1632690 1085
1632700 1084
1632710 1084
1632720 1083
1632730 1081
1632740 1080
1632750 1080
1632760 1079
1632770 1077
1632780 1077
1632790 1075
1632800 1072
1632810 1072
1632820 1069
1632830 1067
1632840 1067
1632850 1065
1632860 1063
1632870 1063
1632880 1060
1632890 1057
1632900 1057
1632910 1054
1632920 1051
1632930 1051
1632940 1048
1632950 1045
1632960 1042
1632970 1042
1632980 1039
1632990 1036
1633000 1036
1633010 1032
1633020 1029
1633030 1029
1633040 1025
1633050 1021
1633060 1021
1633070 1018
1633080 1015
1633090 1015
1633100 1013
1633110 1011
1633120 1011
1633130 1009
1633140 1004
1633150 1004
1633160 1001
1633170 999
1633180 998
1633190 998
1633200 996
1633210 994
1633220 994
1633230 992
1633240 989
1633250 989
1633260 987
1633270 985
1633280 985
1633290 984
1633300 983
1633310 983
1633320 979
1633330 976
1633340 976
1633350 974
1633360 971
1633370 971
1633380 969
1633390 966
1633400 963
1633410 963
1633420 961
1633430 958
1633440 958
1633450 955
1633460 951
1633470 951
1633480 948
1633490 945
1633500 945
1633510 942
1633520 940
1633530 940
1633540 937
1633550 935
1633560 935
1633570 933
1633580 930
1633590 930
1633600 928
1633610 927
1633620 925
1633630 925
1633640 924
1633650 921
1633660 921
1633670 919
1633680 917
1633690 917
1633700 914
1633710 912
1633720 912
1633730 910
1633740 909
1633750 909
1633760 908
1633770 906
1633780 906
1633790 905
1633800 903
1633810 903
1633820 901
1633830 899
1633840 896
1633850 896
1633860 894
1633870 892
1633880 892
1633890 891
1633900 890
1633910 890
1633920 889
1633930 888
1633940 888
1633950 887
1633960 886
1633970 886
1633980 885
1633990 883
1634000 883
1634010 882
1634020 880
1634030 880
1634040 878
1634050 878
1634060 878
1634070 878
1634080 877
1634090 877
1634100 877
1634110 876
1634120 875
1634130 875
1634140 874
1634150 874
1634160 874
1634170 874
1634180 873
1634190 873
1634200 872
1634210 871
1634220 871
1634230 870
1634240 869
1634250 869
1634260 869
1634270 868
1634280 868
1634290 868
1634300 867
1634310 865
1634320 865
1634330 865
1634340 864
1634350 864
1634360 863
1634370 861
1634380 861
1634390 859
1634400 859
1634410 859
1634420 858
1634430 857
1634440 857
1634450 856
1634460 857
1634470 857
1634480 857
1634490 858
1634500 858
1634510 858
1634520 858
1634530 858
1634540 858
1634550 859
1634560 858
1634570 858
1634580 857
1634590 857
1634600 857
1634610 857
1634620 858
1634630 858
1634640 857
1634650 857
1634660 857
1634670 857
1634680 856
1634690 856
1634700 856
1634710 855
1634720 855
1634730 855
1634740 855
1634750 856
1634760 856
1634770 856
1634780 856
1634790 856
1634800 856
1634810 856
1634820 856
1634830 856
1634840 856
1634850 856
1634860 855
1634870 855
1634880 855
1634890 855
1634900 855
1634910 855
1634920 855
1634930 855
1634940 856
1634950 856
1634960 856
1634970 857
1634980 857
1634990 857
1635000 857
1635010 857
1635020 858
1635030 859
1635040 859
1635050 860
1635060 862
1635070 862
1635080 863
1635090 863
1635100 863
1635110 863
1635120 863
1635130 863
1635140 863
1635150 863
1635160 863
1635170 863
1635180 863
1635190 863
1635200 863
1635210 863
1635220 863
1635230 863
1635240 863
1635250 863
1635260 863
1635270 863
1635280 863
1635290 863
1635300 863
1635310 863
1635320 863
1635330 863
1635340 863
1635350 862
1635360 862
1635370 862
1635380 862
1635390 862
1635400 861
1635410 861
1635420 861
1635430 861
1635440 861
1635450 861
1635460 861
1635470 861
1635480 861
1635490 860
1635500 860
1635510 860
1635520 860
1635530 860
1635540 860
1635550 860
1635560 860
1635570 860
1635580 860
1635590 860
1635600 859
1635610 859
1635620 859
1635630 859
1635640 859
1635650 859
1635660 857
1635670 857
1635680 856
1635690 855
1635700 855
1635710 852
1635720 851
1635730 851
1635740 851
1635750 851
1635760 851
1635770 851
1635780 851
1635790 851
1635800 851
1635810 851
1635820 850
1635830 850
1635840 850
1635850 850
1635860 850
1635870 849
1635880 850
1635890 850
1635900 850
1635910 850
1635920 850
1635930 851
1635940 852
1635950 852
1635960 855
1635970 858
1635980 858
1635990 861
1636000 863
1636010 864
1636020 864
1636030 866
1636040 865
1636050 865
1636060 869
1636070 871
1636080 871
1636090 875
1636100 877
1636110 877
1636120 878
1636130 878
1636140 878
1636150 879
1636160 882
1636170 882
1636180 884
1636190 886
1636200 886
1636210 888
1636220 890
1636230 893
1636240 893
1636250 895
1636260 897
1636270 897
1636280 898
1636290 899
1636300 899
1636310 900
1636320 903
1636330 903
1636340 904
1636350 906
1636360 906
1636370 908
1636380 910
1636390 910
1636400 912
1636410 913
1636420 913
1636430 915
1636440 916
1636450 918
1636460 918
1636470 920
1636480 922
1636490 922
1636500 924
1636510 926
1636520 929
1636530 931
1636540 934
1636550 934
1636560 936
1636570 938
1636580 938
1636590 939
1636600 941
1636610 941
1636620 942
1636630 943
1636640 943
1636650 945
1636660 948
1636670 950
1636680 950
1636690 953
1636700 956
1636710 956
1636720 959
1636730 963
1636740 963
1636750 966
1636760 970
1636770 970
1636780 972
1636790 975
1636800 975
1636810 977
1636820 980
1636830 980
1636840 982
1636850 983
1636860 983
1636870 985
1636880 986
1636890 986
1636900 986
1636910 987
1636920 989
1636930 989
1636940 990
1636950 992
1636960 992
1636970 993
1636980 993
1636990 993
1637000 992
1637010 992
1637020 992
1637030 992
1637040 993
1637050 993
1637060 995
1637070 998
1637080 998
1637090 1001
1637100 1003
1637110 1005
1637120 1005
1637130 1007
1637140 1008
1637150 1008
1637160 1009
1637170 1009
1637180 1009
1637190 1007
1637200 1006
1637210 1006
1637220 1004
1637230 1003
1637240 1003
1637250 1003
1637260 1004
1637270 1004
1637280 1005
1637290 1005
1637300 1005
1637310 1005
1637320 1005
1637330 1007
1637340 1007
1637350 1010
1637360 1015
1637370 1015
1637380 1017
1637390 1019
1637400 1019
1637410 1021
1637420 1022
1637430 1022
1637440 1023
1637450 1022
1637460 1022
1637470 1022
1637480 1021
1637490 1021
1637500 1020
1637510 1021
1637520 1021
1637530 1020
1637540 1021
1637550 1022
1637560 1022
1637570 1022
1637580 1026
1637590 1026
1637600 1030
1637610 1034
1637620 1034
1637630 1035
1637640 1039
1637650 1039
1637660 1043
1637670 1045
1637680 1045
1637690 1049
1637700 1053
1637710 1053
1637720 1057
1637730 1061
1637740 1061
1637750 1065
1637760 1070
1637770 1074
1637780 1074
1637790 1079
1637800 1083
1637810 1083
1637820 1086
1637830 1089
1637840 1089
1637850 1093
1637860 1096
1637870 1096
1637880 1099
1637890 1102
1637900 1102
1637910 1106
1637920 1109
1637930 1109
1637940 1111
1637950 1114
1637960 1116
1637970 1116
1637980 1118
1637990 1120
1638000 1120
1638010 1122
1638020 1124
1638030 1124
1638040 1125
1638050 1127
1638060 1127
1638070 1129
1638080 1130
1638090 1130
1638100 1132
1638110 1134
1638120 1134
1638130 1136
1638140 1138
1638150 1138
1638160 1140
1638170 1142
1638180 1145
1638190 1145
1638200 1147
1638210 1148
1638220 1148
1638230 1150
1638240 1152
1638250 1152
1638260 1153
1638270 1155
1638280 1155
1638290 1156
1638300 1157
1638310 1157
1638320 1158
1638330 1160
1638340 1160
1638350 1161
1638360 1163
1638370 1163
1638380 1165
1638390 1167
1638400 1169
1638410 1169
1638420 1171
1638430 1173
1638440 1173
1638450 1175
1638460 1177
1638470 1177
1638480 1179
1638490 1180
1638500 1180
1638510 1182
1638520 1183
1638530 1183
1638540 1184
1638550 1185
1638560 1185
1638570 1185
1638580 1185
1638590 1185
1638600 1185
1638610 1185
1638620 1184
1638630 1184
1638640 1183
1638650 1180
1638660 1180
1638670 1178
1638680 1175
1638690 1175
1638700 1173
1638710 1170
1638720 1170
1638730 1168
1638740 1165
1638750 1165
1638760 1163
1638770 1163
1638780 1163
1638790 1163
1638800 1163
1638810 1163
1638820 1163
1638830 1164
1638840 1164
1638850 1164
1638860 1164
1638870 1163
1638880 1163
1638890 1162
1638900 1162
1638910 1162
1638920 1161
1638930 1160
1638940 1160
1638950 1159
1638960 1158
1638970 1158
1638980 1155
1638990 1153
1639000 1153
1639010 1151
1639020 1147
1639030 1147
1639040 1145
1639050 1144
1639060 1142
1639070 1142
1639080 1141
1639090 1139
1639100 1139
1639110 1137
1639120 1135
1639130 1135
1639140 1133
1639150 1131
1639160 1131
1639170 1129
1639180 1127
1639190 1127
1639200 1125
1639210 1124
1639220 1124
1639230 1121
1639240 1119
1639250 1119
1639260 1117
1639270 1115
1639280 1113
1639290 1113
1639300 1110
1639310 1108
1639320 1108
1639330 1105
1639340 1101
1639350 1101
1639360 1098
1639370 1096
1639380 1096
1639390 1094
1639400 1092
1639410 1092
1639420 1090
1639430 1087
1639440 1087
1639450 1084
1639460 1081
1639470 1081
1639480 1078
1639490 1075
1639500 1072
1639510 1072
1639520 1068
1639530 1065
1639540 1065
1639550 1062
1639560 1058
1639570 1058
1639580 1054
1639590 1050
1639600 1050
1639610 1046
1639620 1042
1639630 1042
1639640 1039
1639650 1036
1639660 1036
1639670 1034
1639680 1032
1639690 1032
1639700 1030
1639710 1028
1639720 1029
1639730 1029
1639740 1029
1639750 1027
1639760 1027
1639770 1026
1639780 1025
1639790 1025
1639800 1024
1639810 1021
1639820 1021
1639830 1025
1639840 1029
1639850 1029
1639860 1030
1639870 1032
1639880 1032
1639890 1034
1639900 1035
1639910 1035
1639920 1037
1639930 1037
1639940 1038
1639950 1038
1639960 1039
1639970 1040
1639980 1040
1639990 1041
