1620000 2096
1620010 2093
1620020 2093
1620030 2089
1620040 2086
1620050 2086
1620060 2084
1620070 2084
1620080 2084
1620090 2083
1620100 2082
1620110 2082
1620120 2078
1620130 2074
1620140 2074
1620150 2074
1620160 2075
1620170 2076
1620180 2076
1620190 2076
1620200 2075
1620210 2075
1620220 2072
1620230 2070
1620240 2070
1620250 2065
1620260 2058
1620270 2058
1620280 2054
1620290 2050
1620300 2050
1620310 2044
1620320 2038
1620330 2038
1620340 2035
1620350 2034
1620360 2032
1620370 2032
1620380 2031
1620390 2031
1620400 2031
1620410 2032
1620420 2032
1620430 2032
1620440 2033
1620450 2032
1620460 2032
1620470 2031
1620480 2027
1620490 2027
1620500 2026
1620510 2025
1620520 2025
1620530 2024
1620540 2023
1620550 2023
1620560 2019
1620570 2017
1620580 2016
1620590 2016
1620600 2015
1620610 2015
1620620 2015
1620630 2015
1620640 2014
1620650 2014
1620660 2013
1620670 2012
1620680 2012
1620690 2010
1620700 2009
1620710 2009
1620720 2008
1620730 2007
1620740 2007
1620750 2007
1620760 2007
1620770 2008
1620780 2008
1620790 2010
1620800 2011
1620810 2011
1620820 2011
1620830 2012
1620840 2012
1620850 2012
1620860 2013
1620870 2013
1620880 2013
1620890 2014
1620900 2014
1620910 2014
1620920 2014
1620930 2014
1620940 2013
1620950 2012
1620960 2012
1620970 2012
1620980 2012
1620990 2012
1621000 2012
1621010 2012
1621020 2012
1621030 2012
1621040 2013
1621050 2015
1621060 2015
1621070 2017
1621080 2020
1621090 2020
1621100 2022
1621110 2024
1621120 2024
1621130 2027
1621140 2030
1621150 2030
1621160 2031
1621170 2033
1621180 2033
1621190 2036
1621200 2042
1621210 2047
1621220 2047
1621230 2049
1621240 2049
1621250 2049
1621260 2047
1621270 2047
1621280 2047
1621290 2050
1621300 2055
1621310 2055
1621320 2058
1621330 2064
1621340 2064
1621350 2070
1621360 2078
1621370 2078
1621380 2086
1621390 2094
1621400 2094
1621410 2101
1621420 2109
1621430 2117
1621440 2117
1621450 2124
1621460 2131
1621470 2131
1621480 2139
1621490 2147
1621500 2147
1621510 2155
1621520 2163
1621530 2163
1621540 2169
1621550 2175
1621560 2175
1621570 2181
1621580 2187
1621590 2187
1621600 2192
1621610 2197
1621620 2197
1621630 2202
1621640 2208
1621650 2214
1621660 2214
1621670 2219
1621680 2218
1621690 2218
1621700 2214
1621710 2209
1621720 2209
1621730 2205
1621740 2200
1621750 2200
1621760 2196
1621770 2193
1621780 2193
1621790 2189
1621800 2186
1621810 2186
1621820 2183
1621830 2179
1621840 2179
1621850 2176
1621860 2171
1621870 2167
1621880 2167
1621890 2161
1621900 2156
1621910 2156
1621920 2150
1621930 2143
1621940 2143
1621950 2137
1621960 2130
1621970 2130
1621980 2123
1621990 2116
1622000 2116
1622010 2110
1622020 2105
1622030 2105
1622040 2099
1622050 2093
1622060 2093
1622070 2087
1622080 2079
1622090 2072
1622100 2072
1622110 2062
1622120 2053
1622130 2053
1622140 2047
1622150 2041
1622160 2041
1622170 2035
1622180 2025
1622190 2025
1622200 2019
1622210 2015
1622220 2015
1622230 2008
1622240 2002
1622250 2002
1622260 1996
1622270 1991
1622280 1991
1622290 1988
1622300 1985
1622310 1982
1622320 1982
1622330 1980
1622340 1984
1622350 1984
1622360 1984
1622370 1984
1622380 1984
1622390 1983
1622400 1981
1622410 1981
1622420 1980
1622430 1980
1622440 1980
1622450 1982
1622460 1982
1622470 1982
1622480 1982
1622490 1982
1622500 1982
1622510 1981
1622520 1980
1622530 1979
1622540 1979
1622550 1979
1622560 1978
1622570 1978
1622580 1978
1622590 1978
1622600 1978
1622610 1977
1622620 1977
1622630 1977
1622640 1977
1622650 1976
1622660 1976
1622670 1976
1622680 1977
1622690 1977
1622700 1978
1622710 1979
1622720 1979
1622730 1981
1622740 1982
1622750 1982
1622760 1982
1622770 1979
1622780 1974
1622790 1974
1622800 1969
1622810 1960
1622820 1960
1622830 1941
1622840 1930
1622850 1930
1622860 1922
1622870 1914
1622880 1914
1622890 1908
1622900 1904
1622910 1904
1622920 1900
1622930 1897
1622940 1897
1622950 1895
1622960 1895
1622970 1894
1622980 1894
1622990 1893
1623000 1892
1623010 1892
1623020 1889
1623030 1888
1623040 1888
1623050 1887
1623060 1887
1623070 1887
1623080 1887
1623090 1888
1623100 1888
1623110 1886
1623120 1881
1623130 1881
1623140 1875
1623150 1870
1623160 1870
1623170 1864
1623180 1856
1623190 1848
1623200 1848
1623210 1841
1623220 1835
1623230 1835
1623240 1830
1623250 1826
1623260 1825
1623270 1822
1623280 1819
1623290 1819
1623300 1817
1623310 1816
1623320 1816
1623330 1814
1623340 1813
1623350 1813
1623360 1812
1623370 1810
1623380 1810
1623390 1808
1623400 1806
1623410 1805
1623420 1805
1623430 1802
1623440 1800
1623450 1800
1623460 1797
1623470 1793
1623480 1793
1623490 1790
1623500 1786
1623510 1786
1623520 1782
1623530 1778
1623540 1778
1623550 1773
1623560 1767
1623570 1767
1623580 1760
1623590 1753
1623600 1753
1623610 1748
1623620 1743
1623630 1740
1623640 1740
1623650 1737
1623660 1733
1623670 1733
1623680 1731
1623690 1730
1623700 1730
1623710 1729
1623720 1728
1623730 1728
1623740 1727
1623750 1726
1623760 1726
1623770 1725
1623780 1724
1623790 1724
1623800 1724
1623810 1723
1623820 1723
1623830 1722
1623840 1722
1623850 1721
1623860 1721
1623870 1720
1623880 1718
1623890 1718
1623900 1717
1623910 1716
1623920 1716
1623930 1713
1623940 1709
1623950 1709
1623960 1707
1623970 1708
1623980 1708
1623990 1710
1624000 1711
1624010 1711
1624020 1712
1624030 1712
1624040 1712
1624050 1712
1624060 1713
1624070 1714
1624080 1714
1624090 1715
1624100 1716
1624110 1716
1624120 1716
1624130 1715
1624140 1715
1624150 1714
1624160 1713
1624170 1713
1624180 1712
1624190 1710
1624200 1710
1624210 1708
1624220 1707
1624230 1707
1624240 1709
1624250 1710
1624260 1710
1624270 1709
1624280 1711
1624290 1711
1624300 1711
1624310 1711
1624320 1710
1624330 1710
1624340 1711
1624350 1711
1624360 1711
1624370 1713
1624380 1713
1624390 1713
1624400 1714
1624410 1713
1624420 1713
1624430 1713
1624440 1712
1624450 1712
1624460 1713
1624470 1714
1624480 1714
1624490 1715
1624500 1714
1624510 1714
1624520 1714
1624530 1713
1624540 1711
1624550 1711
1624560 1709
1624570 1704
1624580 1704
1624590 1700
1624600 1699
1624610 1699
1624620 1698
1624630 1699
1624640 1699
1624650 1702
1624660 1705
1624670 1705
1624680 1709
1624690 1712
1624700 1712
1624710 1712
1624720 1711
1624730 1711
1624740 1711
1624750 1714
1624760 1718
1624770 1718
1624780 1720
1624790 1723
1624800 1723
1624810 1722
1624820 1721
1624830 1721
1624840 1719
1624850 1720
1624860 1720
1624870 1719
1624880 1719
1624890 1719
1624900 1719
1624910 1719
1624920 1719
1624930 1719
1624940 1719
1624950 1717
1624960 1717
1624970 1715
1624980 1715
1624990 1715
1625000 1713
1625010 1710
1625020 1710
1625030 1707
1625040 1705
1625050 1705
1625060 1704
1625070 1703
1625080 1698
1625090 1696
1625100 1696
1625110 1696
1625120 1694
1625130 1696
1625140 1696
1625150 1696
1625160 1693
1625170 1694
1625180 1694
1625190 1695
1625200 1696
1625210 1696
1625220 1697
1625230 1699
1625240 1699
1625250 1700
1625260 1700
1625270 1700
1625280 1700
1625290 1699
1625300 1699
1625310 1698
1625320 1697
1625330 1697
1625340 1694
1625350 1693
1625360 1694
1625370 1694
1625380 1696
1625390 1699
1625400 1699
1625410 1702
1625420 1706
1625430 1706
1625440 1709
1625450 1711
1625460 1711
1625470 1712
1625480 1711
1625490 1711
1625500 1710
1625510 1708
1625520 1708
1625530 1707
1625540 1706
1625550 1706
1625560 1706
1625570 1706
1625580 1705
1625590 1705
1625600 1705
1625610 1706
1625620 1706
1625630 1708
1625640 1708
1625650 1708
1625660 1706
1625670 1707
1625680 1707
1625690 1709
1625700 1710
1625710 1710
1625720 1711
1625730 1712
1625740 1712
1625750 1712
1625760 1711
1625770 1711
1625780 1711
1625790 1711
1625800 1712
1625810 1712
1625820 1713
1625830 1713
1625840 1713
1625850 1714
1625860 1714
1625870 1714
1625880 1715
1625890 1715
1625900 1715
1625910 1716
1625920 1717
1625930 1717
1625940 1718
1625950 1719
1625960 1719
1625970 1720
1625980 1718
1625990 1718
1626000 1718
1626010 1718
1626020 1717
1626030 1717
1626040 1716
1626050 1715
1626060 1715
1626070 1713
1626080 1710
1626090 1710
1626100 1708
1626110 1707
1626120 1707
1626130 1706
1626140 1704
1626150 1704
1626160 1702
1626170 1701
1626180 1701
1626190 1699
1626200 1697
1626210 1697
1626220 1695
1626230 1692
1626240 1690
1626250 1690
1626260 1687
1626270 1685
1626280 1685
1626290 1682
1626300 1680
1626310 1680
1626320 1677
1626330 1675
1626340 1675
1626350 1672
1626360 1669
1626370 1669
1626380 1666
1626390 1664
1626400 1664
1626410 1662
1626420 1660
1626430 1660
1626440 1659
1626450 1657
1626460 1656
1626470 1656
1626480 1655
1626490 1653
1626500 1653
1626510 1651
1626520 1648
1626530 1648
1626540 1646
1626550 1644
1626560 1644
1626570 1641
1626580 1639
1626590 1639
1626600 1637
1626610 1634
1626620 1634
1626630 1632
1626640 1631
1626650 1631
1626660 1629
1626670 1627
1626680 1625
1626690 1625
1626700 1624
1626710 1622
1626720 1622
1626730 1620
1626740 1618
1626750 1618
1626760 1615
1626770 1614
1626780 1614
1626790 1613
1626800 1611
1626810 1611
1626820 1609
1626830 1607
1626840 1607
1626850 1604
1626860 1601
1626870 1600
1626880 1597
1626890 1595
1626900 1593
1626910 1593
1626920 1591
1626930 1590
1626940 1590
1626950 1586
1626960 1583
1626970 1583
1626980 1581
1626990 1579
1627000 1579
1627010 1576
1627020 1574
1627030 1574
1627040 1571
1627050 1569
1627060 1569
1627070 1567
1627080 1564
1627090 1564
1627100 1562
1627110 1560
1627120 1556
1627130 1556
1627140 1553
1627150 1549
1627160 1549
1627170 1545
1627180 1541
1627190 1541
1627200 1537
1627210 1533
1627220 1533
1627230 1530
1627240 1526
1627250 1526
1627260 1523
1627270 1520
1627280 1520
1627290 1516
1627300 1512
1627310 1512
1627320 1508
1627330 1505
1627340 1501
1627350 1501
1627360 1496
1627370 1491
1627380 1491
1627390 1487
1627400 1482
1627410 1482
1627420 1476
1627430 1470
1627440 1470
1627450 1463
1627460 1458
1627470 1458
1627480 1453
1627490 1448
1627500 1448
1627510 1442
1627520 1437
1627530 1437
1627540 1432
1627550 1427
1627560 1422
1627570 1422
1627580 1417
1627590 1412
1627600 1412
1627610 1408
1627620 1403
1627630 1403
1627640 1399
1627650 1395
1627660 1395
1627670 1391
1627680 1386
1627690 1386
1627700 1380
1627710 1374
1627720 1374
1627730 1369
1627740 1364
1627750 1364
1627760 1359
1627770 1355
1627780 1350
1627790 1350
1627800 1344
1627810 1339
1627820 1339
1627830 1334
1627840 1329
1627850 1329
1627860 1324
1627870 1319
1627880 1319
1627890 1315
1627900 1311
1627910 1311
1627920 1307
1627930 1303
1627940 1303
1627950 1299
1627960 1296
1627970 1296
1627980 1293
1627990 1289
1628000 1285
1628010 1285
1628020 1281
1628030 1278
1628040 1278
1628050 1275
1628060 1272
1628070 1272
1628080 1268
1628090 1266
1628100 1266
1628110 1262
1628120 1259
1628130 1259
1628140 1257
1628150 1256
1628160 1256
1628170 1255
1628180 1255
1628190 1255
1628200 1257
1628210 1259
1628220 1263
1628230 1263
1628240 1266
1628250 1268
1628260 1268
1628270 1270
1628280 1273
1628290 1273
1628300 1276
1628310 1280
1628320 1280
1628330 1284
1628340 1288
1628350 1288
1628360 1293
1628370 1297
1628380 1297
1628390 1302
1628400 1306
1628410 1306
1628420 1310
1628430 1312
1628440 1312
1628450 1312
1628460 1311
1628470 1309
1628480 1309
1628490 1307
1628500 1305
1628510 1305
1628520 1303
1628530 1300
1628540 1300
1628550 1297
1628560 1293
1628570 1293
1628580 1290
1628590 1286
1628600 1286
1628610 1283
1628620 1279
1628630 1279
1628640 1277
1628650 1273
1628660 1269
1628670 1269
1628680 1268
1628690 1266
1628700 1266
1628710 1265
1628720 1263
1628730 1263
1628740 1260
1628750 1257
1628760 1257
1628770 1254
1628780 1251
1628790 1251
1628800 1248
1628810 1245
1628820 1245
1628830 1243
1628840 1242
1628850 1242
1628860 1241
1628870 1238
1628880 1236
1628890 1236
1628900 1234
1628910 1232
1628920 1232
1628930 1230
1628940 1230
1628950 1230
1628960 1230
1628970 1230
1628980 1230
1628990 1230
1629000 1230
1629010 1230
1629020 1230
1629030 1230
1629040 1230
1629050 1230
1629060 1231
1629070 1231
1629080 1230
1629090 1229
1629100 1229
1629110 1229
1629120 1228
1629130 1227
1629140 1227
1629150 1224
1629160 1219
1629170 1219
1629180 1215
1629190 1211
1629200 1211
1629210 1207
1629220 1205
1629230 1205
1629240 1203
1629250 1202
1629260 1202
1629270 1200
1629280 1197
1629290 1197
1629300 1195
1629310 1191
1629320 1186
1629330 1186
1629340 1182
1629350 1178
1629360 1178
1629370 1174
1629380 1172
1629390 1172
1629400 1169
1629410 1168
1629420 1168
1629430 1167
1629440 1167
1629450 1167
1629460 1166
1629470 1165
1629480 1165
1629490 1163
1629500 1159
1629510 1154
1629520 1159
1629530 1153
1629540 1147
1629550 1147
1629560 1144
1629570 1143
1629580 1143
1629590 1142
1629600 1141
1629610 1141
1629620 1140
1629630 1140
1629640 1140
1629650 1140
1629660 1140
1629670 1140
1629680 1140
1629690 1138
1629700 1138
1629710 1135
1629720 1132
1629730 1127
1629740 1127
1629750 1122
1629760 1118
1629770 1118
1629780 1113
1629790 1109
1629800 1109
1629810 1105
1629820 1101
1629830 1101
1629840 1097
1629850 1093
1629860 1093
1629870 1090
1629880 1087
1629890 1087
1629900 1084
1629910 1081
1629920 1081
1629930 1078
1629940 1074
1629950 1070
1629960 1070
1629970 1066
1629980 1063
1629990 1063
1630000 1060
1630010 1057
1630020 1057
1630030 1054
1630040 1051
1630050 1051
1630060 1049
1630070 1046
1630080 1046
1630090 1043
1630100 1040
1630110 1040
1630120 1037
1630130 1035
1630140 1035
1630150 1033
1630160 1031
1630170 1028
1630180 1028
1630190 1027
1630200 1026
1630210 1026
1630220 1025
1630230 1023
1630240 1023
1630250 1021
1630260 1019
1630270 1019
1630280 1017
1630290 1015
1630300 1015
1630310 1014
1630320 1011
1630330 1011
1630340 1008
1630350 1006
1630360 1006
1630370 1004
1630380 1003
1630390 1003
1630400 1003
1630410 1002
1630420 1002
1630430 1002
1630440 1002
1630450 1002
1630460 1002
1630470 1001
1630480 1001
1630490 1001
1630500 1000
1630510 1000
1630520 1000
1630530 999
1630540 999
1630550 999
1630560 999
1630570 998
1630580 998
1630590 998
1630600 999
1630610 1002
1630620 1002
1630630 1004
1630640 1007
1630650 1007
1630660 1011
1630670 1016
1630680 1016
1630690 1021
1630700 1026
1630710 1026
1630720 1031
1630730 1033
1630740 1033
1630750 1036
1630760 1038
1630770 1038
1630780 1041
1630790 1045
1630800 1045
1630810 1048
1630820 1049
1630830 1052
1630840 1052
1630850 1056
1630860 1060
1630870 1060
1630880 1062
1630890 1064
1630900 1064
1630910 1068
1630920 1072
1630930 1072
1630940 1075
1630950 1076
1630960 1076
1630970 1077
1630980 1080
1630990 1080
1631000 1085
1631010 1088
1631020 1088
1631030 1089
1631040 1092
1631050 1095
1631060 1095
1631070 1099
1631080 1102
1631090 1102
1631100 1106
1631110 1109
1631120 1109
1631130 1113
1631140 1116
1631150 1116
1631160 1120
1631170 1125
1631180 1125
1631190 1128
1631200 1131
1631210 1131
1631220 1134
1631230 1137
1631240 1137
1631250 1139
1631260 1144
1631270 1146
1631280 1146
1631290 1148
1631300 1150
1631310 1150
1631320 1150
1631330 1150
1631340 1150
1631350 1148
1631360 1147
1631370 1147
1631380 1144
1631390 1141
1631400 1141
1631410 1137
1631420 1135
1631430 1135
1631440 1131
1631450 1127
1631460 1127
1631470 1124
1631480 1121
1631490 1119
1631500 1119
1631510 1118
1631520 1117
1631530 1117
1631540 1116
1631550 1114
1631560 1114
1631570 1111
1631580 1108
1631590 1108
1631600 1105
1631610 1102
1631620 1102
1631630 1100
1631640 1097
1631650 1097
1631660 1097
1631670 1100
1631680 1100
1631690 1101
1631700 1103
1631710 1106
1631720 1106
1631730 1108
1631740 1111
1631750 1111
1631760 1114
1631770 1116
1631780 1116
1631790 1118
1631800 1121
1631810 1121
1631820 1123
1631830 1126
1631840 1126
1631850 1129
1631860 1132
1631870 1132
1631880 1136
1631890 1139
1631900 1139
1631910 1143
1631920 1144
1631930 1144
1631940 1144
1631950 1144
1631960 1142
1631970 1142
1631980 1141
1631990 1139
1632000 1139
1632010 1137
1632020 1134
1632030 1134
1632040 1132
1632050 1130
1632060 1130
1632070 1128
1632080 1125
1632090 1125
1632100 1122
1632110 1119
1632120 1119
1632130 1116
1632140 1112
1632150 1109
1632160 1109
1632170 1106
1632180 1103
1632190 1103
1632200 1100
1632210 1097
1632220 1097
1632230 1094
1632240 1090
1632250 1090
1632260 1087
1632270 1083
1632280 1083
1632290 1079
1632300 1076
1632310 1076
1632320 1072
1632330 1068
1632340 1068
1632350 1064
1632360 1060
1632370 1055
1632380 1055
1632390 1051
1632400 1048
1632410 1048
1632420 1045
1632430 1041
1632440 1041
1632450 1035
1632460 1032
1632470 1032
1632480 1029
1632490 1030
1632500 1030
1632510 1029
1632520 1028
1632530 1028
1632540 1026
1632550 1025
1632560 1025
1632570 1023
1632580 1021
1632590 1019
1632600 1019
1632610 1017
1632620 1016
1632630 1016
1632640 1014
1632650 1014
1632660 1014
1632670 1013
1632680 1013
1632690 1013
1632700 1013
1632710 1012
1632720 1012
1632730 1012
1632740 1012
1632750 1012
1632760 1011
1632770 1011
1632780 1011
1632790 1011
1632800 1011
1632810 1010
1632820 1010
1632830 1009
1632840 1008
1632850 1008
1632860 1006
1632870 1005
1632880 1005
1632890 1004
1632900 1003
1632910 1003
1632920 1002
1632930 999
1632940 999
1632950 997
1632960 995
1632970 995
1632980 990
1632990 988
1633000 988
1633010 987
1633020 985
1633030 984
1633040 984
1633050 982
1633060 980
1633070 980
1633080 978
1633090 975
1633100 975
1633110 972
1633120 968
1633130 968
1633140 965
1633150 962
1633160 962
1633170 959
1633180 957
1633190 957
1633200 955
1633210 953
1633220 953
1633230 950
1633240 948
1633250 946
1633260 946
1633270 943
1633280 940
1633290 940
1633300 937
1633310 934
1633320 934
1633330 932
1633340 929
1633350 929
1633360 926
1633370 921
1633380 921
1633390 919
1633400 917
1633410 917
1633420 916
1633430 914
1633440 914
1633450 914
1633460 913
1633470 913
1633480 913
1633490 913
1633500 913
1633510 913
1633520 912
1633530 911
1633540 911
1633550 910
1633560 909
1633570 909
1633580 908
1633590 907
1633600 907
1633610 906
1633620 905
1633630 905
1633640 904
1633650 903
1633660 903
1633670 902
1633680 901
1633690 899
1633700 899
1633710 897
1633720 895
1633730 895
1633740 893
1633750 891
1633760 891
1633770 889
1633780 887
1633790 887
1633800 885
1633810 883
1633820 883
1633830 882
1633840 879
1633850 879
1633860 878
1633870 877
1633880 875
1633890 875
1633900 873
1633910 872
1633920 872
1633930 872
1633940 871
1633950 871
1633960 870
1633970 870
1633980 870
1633990 869
1634000 868
1634010 868
1634020 868
1634030 867
1634040 867
1634050 867
1634060 866
1634070 866
1634080 865
1634090 865
1634100 864
1634110 864
1634120 863
1634130 862
1634140 862
1634150 861
1634160 861
1634170 861
1634180 861
1634190 863
1634200 863
1634210 863
1634220 864
1634230 864
1634240 864
1634250 864
1634260 864
1634270 864
1634280 864
1634290 864
1634300 864
1634310 865
1634320 867
1634330 867
1634340 868
1634350 869
1634360 869
1634370 871
1634380 872
1634390 872
1634400 873
1634410 874
1634420 874
1634430 876
1634440 878
1634450 878
1634460 880
1634470 881
1634480 881
1634490 882
1634500 883
1634510 883
1634520 884
1634530 885
1634540 886
1634550 886
1634560 887
1634570 889
1634580 889
1634590 890
1634600 891
1634610 891
1634620 892
1634630 893
1634640 893
1634650 894
1634660 896
1634670 896
1634680 896
1634690 896
1634700 896
1634710 893
1634720 887
1634730 887
1634740 882
1634750 876
1634760 872
1634770 872
1634780 865
1634790 858
1634800 858
1634810 850
1634820 846
1634830 846
1634840 844
1634850 843
1634860 843
1634870 843
1634880 843
1634890 843
1634900 843
1634910 843
1634920 843
1634930 844
1634940 843
1634950 843
1634960 843
1634970 844
1634980 844
1634990 844
1635000 844
1635010 844
1635020 844
1635030 844
1635040 844
1635050 844
1635060 843
1635070 843
1635080 843
1635090 845
1635100 848
1635110 848
1635120 849
1635130 850
1635140 850
1635150 851
1635160 851
1635170 851
1635180 852
1635190 854
1635200 855
1635210 855
1635220 856
1635230 857
1635240 857
1635250 859
1635260 860
1635270 860
1635280 861
1635290 861
1635300 861
1635310 862
1635320 861
1635330 861
1635340 861
1635350 860
1635360 860
1635370 859
1635380 858
1635390 858
1635400 857
1635410 855
1635420 854
1635430 854
1635440 853
1635450 853
1635460 853
1635470 852
1635480 851
1635490 851
1635500 848
1635510 846
1635520 846
1635530 844
1635540 842
1635550 842
1635560 841
1635570 841
1635580 841
1635590 841
1635600 841
1635610 841
1635620 841
1635630 841
1635640 841
1635650 841
1635660 841
1635670 842
1635680 842
1635690 842
1635700 842
1635710 842
1635720 843
1635730 846
1635740 846
1635750 850
1635760 853
1635770 853
1635780 854
1635790 859
1635800 859
1635810 862
1635820 864
1635830 864
1635840 866
1635850 867
1635860 870
1635870 870
1635880 873
1635890 876
1635900 876
1635910 880
1635920 883
1635930 883
1635940 886
1635950 889
1635960 889
1635970 893
1635980 895
1635990 895
1636000 897
1636010 901
1636020 901
1636030 906
1636040 911
1636050 911
1636060 915
1636070 918
1636080 922
1636090 922
1636100 926
1636110 929
1636120 929
1636130 933
1636140 937
1636150 937
1636160 941
1636170 945
1636180 945
1636190 948
1636200 951
1636210 951
1636220 954
1636230 958
1636240 958
1636250 960
1636260 962
1636270 962
1636280 964
1636290 964
1636300 963
1636310 963
1636320 962
1636330 962
1636340 962
1636350 963
1636360 963
1636370 968
1636380 968
1636390 969
1636400 969
1636410 969
1636420 971
1636430 971
1636440 973
1636450 974
1636460 974
1636470 975
1636480 976
1636490 976
1636500 977
1636510 978
1636520 982
1636530 982
1636540 985
1636550 986
1636560 986
1636570 989
1636580 993
1636590 993
1636600 995
1636610 998
1636620 998
1636630 1001
1636640 1005
1636650 1005
1636660 1009
1636670 1012
1636680 1012
1636690 1016
1636700 1020
1636710 1020
1636720 1025
1636730 1029
1636740 1033
1636750 1033
1636760 1036
1636770 1039
1636780 1039
1636790 1043
1636800 1047
1636810 1047
1636820 1052
1636830 1056
1636840 1056
1636850 1060
1636860 1063
1636870 1063
1636880 1067
1636890 1070
1636900 1070
1636910 1073
1636920 1076
1636930 1076
1636940 1080
1636950 1083
1636960 1086
1636970 1086
1636980 1089
1636990 1092
1637000 1092
1637010 1095
1637020 1097
1637030 1097
1637040 1100
1637050 1102
1637060 1102
1637070 1104
1637080 1105
1637090 1105
1637100 1107
1637110 1109
1637120 1109
1637130 1111
1637140 1113
1637150 1113
1637160 1116
1637170 1118
1637180 1120
1637190 1120
1637200 1122
1637210 1124
1637220 1124
1637230 1126
1637240 1128
1637250 1128
1637260 1130
1637270 1132
1637280 1132
1637290 1134
1637300 1136
1637310 1136
1637320 1138
1637330 1138
1637340 1138
1637350 1137
1637360 1136
1637370 1136
1637380 1135
1637390 1134
1637400 1133
1637410 1133
1637420 1131
1637430 1129
1637440 1129
1637450 1128
1637460 1125
1637470 1125
1637480 1124
1637490 1122
1637500 1122
1637510 1121
1637520 1120
1637530 1120
1637540 1119
1637550 1119
1637560 1119
1637570 1118
1637580 1118
1637590 1118
1637600 1117
1637610 1117
1637620 1115
1637630 1115
1637640 1115
1637650 1115
1637660 1115
1637670 1115
1637680 1115
1637690 1115
1637700 1117
1637710 1119
1637720 1119
1637730 1121
1637740 1122
1637750 1122
1637760 1123
1637770 1123
1637780 1123
1637790 1122
1637800 1120
1637810 1120
1637820 1119
1637830 1117
1637840 1115
1637850 1115
1637860 1114
1637870 1114
1637880 1114
1637890 1112
1637900 1110
1637910 1110
1637920 1108
1637930 1107
1637940 1107
1637950 1107
1637960 1107
1637970 1107
1637980 1107
1637990 1107
1638000 1107
1638010 1106
1638020 1105
1638030 1100
1638040 1098
1638050 1096
1638060 1094
1638070 1094
1638080 1093
1638090 1091
1638100 1091
1638110 1090
1638120 1087
1638130 1087
1638140 1082
1638150 1078
1638160 1078
1638170 1074
1638180 1073
1638190 1073
1638200 1071
1638210 1071
1638220 1071
1638230 1072
1638240 1072
1638250 1072
1638260 1072
1638270 1072
1638280 1071
1638290 1071
1638300 1070
1638310 1069
1638320 1069
1638330 1068
1638340 1067
1638350 1067
1638360 1064
1638370 1062
1638380 1062
1638390 1059
1638400 1058
1638410 1058
1638420 1056
1638430 1053
1638440 1053
1638450 1049
1638460 1046
1638470 1046
1638480 1044
1638490 1042
1638500 1039
1638510 1039
1638520 1037
1638530 1035
1638540 1035
1638550 1033
1638560 1033
1638570 1033
1638580 1033
1638590 1033
1638600 1033
1638610 1033
1638620 1032
1638630 1032
1638640 1032
1638650 1033
1638660 1033
1638670 1034
1638680 1037
1638690 1037
1638700 1041
1638710 1045
1638720 1048
1638730 1048
1638740 1050
1638750 1053
1638760 1053
1638770 1056
1638780 1059
1638790 1059
1638800 1061
1638810 1064
1638820 1064
1638830 1067
1638840 1070
1638850 1068
1638860 1071
1638870 1073
1638880 1073
1638890 1076
1638900 1078
1638910 1081
1638920 1081
1638930 1084
1638940 1087
1638950 1087
1638960 1089
1638970 1090
1638980 1090
1638990 1090
1639000 1088
1639010 1088
1639020 1087
1639030 1085
1639040 1085
1639050 1084
1639060 1084
1639070 1084
1639080 1083
1639090 1083
1639100 1083
1639110 1081
1639120 1078
1639130 1076
1639140 1076
1639150 1074
1639160 1072
1639170 1072
1639180 1069
1639190 1067
1639200 1067
1639210 1065
1639220 1063
1639230 1063
1639240 1062
1639250 1060
1639260 1060
1639270 1058
1639280 1056
1639290 1056
1639300 1055
1639310 1053
1639320 1053
1639330 1051
1639340 1049
1639350 1048
1639360 1048
1639370 1046
1639380 1044
1639390 1044
1639400 1043
1639410 1041
1639420 1041
1639430 1039
1639440 1037
1639450 1037
1639460 1034
1639470 1033
1639480 1033
1639490 1031
1639500 1028
1639510 1028
1639520 1026
1639530 1025
1639540 1025
1639550 1024
1639560 1021
1639570 1019
1639580 1019
1639590 1017
1639600 1014
1639610 1014
1639620 1012
1639630 1010
1639640 1010
1639650 1007
1639660 1005
1639670 1004
1639680 1002
1639690 999
1639700 999
1639710 997
1639720 994
1639730 994
1639740 991
1639750 988
1639760 988
1639770 986
1639780 983
1639790 980
1639800 980
1639810 977
1639820 973
1639830 973
1639840 969
1639850 964
1639860 964
1639870 960
1639880 956
1639890 956
1639900 956
1639910 959
1639920 959
1639930 962
1639940 965
1639950 965
1639960 968
1639970 971
1639980 971
1639990 974
