1620000 2102
1620010 2102
1620020 2101
1620030 2101
1620040 2101
1620050 2102
1620060 2103
1620070 2103
1620080 2103
1620090 2101
1620100 2100
1620110 2100
1620120 2091
1620130 2080
1620140 2080
1620150 2071
1620160 2066
1620170 2066
1620180 2063
1620190 2059
1620200 2059
1620210 2057
1620220 2056
1620230 2057
1620240 2056
1620250 2055
1620260 2055
1620270 2054
1620280 2053
1620290 2052
1620300 2052
1620310 2050
1620320 2049
1620330 2049
1620340 2050
1620350 2050
1620360 2050
1620370 2049
1620380 2049
1620390 2049
1620400 2051
1620410 2052
1620420 2052
1620430 2050
1620440 2045
1620450 2045
1620460 2043
1620470 2043
1620480 2032
1620490 2032
1620500 2022
1620510 2018
1620520 2018
1620530 2015
1620540 2010
1620550 2010
1620560 2009
1620570 2009
1620580 2009
1620590 2009
1620600 2006
1620610 2006
1620620 2002
1620630 1998
1620640 1998
1620650 1997
1620660 1996
1620670 1996
1620680 1995
1620690 1993
1620700 1992
1620710 1992
1620720 1991
1620730 1990
1620740 1990
1620750 1989
1620760 1988
1620770 1988
1620780 1987
1620790 1987
1620800 1987
1620810 1988
1620820 1988
1620830 1988
1620840 1989
1620850 1990
1620860 1990
1620870 1990
1620880 1990
1620890 1990
1620900 1991
1620910 1991
1620920 1993
1620930 1993
1620940 1995
1620950 1997
1620960 1997
1620970 1998
1620980 2000
1620990 2000
1621000 2002
1621010 2003
1621020 2003
1621030 2004
1621040 2006
1621050 2006
1621060 2007
1621070 2008
1621080 2008
1621090 2010
1621100 2011
1621110 2011
1621120 2013
1621130 2015
1621140 2015
1621150 2015
1621160 2014
1621170 2014
1621180 2014
1621190 2014
1621200 2017
1621210 2017
1621220 2020
1621230 2021
1621240 2021
1621250 2024
1621260 2030
1621270 2030
1621280 2036
1621290 2042
1621300 2042
1621310 2049
1621320 2058
1621330 2058
1621340 2065
1621350 2073
1621360 2080
1621370 2080
1621380 2088
1621390 2094
1621400 2094
1621410 2100
1621420 2105
1621430 2105
1621440 2110
1621450 2114
1621460 2114
1621470 2117
1621480 2122
1621490 2122
1621500 2129
1621510 2135
1621520 2135
1621530 2143
1621540 2151
1621550 2151
1621560 2159
1621570 2166
1621580 2173
1621590 2173
1621600 2177
1621610 2180
1621620 2180
1621630 2182
1621640 2184
1621650 2184
1621660 2187
1621670 2189
1621680 2189
1621690 2186
1621700 2183
1621710 2183
1621720 2181
1621730 2178
1621740 2178
1621750 2176
1621760 2172
1621770 2172
1621780 2169
1621790 2166
1621800 2163
1621810 2163
1621820 2160
1621830 2157
1621840 2157
1621850 2154
1621860 2152
1621870 2152
1621880 2149
1621890 2146
1621900 2146
1621910 2143
1621920 2140
1621930 2140
1621940 2137
1621950 2133
1621960 2133
1621970 2130
1621980 2128
1621990 2128
1622000 2125
1622010 2123
1622020 2121
1622030 2121
1622040 2118
1622050 2114
1622060 2114
1622070 2111
1622080 2107
1622090 2107
1622100 2105
1622110 2103
1622120 2103
1622130 2101
1622140 2098
1622150 2098
1622160 2096
1622170 2095
1622180 2095
1622190 2093
1622200 2091
1622210 2091
1622220 2088
1622230 2086
1622240 2085
1622250 2085
1622260 2083
1622270 2081
1622280 2081
1622290 2079
1622300 2077
1622310 2077
1622320 2074
1622330 2073
1622340 2073
1622350 2070
1622360 2068
1622370 2068
1622380 2066
1622390 2065
1622400 2065
1622410 2064
1622420 2062
1622430 2062
1622440 2060
1622450 2059
1622460 2057
1622470 2057
1622480 2055
1622490 2053
1622500 2053
1622510 2052
1622520 2051
1622530 2051
1622540 2051
1622550 2050
1622560 2050
1622570 2050
1622580 2049
1622590 2049
1622600 2048
1622610 2046
1622620 2046
1622630 2044
1622640 2041
1622650 2041
1622660 2039
1622670 2035
1622680 2031
1622690 2031
1622700 2027
1622710 2021
1622720 2021
1622730 2015
1622740 2009
1622750 2009
1622760 2002
1622770 1995
1622780 1995
1622790 1987
1622800 1980
1622810 1980
1622820 1973
1622830 1967
1622840 1967
1622850 1961
1622860 1954
1622870 1954
1622880 1948
1622890 1941
1622900 1935
1622910 1935
1622920 1931
1622930 1925
1622940 1925
1622950 1905
1622960 1894
1622970 1894
1622980 1887
1622990 1881
1623000 1882
1623010 1875
1623020 1871
1623030 1871
1623040 1868
1623050 1867
1623060 1867
1623070 1867
1623080 1866
1623090 1866
1623100 1862
1623110 1856
1623120 1850
1623130 1850
1623140 1846
1623150 1845
1623160 1845
1623170 1845
1623180 1845
1623190 1845
1623200 1844
1623210 1844
1623220 1844
1623230 1840
1623240 1836
1623250 1836
1623260 1831
1623270 1826
1623280 1826
1623290 1821
1623300 1816
1623310 1816
1623320 1813
1623330 1810
1623340 1808
1623350 1808
1623360 1804
1623370 1800
1623380 1800
1623390 1795
1623400 1791
1623410 1791
1623420 1788
1623430 1786
1623440 1786
1623450 1782
1623460 1779
1623470 1779
1623480 1777
1623490 1774
1623500 1774
1623510 1772
1623520 1769
1623530 1769
1623540 1767
1623550 1766
1623560 1765
1623570 1765
1623580 1763
1623590 1762
1623600 1762
1623610 1761
1623620 1761
1623630 1761
1623640 1760
1623650 1760
1623660 1760
1623670 1759
1623680 1758
1623690 1758
1623700 1758
1623710 1758
1623720 1758
1623730 1757
1623740 1755
1623750 1755
1623760 1753
1623770 1752
1623780 1750
1623790 1750
1623800 1749
1623810 1747
1623820 1747
1623830 1746
1623840 1744
1623850 1744
1623860 1743
1623870 1741
1623880 1741
1623890 1739
1623900 1736
1623910 1736
1623920 1736
1623930 1734
1623940 1734
1623950 1733
1623960 1731
1623970 1731
1623980 1730
1623990 1728
1624000 1727
1624010 1727
1624020 1726
1624030 1724
1624040 1724
1624050 1723
1624060 1721
1624070 1721
1624080 1719
1624090 1717
1624100 1717
1624110 1714
1624120 1711
1624130 1711
1624140 1707
1624150 1703
1624160 1703
1624170 1699
1624180 1695
1624190 1695
1624200 1691
1624210 1687
1624220 1683
1624230 1683
1624240 1679
1624250 1676
1624260 1676
1624270 1674
1624280 1671
1624290 1671
1624300 1667
1624310 1661
1624320 1661
1624330 1656
1624340 1654
1624350 1654
1624360 1655
1624370 1658
1624380 1658
1624390 1661
1624400 1663
1624410 1663
1624420 1664
1624430 1665
1624440 1664
1624450 1664
1624460 1664
1624470 1665
1624480 1665
1624490 1665
1624500 1665
1624510 1665
1624520 1665
1624530 1664
1624540 1664
1624550 1664
1624560 1664
1624570 1664
1624580 1664
1624590 1663
1624600 1663
1624610 1662
1624620 1662
1624630 1662
1624640 1661
1624650 1660
1624660 1660
1624670 1660
1624680 1659
1624690 1658
1624700 1658
1624710 1657
1624720 1657
1624730 1657
1624740 1657
1624750 1656
1624760 1656
1624770 1656
1624780 1654
1624790 1654
1624800 1653
1624810 1651
1624820 1651
1624830 1641
1624840 1638
1624850 1638
1624860 1636
1624870 1632
1624880 1629
1624890 1629
1624900 1625
1624910 1622
1624920 1622
1624930 1621
1624940 1620
1624950 1620
1624960 1620
1624970 1622
1624980 1622
1624990 1625
1625000 1629
1625010 1629
1625020 1630
1625030 1629
1625040 1629
1625050 1629
1625060 1631
1625070 1631
1625080 1632
1625090 1633
1625100 1635
1625110 1635
1625120 1636
1625130 1634
1625140 1634
1625150 1632
1625160 1629
1625170 1629
1625180 1630
1625190 1632
1625200 1632
1625210 1633
1625220 1635
1625230 1635
1625240 1637
1625250 1639
1625260 1639
1625270 1640
1625280 1641
1625290 1641
1625300 1642
1625310 1644
1625320 1646
1625330 1646
1625340 1647
1625350 1649
1625360 1649
1625370 1651
1625380 1652
1625390 1652
1625400 1652
1625410 1651
1625420 1651
1625430 1651
1625440 1651
1625450 1651
1625460 1653
1625470 1654
1625480 1654
1625490 1655
1625500 1655
1625510 1655
1625520 1654
1625530 1654
1625540 1654
1625550 1654
1625560 1653
1625570 1653
1625580 1653
1625590 1652
1625600 1653
1625610 1653
1625620 1653
1625630 1652
1625640 1652
1625650 1652
1625660 1652
1625670 1652
1625680 1652
1625690 1653
1625700 1653
1625710 1653
1625720 1653
1625730 1649
1625740 1649
1625750 1648
1625760 1647
1625770 1647
1625780 1648
1625790 1651
1625800 1651
1625810 1655
1625820 1659
1625830 1659
1625840 1661
1625850 1664
1625860 1664
1625870 1666
1625880 1668
1625890 1668
1625900 1671
1625910 1672
1625920 1672
1625930 1674
1625940 1676
1625950 1676
1625960 1676
1625970 1677
1625980 1679
1625990 1679
1626000 1681
1626010 1682
1626020 1682
1626030 1682
1626040 1681
1626050 1681
1626060 1680
1626070 1680
1626080 1680
1626090 1679
1626100 1677
1626110 1677
1626120 1676
1626130 1674
1626140 1674
1626150 1673
1626160 1671
1626170 1669
1626180 1669
1626190 1667
1626200 1666
1626210 1666
1626220 1665
1626230 1664
1626240 1664
1626250 1662
1626260 1660
1626270 1660
1626280 1659
1626290 1658
1626300 1658
1626310 1658
1626320 1658
1626330 1658
1626340 1658
1626350 1658
1626360 1658
1626370 1658
1626380 1657
1626390 1655
1626400 1655
1626410 1654
1626420 1653
1626430 1653
1626440 1651
1626450 1650
1626460 1650
1626470 1648
1626480 1646
1626490 1646
1626500 1644
1626510 1642
1626520 1642
1626530 1639
1626540 1636
1626550 1636
1626560 1634
1626570 1631
1626580 1631
1626590 1629
1626600 1627
1626610 1624
1626620 1625
1626630 1623
1626640 1621
1626650 1621
1626660 1618
1626670 1616
1626680 1616
1626690 1613
1626700 1611
1626710 1611
1626720 1608
1626730 1605
1626740 1605
1626750 1601
1626760 1597
1626770 1597
1626780 1592
1626790 1589
1626800 1589
1626810 1587
1626820 1584
1626830 1580
1626840 1580
1626850 1576
1626860 1573
1626870 1573
1626880 1569
1626890 1565
1626900 1565
1626910 1562
1626920 1560
1626930 1560
1626940 1560
1626950 1559
1626960 1559
1626970 1557
1626980 1555
1626990 1555
1627000 1552
1627010 1549
1627020 1549
1627030 1547
1627040 1544
1627050 1542
1627060 1542
1627070 1540
1627080 1539
1627090 1539
1627100 1537
1627110 1534
1627120 1534
1627130 1532
1627140 1529
1627150 1529
1627160 1526
1627170 1522
1627180 1522
1627190 1519
1627200 1516
1627210 1516
1627220 1515
1627230 1513
1627240 1513
1627250 1511
1627260 1509
1627270 1507
1627280 1507
1627290 1504
1627300 1502
1627310 1502
1627320 1498
1627330 1495
1627340 1495
1627350 1491
1627360 1488
1627370 1488
1627380 1484
1627390 1481
1627400 1481
1627410 1478
1627420 1474
1627430 1474
1627440 1472
1627450 1469
1627460 1469
1627470 1465
1627480 1460
1627490 1455
1627500 1455
1627510 1448
1627520 1442
1627530 1442
1627540 1437
1627550 1432
1627560 1432
1627570 1427
1627580 1423
1627590 1423
1627600 1418
1627610 1413
1627620 1413
1627630 1408
1627640 1402
1627650 1402
1627660 1396
1627670 1390
1627680 1390
1627690 1385
1627700 1379
1627710 1374
1627720 1374
1627730 1369
1627740 1364
1627750 1364
1627760 1359
1627770 1354
1627780 1354
1627790 1349
1627800 1344
1627810 1344
1627820 1339
1627830 1334
1627840 1334
1627850 1329
1627860 1325
1627870 1325
1627880 1322
1627890 1318
1627900 1318
1627910 1315
1627920 1313
1627930 1313
1627940 1313
1627950 1314
1627960 1313
1627970 1313
1627980 1311
1627990 1310
1628000 1310
1628010 1309
1628020 1310
1628030 1310
1628040 1310
1628050 1311
1628060 1311
1628070 1310
1628080 1309
1628090 1309
1628100 1308
1628110 1307
1628120 1307
1628130 1308
1628140 1309
1628150 1312
1628160 1312
1628170 1315
1628180 1318
1628190 1318
1628200 1320
1628210 1322
1628220 1322
1628230 1324
1628240 1327
1628250 1327
1628260 1329
1628270 1332
1628280 1332
1628290 1335
1628300 1338
1628310 1338
1628320 1341
1628330 1343
1628340 1343
1628350 1346
1628360 1348
1628370 1350
1628380 1350
1628390 1351
1628400 1353
1628410 1353
1628420 1351
1628430 1349
1628440 1349
1628450 1347
1628460 1346
1628470 1346
1628480 1345
1628490 1343
1628500 1343
1628510 1341
1628520 1338
1628530 1338
1628540 1335
1628550 1332
1628560 1332
1628570 1329
1628580 1326
1628590 1324
1628600 1324
1628610 1321
1628620 1318
1628630 1318
1628640 1315
1628650 1312
1628660 1312
1628670 1309
1628680 1306
1628690 1306
1628700 1303
1628710 1300
1628720 1300
1628730 1297
1628740 1294
1628750 1294
1628760 1291
1628770 1288
1628780 1288
1628790 1286
1628800 1283
1628810 1281
1628820 1281
1628830 1278
1628840 1276
1628850 1276
1628860 1274
1628870 1271
1628880 1271
1628890 1268
1628900 1266
1628910 1266
1628920 1262
1628930 1258
1628940 1258
1628950 1255
1628960 1251
1628970 1251
1628980 1248
1628990 1244
1629000 1244
1629010 1241
1629020 1238
1629030 1235
1629040 1235
1629050 1232
1629060 1229
1629070 1229
1629080 1225
1629090 1222
1629100 1222
1629110 1218
1629120 1214
1629130 1214
1629140 1211
1629150 1207
1629160 1207
1629170 1204
1629180 1200
1629190 1200
1629200 1196
1629210 1192
1629220 1192
1629230 1189
1629240 1187
1629250 1184
1629260 1184
1629270 1182
1629280 1177
1629290 1177
1629300 1175
1629310 1172
1629320 1172
1629330 1169
1629340 1167
1629350 1167
1629360 1163
1629370 1158
1629380 1158
1629390 1151
1629400 1148
1629410 1148
1629420 1145
1629430 1144
1629440 1144
1629450 1141
1629460 1139
1629470 1136
1629480 1136
1629490 1132
1629500 1130
1629510 1130
1629520 1128
1629530 1127
1629540 1127
1629550 1126
1629560 1124
1629570 1124
1629580 1123
1629590 1122
1629600 1122
1629610 1120
1629620 1116
1629630 1116
1629640 1113
1629650 1108
1629660 1108
1629670 1104
1629680 1100
1629690 1096
1629700 1096
1629710 1092
1629720 1087
1629730 1087
1629740 1082
1629750 1077
1629760 1077
1629770 1072
1629780 1068
1629790 1068
1629800 1065
1629810 1062
1629820 1062
1629830 1060
1629840 1058
1629850 1058
1629860 1055
1629870 1053
1629880 1053
1629890 1051
1629900 1049
1629910 1047
1629920 1047
1629930 1044
1629940 1042
1629950 1042
1629960 1039
1629970 1037
1629980 1037
1629990 1034
1630000 1032
1630010 1032
1630020 1031
1630030 1030
1630040 1030
1630050 1029
1630060 1027
1630070 1027
1630080 1026
1630090 1024
1630100 1024
1630110 1021
1630120 1018
1630130 1015
1630140 1015
1630150 1014
1630160 1013
1630170 1013
1630180 1013
1630190 1012
1630200 1012
1630210 1012
1630220 1012
1630230 1012
1630240 1012
1630250 1011
1630260 1011
1630270 1011
1630280 1010
1630290 1010
1630300 1010
1630310 1010
1630320 1010
1630330 1011
1630340 1010
1630350 1011
1630360 1011
1630370 1013
1630380 1016
1630390 1016
1630400 1019
1630410 1021
1630420 1021
1630430 1025
1630440 1030
1630450 1030
1630460 1034
1630470 1037
1630480 1037
1630490 1040
1630500 1043
1630510 1043
1630520 1045
1630530 1046
1630540 1046
1630550 1047
1630560 1049
1630570 1051
1630580 1051
1630590 1053
1630600 1057
1630610 1057
1630620 1059
1630630 1060
1630640 1060
1630650 1061
1630660 1062
1630670 1062
1630680 1064
1630690 1067
1630700 1067
1630710 1069
1630720 1071
1630730 1071
1630740 1073
1630750 1075
1630760 1079
1630770 1079
1630780 1082
1630790 1085
1630800 1085
1630810 1087
1630820 1089
1630830 1089
1630840 1091
1630850 1094
1630860 1094
1630870 1095
1630880 1097
1630890 1097
1630900 1099
1630910 1101
1630920 1101
1630930 1104
1630940 1107
1630950 1107
1630960 1110
1630970 1112
1630980 1114
1630990 1114
1631000 1116
1631010 1119
1631020 1119
1631030 1129
1631040 1133
1631050 1133
1631060 1137
1631070 1142
1631080 1142
1631090 1147
1631100 1153
1631110 1153
1631120 1158
1631130 1161
1631140 1161
1631150 1165
1631160 1168
1631170 1168
1631180 1171
1631190 1175
1631200 1178
1631210 1178
1631220 1182
1631230 1185
1631240 1185
1631250 1187
1631260 1189
1631270 1189
1631280 1190
1631290 1192
1631300 1192
1631310 1192
1631320 1191
1631330 1191
1631340 1190
1631350 1188
1631360 1188
1631370 1185
1631380 1181
1631390 1181
1631400 1176
1631410 1171
1631420 1166
1631430 1166
1631440 1161
1631450 1157
1631460 1157
1631470 1154
1631480 1152
1631490 1152
1631500 1150
1631510 1148
1631520 1148
1631530 1147
1631540 1146
1631550 1146
1631560 1145
1631570 1143
1631580 1143
1631590 1142
1631600 1142
1631610 1142
1631620 1143
1631630 1142
1631640 1142
1631650 1142
1631660 1142
1631670 1142
1631680 1142
1631690 1143
1631700 1144
1631710 1144
1631720 1146
1631730 1148
1631740 1148
1631750 1149
1631760 1150
1631770 1150
1631780 1152
1631790 1154
1631800 1154
1631810 1155
1631820 1156
1631830 1156
1631840 1157
1631850 1157
1631860 1156
1631870 1156
1631880 1155
1631890 1154
1631900 1154
1631910 1152
1631920 1151
1631930 1151
1631940 1149
1631950 1148
1631960 1148
1631970 1147
1631980 1145
1631990 1145
1632000 1143
1632010 1140
1632020 1140
1632030 1137
1632040 1135
1632050 1135
1632060 1132
1632070 1130
1632080 1127
1632090 1127
1632100 1123
1632110 1120
1632120 1120
1632130 1117
1632140 1114
1632150 1114
1632160 1111
1632170 1108
1632180 1108
1632190 1105
1632200 1102
1632210 1102
1632220 1099
1632230 1096
1632240 1096
1632250 1093
1632260 1090
1632270 1090
1632280 1088
1632290 1085
1632300 1082
1632310 1082
1632320 1079
1632330 1077
1632340 1077
1632350 1074
1632360 1071
1632370 1071
1632380 1069
1632390 1066
1632400 1066
1632410 1063
1632420 1060
1632430 1060
1632440 1058
1632450 1055
1632460 1055
1632470 1051
1632480 1048
1632490 1048
1632500 1046
1632510 1045
1632520 1042
1632530 1042
1632540 1039
1632550 1036
1632560 1036
1632570 1031
1632580 1027
1632590 1027
1632600 1023
1632610 1019
1632620 1019
1632630 1014
1632640 1010
1632650 1010
1632660 1005
1632670 1001
1632680 1001
1632690 998
1632700 996
1632710 996
1632720 993
1632730 991
1632740 988
1632750 987
1632760 985
1632770 983
1632780 983
1632790 981
1632800 977
1632810 977
1632820 972
1632830 966
1632840 966
1632850 960
1632860 956
1632870 956
1632880 955
1632890 954
1632900 954
1632910 952
1632920 950
1632930 950
1632940 949
1632950 948
1632960 946
1632970 946
1632980 945
1632990 945
1633000 945
1633010 944
1633020 941
1633030 941
1633040 938
1633050 936
1633060 936
1633070 935
1633080 933
1633090 933
1633100 932
1633110 931
1633120 931
1633130 929
1633140 927
1633150 927
1633160 926
1633170 925
1633180 924
1633190 924
1633200 925
1633210 924
1633220 924
1633230 923
1633240 923
1633250 923
1633260 921
1633270 920
1633280 920
1633290 918
1633300 917
1633310 917
1633320 916
1633330 915
1633340 915
1633350 914
1633360 913
1633370 913
1633380 912
1633390 910
1633400 910
1633410 910
1633420 911
1633430 912
1633440 912
1633450 913
1633460 913
1633470 913
1633480 913
1633490 913
1633500 913
1633510 913
1633520 913
1633530 913
1633540 912
1633550 910
1633560 910
1633570 908
1633580 906
1633590 906
1633600 908
1633610 906
1633620 904
1633630 904
1633640 900
1633650 897
1633660 897
1633670 895
1633680 894
1633690 894
1633700 892
1633710 891
1633720 891
1633730 890
1633740 889
1633750 889
1633760 888
1633770 888
1633780 888
1633790 887
1633800 885
1633810 885
1633820 884
1633830 884
1633840 885
1633850 885
1633860 885
1633870 884
1633880 884
1633890 884
1633900 883
1633910 883
1633920 881
1633930 879
1633940 879
1633950 877
1633960 876
1633970 876
1633980 874
1633990 873
1634000 873
1634010 872
1634020 871
1634030 871
1634040 870
1634050 869
1634060 868
1634070 868
1634080 867
1634090 866
1634100 866
1634110 865
1634120 864
1634130 864
1634140 863
1634150 862
1634160 862
1634170 861
1634180 860
1634190 860
1634200 859
1634210 859
1634220 859
1634230 858
1634240 857
1634250 857
1634260 856
1634270 856
1634280 856
1634290 856
1634300 855
1634310 855
1634320 855
1634330 857
1634340 858
1634350 858
1634360 860
1634370 861
1634380 861
1634390 864
1634400 866
1634410 866
1634420 868
1634430 871
1634440 871
1634450 873
1634460 875
1634470 875
1634480 877
1634490 879
1634500 882
1634510 882
1634520 884
1634530 887
1634540 887
1634550 889
1634560 891
1634570 891
1634580 893
1634590 895
1634600 895
1634610 897
1634620 898
1634630 898
1634640 896
1634650 892
1634660 892
1634670 886
1634680 881
1634690 881
1634700 876
1634710 870
1634720 865
1634730 865
1634740 860
1634750 855
1634760 855
1634770 851
1634780 848
1634790 848
1634800 845
1634810 842
1634820 842
1634830 841
1634840 841
1634850 841
1634860 840
1634870 840
1634880 840
1634890 840
1634900 840
1634910 840
1634920 840
1634930 839
1634940 838
1634950 838
1634960 839
1634970 839
1634980 839
1634990 839
1635000 839
1635010 839
1635020 839
1635030 840
1635040 840
1635050 840
1635060 840
1635070 840
1635080 840
1635090 840
1635100 840
1635110 840
1635120 840
1635130 840
1635140 839
1635150 839
1635160 839
1635170 839
1635180 839
1635190 839
1635200 839
1635210 841
1635220 843
1635230 843
1635240 844
1635250 845
1635260 845
1635270 845
1635280 844
1635290 844
1635300 843
1635310 842
1635320 842
1635330 842
1635340 842
1635350 842
1635360 842
1635370 841
1635380 839
1635390 839
1635400 838
1635410 837
1635420 837
1635430 837
1635440 837
1635450 837
1635460 837
1635470 838
1635480 838
1635490 837
1635500 838
1635510 838
1635520 839
1635530 840
1635540 840
1635550 840
1635560 841
1635570 841
1635580 842
1635590 843
1635600 845
1635610 845
1635620 846
1635630 847
1635640 847
1635650 849
1635660 849
1635670 849
1635680 850
1635690 851
1635700 851
1635710 852
1635720 853
1635730 853
1635740 855
1635750 859
1635760 859
1635770 864
1635780 870
1635790 870
1635800 874
1635810 877
1635820 881
1635830 881
1635840 885
1635850 888
1635860 888
1635870 892
1635880 895
1635890 895
1635900 899
1635910 902
1635920 902
1635930 906
1635940 907
1635950 907
1635960 910
1635970 913
1635980 913
1635990 916
1636000 919
1636010 919
1636020 922
1636030 926
1636040 929
1636050 929
1636060 932
1636070 935
1636080 935
1636090 941
1636100 946
1636110 946
1636120 948
1636130 950
1636140 950
1636150 953
1636160 957
1636170 957
1636180 960
1636190 963
1636200 963
1636210 966
1636220 969
1636230 969
1636240 972
1636250 975
1636260 977
1636270 977
1636280 981
1636290 985
1636300 985
1636310 988
1636320 991
1636330 991
1636340 994
1636350 997
1636360 997
1636370 999
1636380 1001
1636390 1001
1636400 1003
1636410 1006
1636420 1006
1636430 1007
1636440 1010
1636450 1011
1636460 1011
1636470 1013
1636480 1015
1636490 1015
1636500 1017
1636510 1019
1636520 1019
1636530 1022
1636540 1024
1636550 1024
1636560 1027
1636570 1030
1636580 1030
1636590 1033
1636600 1036
1636610 1036
1636620 1038
1636630 1041
1636640 1041
1636650 1043
1636660 1046
1636670 1048
1636680 1048
1636690 1051
1636700 1054
1636710 1054
1636720 1056
1636730 1059
1636740 1059
1636750 1063
1636760 1066
1636770 1066
1636780 1068
1636790 1071
1636800 1071
1636810 1074
1636820 1077
1636830 1077
1636840 1079
1636850 1082
1636860 1082
1636870 1084
1636880 1086
1636890 1088
1636900 1088
1636910 1090
1636920 1093
1636930 1093
1636940 1095
1636950 1098
1636960 1098
1636970 1101
1636980 1104
1636990 1104
1637000 1106
1637010 1108
1637020 1108
1637030 1109
1637040 1112
1637050 1112
1637060 1114
1637070 1116
1637080 1116
1637090 1118
1637100 1119
1637110 1121
1637120 1121
1637130 1122
1637140 1123
1637150 1123
1637160 1124
1637170 1125
1637180 1125
1637190 1125
1637200 1125
1637210 1125
1637220 1125
1637230 1124
1637240 1124
1637250 1124
1637260 1123
1637270 1123
1637280 1122
1637290 1121
1637300 1121
1637310 1118
1637320 1114
1637330 1110
1637340 1110
1637350 1106
1637360 1102
1637370 1102
1637380 1099
1637390 1096
1637400 1096
1637410 1094
1637420 1091
1637430 1091
1637440 1088
1637450 1085
1637460 1085
1637470 1083
1637480 1081
1637490 1081
1637500 1079
1637510 1077
1637520 1077
1637530 1075
1637540 1073
1637550 1071
1637560 1071
1637570 1069
1637580 1067
1637590 1067
1637600 1065
1637610 1064
1637620 1064
1637630 1063
1637640 1062
1637650 1062
1637660 1066
1637670 1069
1637680 1069
1637690 1071
1637700 1072
1637710 1072
1637720 1073
1637730 1074
1637740 1074
1637750 1073
1637760 1072
1637770 1072
1637780 1072
1637790 1071
1637800 1067
1637810 1067
1637820 1067
1637830 1067
1637840 1067
1637850 1066
1637860 1065
1637870 1065
1637880 1064
1637890 1062
1637900 1062
1637910 1061
1637920 1060
1637930 1060
1637940 1060
1637950 1060
1637960 1060
1637970 1060
1637980 1060
1637990 1058
1638000 1058
1638010 1056
1638020 1054
1638030 1054
1638040 1052
1638050 1050
1638060 1050
1638070 1048
1638080 1045
1638090 1045
1638100 1043
1638110 1041
1638120 1041
1638130 1038
1638140 1034
1638150 1034
1638160 1029
1638170 1024
1638180 1024
1638190 1019
1638200 1015
1638210 1012
1638220 1012
1638230 1009
1638240 1005
1638250 1005
1638260 1001
1638270 999
1638280 999
1638290 1001
1638300 1003
1638310 1003
1638320 1005
1638330 1007
1638340 1007
1638350 1007
1638360 1006
1638370 1006
1638380 1003
1638390 1000
1638400 1000
1638410 996
1638420 994
1638430 991
1638440 991
1638450 990
1638460 989
1638470 989
1638480 989
1638490 986
1638500 986
1638510 984
1638520 986
1638530 986
1638540 990
1638550 993
1638560 993
1638570 995
1638580 996
1638590 996
1638600 997
1638610 1000
1638620 1000
1638630 1001
1638640 1005
1638650 1008
1638660 1008
1638670 1013
1638680 1017
1638690 1017
1638700 1021
1638710 1024
1638720 1024
1638730 1028
1638740 1031
1638750 1031
1638760 1034
1638770 1038
1638780 1038
1638790 1040
1638800 1043
1638810 1043
1638820 1047
1638830 1050
1638840 1050
1638850 1054
1638860 1056
1638870 1057
1638880 1057
1638890 1058
1638900 1058
1638910 1058
1638920 1057
1638930 1055
1638940 1055
1638950 1053
1638960 1052
1638970 1052
1638980 1050
1638990 1049
1639000 1049
1639010 1048
1639020 1047
1639030 1047
1639040 1045
1639050 1044
1639060 1044
1639070 1042
1639080 1040
1639090 1039
1639100 1039
1639110 1038
1639120 1037
1639130 1037
1639140 1035
1639150 1032
1639160 1032
1639170 1030
1639180 1027
1639190 1027
1639200 1025
1639210 1023
1639220 1023
1639230 1021
1639240 1019
1639250 1019
1639260 1018
1639270 1017
1639280 1017
1639290 1016
1639300 1013
1639310 1011
1639320 1011
1639330 1009
1639340 1007
1639350 1007
1639360 1005
1639370 1003
1639380 1003
1639390 1002
1639400 999
1639410 999
1639420 998
1639430 997
1639440 997
1639450 993
1639460 991
1639470 991
1639480 989
1639490 988
1639500 988
1639510 986
1639520 985
1639530 984
1639540 984
1639550 983
1639560 981
1639570 981
1639580 980
1639590 978
1639600 978
1639610 976
1639620 975
1639630 975
1639640 973
1639650 972
1639660 972
1639670 970
1639680 969
1639690 969
1639700 967
1639710 966
1639720 966
1639730 964
1639740 963
1639750 962
1639760 962
1639770 960
1639780 959
1639790 959
1639800 957
1639810 956
1639820 956
1639830 955
1639840 953
1639850 953
1639860 952
1639870 950
1639880 950
1639890 949
1639900 947
1639910 947
1639920 946
1639930 945
1639940 945
1639950 943
1639960 941
1639970 939
1639980 939
1639990 939
