1620000 1956
1620010 1955
1620020 1955
1620030 1954
1620040 1954
1620050 1950
1620060 1947
1620070 1947
1620080 1940
1620090 1935
1620100 1935
1620110 1931
1620120 1928
1620130 1928
1620140 1925
1620150 1922
1620160 1922
1620170 1918
1620180 1915
1620190 1915
1620200 1912
1620210 1908
1620220 1908
1620230 1904
1620240 1899
1620250 1895
1620260 1895
1620270 1889
1620280 1884
1620290 1884
1620300 1879
1620310 1874
1620320 1874
1620330 1867
1620340 1858
1620350 1858
1620360 1851
1620370 1845
1620380 1845
1620390 1839
1620400 1831
1620410 1831
1620420 1826
1620430 1822
1620440 1822
1620450 1820
1620460 1819
1620470 1818
1620480 1818
1620490 1816
1620500 1815
1620510 1815
1620520 1814
1620530 1813
1620540 1813
1620550 1813
1620560 1813
1620570 1813
1620580 1813
1620590 1812
1620600 1812
1620610 1812
1620620 1812
1620630 1812
1620640 1812
1620650 1813
1620660 1813
1620670 1813
1620680 1814
1620690 1815
1620700 1815
1620710 1816
1620720 1817
1620730 1817
1620740 1818
1620750 1819
1620760 1819
1620770 1820
1620780 1820
1620790 1820
1620800 1821
1620810 1821
1620820 1821
1620830 1821
1620840 1822
1620850 1821
1620860 1821
1620870 1821
1620880 1821
1620890 1822
1620900 1823
1620910 1823
1620920 1823
1620930 1823
1620940 1824
1620950 1824
1620960 1824
1620970 1824
1620980 1824
1620990 1824
1621000 1824
1621010 1824
1621020 1823
1621030 1823
1621040 1823
1621050 1823
1621060 1823
1621070 1823
1621080 1823
1621090 1823
1621100 1823
1621110 1823
1621120 1823
1621130 1823
1621140 1823
1621150 1822
1621160 1823
1621170 1823
1621180 1824
1621190 1826
1621200 1826
1621210 1828
1621220 1829
1621230 1829
1621240 1830
1621250 1832
1621260 1832
1621270 1834
1621280 1836
1621290 1836
1621300 1839
1621310 1840
1621320 1840
1621330 1841
1621340 1840
1621350 1834
1621360 1834
1621370 1826
1621380 1822
1621390 1822
1621400 1804
1621410 1801
1621420 1801
1621430 1798
1621440 1795
1621450 1795
1621460 1791
1621470 1789
1621480 1789
1621490 1788
1621500 1786
1621510 1786
1621520 1786
1621530 1785
1621540 1785
1621550 1783
1621560 1782
1621570 1781
1621580 1781
1621590 1779
1621600 1779
1621610 1779
1621620 1778
1621630 1777
1621640 1777
1621650 1776
1621660 1776
1621670 1776
1621680 1776
1621690 1777
1621700 1777
1621710 1777
1621720 1779
1621730 1779
1621740 1779
1621750 1779
1621760 1779
1621770 1779
1621780 1777
1621790 1777
1621800 1777
1621810 1777
1621820 1777
1621830 1777
1621840 1777
1621850 1778
1621860 1778
1621870 1778
1621880 1778
1621890 1778
1621900 1777
1621910 1777
1621920 1777
1621930 1777
1621940 1777
1621950 1777
1621960 1776
1621970 1776
1621980 1776
1621990 1775
1622000 1774
1622010 1771
1622020 1771
1622030 1766
1622040 1760
1622050 1760
1622060 1755
1622070 1748
1622080 1748
1622090 1743
1622100 1738
1622110 1738
1622120 1733
1622130 1727
1622140 1727
1622150 1720
1622160 1714
1622170 1714
1622180 1711
1622190 1708
1622200 1708
1622210 1706
1622220 1702
1622230 1697
1622240 1697
1622250 1691
1622260 1686
1622270 1686
1622280 1684
1622290 1682
1622300 1682
1622310 1681
1622320 1680
1622330 1680
1622340 1679
1622350 1679
1622360 1679
1622370 1679
1622380 1678
1622390 1678
1622400 1677
1622410 1676
1622420 1676
1622430 1675
1622440 1674
1622450 1674
1622460 1673
1622470 1672
1622480 1671
1622490 1671
1622500 1670
1622510 1668
1622520 1668
1622530 1666
1622540 1663
1622550 1663
1622560 1664
1622570 1664
1622580 1664
1622590 1665
1622600 1664
1622610 1664
1622620 1664
1622630 1663
1622640 1663
1622650 1662
1622660 1661
1622670 1661
1622680 1660
1622690 1659
1622700 1657
1622710 1657
1622720 1656
1622730 1655
1622740 1655
1622750 1654
1622760 1653
1622770 1653
1622780 1652
1622790 1651
1622800 1651
1622810 1650
1622820 1648
1622830 1648
1622840 1647
1622850 1645
1622860 1645
1622870 1643
1622880 1641
1622890 1641
1622900 1638
1622910 1636
1622920 1634
1622930 1634
1622940 1632
1622950 1629
1622960 1629
1622970 1626
1622980 1622
1622990 1622
1623000 1618
1623010 1615
1623020 1615
1623030 1611
1623040 1607
1623050 1607
1623060 1603
1623070 1600
1623080 1600
1623090 1597
1623100 1595
1623110 1595
1623120 1592
1623130 1590
1623140 1588
1623150 1588
1623160 1586
1623170 1584
1623180 1584
1623190 1582
1623200 1580
1623210 1580
1623220 1578
1623230 1576
1623240 1576
1623250 1574
1623260 1572
1623270 1572
1623280 1571
1623290 1570
1623300 1570
1623310 1568
1623320 1566
1623330 1566
1623340 1563
1623350 1562
1623360 1560
1623370 1560
1623380 1559
1623390 1559
1623400 1559
1623410 1557
1623420 1556
1623430 1556
1623440 1557
1623450 1558
1623460 1558
1623470 1558
1623480 1557
1623490 1557
1623500 1556
1623510 1556
1623520 1556
1623530 1556
1623540 1555
1623550 1555
1623560 1554
1623570 1553
1623580 1551
1623590 1551
1623600 1550
1623610 1549
1623620 1549
1623630 1548
1623640 1549
1623650 1549
1623660 1549
1623670 1549
1623680 1549
1623690 1548
1623700 1547
1623710 1547
1623720 1547
1623730 1546
1623740 1546
1623750 1545
1623760 1544
1623770 1544
1623780 1543
1623790 1542
1623800 1542
1623810 1542
1623820 1542
1623830 1541
1623840 1541
1623850 1540
1623860 1540
1623870 1540
1623880 1539
1623890 1538
1623900 1538
1623910 1537
1623920 1536
1623930 1536
1623940 1535
1623950 1534
1623960 1534
1623970 1533
1623980 1532
1623990 1532
1624000 1531
1624010 1530
1624020 1528
1624030 1528
1624040 1527
1624050 1525
1624060 1525
1624070 1524
1624080 1523
1624090 1523
1624100 1522
1624110 1521
1624120 1521
1624130 1520
1624140 1519
1624150 1519
1624160 1518
1624170 1517
1624180 1517
1624190 1516
1624200 1515
1624210 1515
1624220 1514
1624230 1513
1624240 1512
1624250 1512
1624260 1511
1624270 1510
1624280 1510
1624290 1507
1624300 1504
1624310 1504
1624320 1502
1624330 1499
1624340 1499
1624350 1496
1624360 1493
1624370 1493
1624380 1490
1624390 1487
1624400 1487
1624410 1483
1624420 1481
1624430 1481
1624440 1478
1624450 1475
1624460 1473
1624470 1473
1624480 1470
1624490 1468
1624500 1468
1624510 1466
1624520 1464
1624530 1464
1624540 1462
1624550 1459
1624560 1459
1624570 1458
1624580 1456
1624590 1456
1624600 1455
1624610 1454
1624620 1454
1624630 1453
1624640 1451
1624650 1451
1624660 1450
1624670 1449
1624680 1447
1624690 1447
1624700 1447
1624710 1447
1624720 1447
1624730 1448
1624740 1448
1624750 1448
1624760 1447
1624770 1447
1624780 1447
1624790 1446
1624800 1445
1624810 1445
1624820 1445
1624830 1444
1624840 1444
1624850 1444
1624860 1442
1624870 1442
1624880 1440
1624890 1439
1624900 1438
1624910 1438
1624920 1437
1624930 1435
1624940 1435
1624950 1432
1624960 1431
1624970 1431
1624980 1429
1624990 1427
1625000 1427
1625010 1425
1625020 1423
1625030 1423
1625040 1422
1625050 1421
1625060 1421
1625070 1420
1625080 1420
1625090 1420
1625100 1420
1625110 1420
1625120 1419
1625130 1419
1625140 1417
1625150 1416
1625160 1416
1625170 1414
1625180 1412
1625190 1412
1625200 1410
1625210 1408
1625220 1408
1625230 1407
1625240 1405
1625250 1405
1625260 1404
1625270 1404
1625280 1404
1625290 1403
1625300 1402
1625310 1402
1625320 1401
1625330 1400
1625340 1400
1625350 1399
1625360 1398
1625370 1398
1625380 1398
1625390 1397
1625400 1395
1625410 1395
1625420 1393
1625430 1397
1625440 1397
1625450 1397
1625460 1397
1625470 1397
1625480 1397
1625490 1396
1625500 1396
1625510 1396
1625520 1395
1625530 1395
1625540 1394
1625550 1394
1625560 1394
1625570 1392
1625580 1392
1625590 1391
1625600 1391
1625610 1391
1625620 1390
1625630 1390
1625640 1388
1625650 1387
1625660 1387
1625670 1386
1625680 1385
1625690 1385
1625700 1384
1625710 1384
1625720 1384
1625730 1383
1625740 1381
1625750 1381
1625760 1380
1625770 1380
1625780 1380
1625790 1380
1625800 1381
1625810 1381
1625820 1381
1625830 1381
1625840 1382
1625850 1382
1625860 1383
1625870 1383
1625880 1383
1625890 1382
1625900 1382
1625910 1382
1625920 1382
1625930 1382
1625940 1382
1625950 1382
1625960 1382
1625970 1382
1625980 1383
1625990 1383
1626000 1383
1626010 1382
1626020 1380
1626030 1379
1626040 1379
1626050 1377
1626060 1376
1626070 1376
1626080 1375
1626090 1375
1626100 1375
1626110 1375
1626120 1374
1626130 1374
1626140 1374
1626150 1374
1626160 1374
1626170 1373
1626180 1372
1626190 1372
1626200 1371
1626210 1370
1626220 1370
1626230 1369
1626240 1368
1626250 1368
1626260 1368
1626270 1368
1626280 1366
1626290 1366
1626300 1365
1626310 1363
1626320 1363
1626330 1365
1626340 1364
1626350 1364
1626360 1362
1626370 1361
1626380 1361
1626390 1360
1626400 1359
1626410 1359
1626420 1358
1626430 1357
1626440 1357
1626450 1356
1626460 1356
1626470 1356
1626480 1356
1626490 1356
1626500 1355
1626510 1355
1626520 1355
1626530 1355
1626540 1355
1626550 1354
1626560 1352
1626570 1352
1626580 1351
1626590 1351
1626600 1351
1626610 1350
1626620 1350
1626630 1350
1626640 1350
1626650 1349
1626660 1349
1626670 1349
1626680 1348
1626690 1348
1626700 1348
1626710 1347
1626720 1347
1626730 1347
1626740 1347
1626750 1347
1626760 1347
1626770 1347
1626780 1346
1626790 1346
1626800 1345
1626810 1344
1626820 1344
1626830 1344
1626840 1343
1626850 1343
1626860 1341
1626870 1339
1626880 1339
1626890 1337
1626900 1335
1626910 1332
1626920 1332
1626930 1331
1626940 1330
1626950 1330
1626960 1329
1626970 1328
1626980 1328
1626990 1328
1627000 1327
1627010 1327
1627020 1327
1627030 1326
1627040 1326
1627050 1325
1627060 1324
1627070 1324
1627080 1324
1627090 1323
1627100 1323
1627110 1323
1627120 1322
1627130 1321
1627140 1321
1627150 1320
1627160 1318
1627170 1318
1627180 1317
1627190 1317
1627200 1317
1627210 1316
1627220 1318
1627230 1318
1627240 1318
1627250 1318
1627260 1318
1627270 1318
1627280 1318
1627290 1318
1627300 1317
1627310 1317
1627320 1317
1627330 1316
1627340 1315
1627350 1315
1627360 1315
1627370 1314
1627380 1314
1627390 1314
1627400 1313
1627410 1313
1627420 1313
1627430 1313
1627440 1312
1627450 1312
1627460 1311
1627470 1311
1627480 1311
1627490 1310
1627500 1310
1627510 1310
1627520 1310
1627530 1309
1627540 1309
1627550 1308
1627560 1306
1627570 1305
1627580 1305
1627590 1304
1627600 1303
1627610 1303
1627620 1302
1627630 1301
1627640 1301
1627650 1300
1627660 1301
1627670 1301
1627680 1300
1627690 1300
1627700 1300
1627710 1300
1627720 1300
1627730 1300
1627740 1300
1627750 1301
1627760 1301
1627770 1302
1627780 1302
1627790 1302
1627800 1302
1627810 1301
1627820 1301
1627830 1301
1627840 1302
1627850 1303
1627860 1303
1627870 1303
1627880 1304
1627890 1304
1627900 1304
1627910 1305
1627920 1305
1627930 1306
1627940 1305
1627950 1305
1627960 1303
1627970 1301
1627980 1301
1627990 1299
1628000 1298
1628010 1297
1628020 1297
1628030 1298
1628040 1297
1628050 1297
1628060 1297
1628070 1297
1628080 1297
1628090 1297
1628100 1297
1628110 1300
1628120 1300
1628130 1301
1628140 1301
1628150 1301
1628160 1301
1628170 1301
1628180 1301
1628190 1301
1628200 1301
1628210 1301
1628220 1301
1628230 1301
1628240 1301
1628250 1301
1628260 1302
1628270 1302
1628280 1302
1628290 1302
1628300 1302
1628310 1302
1628320 1303
1628330 1303
1628340 1304
1628350 1305
1628360 1305
1628370 1307
1628380 1307
1628390 1307
1628400 1309
1628410 1310
1628420 1310
1628430 1311
1628440 1312
1628450 1312
1628460 1313
1628470 1315
1628480 1316
1628490 1316
1628500 1317
1628510 1318
1628520 1318
1628530 1319
1628540 1319
1628550 1319
1628560 1319
1628570 1318
1628580 1318
1628590 1317
1628600 1316
1628610 1316
1628620 1314
1628630 1313
1628640 1313
1628650 1312
1628660 1311
1628670 1311
1628680 1310
1628690 1310
1628700 1309
1628710 1309
1628720 1309
1628730 1307
1628740 1307
1628750 1306
1628760 1303
1628770 1303
1628780 1300
1628790 1297
1628800 1297
1628810 1295
1628820 1292
1628830 1292
1628840 1289
1628850 1287
1628860 1287
1628870 1284
1628880 1281
1628890 1281
1628900 1278
1628910 1276
1628920 1274
1628930 1274
1628940 1272
1628950 1270
1628960 1270
1628970 1268
1628980 1266
1628990 1265
1629000 1263
1629010 1261
1629020 1261
1629030 1258
1629040 1256
1629050 1256
1629060 1254
1629070 1252
1629080 1252
1629090 1251
1629100 1249
1629110 1249
1629120 1248
1629130 1247
1629140 1246
1629150 1246
1629160 1245
1629170 1244
1629180 1244
1629190 1243
1629200 1243
1629210 1243
1629220 1242
1629230 1241
1629240 1241
1629250 1239
1629260 1237
1629270 1237
1629280 1235
1629290 1233
1629300 1233
1629310 1230
1629320 1227
1629330 1227
1629340 1224
1629350 1222
1629360 1220
1629370 1220
1629380 1218
1629390 1217
1629400 1217
1629410 1216
1629420 1215
1629430 1215
1629440 1212
1629450 1209
1629460 1209
1629470 1206
1629480 1205
1629490 1205
1629500 1204
1629510 1202
1629520 1202
1629530 1200
1629540 1197
1629550 1197
1629560 1196
1629570 1195
1629580 1193
1629590 1193
1629600 1191
1629610 1191
1629620 1191
1629630 1190
1629640 1190
1629650 1190
1629660 1190
1629670 1189
1629680 1189
1629690 1188
1629700 1188
1629710 1188
1629720 1188
1629730 1188
1629740 1188
1629750 1189
1629760 1189
1629770 1189
1629780 1190
1629790 1190
1629800 1190
1629810 1190
1629820 1189
1629830 1189
1629840 1189
1629850 1188
1629860 1184
1629870 1184
1629880 1183
1629890 1182
1629900 1182
1629910 1181
1629920 1180
1629930 1180
1629940 1178
1629950 1177
1629960 1177
1629970 1176
1629980 1174
1629990 1174
1630000 1174
1630010 1174
1630020 1174
1630030 1174
1630040 1174
1630050 1174
1630060 1174
1630070 1175
1630080 1176
1630090 1176
1630100 1176
1630110 1176
1630120 1176
1630130 1175
1630140 1174
1630150 1174
1630160 1173
1630170 1171
1630180 1171
1630190 1170
1630200 1168
1630210 1168
1630220 1166
1630230 1164
1630240 1162
1630250 1162
1630260 1160
1630270 1158
1630280 1158
1630290 1155
1630300 1153
1630310 1153
1630320 1151
1630330 1148
1630340 1148
1630350 1146
1630360 1144
1630370 1144
1630380 1142
1630390 1139
1630400 1139
1630410 1137
1630420 1134
1630430 1134
1630440 1131
1630450 1128
1630460 1125
1630470 1125
1630480 1121
1630490 1117
1630500 1117
1630510 1112
1630520 1107
1630530 1107
1630540 1100
1630550 1093
1630560 1093
1630570 1088
1630580 1082
1630590 1082
1630600 1075
1630610 1068
1630620 1068
1630630 1061
1630640 1055
1630650 1055
1630660 1049
1630670 1043
1630680 1035
1630690 1035
1630700 1027
1630710 1019
1630720 1019
1630730 1014
1630740 1012
1630750 1012
1630760 1007
1630770 1000
1630780 1000
1630790 995
1630800 986
1630810 986
1630820 982
1630830 984
1630840 984
1630850 986
1630860 987
1630870 987
1630880 989
1630890 990
1630900 992
1630910 992
1630920 994
1630930 995
1630940 995
1630950 997
1630960 1000
1630970 1000
1630980 1004
1630990 1008
1631000 1008
1631010 1013
1631020 1017
1631030 1017
1631040 1020
1631050 1021
1631060 1021
1631070 1020
1631080 1019
1631090 1019
1631100 1018
1631110 1017
1631120 1017
1631130 1017
1631140 1015
1631150 1015
1631160 1015
1631170 1015
1631180 1014
1631190 1014
1631200 1014
1631210 1014
1631220 1014
1631230 1013
1631240 1013
1631250 1013
1631260 1012
1631270 1012
1631280 1012
1631290 1013
1631300 1012
1631310 1012
1631320 1011
1631330 1010
1631340 1010
1631350 1008
1631360 1006
1631370 1005
1631380 1005
1631390 1004
1631400 1002
1631410 1002
1631420 1001
1631430 999
1631440 999
1631450 997
1631460 996
1631470 996
1631480 994
1631490 993
1631500 993
1631510 992
1631520 991
1631530 991
1631540 989
1631550 987
1631560 987
1631570 985
1631580 982
1631590 979
1631600 978
1631610 975
1631620 971
1631630 971
1631640 967
1631650 963
1631660 963
1631670 959
1631680 954
1631690 954
1631700 949
1631710 946
1631720 946
1631730 944
1631740 941
1631750 941
1631760 938
1631770 934
1631780 934
1631790 929
1631800 923
1631810 920
1631820 920
1631830 915
1631840 909
1631850 909
1631860 902
1631870 903
1631880 903
1631890 907
1631900 912
1631910 912
1631920 918
1631930 924
1631940 924
1631950 928
1631960 933
1631970 933
1631980 938
1631990 943
1632000 943
1632010 945
1632020 945
1632030 945
1632040 945
1632050 945
1632060 945
1632070 945
1632080 944
1632090 939
1632100 939
1632110 935
1632120 931
1632130 931
1632140 928
1632150 925
1632160 925
1632170 921
1632180 918
1632190 918
1632200 915
1632210 913
1632220 913
1632230 910
1632240 907
1632250 904
1632260 904
1632270 900
1632280 897
1632290 897
1632300 894
1632310 891
1632320 891
1632330 889
1632340 885
1632350 885
1632360 882
1632370 879
1632380 879
1632390 876
1632400 874
1632410 874
1632420 871
1632430 868
1632440 868
1632450 866
1632460 864
1632470 862
1632480 862
1632490 862
1632500 861
1632510 861
1632520 860
1632530 859
1632540 859
1632550 857
1632560 856
1632570 856
1632580 856
1632590 855
1632600 855
1632610 853
1632620 852
1632630 852
1632640 851
1632650 850
1632660 850
1632670 849
1632680 847
1632690 846
1632700 846
1632710 846
1632720 846
1632730 846
1632740 846
1632750 845
1632760 845
1632770 844
1632780 845
1632790 845
1632800 845
1632810 844
1632820 844
1632830 844
1632840 844
1632850 844
1632860 844
1632870 846
1632880 846
1632890 846
1632900 846
1632910 846
1632920 846
1632930 846
1632940 846
1632950 846
1632960 846
1632970 846
1632980 846
1632990 846
1633000 846
1633010 846
1633020 846
1633030 846
1633040 846
1633050 846
1633060 846
1633070 846
1633080 846
1633090 846
1633100 846
1633110 847
1633120 847
1633130 846
1633140 846
1633150 847
1633160 849
1633170 849
1633180 851
1633190 854
1633200 854
1633210 856
1633220 858
1633230 858
1633240 860
1633250 862
1633260 862
1633270 864
1633280 865
1633290 865
1633300 865
1633310 866
1633320 869
1633330 871
1633340 874
1633350 876
1633360 876
1633370 878
1633380 880
1633390 880
1633400 881
1633410 883
1633420 883
1633430 885
1633440 887
1633450 887
1633460 890
1633470 892
1633480 892
1633490 894
1633500 895
1633510 895
1633520 895
1633530 901
1633540 901
1633550 904
1633560 906
1633570 909
1633580 909
1633590 912
1633600 915
1633610 915
1633620 918
1633630 921
1633640 921
1633650 924
1633660 927
1633670 927
1633680 929
1633690 931
1633700 931
1633710 934
1633720 935
1633730 935
1633740 934
1633750 932
1633760 932
1633770 927
1633780 924
1633790 923
1633800 923
1633810 923
1633820 922
1633830 922
1633840 923
1633850 925
1633860 925
1633870 925
1633880 925
1633890 925
1633900 923
1633910 921
1633920 921
1633930 922
1633940 922
1633950 922
1633960 918
1633970 921
1633980 921
1633990 928
1634000 932
1634010 935
1634020 935
1634030 936
1634040 937
1634050 937
1634060 941
1634070 946
1634080 946
1634090 950
1634100 954
1634110 954
1634120 958
1634130 961
1634140 961
1634150 964
1634160 967
1634170 969
1634180 972
1634190 975
1634200 975
1634210 979
1634220 982
1634230 986
1634240 986
1634250 989
1634260 992
1634270 992
1634280 995
1634290 998
1634300 998
1634310 1001
1634320 1004
1634330 1004
1634340 1007
1634350 1010
1634360 1010
1634370 1012
1634380 1015
1634390 1015
1634400 1018
1634410 1020
1634420 1020
1634430 1023
1634440 1026
1634450 1026
1634460 1028
1634470 1031
1634480 1034
1634490 1034
1634500 1037
1634510 1038
1634520 1038
1634530 1039
1634540 1036
1634550 1036
1634560 1030
1634570 1024
1634580 1024
1634590 1018
1634600 1014
1634610 1014
1634620 1011
1634630 1008
1634640 1008
1634650 1001
1634660 994
1634670 994
1634680 989
1634690 983
1634700 978
1634710 978
1634720 972
1634730 966
1634740 966
1634750 962
1634760 959
1634770 959
1634780 956
1634790 953
1634800 953
1634810 951
1634820 948
1634830 948
1634840 946
1634850 944
1634860 944
1634870 939
1634880 934
1634890 934
1634900 931
1634910 929
1634920 926
1634930 926
1634940 923
1634950 919
1634960 919
1634970 914
1634980 909
1634990 909
1635000 906
1635010 903
1635020 905
1635030 902
1635040 900
1635050 900
1635060 897
1635070 896
1635080 896
1635090 894
1635100 894
1635110 894
1635120 893
1635130 891
1635140 891
1635150 891
1635160 890
1635170 889
1635180 889
1635190 886
1635200 882
1635210 882
1635220 876
1635230 868
1635240 868
1635250 860
1635260 853
1635270 853
1635280 847
1635290 844
1635300 844
1635310 842
1635320 840
1635330 840
1635340 839
1635350 838
1635360 836
1635370 836
1635380 834
1635390 832
1635400 832
1635410 829
1635420 828
1635430 828
1635440 824
1635450 816
1635460 816
1635470 808
1635480 800
1635490 800
1635500 794
1635510 792
1635520 792
1635530 791
1635540 791
1635550 791
1635560 790
1635570 790
1635580 790
1635590 790
1635600 790
1635610 789
1635620 789
1635630 789
1635640 789
1635650 789
1635660 789
1635670 789
1635680 789
1635690 788
1635700 788
1635710 788
1635720 788
1635730 788
1635740 788
1635750 788
1635760 788
1635770 788
1635780 788
1635790 787
1635800 787
1635810 787
1635820 787
1635830 788
1635840 788
1635850 788
1635860 787
1635870 787
1635880 786
1635890 786
1635900 786
1635910 786
1635920 786
1635930 786
1635940 786
1635950 787
1635960 787
1635970 787
1635980 790
1635990 790
1636000 793
1636010 794
1636020 796
1636030 796
1636040 798
1636050 799
1636060 799
1636070 801
1636080 802
1636090 802
1636100 803
1636110 804
1636120 804
1636130 805
1636140 806
1636150 806
1636160 807
1636170 808
1636180 808
1636190 808
1636200 809
1636210 809
1636220 810
1636230 811
1636240 811
1636250 811
1636260 812
1636270 813
1636280 813
1636290 814
1636300 815
1636310 815
1636320 817
1636330 818
1636340 818
1636350 819
1636360 821
1636370 821
1636380 822
1636390 825
1636400 825
1636410 827
1636420 830
1636430 830
1636440 833
1636450 836
1636460 838
1636470 838
1636480 841
1636490 842
1636500 842
1636510 844
1636520 843
1636530 843
1636540 841
1636550 838
1636560 838
1636570 835
1636580 830
1636590 830
1636600 826
1636610 823
1636620 823
1636630 820
1636640 816
1636650 816
1636660 813
1636670 811
1636680 809
1636690 809
1636700 806
1636710 805
1636720 805
1636730 804
1636740 802
1636750 802
1636760 801
1636770 800
1636780 800
1636790 798
1636800 796
1636810 796
1636820 793
1636830 790
1636840 790
1636850 787
1636860 787
1636870 787
1636880 788
1636890 788
1636900 788
1636910 788
1636920 788
1636930 789
1636940 789
1636950 790
1636960 791
1636970 791
1636980 793
1636990 796
1637000 796
1637010 800
1637020 803
1637030 803
1637040 806
1637050 812
1637060 812
1637070 817
1637080 821
1637090 821
1637100 826
1637110 829
1637120 829
1637130 832
1637140 834
1637150 837
1637160 837
1637170 840
1637180 842
1637190 842
1637200 844
1637210 847
1637220 847
1637230 850
1637240 854
1637250 854
1637260 855
1637270 855
1637280 855
1637290 856
1637300 858
1637310 858
1637320 859
1637330 861
1637340 861
1637350 865
1637360 868
1637370 871
1637380 871
1637390 872
1637400 874
1637410 874
1637420 876
1637430 879
1637440 879
1637450 882
1637460 884
1637470 884
1637480 887
1637490 890
1637500 890
1637510 892
1637520 896
1637530 896
1637540 898
1637550 900
1637560 900
1637570 902
1637580 904
1637590 905
1637600 905
1637610 905
1637620 904
1637630 904
1637640 903
1637650 903
1637660 903
1637670 903
1637680 903
1637690 903
1637700 906
1637710 909
1637720 909
1637730 913
1637740 916
1637750 916
1637760 920
1637770 924
1637780 924
1637790 928
1637800 933
1637810 935
1637820 935
1637830 938
1637840 940
1637850 940
1637860 943
1637870 946
1637880 946
1637890 948
1637900 951
1637910 951
1637920 954
1637930 956
1637940 956
1637950 958
1637960 960
1637970 960
1637980 962
1637990 965
1638000 965
1638010 967
1638020 969
1638030 971
1638040 971
1638050 973
1638060 976
1638070 976
1638080 978
1638090 980
1638100 980
1638110 981
1638120 981
1638130 981
1638140 981
1638150 981
1638160 981
1638170 981
1638180 984
1638190 984
1638200 985
1638210 986
1638220 986
1638230 988
1638240 989
1638250 991
1638260 991
1638270 993
1638280 995
1638290 995
1638300 998
1638310 1001
1638320 1001
1638330 1004
1638340 1007
1638350 1007
1638360 1011
1638370 1013
1638380 1013
1638390 1015
1638400 1017
1638410 1017
1638420 1019
1638430 1021
1638440 1021
1638450 1024
1638460 1027
1638470 1029
1638480 1029
1638490 1032
1638500 1035
1638510 1035
1638520 1037
1638530 1040
1638540 1040
1638550 1042
1638560 1044
1638570 1044
1638580 1047
1638590 1050
1638600 1050
1638610 1054
1638620 1057
1638630 1057
1638640 1060
1638650 1064
1638660 1064
1638670 1066
1638680 1068
1638690 1070
1638700 1070
1638710 1071
1638720 1073
1638730 1073
1638740 1075
1638750 1076
1638760 1076
1638770 1076
1638780 1076
1638790 1076
1638800 1076
1638810 1076
1638820 1076
1638830 1074
1638840 1072
1638850 1072
1638860 1070
1638870 1066
1638880 1066
1638890 1063
1638900 1060
1638910 1057
1638920 1057
1638930 1055
1638940 1052
1638950 1052
1638960 1050
1638970 1047
1638980 1047
1638990 1044
1639000 1040
1639010 1040
1639020 1035
1639030 1032
1639040 1032
1639050 1029
1639060 1026
1639070 1026
1639080 1023
1639090 1019
1639100 1019
1639110 1017
1639120 1015
1639130 1013
1639140 1013
1639150 1010
1639160 1008
1639170 1006
1639180 1004
1639190 1002
1639200 1002
1639210 999
1639220 996
1639230 996
1639240 994
1639250 991
1639260 991
1639270 988
1639280 985
1639290 985
1639300 982
1639310 979
1639320 979
1639330 976
1639340 974
1639350 972
1639360 972
1639370 969
1639380 965
1639390 965
1639400 962
1639410 960
1639420 960
1639430 959
1639440 956
1639450 956
1639460 955
1639470 951
1639480 951
1639490 948
1639500 946
1639510 946
1639520 944
1639530 941
1639540 941
1639550 938
1639560 935
1639570 935
1639580 932
1639590 930
1639600 928
1639610 928
1639620 926
1639630 924
1639640 924
1639650 921
1639660 919
1639670 919
1639680 917
1639690 915
1639700 915
1639710 913
1639720 910
1639730 910
1639740 908
1639750 905
1639760 905
1639770 906
1639780 909
1639790 909
1639800 912
1639810 914
1639820 916
1639830 916
1639840 917
1639850 917
1639860 917
1639870 917
1639880 916
1639890 916
1639900 916
1639910 915
1639920 915
1639930 913
1639940 911
1639950 911
1639960 909
1639970 908
1639980 908
1639990 907
