1620000 1919
1620010 1919
1620020 1917
1620030 1917
1620040 1916
1620050 1915
1620060 1915
1620070 1914
1620080 1914
1620090 1911
1620100 1911
1620110 1909
1620120 1905
1620130 1905
1620140 1902
1620150 1899
1620160 1899
1620170 1898
1620180 1898
1620190 1898
1620200 1898
1620210 1896
1620220 1896
1620230 1893
1620240 1888
1620250 1888
1620260 1882
1620270 1878
1620280 1878
1620290 1869
1620300 1862
1620310 1862
1620320 1857
1620330 1853
1620340 1849
1620350 1849
1620360 1846
1620370 1843
1620380 1843
1620390 1841
1620400 1839
1620410 1839
1620420 1836
1620430 1832
1620440 1832
1620450 1828
1620460 1822
1620470 1822
1620480 1818
1620490 1815
1620500 1815
1620510 1814
1620520 1813
1620530 1813
1620540 1813
1620550 1812
1620560 1812
1620570 1812
1620580 1812
1620590 1812
1620600 1812
1620610 1812
1620620 1812
1620630 1812
1620640 1812
1620650 1812
1620660 1812
1620670 1812
1620680 1812
1620690 1812
1620700 1812
1620710 1812
1620720 1812
1620730 1812
1620740 1812
1620750 1812
1620760 1812
1620770 1812
1620780 1812
1620790 1812
1620800 1812
1620810 1812
1620820 1812
1620830 1812
1620840 1812
1620850 1812
1620860 1812
1620870 1812
1620880 1812
1620890 1812
1620900 1812
1620910 1812
1620920 1812
1620930 1812
1620940 1812
1620950 1813
1620960 1814
1620970 1814
1620980 1814
1620990 1814
1621000 1814
1621010 1814
1621020 1813
1621030 1813
1621040 1813
1621050 1812
1621060 1812
1621070 1812
1621080 1811
1621090 1810
1621100 1810
1621110 1809
1621120 1808
1621130 1808
1621140 1807
1621150 1808
1621160 1808
1621170 1809
1621180 1808
1621190 1808
1621200 1808
1621210 1808
1621220 1807
1621230 1807
1621240 1806
1621250 1803
1621260 1803
1621270 1801
1621280 1800
1621290 1800
1621300 1799
1621310 1801
1621320 1801
1621330 1799
1621340 1794
1621350 1794
1621360 1791
1621370 1787
1621380 1787
1621390 1785
1621400 1783
1621410 1783
1621420 1783
1621430 1782
1621440 1782
1621450 1782
1621460 1779
1621470 1778
1621480 1778
1621490 1777
1621500 1776
1621510 1776
1621520 1775
1621530 1774
1621540 1774
1621550 1773
1621560 1771
1621570 1771
1621580 1769
1621590 1768
1621600 1768
1621610 1766
1621620 1765
1621630 1762
1621640 1761
1621650 1759
1621660 1758
1621670 1758
1621680 1756
1621690 1754
1621700 1754
1621710 1753
1621720 1751
1621730 1751
1621740 1749
1621750 1748
1621760 1748
1621770 1750
1621780 1751
1621790 1751
1621800 1751
1621810 1752
1621820 1752
1621830 1752
1621840 1752
1621850 1752
1621860 1752
1621870 1753
1621880 1753
1621890 1753
1621900 1754
1621910 1754
1621920 1754
1621930 1753
1621940 1753
1621950 1753
1621960 1753
1621970 1754
1621980 1754
1621990 1754
1622000 1754
1622010 1754
1622020 1754
1622030 1754
1622040 1754
1622050 1753
1622060 1753
1622070 1753
1622080 1752
1622090 1749
1622100 1745
1622110 1745
1622120 1741
1622130 1736
1622140 1736
1622150 1731
1622160 1727
1622170 1727
1622180 1725
1622190 1722
1622200 1722
1622210 1718
1622220 1715
1622230 1715
1622240 1711
1622250 1708
1622260 1708
1622270 1703
1622280 1698
1622290 1698
1622300 1693
1622310 1687
1622320 1682
1622330 1682
1622340 1677
1622350 1673
1622360 1673
1622370 1669
1622380 1666
1622390 1666
1622400 1664
1622410 1663
1622420 1663
1622430 1661
1622440 1660
1622450 1660
1622460 1659
1622470 1658
1622480 1658
1622490 1657
1622500 1657
1622510 1657
1622520 1656
1622530 1656
1622540 1655
1622550 1655
1622560 1655
1622570 1654
1622580 1654
1622590 1653
1622600 1653
1622610 1653
1622620 1652
1622630 1651
1622640 1651
1622650 1651
1622660 1651
1622670 1651
1622680 1650
1622690 1649
1622700 1649
1622710 1649
1622720 1648
1622730 1648
1622740 1648
1622750 1646
1622760 1645
1622770 1645
1622780 1644
1622790 1643
1622800 1643
1622810 1642
1622820 1640
1622830 1640
1622840 1638
1622850 1637
1622860 1637
1622870 1636
1622880 1634
1622890 1634
1622900 1633
1622910 1631
1622920 1631
1622930 1630
1622940 1627
1622950 1627
1622960 1625
1622970 1624
1622980 1624
1622990 1622
1623000 1621
1623010 1620
1623020 1620
1623030 1618
1623040 1616
1623050 1616
1623060 1614
1623070 1612
1623080 1612
1623090 1609
1623100 1609
1623110 1609
1623120 1609
1623130 1608
1623140 1608
1623150 1605
1623160 1603
1623170 1603
1623180 1600
1623190 1597
1623200 1597
1623210 1594
1623220 1591
1623230 1589
1623240 1589
1623250 1587
1623260 1585
1623270 1585
1623280 1581
1623290 1579
1623300 1579
1623310 1577
1623320 1575
1623330 1575
1623340 1572
1623350 1569
1623360 1569
1623370 1566
1623380 1563
1623390 1563
1623400 1561
1623410 1560
1623420 1560
1623430 1558
1623440 1557
1623450 1555
1623460 1555
1623470 1555
1623480 1554
1623490 1554
1623500 1553
1623510 1552
1623520 1552
1623530 1551
1623540 1550
1623550 1550
1623560 1549
1623570 1547
1623580 1547
1623590 1546
1623600 1544
1623610 1544
1623620 1541
1623630 1539
1623640 1539
1623650 1538
1623660 1537
1623670 1536
1623680 1536
1623690 1535
1623700 1533
1623710 1533
1623720 1532
1623730 1530
1623740 1530
1623750 1530
1623760 1531
1623770 1531
1623780 1529
1623790 1528
1623800 1528
1623810 1526
1623820 1524
1623830 1524
1623840 1523
1623850 1523
1623860 1523
1623870 1522
1623880 1521
1623890 1520
1623900 1520
1623910 1519
1623920 1519
1623930 1519
1623940 1518
1623950 1517
1623960 1517
1623970 1517
1623980 1516
1623990 1516
1624000 1515
1624010 1514
1624020 1514
1624030 1514
1624040 1513
1624050 1513
1624060 1512
1624070 1511
1624080 1511
1624090 1510
1624100 1509
1624110 1509
1624120 1509
1624130 1509
1624140 1508
1624150 1508
1624160 1508
1624170 1507
1624180 1507
1624190 1509
1624200 1508
1624210 1508
1624220 1505
1624230 1501
1624240 1501
1624250 1497
1624260 1493
1624270 1493
1624280 1491
1624290 1489
1624300 1489
1624310 1487
1624320 1486
1624330 1484
1624340 1484
1624350 1481
1624360 1479
1624370 1479
1624380 1477
1624390 1476
1624400 1476
1624410 1474
1624420 1472
1624430 1472
1624440 1470
1624450 1468
1624460 1468
1624470 1466
1624480 1463
1624490 1463
1624500 1461
1624510 1459
1624520 1459
1624530 1458
1624540 1457
1624550 1457
1624560 1457
1624570 1455
1624580 1454
1624590 1454
1624600 1454
1624610 1454
1624620 1454
1624630 1453
1624640 1451
1624650 1451
1624660 1450
1624670 1448
1624680 1448
1624690 1447
1624700 1446
1624710 1446
1624720 1444
1624730 1443
1624740 1443
1624750 1442
1624760 1440
1624770 1438
1624780 1438
1624790 1437
1624800 1436
1624810 1436
1624820 1434
1624830 1432
1624840 1432
1624850 1431
1624860 1431
1624870 1431
1624880 1429
1624890 1426
1624900 1426
1624910 1424
1624920 1423
1624930 1423
1624940 1423
1624950 1424
1624960 1424
1624970 1425
1624980 1426
1624990 1425
1625000 1425
1625010 1424
1625020 1423
1625030 1423
1625040 1423
1625050 1422
1625060 1422
1625070 1421
1625080 1421
1625090 1421
1625100 1421
1625110 1420
1625120 1420
1625130 1420
1625140 1421
1625150 1421
1625160 1421
1625170 1421
1625180 1421
1625190 1421
1625200 1421
1625210 1421
1625220 1421
1625230 1421
1625240 1421
1625250 1421
1625260 1421
1625270 1420
1625280 1420
1625290 1421
1625300 1422
1625310 1422
1625320 1422
1625330 1423
1625340 1423
1625350 1422
1625360 1421
1625370 1421
1625380 1420
1625390 1420
1625400 1420
1625410 1420
1625420 1420
1625430 1420
1625440 1420
1625450 1421
1625460 1421
1625470 1421
1625480 1420
1625490 1419
1625500 1419
1625510 1418
1625520 1416
1625530 1416
1625540 1416
1625550 1415
1625560 1415
1625570 1414
1625580 1412
1625590 1412
1625600 1411
1625610 1409
1625620 1409
1625630 1407
1625640 1405
1625650 1405
1625660 1402
1625670 1401
1625680 1402
1625690 1402
1625700 1402
1625710 1402
1625720 1402
1625730 1401
1625740 1401
1625750 1401
1625760 1401
1625770 1400
1625780 1400
1625790 1400
1625800 1400
1625810 1400
1625820 1400
1625830 1400
1625840 1400
1625850 1400
1625860 1399
1625870 1399
1625880 1399
1625890 1398
1625900 1398
1625910 1398
1625920 1398
1625930 1398
1625940 1398
1625950 1398
1625960 1399
1625970 1399
1625980 1400
1625990 1401
1626000 1401
1626010 1402
1626020 1402
1626030 1402
1626040 1403
1626050 1403
1626060 1403
1626070 1403
1626080 1403
1626090 1403
1626100 1403
1626110 1403
1626120 1403
1626130 1403
1626140 1403
1626150 1401
1626160 1401
1626170 1399
1626180 1398
1626190 1401
1626200 1399
1626210 1398
1626220 1398
1626230 1397
1626240 1397
1626250 1397
1626260 1395
1626270 1394
1626280 1394
1626290 1392
1626300 1390
1626310 1390
1626320 1390
1626330 1389
1626340 1388
1626350 1388
1626360 1386
1626370 1383
1626380 1383
1626390 1381
1626400 1380
1626410 1380
1626420 1379
1626430 1378
1626440 1378
1626450 1377
1626460 1376
1626470 1376
1626480 1375
1626490 1374
1626500 1374
1626510 1374
1626520 1372
1626530 1372
1626540 1371
1626550 1369
1626560 1367
1626570 1367
1626580 1366
1626590 1365
1626600 1365
1626610 1364
1626620 1363
1626630 1363
1626640 1363
1626650 1363
1626660 1363
1626670 1363
1626680 1363
1626690 1363
1626700 1362
1626710 1362
1626720 1362
1626730 1362
1626740 1361
1626750 1361
1626760 1360
1626770 1359
1626780 1357
1626790 1357
1626800 1356
1626810 1355
1626820 1355
1626830 1355
1626840 1354
1626850 1354
1626860 1354
1626870 1354
1626880 1354
1626890 1353
1626900 1353
1626910 1353
1626920 1353
1626930 1352
1626940 1352
1626950 1353
1626960 1351
1626970 1351
1626980 1351
1626990 1351
1627000 1350
1627010 1350
1627020 1349
1627030 1348
1627040 1348
1627050 1348
1627060 1347
1627070 1347
1627080 1350
1627090 1350
1627100 1350
1627110 1350
1627120 1349
1627130 1349
1627140 1349
1627150 1349
1627160 1349
1627170 1348
1627180 1348
1627190 1348
1627200 1348
1627210 1347
1627220 1347
1627230 1347
1627240 1345
1627250 1344
1627260 1344
1627270 1343
1627280 1342
1627290 1342
1627300 1341
1627310 1339
1627320 1339
1627330 1338
1627340 1338
1627350 1338
1627360 1338
1627370 1337
1627380 1337
1627390 1337
1627400 1337
1627410 1337
1627420 1336
1627430 1336
1627440 1335
1627450 1335
1627460 1334
1627470 1333
1627480 1333
1627490 1333
1627500 1333
1627510 1333
1627520 1331
1627530 1329
1627540 1329
1627550 1329
1627560 1329
1627570 1329
1627580 1329
1627590 1328
1627600 1328
1627610 1326
1627620 1325
1627630 1325
1627640 1325
1627650 1324
1627660 1324
1627670 1324
1627680 1324
1627690 1325
1627700 1325
1627710 1325
1627720 1325
1627730 1325
1627740 1325
1627750 1325
1627760 1325
1627770 1325
1627780 1324
1627790 1324
1627800 1324
1627810 1322
1627820 1322
1627830 1321
1627840 1320
1627850 1320
1627860 1319
1627870 1319
1627880 1319
1627890 1319
1627900 1319
1627910 1318
1627920 1318
1627930 1318
1627940 1318
1627950 1318
1627960 1318
1627970 1319
1627980 1319
1627990 1319
1628000 1318
1628010 1318
1628020 1318
1628030 1317
1628040 1317
1628050 1317
1628060 1316
1628070 1316
1628080 1315
1628090 1315
1628100 1315
1628110 1315
1628120 1315
1628130 1315
1628140 1315
1628150 1315
1628160 1316
1628170 1316
1628180 1316
1628190 1317
1628200 1317
1628210 1318
1628220 1319
1628230 1319
1628240 1320
1628250 1321
1628260 1321
1628270 1323
1628280 1324
1628290 1324
1628300 1323
1628310 1324
1628320 1326
1628330 1326
1628340 1326
1628350 1327
1628360 1327
1628370 1328
1628380 1329
1628390 1329
1628400 1329
1628410 1328
1628420 1328
1628430 1327
1628440 1326
1628450 1326
1628460 1325
1628470 1324
1628480 1324
1628490 1322
1628500 1320
1628510 1320
1628520 1319
1628530 1317
1628540 1317
1628550 1316
1628560 1314
1628570 1312
1628580 1312
1628590 1310
1628600 1307
1628610 1307
1628620 1305
1628630 1303
1628640 1303
1628650 1300
1628660 1297
1628670 1297
1628680 1295
1628690 1293
1628700 1293
1628710 1291
1628720 1289
1628730 1289
1628740 1287
1628750 1285
1628760 1285
1628770 1283
1628780 1281
1628790 1280
1628800 1280
1628810 1279
1628820 1278
1628830 1278
1628840 1277
1628850 1274
1628860 1274
1628870 1273
1628880 1271
1628890 1271
1628900 1269
1628910 1267
1628920 1267
1628930 1265
1628940 1263
1628950 1263
1628960 1260
1628970 1258
1628980 1258
1628990 1256
1629000 1254
1629010 1252
1629020 1252
1629030 1250
1629040 1247
1629050 1247
1629060 1245
1629070 1243
1629080 1243
1629090 1241
1629100 1238
1629110 1238
1629120 1236
1629130 1234
1629140 1234
1629150 1232
1629160 1231
1629170 1231
1629180 1230
1629190 1228
1629200 1228
1629210 1227
1629220 1227
1629230 1226
1629240 1226
1629250 1225
1629260 1224
1629270 1224
1629280 1222
1629290 1219
1629300 1219
1629310 1216
1629320 1214
1629330 1214
1629340 1212
1629350 1209
1629360 1209
1629370 1207
1629380 1204
1629390 1204
1629400 1203
1629410 1201
1629420 1201
1629430 1200
1629440 1198
1629450 1196
1629460 1196
1629470 1195
1629480 1193
1629490 1193
1629500 1191
1629510 1189
1629520 1189
1629530 1188
1629540 1186
1629550 1186
1629560 1184
1629570 1180
1629580 1180
1629590 1177
1629600 1174
1629610 1174
1629620 1171
1629630 1170
1629640 1170
1629650 1170
1629660 1169
1629670 1168
1629680 1168
1629690 1169
1629700 1170
1629710 1170
1629720 1171
1629730 1169
1629740 1169
1629750 1170
1629760 1169
1629770 1169
1629780 1169
1629790 1169
1629800 1169
1629810 1169
1629820 1169
1629830 1169
1629840 1168
1629850 1167
1629860 1167
1629870 1165
1629880 1164
1629890 1162
1629900 1162
1629910 1160
1629920 1159
1629930 1159
1629940 1158
1629950 1157
1629960 1157
1629970 1155
1629980 1154
1629990 1154
1630000 1152
1630010 1152
1630020 1152
1630030 1153
1630040 1155
1630050 1155
1630060 1158
1630070 1161
1630080 1161
1630090 1162
1630100 1162
1630110 1161
1630120 1161
1630130 1160
1630140 1159
1630150 1159
1630160 1158
1630170 1157
1630180 1157
1630190 1155
1630200 1154
1630210 1154
1630220 1152
1630230 1150
1630240 1150
1630250 1149
1630260 1147
1630270 1147
1630280 1145
1630290 1143
1630300 1143
1630310 1141
1630320 1139
1630330 1136
1630340 1136
1630350 1134
1630360 1132
1630370 1132
1630380 1131
1630390 1129
1630400 1129
1630410 1128
1630420 1126
1630430 1126
1630440 1125
1630450 1124
1630460 1124
1630470 1123
1630480 1121
1630490 1121
1630500 1118
1630510 1114
1630520 1114
1630530 1110
1630540 1106
1630550 1101
1630560 1101
1630570 1096
1630580 1090
1630590 1090
1630600 1084
1630610 1076
1630620 1076
1630630 1071
1630640 1065
1630650 1065
1630660 1059
1630670 1054
1630680 1054
1630690 1047
1630700 1041
1630710 1041
1630720 1036
1630730 1031
1630740 1031
1630750 1024
1630760 1017
1630770 1013
1630780 1013
1630790 1010
1630800 1006
1630810 1006
1630820 1003
1630830 997
1630840 997
1630850 990
1630860 984
1630870 984
1630880 977
1630890 972
1630900 972
1630910 968
1630920 965
1630930 965
1630940 963
1630950 964
1630960 964
1630970 967
1630980 971
1630990 973
1631000 973
1631010 975
1631020 976
1631030 976
1631040 977
1631050 979
1631060 979
1631070 981
1631080 983
1631090 983
1631100 986
1631110 987
1631120 987
1631130 988
1631140 988
1631150 988
1631160 988
1631170 988
1631180 988
1631190 988
1631200 988
1631210 988
1631220 989
1631230 990
1631240 991
1631250 991
1631260 992
1631270 992
1631280 992
1631290 992
1631300 992
1631310 992
1631320 991
1631330 991
1631340 991
1631350 990
1631360 989
1631370 989
1631380 987
1631390 985
1631400 985
1631410 982
1631420 980
1631430 980
1631440 978
1631450 976
1631460 975
1631470 973
1631480 972
1631490 971
1631500 971
1631510 970
1631520 968
1631530 968
1631540 967
1631550 966
1631560 966
1631570 964
1631580 963
1631590 963
1631600 961
1631610 960
1631620 960
1631630 958
1631640 957
1631650 957
1631660 955
1631670 952
1631680 949
1631690 949
1631700 945
1631710 940
1631720 940
1631730 935
1631740 932
1631750 932
1631760 929
1631770 923
1631780 923
1631790 920
1631800 915
1631810 915
1631820 911
1631830 907
1631840 907
1631850 903
1631860 899
1631870 899
1631880 896
1631890 892
1631900 892
1631910 892
1631920 896
1631930 902
1631940 902
1631950 907
1631960 911
1631970 911
1631980 915
1631990 918
1632000 918
1632010 921
1632020 921
1632030 921
1632040 920
1632050 918
1632060 918
1632070 917
1632080 914
1632090 914
1632100 911
1632110 908
1632120 906
1632130 906
1632140 903
1632150 901
1632160 901
1632170 898
1632180 895
1632190 895
1632200 893
1632210 890
1632220 890
1632230 887
1632240 885
1632250 885
1632260 883
1632270 880
1632280 880
1632290 878
1632300 875
1632310 875
1632320 872
1632330 866
1632340 863
1632350 863
1632360 861
1632370 860
1632380 860
1632390 858
1632400 857
1632410 857
1632420 856
1632430 856
1632440 856
1632450 855
1632460 854
1632470 854
1632480 854
1632490 853
1632500 853
1632510 853
1632520 852
1632530 852
1632540 851
1632550 851
1632560 850
1632570 850
1632580 849
1632590 849
1632600 849
1632610 849
1632620 849
1632630 849
1632640 850
1632650 849
1632660 849
1632670 849
1632680 850
1632690 850
1632700 851
1632710 852
1632720 852
1632730 852
1632740 853
1632750 853
1632760 853
1632770 854
1632780 855
1632790 855
1632800 856
1632810 857
1632820 857
1632830 857
1632840 858
1632850 858
1632860 859
1632870 859
1632880 859
1632890 859
1632900 859
1632910 859
1632920 859
1632930 859
1632940 859
1632950 859
1632960 859
1632970 859
1632980 859
1632990 858
1633000 858
1633010 858
1633020 857
1633030 856
1633040 856
1633050 855
1633060 853
1633070 853
1633080 852
1633090 851
1633100 851
1633110 851
1633120 852
1633130 852
1633140 852
1633150 854
1633160 854
1633170 858
1633180 862
1633190 862
1633200 866
1633210 869
1633220 873
1633230 873
1633240 876
1633250 878
1633260 878
1633270 881
1633280 883
1633290 883
1633300 885
1633310 886
1633320 886
1633330 889
1633340 892
1633350 892
1633360 895
1633370 898
1633380 898
1633390 901
1633400 903
1633410 903
1633420 906
1633430 909
1633440 912
1633450 912
1633460 915
1633470 917
1633480 917
1633490 919
1633500 921
1633510 921
1633520 923
1633530 925
1633540 925
1633550 927
1633560 929
1633570 929
1633580 930
1633590 932
1633600 932
1633610 933
1633620 935
1633630 935
1633640 938
1633650 941
1633660 943
1633670 943
1633680 946
1633690 948
1633700 948
1633710 951
1633720 954
1633730 954
1633740 956
1633750 958
1633760 958
1633770 960
1633780 961
1633790 961
1633800 961
1633810 962
1633820 962
1633830 963
1633840 964
1633850 964
1633860 965
1633870 964
1633880 962
1633890 962
1633900 959
1633910 955
1633920 955
1633930 952
1633940 952
1633950 952
1633960 951
1633970 951
1633980 951
1633990 951
1634000 951
1634010 951
1634020 953
1634030 953
1634040 957
1634050 957
1634060 957
1634070 957
1634080 959
1634090 964
1634100 964
1634110 967
1634120 972
1634130 976
1634140 976
1634150 979
1634160 982
1634170 982
1634180 985
1634190 990
1634200 990
1634210 994
1634220 998
1634230 998
1634240 1001
1634250 1004
1634260 1004
1634270 1007
1634280 1009
1634290 1009
1634300 1012
1634310 1016
1634320 1016
1634330 1021
1634340 1025
1634350 1029
1634360 1029
1634370 1032
1634380 1035
1634390 1035
1634400 1038
1634410 1042
1634420 1042
1634430 1046
1634440 1050
1634450 1050
1634460 1052
1634470 1055
1634480 1055
1634490 1057
1634500 1059
1634510 1059
1634520 1060
1634530 1062
1634540 1062
1634550 1063
1634560 1063
1634570 1062
1634580 1062
1634590 1061
1634600 1059
1634610 1059
1634620 1053
1634630 1045
1634640 1045
1634650 1035
1634660 1028
1634670 1028
1634680 1022
1634690 1018
1634700 1018
1634710 1015
1634720 1011
1634730 1011
1634740 1008
1634750 1006
1634760 1006
1634770 1005
1634780 1003
1634790 1003
1634800 1003
1634810 1000
1634820 996
1634830 996
1634840 992
1634850 987
1634860 987
1634870 983
1634880 979
1634890 981
1634900 977
1634910 973
1634920 973
1634930 969
1634940 965
1634950 965
1634960 960
1634970 955
1634980 955
1634990 949
1635000 944
1635010 940
1635020 940
1635030 937
1635040 933
1635050 933
1635060 932
1635070 930
1635080 930
1635090 928
1635100 925
1635110 925
1635120 922
1635130 921
1635140 921
1635150 920
1635160 919
1635170 919
1635180 915
1635190 912
1635200 912
1635210 907
1635220 903
1635230 900
1635240 900
1635250 895
1635260 889
1635270 889
1635280 884
1635290 878
1635300 878
1635310 873
1635320 871
1635330 871
1635340 868
1635350 866
1635360 866
1635370 866
1635380 868
1635390 868
1635400 866
1635410 862
1635420 862
1635430 857
1635440 852
1635450 846
1635460 846
1635470 840
1635480 830
1635490 830
1635500 824
1635510 817
1635520 817
1635530 805
1635540 800
1635550 800
1635560 796
1635570 793
1635580 793
1635590 791
1635600 790
1635610 790
1635620 789
1635630 788
1635640 788
1635650 788
1635660 788
1635670 788
1635680 788
1635690 789
1635700 788
1635710 788
1635720 787
1635730 788
1635740 788
1635750 787
1635760 786
1635770 786
1635780 786
1635790 786
1635800 786
1635810 787
1635820 787
1635830 787
1635840 786
1635850 785
1635860 785
1635870 786
1635880 786
1635890 786
1635900 786
1635910 786
1635920 786
1635930 786
1635940 787
1635950 787
1635960 787
1635970 787
1635980 787
1635990 787
1636000 787
1636010 787
1636020 787
1636030 787
1636040 787
1636050 787
1636060 788
1636070 788
1636080 788
1636090 789
1636100 792
1636110 795
1636120 795
1636130 797
1636140 798
1636150 798
1636160 799
1636170 800
1636180 800
1636190 800
1636200 801
1636210 801
1636220 801
1636230 801
1636240 801
1636250 802
1636260 802
1636270 802
1636280 802
1636290 803
1636300 803
1636310 803
1636320 803
1636330 804
1636340 804
1636350 804
1636360 805
1636370 805
1636380 805
1636390 806
1636400 806
1636410 807
1636420 808
1636430 808
1636440 809
1636450 810
1636460 810
1636470 812
1636480 812
1636490 812
1636500 814
1636510 815
1636520 815
1636530 815
1636540 815
1636550 816
1636560 816
1636570 812
1636580 811
1636590 811
1636600 809
1636610 807
1636620 807
1636630 805
1636640 803
1636650 803
1636660 801
1636670 798
1636680 798
1636690 798
1636700 798
1636710 798
1636720 797
1636730 793
1636740 793
1636750 791
1636760 788
1636770 785
1636780 785
1636790 784
1636800 785
1636810 785
1636820 785
1636830 786
1636840 786
1636850 786
1636860 786
1636870 786
1636880 787
1636890 790
1636900 790
1636910 793
1636920 797
1636930 797
1636940 801
1636950 805
1636960 805
1636970 809
1636980 812
1636990 812
1637000 814
1637010 817
1637020 820
1637030 820
1637040 823
1637050 826
1637060 826
1637070 828
1637080 832
1637090 832
1637100 835
1637110 838
1637120 838
1637130 841
1637140 844
1637150 844
1637160 846
1637170 848
1637180 848
1637190 851
1637200 853
1637210 853
1637220 857
1637230 858
1637240 861
1637250 861
1637260 865
1637270 867
1637280 867
1637290 870
1637300 872
1637310 872
1637320 875
1637330 877
1637340 877
1637350 879
1637360 881
1637370 881
1637380 884
1637390 886
1637400 888
1637410 890
1637420 893
1637430 893
1637440 895
1637450 898
1637460 900
1637470 900
1637480 903
1637490 905
1637500 905
1637510 908
1637520 910
1637530 910
1637540 913
1637550 915
1637560 915
1637570 918
1637580 919
1637590 919
1637600 921
1637610 923
1637620 923
1637630 924
1637640 925
1637650 925
1637660 927
1637670 929
1637680 931
1637690 931
1637700 934
1637710 936
1637720 936
1637730 939
1637740 942
1637750 942
1637760 945
1637770 946
1637780 946
1637790 947
1637800 949
1637810 949
1637820 951
1637830 953
1637840 953
1637850 956
1637860 960
1637870 960
1637880 964
1637890 966
1637900 969
1637910 969
1637920 972
1637930 974
1637940 974
1637950 977
1637960 979
1637970 979
1637980 981
1637990 984
1638000 984
1638010 987
1638020 989
1638030 989
1638040 992
1638050 995
1638060 995
1638070 998
1638080 1000
1638090 1000
1638100 1002
1638110 1004
1638120 1004
1638130 1004
1638140 1004
1638150 1005
1638160 1005
1638170 1006
1638180 1008
1638190 1008
1638200 1009
1638210 1011
1638220 1014
1638230 1015
1638240 1017
1638250 1017
1638260 1018
1638270 1020
1638280 1020
1638290 1021
1638300 1022
1638310 1022
1638320 1024
1638330 1026
1638340 1029
1638350 1029
1638360 1031
1638370 1032
1638380 1032
1638390 1034
1638400 1036
1638410 1036
1638420 1038
1638430 1040
1638440 1040
1638450 1041
1638460 1044
1638470 1044
1638480 1046
1638490 1048
1638500 1048
1638510 1050
1638520 1052
1638530 1052
1638540 1054
1638550 1056
1638560 1059
1638570 1059
1638580 1063
1638590 1066
1638600 1066
1638610 1068
1638620 1071
1638630 1071
1638640 1074
1638650 1075
1638660 1075
1638670 1076
1638680 1076
1638690 1076
1638700 1076
1638710 1076
1638720 1076
1638730 1075
1638740 1074
1638750 1074
1638760 1073
1638770 1071
1638780 1070
1638790 1070
1638800 1068
1638810 1067
1638820 1067
1638830 1065
1638840 1063
1638850 1063
1638860 1061
1638870 1058
1638880 1058
1638890 1056
1638900 1053
1638910 1053
1638920 1051
1638930 1048
1638940 1048
1638950 1046
1638960 1043
1638970 1043
1638980 1040
1638990 1037
1639000 1037
1639010 1034
1639020 1031
1639030 1028
1639040 1028
1639050 1024
1639060 1021
1639070 1021
1639080 1019
1639090 1016
1639100 1016
1639110 1013
1639120 1011
1639130 1011
1639140 1009
1639150 1006
1639160 1006
1639170 1004
1639180 1001
1639190 1001
1639200 998
1639210 995
1639220 995
1639230 994
1639240 992
1639250 990
1639260 990
1639270 987
1639280 983
1639290 983
1639300 980
1639310 976
1639320 976
1639330 973
1639340 970
1639350 970
1639360 968
1639370 963
1639380 963
1639390 958
1639400 954
1639410 954
1639420 950
1639430 948
1639440 948
1639450 946
1639460 943
1639470 941
1639480 941
1639490 938
1639500 936
1639510 936
1639520 933
1639530 931
1639540 931
1639550 930
1639560 928
1639570 928
1639580 926
1639590 925
1639600 925
1639610 922
1639620 920
1639630 920
1639640 918
1639650 916
1639660 916
1639670 914
1639680 911
1639690 908
1639700 908
1639710 906
1639720 904
1639730 904
1639740 902
1639750 900
1639760 900
1639770 902
1639780 904
1639790 904
1639800 907
1639810 909
1639820 909
1639830 910
1639840 909
1639850 909
1639860 908
1639870 899
1639880 899
1639890 898
1639900 898
1639910 900
1639920 900
1639930 901
1639940 901
1639950 901
1639960 898
1639970 898
1639980 898
1639990 900
