1620000 1594
1620010 1596
1620020 1600
1620030 1600
1620040 1600
1620050 1599
1620060 1600
1620070 1600
1620080 1597
1620090 1594
1620100 1594
1620110 1592
1620120 1592
1620130 1592
1620140 1594
1620150 1598
1620160 1598
1620170 1603
1620180 1609
1620190 1609
1620200 1612
1620210 1619
1620220 1619
1620230 1627
1620240 1633
1620250 1633
1620260 1639
1620270 1641
1620280 1643
1620290 1643
1620300 1644
1620310 1642
1620320 1642
1620330 1638
1620340 1633
1620350 1633
1620360 1628
1620370 1625
1620380 1625
1620390 1627
1620400 1630
1620410 1630
1620420 1633
1620430 1635
1620440 1635
1620450 1637
1620460 1640
1620470 1640
1620480 1643
1620490 1644
1620500 1647
1620510 1647
1620520 1650
1620530 1653
1620540 1653
1620550 1656
1620560 1658
1620570 1658
1620580 1661
1620590 1664
1620600 1664
1620610 1667
1620620 1669
1620630 1669
1620640 1672
1620650 1676
1620660 1676
1620670 1677
1620680 1678
1620690 1678
1620700 1679
1620710 1680
1620720 1680
1620730 1681
1620740 1681
1620750 1681
1620760 1681
1620770 1681
1620780 1680
1620790 1680
1620800 1679
1620810 1678
1620820 1678
1620830 1677
1620840 1676
1620850 1676
1620860 1674
1620870 1673
1620880 1673
1620890 1672
1620900 1670
1620910 1670
1620920 1666
1620930 1662
1620940 1662
1620950 1661
1620960 1659
1620970 1658
1620980 1658
1620990 1658
1621000 1658
1621010 1658
1621020 1657
1621030 1656
1621040 1656
1621050 1655
1621060 1654
1621070 1654
1621080 1654
1621090 1654
1621100 1654
1621110 1653
1621120 1653
1621130 1653
1621140 1649
1621150 1648
1621160 1648
1621170 1645
1621180 1643
1621190 1641
1621200 1641
1621210 1639
1621220 1637
1621230 1637
1621240 1635
1621250 1632
1621260 1632
1621270 1629
1621280 1624
1621290 1624
1621300 1620
1621310 1615
1621320 1615
1621330 1612
1621340 1608
1621350 1608
1621360 1604
1621370 1600
1621380 1600
1621390 1597
1621400 1594
1621410 1594
1621420 1594
1621430 1596
1621440 1597
1621450 1597
1621460 1597
1621470 1596
1621480 1596
1621490 1595
1621500 1595
1621510 1595
1621520 1594
1621530 1593
1621540 1593
1621550 1593
1621560 1594
1621570 1594
1621580 1595
1621590 1596
1621600 1596
1621610 1597
1621620 1597
1621630 1597
1621640 1597
1621650 1596
1621660 1595
1621670 1595
1621680 1595
1621690 1596
1621700 1596
1621710 1597
1621720 1597
1621730 1597
1621740 1596
1621750 1596
1621760 1596
1621770 1596
1621780 1595
1621790 1595
1621800 1594
1621810 1593
1621820 1593
1621830 1592
1621840 1589
1621850 1589
1621860 1589
1621870 1588
1621880 1588
1621890 1588
1621900 1589
1621910 1589
1621920 1589
1621930 1588
1621940 1587
1621950 1587
1621960 1586
1621970 1585
1621980 1585
1621990 1584
1622000 1582
1622010 1582
1622020 1580
1622030 1579
1622040 1579
1622050 1577
1622060 1573
1622070 1573
1622080 1570
1622090 1566
1622100 1563
1622110 1563
1622120 1558
1622130 1551
1622140 1551
1622150 1550
1622160 1552
1622170 1552
1622180 1555
1622190 1557
1622200 1557
1622210 1558
1622220 1559
1622230 1559
1622240 1559
1622250 1559
1622260 1559
1622270 1559
1622280 1558
1622290 1558
1622300 1559
1622310 1559
1622320 1559
1622330 1559
1622340 1560
1622350 1560
1622360 1560
1622370 1560
1622380 1560
1622390 1560
1622400 1560
1622410 1560
1622420 1560
1622430 1559
1622440 1560
1622450 1560
1622460 1560
1622470 1559
1622480 1559
1622490 1559
1622500 1559
1622510 1559
1622520 1559
1622530 1558
1622540 1558
1622550 1558
1622560 1558
1622570 1557
1622580 1557
1622590 1556
1622600 1555
1622610 1555
1622620 1555
1622630 1555
1622640 1555
1622650 1554
1622660 1553
1622670 1553
1622680 1552
1622690 1551
1622700 1551
1622710 1549
1622720 1546
1622730 1546
1622740 1546
1622750 1544
1622760 1544
1622770 1543
1622780 1542
1622790 1542
1622800 1542
1622810 1542
1622820 1543
1622830 1543
1622840 1541
1622850 1542
1622860 1542
1622870 1541
1622880 1541
1622890 1541
1622900 1541
1622910 1542
1622920 1542
1622930 1540
1622940 1543
1622950 1543
1622960 1543
1622970 1544
1622980 1541
1622990 1541
1623000 1541
1623010 1541
1623020 1541
1623030 1540
1623040 1540
1623050 1540
1623060 1541
1623070 1542
1623080 1542
1623090 1542
1623100 1544
1623110 1544
1623120 1545
1623130 1546
1623140 1546
1623150 1548
1623160 1550
1623170 1550
1623180 1551
1623190 1552
1623200 1552
1623210 1553
1623220 1555
1623230 1555
1623240 1557
1623250 1558
1623260 1560
1623270 1560
1623280 1562
1623290 1565
1623300 1565
1623310 1567
1623320 1570
1623330 1570
1623340 1572
1623350 1575
1623360 1575
1623370 1578
1623380 1581
1623390 1581
1623400 1585
1623410 1588
1623420 1588
1623430 1591
1623440 1595
1623450 1595
1623460 1597
1623470 1600
1623480 1602
1623490 1602
1623500 1603
1623510 1605
1623520 1605
1623530 1606
1623540 1607
1623550 1607
1623560 1607
1623570 1608
1623580 1608
1623590 1608
1623600 1608
1623610 1608
1623620 1608
1623630 1608
1623640 1608
1623650 1609
1623660 1610
1623670 1610
1623680 1611
1623690 1609
1623700 1607
1623710 1607
1623720 1605
1623730 1603
1623740 1603
1623750 1600
1623760 1598
1623770 1598
1623780 1594
1623790 1590
1623800 1590
1623810 1586
1623820 1583
1623830 1583
1623840 1581
1623850 1578
1623860 1578
1623870 1574
1623880 1569
1623890 1569
1623900 1562
1623910 1558
1623920 1554
1623930 1554
1623940 1553
1623950 1550
1623960 1550
1623970 1548
1623980 1547
1623990 1547
1624000 1545
1624010 1543
1624020 1543
1624030 1541
1624040 1539
1624050 1539
1624060 1538
1624070 1536
1624080 1536
1624090 1535
1624100 1532
1624110 1532
1624120 1531
1624130 1531
1624140 1531
1624150 1531
1624160 1529
1624170 1528
1624180 1528
1624190 1526
1624200 1523
1624210 1523
1624220 1521
1624230 1518
1624240 1518
1624250 1515
1624260 1512
1624270 1512
1624280 1508
1624290 1505
1624300 1505
1624310 1501
1624320 1495
1624330 1495
1624340 1489
1624350 1485
1624360 1485
1624370 1479
1624380 1474
1624390 1468
1624400 1468
1624410 1463
1624420 1458
1624430 1458
1624440 1453
1624450 1449
1624460 1449
1624470 1444
1624480 1438
1624490 1438
1624500 1435
1624510 1432
1624520 1432
1624530 1427
1624540 1423
1624550 1423
1624560 1419
1624570 1415
1624580 1415
1624590 1412
1624600 1408
1624610 1404
1624620 1404
1624630 1400
1624640 1395
1624650 1395
1624660 1392
1624670 1387
1624680 1387
1624690 1383
1624700 1379
1624710 1379
1624720 1376
1624730 1372
1624740 1372
1624750 1369
1624760 1366
1624770 1366
1624780 1363
1624790 1360
1624800 1363
1624810 1360
1624820 1359
1624830 1356
1624840 1356
1624850 1354
1624860 1353
1624870 1353
1624880 1354
1624890 1357
1624900 1357
1624910 1360
1624920 1362
1624930 1362
1624940 1364
1624950 1367
1624960 1367
1624970 1367
1624980 1367
1624990 1367
1625000 1367
1625010 1366
1625020 1366
1625030 1363
1625040 1359
1625050 1359
1625060 1355
1625070 1352
1625080 1351
1625090 1351
1625100 1350
1625110 1348
1625120 1348
1625130 1347
1625140 1344
1625150 1344
1625160 1344
1625170 1344
1625180 1344
1625190 1343
1625200 1342
1625210 1342
1625220 1339
1625230 1336
1625240 1336
1625250 1331
1625260 1325
1625270 1325
1625280 1323
1625290 1324
1625300 1324
1625310 1324
1625320 1323
1625330 1324
1625340 1324
1625350 1325
1625360 1326
1625370 1326
1625380 1327
1625390 1327
1625400 1327
1625410 1325
1625420 1323
1625430 1323
1625440 1320
1625450 1317
1625460 1317
1625470 1315
1625480 1312
1625490 1312
1625500 1310
1625510 1308
1625520 1307
1625530 1307
1625540 1306
1625550 1305
1625560 1305
1625570 1304
1625580 1303
1625590 1303
1625600 1303
1625610 1303
1625620 1303
1625630 1303
1625640 1302
1625650 1302
1625660 1302
1625670 1301
1625680 1301
1625690 1300
1625700 1299
1625710 1306
1625720 1306
1625730 1304
1625740 1304
1625750 1303
1625760 1301
1625770 1298
1625780 1298
1625790 1294
1625800 1291
1625810 1291
1625820 1287
1625830 1282
1625840 1282
1625850 1277
1625860 1272
1625870 1272
1625880 1268
1625890 1264
1625900 1264
1625910 1260
1625920 1257
1625930 1257
1625940 1252
1625950 1249
1625960 1249
1625970 1246
1625980 1244
1625990 1243
1626000 1243
1626010 1242
1626020 1238
1626030 1238
1626040 1236
1626050 1235
1626060 1235
1626070 1235
1626080 1234
1626090 1234
1626100 1232
1626110 1231
1626120 1231
1626130 1231
1626140 1232
1626150 1232
1626160 1235
1626170 1240
1626180 1240
1626190 1241
1626200 1242
1626210 1244
1626220 1244
1626230 1245
1626240 1247
1626250 1247
1626260 1249
1626270 1251
1626280 1251
1626290 1254
1626300 1257
1626310 1257
1626320 1260
1626330 1264
1626340 1264
1626350 1268
1626360 1272
1626370 1272
1626380 1274
1626390 1276
1626400 1276
1626410 1279
1626420 1281
1626430 1284
1626440 1284
1626450 1288
1626460 1292
1626470 1292
1626480 1294
1626490 1294
1626500 1294
1626510 1296
1626520 1299
1626530 1299
1626540 1304
1626550 1308
1626560 1308
1626570 1311
1626580 1315
1626590 1315
1626600 1314
1626610 1317
1626620 1317
1626630 1319
1626640 1323
1626650 1323
1626660 1327
1626670 1330
1626680 1330
1626690 1330
1626700 1328
1626710 1325
1626720 1325
1626730 1323
1626740 1320
1626750 1320
1626760 1318
1626770 1317
1626780 1317
1626790 1315
1626800 1313
1626810 1313
1626820 1311
1626830 1309
1626840 1309
1626850 1308
1626860 1307
1626870 1307
1626880 1306
1626890 1304
1626900 1303
1626910 1303
1626920 1301
1626930 1299
1626940 1299
1626950 1297
1626960 1296
1626970 1296
1626980 1294
1626990 1292
1627000 1292
1627010 1291
1627020 1290
1627030 1290
1627040 1288
1627050 1285
1627060 1285
1627070 1283
1627080 1280
1627090 1280
1627100 1277
1627110 1274
1627120 1272
1627130 1272
1627140 1269
1627150 1267
1627160 1267
1627170 1265
1627180 1262
1627190 1262
1627200 1258
1627210 1256
1627220 1256
1627230 1251
1627240 1247
1627250 1247
1627260 1243
1627270 1238
1627280 1238
1627290 1234
1627300 1230
1627310 1230
1627320 1226
1627330 1223
1627340 1218
1627350 1218
1627360 1215
1627370 1213
1627380 1213
1627390 1211
1627400 1209
1627410 1209
1627420 1206
1627430 1203
1627440 1203
1627450 1201
1627460 1199
1627470 1199
1627480 1195
1627490 1189
1627500 1189
1627510 1186
1627520 1183
1627530 1183
1627540 1180
1627550 1175
1627560 1175
1627570 1170
1627580 1165
1627590 1160
1627600 1160
1627610 1155
1627620 1150
1627630 1150
1627640 1146
1627650 1141
1627660 1141
1627670 1136
1627680 1131
1627690 1131
1627700 1125
1627710 1121
1627720 1121
1627730 1117
1627740 1116
1627750 1116
1627760 1115
1627770 1109
1627780 1109
1627790 1105
1627800 1110
1627810 1116
1627820 1116
1627830 1118
1627840 1122
1627850 1122
1627860 1126
1627870 1131
1627880 1131
1627890 1134
1627900 1137
1627910 1137
1627920 1141
1627930 1145
1627940 1145
1627950 1148
1627960 1151
1627970 1151
1627980 1154
1627990 1159
1628000 1159
1628010 1163
1628020 1165
1628030 1165
1628040 1165
1628050 1164
1628060 1165
1628070 1165
1628080 1168
1628090 1171
1628100 1171
1628110 1174
1628120 1178
1628130 1178
1628140 1181
1628150 1184
1628160 1184
1628170 1186
1628180 1189
1628190 1189
1628200 1193
1628210 1197
1628220 1197
1628230 1201
1628240 1204
1628250 1208
1628260 1208
1628270 1212
1628280 1216
1628290 1216
1628300 1219
1628310 1223
1628320 1223
1628330 1225
1628340 1227
1628350 1227
1628360 1229
1628370 1231
1628380 1231
1628390 1234
1628400 1236
1628410 1236
1628420 1239
1628430 1241
1628440 1241
1628450 1244
1628460 1246
1628470 1246
1628480 1248
1628490 1250
1628500 1252
1628510 1252
1628520 1254
1628530 1256
1628540 1256
1628550 1258
1628560 1260
1628570 1260
1628580 1262
1628590 1263
1628600 1263
1628610 1265
1628620 1266
1628630 1266
1628640 1267
1628650 1269
1628660 1269
1628670 1271
1628680 1273
1628690 1273
1628700 1275
1628710 1276
1628720 1279
1628730 1279
1628740 1281
1628750 1283
1628760 1283
1628770 1286
1628780 1288
1628790 1288
1628800 1290
1628810 1293
1628820 1293
1628830 1296
1628840 1299
1628850 1299
1628860 1301
1628870 1303
1628880 1303
1628890 1305
1628900 1306
1628910 1306
1628920 1308
1628930 1310
1628940 1314
1628950 1314
1628960 1319
1628970 1323
1628980 1323
1628990 1326
1629000 1330
1629010 1330
1629020 1333
1629030 1335
1629040 1335
1629050 1338
1629060 1341
1629070 1341
1629080 1343
1629090 1345
1629100 1345
1629110 1348
1629120 1350
1629130 1350
1629140 1354
1629150 1356
1629160 1356
1629170 1359
1629180 1361
1629190 1363
1629200 1363
1629210 1366
1629220 1368
1629230 1368
1629240 1370
1629250 1373
1629260 1375
1629270 1376
1629280 1377
1629290 1377
1629300 1375
1629310 1371
1629320 1371
1629330 1368
1629340 1365
1629350 1365
1629360 1360
1629370 1356
1629380 1356
1629390 1351
1629400 1347
1629410 1343
1629420 1343
1629430 1338
1629440 1334
1629450 1334
1629460 1330
1629470 1325
1629480 1325
1629490 1320
1629500 1315
1629510 1315
1629520 1310
1629530 1305
1629540 1305
1629550 1300
1629560 1294
1629570 1294
1629580 1289
1629590 1284
1629600 1284
1629610 1280
1629620 1276
1629630 1271
1629640 1271
1629650 1266
1629660 1262
1629670 1262
1629680 1258
1629690 1255
1629700 1255
1629710 1251
1629720 1248
1629730 1248
1629740 1243
1629750 1239
1629760 1239
1629770 1236
1629780 1234
1629790 1234
1629800 1233
1629810 1233
1629820 1233
1629830 1233
1629840 1232
1629850 1232
1629860 1232
1629870 1233
1629880 1233
1629890 1233
1629900 1234
1629910 1235
1629920 1235
1629930 1235
1629940 1235
1629950 1235
1629960 1235
1629970 1235
1629980 1235
1629990 1236
1630000 1236
1630010 1236
1630020 1236
1630030 1236
1630040 1236
1630050 1237
1630060 1237
1630070 1237
1630080 1238
1630090 1238
1630100 1238
1630110 1238
1630120 1238
1630130 1234
1630140 1234
1630150 1233
1630160 1232
1630170 1232
1630180 1229
1630190 1226
1630200 1226
1630210 1223
1630220 1221
1630230 1221
1630240 1219
1630250 1216
1630260 1216
1630270 1214
1630280 1213
1630290 1213
1630300 1212
1630310 1210
1630320 1209
1630330 1209
1630340 1210
1630350 1211
1630360 1211
1630370 1212
1630380 1212
1630390 1212
1630400 1213
1630410 1215
1630420 1215
1630430 1218
1630440 1221
1630450 1221
1630460 1226
1630470 1229
1630480 1229
1630490 1233
1630500 1236
1630510 1236
1630520 1239
1630530 1241
1630540 1240
1630550 1240
1630560 1238
1630570 1234
1630580 1234
1630590 1230
1630600 1227
1630610 1227
1630620 1222
1630630 1218
1630640 1218
1630650 1214
1630660 1211
1630670 1211
1630680 1209
1630690 1208
1630700 1208
1630710 1207
1630720 1206
1630730 1206
1630740 1205
1630750 1204
1630760 1203
1630770 1203
1630780 1202
1630790 1203
1630800 1203
1630810 1208
1630820 1215
1630830 1215
1630840 1220
1630850 1225
1630860 1225
1630870 1230
1630880 1234
1630890 1234
1630900 1237
1630910 1239
1630920 1239
1630930 1241
1630940 1244
1630950 1244
1630960 1245
1630970 1245
1630980 1245
1630990 1245
1631000 1244
1631010 1244
1631020 1244
1631030 1246
1631040 1249
1631050 1249
1631060 1251
1631070 1254
1631080 1254
1631090 1257
1631100 1260
1631110 1260
1631120 1263
1631130 1265
1631140 1265
1631150 1267
1631160 1267
1631170 1267
1631180 1263
1631190 1257
1631200 1257
1631210 1251
1631220 1246
1631230 1240
1631240 1240
1631250 1234
1631260 1228
1631270 1228
1631280 1222
1631290 1217
1631300 1217
1631310 1211
1631320 1204
1631330 1204
1631340 1198
1631350 1193
1631360 1193
1631370 1187
1631380 1180
1631390 1180
1631400 1174
1631410 1168
1631420 1168
1631430 1162
1631440 1157
1631450 1151
1631460 1151
1631470 1146
1631480 1141
1631490 1141
1631500 1136
1631510 1133
1631520 1133
1631530 1129
1631540 1126
1631550 1126
1631560 1128
1631570 1132
1631580 1132
1631590 1140
1631600 1144
1631610 1144
1631620 1147
1631630 1151
1631640 1151
1631650 1154
1631660 1159
1631670 1164
1631680 1164
1631690 1167
1631700 1170
1631710 1170
1631720 1175
1631730 1179
1631740 1179
1631750 1182
1631760 1181
1631770 1181
1631780 1178
1631790 1176
1631800 1176
1631810 1172
1631820 1170
1631830 1170
1631840 1167
1631850 1165
1631860 1165
1631870 1159
1631880 1157
1631890 1157
1631900 1154
1631910 1150
1631920 1146
1631930 1146
1631940 1143
1631950 1138
1631960 1138
1631970 1135
1631980 1133
1631990 1133
1632000 1128
1632010 1123
1632020 1123
1632030 1123
1632040 1132
1632050 1132
1632060 1139
1632070 1144
1632080 1144
1632090 1148
1632100 1154
1632110 1154
1632120 1158
1632130 1163
1632140 1167
1632150 1167
1632160 1171
1632170 1175
1632180 1175
1632190 1178
1632200 1181
1632210 1181
1632220 1184
1632230 1187
1632240 1187
1632250 1190
1632260 1192
1632270 1192
1632280 1193
1632290 1195
1632300 1195
1632310 1197
1632320 1199
1632330 1199
1632340 1200
1632350 1202
1632360 1203
1632370 1203
1632380 1204
1632390 1205
1632400 1205
1632410 1207
1632420 1210
1632430 1210
1632440 1212
1632450 1216
1632460 1216
1632470 1219
1632480 1224
1632490 1224
1632500 1229
1632510 1233
1632520 1233
1632530 1238
1632540 1243
1632550 1243
1632560 1248
1632570 1253
1632580 1257
1632590 1257
1632600 1260
1632610 1266
1632620 1266
1632630 1273
1632640 1277
1632650 1277
1632660 1282
1632670 1286
1632680 1286
1632690 1290
1632700 1293
1632710 1293
1632720 1295
1632730 1294
1632740 1294
1632750 1292
1632760 1287
1632770 1287
1632780 1283
1632790 1278
1632800 1278
1632810 1273
1632820 1269
1632830 1264
1632840 1264
1632850 1260
1632860 1258
1632870 1258
1632880 1255
1632890 1250
1632900 1250
1632910 1244
1632920 1239
1632930 1239
1632940 1235
1632950 1232
1632960 1232
1632970 1227
1632980 1222
1632990 1222
1633000 1217
1633010 1213
1633020 1213
1633030 1208
1633040 1202
1633050 1197
1633060 1197
1633070 1197
1633080 1200
1633090 1200
1633100 1202
1633110 1204
1633120 1204
1633130 1205
1633140 1207
1633150 1207
1633160 1208
1633170 1209
1633180 1209
1633190 1209
1633200 1208
1633210 1208
1633220 1207
1633230 1206
1633240 1206
1633250 1205
1633260 1203
1633270 1201
1633280 1201
1633290 1199
1633300 1198
1633310 1198
1633320 1197
1633330 1197
1633340 1197
1633350 1196
1633360 1195
1633370 1195
1633380 1195
1633390 1194
1633400 1194
1633410 1193
1633420 1191
1633430 1191
1633440 1188
1633450 1186
1633460 1186
1633470 1185
1633480 1184
1633490 1184
1633500 1183
1633510 1180
1633520 1178
1633530 1178
1633540 1178
1633550 1179
1633560 1179
1633570 1181
1633580 1180
1633590 1180
1633600 1181
1633610 1180
1633620 1180
1633630 1178
1633640 1176
1633650 1176
1633660 1173
1633670 1169
1633680 1169
1633690 1164
1633700 1159
1633710 1159
1633720 1155
1633730 1152
1633740 1148
1633750 1148
1633760 1143
1633770 1140
1633780 1140
1633790 1139
1633800 1138
1633810 1138
1633820 1137
1633830 1135
1633840 1135
1633850 1132
1633860 1130
1633870 1130
1633880 1129
1633890 1128
1633900 1128
1633910 1128
1633920 1127
1633930 1127
1633940 1127
1633950 1127
1633960 1127
1633970 1127
1633980 1126
1633990 1125
1634000 1125
1634010 1124
1634020 1123
1634030 1123
1634040 1121
1634050 1118
1634060 1118
1634070 1115
1634080 1113
1634090 1113
1634100 1111
1634110 1110
1634120 1110
1634130 1111
1634140 1112
1634150 1112
1634160 1112
1634170 1111
1634180 1111
1634190 1111
1634200 1112
1634210 1113
1634220 1113
1634230 1114
1634240 1115
1634250 1115
1634260 1115
1634270 1116
1634280 1116
1634290 1115
1634300 1116
1634310 1116
1634320 1116
1634330 1117
1634340 1117
1634350 1117
1634360 1117
1634370 1117
1634380 1117
1634390 1116
1634400 1116
1634410 1116
1634420 1114
1634430 1115
1634440 1115
1634450 1113
1634460 1111
1634470 1111
1634480 1109
1634490 1106
1634500 1106
1634510 1103
1634520 1100
1634530 1100
1634540 1098
1634550 1101
1634560 1101
1634570 1107
1634580 1111
1634590 1111
1634600 1113
1634610 1114
1634620 1114
1634630 1115
1634640 1114
1634650 1113
1634660 1113
1634670 1113
1634680 1113
1634690 1113
1634700 1113
1634710 1112
1634720 1112
1634730 1112
1634740 1111
1634750 1111
1634760 1110
1634770 1110
1634780 1110
1634790 1110
1634800 1110
1634810 1110
1634820 1110
1634830 1109
1634840 1109
1634850 1109
1634860 1109
1634870 1109
1634880 1109
1634890 1110
1634900 1111
1634910 1111
1634920 1112
1634930 1113
1634940 1113
1634950 1113
1634960 1112
1634970 1112
1634980 1109
1634990 1110
1635000 1110
1635010 1112
1635020 1114
1635030 1114
1635040 1114
1635050 1111
1635060 1111
1635070 1107
1635080 1102
1635090 1098
1635100 1098
1635110 1096
1635120 1096
1635130 1096
1635140 1099
1635150 1104
1635160 1104
1635170 1108
1635180 1112
1635190 1112
1635200 1114
1635210 1114
1635220 1114
1635230 1113
1635240 1110
1635250 1110
1635260 1107
1635270 1106
1635280 1108
1635290 1108
1635300 1109
1635310 1109
1635320 1111
1635330 1113
1635340 1115
1635350 1115
1635360 1117
1635370 1120
1635380 1120
1635390 1122
1635400 1125
1635410 1125
1635420 1127
1635430 1129
1635440 1129
1635450 1129
1635460 1128
1635470 1128
1635480 1126
1635490 1124
1635500 1124
1635510 1122
1635520 1120
1635530 1120
1635540 1118
1635550 1116
1635560 1114
1635570 1114
1635580 1112
1635590 1109
1635600 1109
1635610 1106
1635620 1103
1635630 1103
1635640 1101
1635650 1098
1635660 1098
1635670 1095
1635680 1092
1635690 1092
1635700 1090
1635710 1087
1635720 1087
1635730 1084
1635740 1081
1635750 1081
1635760 1078
1635770 1074
1635780 1071
1635790 1071
1635800 1068
1635810 1065
1635820 1065
1635830 1062
1635840 1060
1635850 1060
1635860 1059
1635870 1058
1635880 1058
1635890 1055
1635900 1049
1635910 1049
1635920 1044
1635930 1040
1635940 1040
1635950 1037
1635960 1034
1635970 1034
1635980 1031
1635990 1028
1636000 1028
1636010 1026
1636020 1024
1636030 1022
1636040 1022
1636050 1021
1636060 1020
1636070 1020
1636080 1017
1636090 1015
1636100 1015
1636110 1012
1636120 1009
1636130 1009
1636140 1007
1636150 1003
1636160 1003
1636170 1000
1636180 997
1636190 997
1636200 993
1636210 989
1636220 989
1636230 981
1636240 974
1636250 967
1636260 967
1636270 961
1636280 956
1636290 956
1636300 949
1636310 954
1636320 954
1636330 958
1636340 962
1636350 962
1636360 966
1636370 968
1636380 968
1636390 970
1636400 971
1636410 971
1636420 972
1636430 973
1636440 973
1636450 977
1636460 979
1636470 982
1636480 982
1636490 983
1636500 985
1636510 985
1636520 988
1636530 990
1636540 990
1636550 991
1636560 992
1636570 992
1636580 993
1636590 992
1636600 992
1636610 991
1636620 993
1636630 993
1636640 995
1636650 996
1636660 996
1636670 998
1636680 1001
1636690 1002
1636700 1002
1636710 1003
1636720 1003
1636730 1003
1636740 1003
1636750 1003
1636760 1003
1636770 1004
1636780 1005
1636790 1005
1636800 1007
1636810 1011
1636820 1011
1636830 1013
1636840 1015
1636850 1015
1636860 1016
1636870 1016
1636880 1016
1636890 1018
1636900 1021
1636910 1021
1636920 1024
1636930 1027
1636940 1030
1636950 1034
1636960 1037
1636970 1040
1636980 1040
1636990 1043
1637000 1045
1637010 1045
1637020 1047
1637030 1049
1637040 1049
1637050 1051
1637060 1053
1637070 1053
1637080 1054
1637090 1056
1637100 1056
1637110 1057
1637120 1059
1637130 1059
1637140 1061
1637150 1063
1637160 1065
1637170 1065
1637180 1066
1637190 1068
1637200 1068
1637210 1069
1637220 1071
1637230 1071
1637240 1073
1637250 1075
1637260 1075
1637270 1076
1637280 1077
1637290 1077
1637300 1078
1637310 1079
1637320 1079
1637330 1079
1637340 1079
1637350 1079
1637360 1080
1637370 1081
1637380 1081
1637390 1081
1637400 1081
1637410 1081
1637420 1081
1637430 1081
1637440 1081
1637450 1081
1637460 1081
1637470 1081
1637480 1081
1637490 1081
1637500 1080
1637510 1080
1637520 1080
1637530 1079
1637540 1079
1637550 1078
1637560 1076
1637570 1076
1637580 1074
1637590 1071
1637600 1069
1637610 1069
1637620 1065
1637630 1061
1637640 1061
1637650 1057
1637660 1054
1637670 1054
1637680 1052
1637690 1052
1637700 1052
1637710 1051
1637720 1052
1637730 1052
1637740 1052
1637750 1052
1637760 1052
1637770 1052
1637780 1055
1637790 1055
1637800 1055
1637810 1055
1637820 1055
1637830 1055
1637840 1055
1637850 1054
1637860 1054
1637870 1052
1637880 1050
1637890 1050
1637900 1048
1637910 1045
1637920 1045
1637930 1043
1637940 1041
1637950 1041
1637960 1041
1637970 1041
1637980 1041
1637990 1041
1638000 1041
1638010 1041
1638020 1040
1638030 1038
1638040 1038
1638050 1036
1638060 1034
1638070 1031
1638080 1031
1638090 1030
1638100 1028
1638110 1028
1638120 1026
1638130 1024
1638140 1024
1638150 1022
1638160 1021
1638170 1021
1638180 1023
1638190 1025
1638200 1025
1638210 1027
1638220 1027
1638230 1027
1638240 1026
1638250 1025
1638260 1025
1638270 1022
1638280 1019
1638290 1016
1638300 1016
1638310 1013
1638320 1010
1638330 1010
1638340 1008
1638350 1005
1638360 1005
1638370 1004
1638380 1004
1638390 1004
1638400 1004
1638410 1004
1638420 1004
1638430 1005
1638440 1008
1638450 1008
1638460 1011
1638470 1014
1638480 1014
1638490 1015
1638500 1011
1638510 1009
1638520 1009
1638530 1006
1638540 1004
1638550 1004
1638560 1000
1638570 999
1638580 999
1638590 999
1638600 1000
1638610 1002
1638620 1002
1638630 1003
1638640 1003
1638650 1003
1638660 1003
1638670 1003
1638680 1002
1638690 1001
1638700 1001
1638710 999
1638720 996
1638730 996
1638740 992
1638750 989
1638760 987
1638770 987
1638780 986
1638790 982
1638800 982
1638810 980
1638820 977
1638830 977
1638840 975
1638850 974
1638860 974
1638870 972
1638880 970
1638890 970
1638900 968
1638910 967
1638920 967
1638930 966
1638940 967
1638950 967
1638960 967
1638970 969
1638980 971
1638990 971
1639000 971
1639010 972
1639020 972
1639030 971
1639040 971
1639050 971
1639060 970
1639070 969
1639080 969
1639090 968
1639100 968
1639110 968
1639120 967
1639130 966
1639140 966
1639150 963
1639160 961
1639170 961
1639180 961
1639190 960
1639200 958
1639210 958
1639220 956
1639230 954
1639240 954
1639250 950
1639260 948
1639270 948
1639280 947
1639290 946
1639300 946
1639310 945
1639320 945
1639330 945
1639340 945
1639350 945
1639360 945
1639370 945
1639380 945
1639390 945
1639400 945
1639410 945
1639420 945
1639430 948
1639440 948
1639450 948
1639460 948
1639470 949
1639480 952
1639490 952
1639500 955
1639510 956
1639520 956
1639530 951
1639540 947
1639550 947
1639560 942
1639570 938
1639580 938
1639590 933
1639600 928
1639610 928
1639620 924
1639630 920
1639640 920
1639650 919
1639660 917
1639670 910
1639680 910
1639690 901
1639700 895
1639710 895
1639720 888
1639730 882
1639740 882
1639750 878
1639760 873
1639770 873
1639780 869
1639790 865
1639800 865
1639810 861
1639820 858
1639830 858
1639840 854
1639850 851
1639860 851
1639870 849
1639880 846
1639890 843
1639900 843
1639910 840
1639920 838
1639930 838
1639940 834
1639950 830
1639960 830
1639970 825
1639980 819
1639990 819
