1620000 1584
1620010 1585
1620020 1587
1620030 1587
1620040 1587
1620050 1587
1620060 1587
1620070 1586
1620080 1588
1620090 1587
1620100 1587
1620110 1584
1620120 1583
1620130 1583
1620140 1584
1620150 1585
1620160 1585
1620170 1591
1620180 1597
1620190 1597
1620200 1603
1620210 1610
1620220 1610
1620230 1617
1620240 1626
1620250 1626
1620260 1632
1620270 1636
1620280 1636
1620290 1638
1620300 1637
1620310 1635
1620320 1635
1620330 1632
1620340 1626
1620350 1626
1620360 1622
1620370 1617
1620380 1617
1620390 1616
1620400 1619
1620410 1619
1620420 1623
1620430 1626
1620440 1626
1620450 1629
1620460 1633
1620470 1633
1620480 1635
1620490 1637
1620500 1637
1620510 1639
1620520 1641
1620530 1641
1620540 1643
1620550 1646
1620560 1649
1620570 1649
1620580 1651
1620590 1652
1620600 1652
1620610 1655
1620620 1658
1620630 1658
1620640 1661
1620650 1663
1620660 1663
1620670 1666
1620680 1667
1620690 1667
1620700 1669
1620710 1670
1620720 1670
1620730 1672
1620740 1673
1620750 1673
1620760 1673
1620770 1670
1620780 1669
1620790 1669
1620800 1669
1620810 1668
1620820 1668
1620830 1667
1620840 1666
1620850 1666
1620860 1665
1620870 1663
1620880 1663
1620890 1661
1620900 1659
1620910 1659
1620920 1656
1620930 1653
1620940 1653
1620950 1651
1620960 1651
1620970 1651
1620980 1650
1620990 1651
1621000 1651
1621010 1651
1621020 1650
1621030 1649
1621040 1649
1621050 1648
1621060 1647
1621070 1647
1621080 1645
1621090 1644
1621100 1644
1621110 1643
1621120 1642
1621130 1642
1621140 1641
1621150 1639
1621160 1639
1621170 1638
1621180 1637
1621190 1637
1621200 1636
1621210 1635
1621220 1634
1621230 1634
1621240 1632
1621250 1629
1621260 1629
1621270 1626
1621280 1623
1621290 1623
1621300 1620
1621310 1616
1621320 1616
1621330 1612
1621340 1609
1621350 1609
1621360 1605
1621370 1602
1621380 1602
1621390 1598
1621400 1593
1621410 1593
1621420 1587
1621430 1583
1621440 1583
1621450 1582
1621460 1583
1621470 1584
1621480 1584
1621490 1583
1621500 1582
1621510 1582
1621520 1581
1621530 1580
1621540 1580
1621550 1579
1621560 1580
1621570 1580
1621580 1580
1621590 1582
1621600 1582
1621610 1584
1621620 1585
1621630 1585
1621640 1585
1621650 1585
1621660 1585
1621670 1585
1621680 1585
1621690 1586
1621700 1582
1621710 1583
1621720 1582
1621730 1582
1621740 1583
1621750 1583
1621760 1583
1621770 1583
1621780 1582
1621790 1582
1621800 1582
1621810 1582
1621820 1582
1621830 1581
1621840 1580
1621850 1580
1621860 1579
1621870 1578
1621880 1578
1621890 1576
1621900 1575
1621910 1574
1621920 1574
1621930 1575
1621940 1576
1621950 1576
1621960 1575
1621970 1575
1621980 1575
1621990 1574
1622000 1573
1622010 1573
1622020 1571
1622030 1570
1622040 1570
1622050 1568
1622060 1566
1622070 1566
1622080 1564
1622090 1563
1622100 1563
1622110 1561
1622120 1557
1622130 1557
1622140 1552
1622150 1546
1622160 1544
1622170 1544
1622180 1545
1622190 1547
1622200 1547
1622210 1549
1622220 1550
1622230 1550
1622240 1549
1622250 1550
1622260 1550
1622270 1550
1622280 1549
1622290 1549
1622300 1549
1622310 1549
1622320 1549
1622330 1549
1622340 1549
1622350 1549
1622360 1550
1622370 1550
1622380 1551
1622390 1551
1622400 1551
1622410 1551
1622420 1551
1622430 1551
1622440 1551
1622450 1551
1622460 1550
1622470 1550
1622480 1550
1622490 1549
1622500 1548
1622510 1548
1622520 1549
1622530 1549
1622540 1549
1622550 1549
1622560 1548
1622570 1548
1622580 1547
1622590 1547
1622600 1547
1622610 1547
1622620 1544
1622630 1543
1622640 1543
1622650 1543
1622660 1542
1622670 1542
1622680 1542
1622690 1541
1622700 1541
1622710 1539
1622720 1537
1622730 1537
1622740 1536
1622750 1534
1622760 1534
1622770 1533
1622780 1530
1622790 1530
1622800 1528
1622810 1528
1622820 1529
1622830 1529
1622840 1529
1622850 1528
1622860 1528
1622870 1528
1622880 1528
1622890 1528
1622900 1529
1622910 1530
1622920 1530
1622930 1530
1622940 1533
1622950 1533
1622960 1532
1622970 1531
1622980 1531
1622990 1531
1623000 1531
1623010 1531
1623020 1532
1623030 1533
1623040 1533
1623050 1533
1623060 1533
1623070 1533
1623080 1533
1623090 1535
1623100 1536
1623110 1536
1623120 1537
1623130 1538
1623140 1538
1623150 1539
1623160 1540
1623170 1540
1623180 1541
1623190 1543
1623200 1543
1623210 1545
1623220 1546
1623230 1546
1623240 1547
1623250 1550
1623260 1550
1623270 1553
1623280 1555
1623290 1557
1623300 1557
1623310 1559
1623320 1562
1623330 1562
1623340 1564
1623350 1567
1623360 1567
1623370 1570
1623380 1574
1623390 1574
1623400 1578
1623410 1581
1623420 1581
1623430 1584
1623440 1586
1623450 1586
1623460 1588
1623470 1590
1623480 1590
1623490 1591
1623500 1592
1623510 1594
1623520 1594
1623530 1591
1623540 1592
1623550 1592
1623560 1593
1623570 1594
1623580 1594
1623590 1594
1623600 1595
1623610 1595
1623620 1596
1623630 1596
1623640 1596
1623650 1596
1623660 1596
1623670 1596
1623680 1597
1623690 1597
1623700 1597
1623710 1598
1623720 1598
1623730 1597
1623740 1597
1623750 1596
1623760 1595
1623770 1595
1623780 1594
1623790 1591
1623800 1591
1623810 1588
1623820 1584
1623830 1584
1623840 1580
1623850 1574
1623860 1574
1623870 1569
1623880 1564
1623890 1564
1623900 1560
1623910 1556
1623920 1556
1623930 1551
1623940 1546
1623950 1546
1623960 1541
1623970 1538
1623980 1535
1623990 1535
1624000 1533
1624010 1531
1624020 1531
1624030 1531
1624040 1529
1624050 1529
1624060 1528
1624070 1526
1624080 1526
1624090 1524
1624100 1522
1624110 1522
1624120 1521
1624130 1520
1624140 1520
1624150 1519
1624160 1517
1624170 1517
1624180 1517
1624190 1516
1624200 1516
1624210 1516
1624220 1517
1624230 1517
1624240 1517
1624250 1516
1624260 1514
1624270 1514
1624280 1511
1624290 1508
1624300 1508
1624310 1507
1624320 1504
1624330 1504
1624340 1501
1624350 1498
1624360 1498
1624370 1493
1624380 1488
1624390 1488
1624400 1483
1624410 1477
1624420 1471
1624430 1471
1624440 1466
1624450 1467
1624460 1467
1624470 1461
1624480 1457
1624490 1457
1624500 1452
1624510 1448
1624520 1448
1624530 1444
1624540 1439
1624550 1439
1624560 1437
1624570 1433
1624580 1433
1624590 1428
1624600 1423
1624610 1423
1624620 1420
1624630 1415
1624640 1411
1624650 1411
1624660 1407
1624670 1403
1624680 1403
1624690 1399
1624700 1394
1624710 1394
1624720 1390
1624730 1385
1624740 1385
1624750 1380
1624760 1377
1624770 1377
1624780 1375
1624790 1373
1624800 1373
1624810 1370
1624820 1367
1624830 1367
1624840 1367
1624850 1367
1624860 1367
1624870 1369
1624880 1371
1624890 1373
1624900 1373
1624910 1375
1624920 1377
1624930 1377
1624940 1378
1624950 1379
1624960 1379
1624970 1379
1624980 1379
1624990 1379
1625000 1378
1625010 1377
1625020 1377
1625030 1377
1625040 1376
1625050 1376
1625060 1374
1625070 1371
1625080 1371
1625090 1368
1625100 1367
1625110 1366
1625120 1366
1625130 1365
1625140 1363
1625150 1363
1625160 1361
1625170 1358
1625180 1358
1625190 1355
1625200 1353
1625210 1353
1625220 1351
1625230 1347
1625240 1347
1625250 1342
1625260 1340
1625270 1340
1625280 1342
1625290 1343
1625300 1343
1625310 1343
1625320 1343
1625330 1344
1625340 1344
1625350 1351
1625360 1351
1625370 1351
1625380 1350
1625390 1349
1625400 1349
1625410 1348
1625420 1346
1625430 1346
1625440 1344
1625450 1342
1625460 1342
1625470 1339
1625480 1336
1625490 1336
1625500 1333
1625510 1330
1625520 1330
1625530 1327
1625540 1327
1625550 1327
1625560 1328
1625570 1327
1625580 1327
1625590 1327
1625600 1326
1625610 1326
1625620 1326
1625630 1325
1625640 1325
1625650 1325
1625660 1324
1625670 1323
1625680 1323
1625690 1322
1625700 1321
1625710 1321
1625720 1319
1625730 1317
1625740 1317
1625750 1314
1625760 1311
1625770 1311
1625780 1306
1625790 1302
1625800 1297
1625810 1297
1625820 1292
1625830 1288
1625840 1288
1625850 1282
1625860 1278
1625870 1278
1625880 1277
1625890 1274
1625900 1274
1625910 1271
1625920 1268
1625930 1268
1625940 1263
1625950 1261
1625960 1261
1625970 1258
1625980 1256
1625990 1256
1626000 1251
1626010 1248
1626020 1248
1626030 1248
1626040 1246
1626050 1243
1626060 1243
1626070 1242
1626080 1240
1626090 1240
1626100 1237
1626110 1234
1626120 1234
1626130 1232
1626140 1229
1626150 1229
1626160 1227
1626170 1228
1626180 1228
1626190 1229
1626200 1231
1626210 1231
1626220 1233
1626230 1235
1626240 1238
1626250 1235
1626260 1237
1626270 1238
1626280 1238
1626290 1240
1626300 1242
1626310 1242
1626320 1246
1626330 1249
1626340 1249
1626350 1252
1626360 1254
1626370 1254
1626380 1256
1626390 1258
1626400 1258
1626410 1260
1626420 1262
1626430 1262
1626440 1266
1626450 1268
1626460 1268
1626470 1271
1626480 1274
1626490 1277
1626500 1277
1626510 1279
1626520 1283
1626530 1283
1626540 1287
1626550 1291
1626560 1291
1626570 1294
1626580 1298
1626590 1298
1626600 1301
1626610 1304
1626620 1304
1626630 1307
1626640 1312
1626650 1312
1626660 1316
1626670 1318
1626680 1318
1626690 1318
1626700 1317
1626710 1316
1626720 1316
1626730 1315
1626740 1313
1626750 1313
1626760 1311
1626770 1309
1626780 1309
1626790 1309
1626800 1307
1626810 1307
1626820 1305
1626830 1303
1626840 1303
1626850 1301
1626860 1299
1626870 1299
1626880 1298
1626890 1297
1626900 1297
1626910 1295
1626920 1294
1626930 1294
1626940 1294
1626950 1294
1626960 1293
1626970 1293
1626980 1292
1626990 1290
1627000 1290
1627010 1288
1627020 1286
1627030 1286
1627040 1284
1627050 1282
1627060 1282
1627070 1279
1627080 1277
1627090 1277
1627100 1274
1627110 1272
1627120 1272
1627130 1269
1627140 1267
1627150 1265
1627160 1265
1627170 1262
1627180 1259
1627190 1259
1627200 1256
1627210 1252
1627220 1252
1627230 1248
1627240 1243
1627250 1243
1627260 1237
1627270 1232
1627280 1232
1627290 1227
1627300 1222
1627310 1222
1627320 1217
1627330 1215
1627340 1215
1627350 1213
1627360 1210
1627370 1210
1627380 1208
1627390 1206
1627400 1202
1627410 1202
1627420 1199
1627430 1195
1627440 1195
1627450 1192
1627460 1188
1627470 1188
1627480 1186
1627490 1183
1627500 1183
1627510 1180
1627520 1177
1627530 1177
1627540 1173
1627550 1169
1627560 1169
1627570 1165
1627580 1161
1627590 1161
1627600 1156
1627610 1152
1627620 1147
1627630 1147
1627640 1143
1627650 1138
1627660 1138
1627670 1134
1627680 1129
1627690 1129
1627700 1124
1627710 1119
1627720 1119
1627730 1115
1627740 1111
1627750 1111
1627760 1107
1627770 1110
1627780 1110
1627790 1115
1627800 1119
1627810 1119
1627820 1121
1627830 1125
1627840 1129
1627850 1129
1627860 1133
1627870 1137
1627880 1137
1627890 1143
1627900 1147
1627910 1147
1627920 1152
1627930 1158
1627940 1158
1627950 1162
1627960 1163
1627970 1163
1627980 1165
1627990 1168
1628000 1168
1628010 1169
1628020 1171
1628030 1172
1628040 1174
1628050 1176
1628060 1177
1628070 1177
1628080 1179
1628090 1180
1628100 1180
1628110 1182
1628120 1183
1628130 1183
1628140 1185
1628150 1187
1628160 1187
1628170 1189
1628180 1193
1628190 1193
1628200 1197
1628210 1201
1628220 1201
1628230 1204
1628240 1208
1628250 1208
1628260 1211
1628270 1215
1628280 1215
1628290 1218
1628300 1221
1628310 1224
1628320 1224
1628330 1226
1628340 1229
1628350 1229
1628360 1230
1628370 1233
1628380 1233
1628390 1235
1628400 1237
1628410 1237
1628420 1240
1628430 1242
1628440 1242
1628450 1245
1628460 1248
1628470 1248
1628480 1251
1628490 1253
1628500 1253
1628510 1254
1628520 1256
1628530 1258
1628540 1258
1628550 1259
1628560 1260
1628570 1260
1628580 1262
1628590 1264
1628600 1264
1628610 1265
1628620 1268
1628630 1268
1628640 1270
1628650 1272
1628660 1272
1628670 1274
1628680 1276
1628690 1276
1628700 1278
1628710 1280
1628720 1280
1628730 1283
1628740 1286
1628750 1288
1628760 1288
1628770 1291
1628780 1293
1628790 1293
1628800 1295
1628810 1297
1628820 1297
1628830 1299
1628840 1301
1628850 1301
1628860 1303
1628870 1305
1628880 1305
1628890 1308
1628900 1310
1628910 1311
1628920 1315
1628930 1317
1628940 1317
1628950 1320
1628960 1324
1628970 1324
1628980 1328
1628990 1331
1629000 1333
1629010 1333
1629020 1335
1629030 1336
1629040 1336
1629050 1336
1629060 1337
1629070 1337
1629080 1339
1629090 1340
1629100 1340
1629110 1343
1629120 1346
1629130 1346
1629140 1349
1629150 1352
1629160 1352
1629170 1356
1629180 1359
1629190 1359
1629200 1362
1629210 1365
1629220 1367
1629230 1367
1629240 1369
1629250 1371
1629260 1371
1629270 1373
1629280 1373
1629290 1373
1629300 1370
1629310 1366
1629320 1366
1629330 1361
1629340 1358
1629350 1358
1629360 1353
1629370 1349
1629380 1349
1629390 1344
1629400 1340
1629410 1340
1629420 1336
1629430 1332
1629440 1328
1629450 1328
1629460 1323
1629470 1319
1629480 1319
1629490 1314
1629500 1310
1629510 1310
1629520 1305
1629530 1300
1629540 1300
1629550 1295
1629560 1291
1629570 1291
1629580 1286
1629590 1283
1629600 1283
1629610 1280
1629620 1276
1629630 1276
1629640 1272
1629650 1266
1629660 1260
1629670 1260
1629680 1255
1629690 1250
1629700 1250
1629710 1245
1629720 1240
1629730 1240
1629740 1235
1629750 1230
1629760 1230
1629770 1227
1629780 1224
1629790 1220
1629800 1218
1629810 1217
1629820 1217
1629830 1218
1629840 1218
1629850 1218
1629860 1218
1629870 1218
1629880 1218
1629890 1219
1629900 1220
1629910 1221
1629920 1221
1629930 1221
1629940 1221
1629950 1221
1629960 1222
1629970 1222
1629980 1222
1629990 1220
1630000 1220
1630010 1220
1630020 1220
1630030 1221
1630040 1221
1630050 1221
1630060 1222
1630070 1222
1630080 1223
1630090 1224
1630100 1224
1630110 1224
1630120 1224
1630130 1223
1630140 1223
1630150 1222
1630160 1220
1630170 1220
1630180 1218
1630190 1215
1630200 1215
1630210 1213
1630220 1210
1630230 1210
1630240 1207
1630250 1204
1630260 1204
1630270 1202
1630280 1200
1630290 1200
1630300 1199
1630310 1198
1630320 1198
1630330 1196
1630340 1195
1630350 1197
1630360 1197
1630370 1199
1630380 1201
1630390 1201
1630400 1203
1630410 1208
1630420 1208
1630430 1212
1630440 1217
1630450 1217
1630460 1222
1630470 1226
1630480 1226
1630490 1230
1630500 1233
1630510 1233
1630520 1235
1630530 1235
1630540 1235
1630550 1233
1630560 1229
1630570 1226
1630580 1226
1630590 1222
1630600 1217
1630610 1217
1630620 1213
1630630 1209
1630640 1209
1630650 1205
1630660 1198
1630670 1198
1630680 1194
1630690 1193
1630700 1193
1630710 1191
1630720 1189
1630730 1189
1630740 1186
1630750 1185
1630760 1185
1630770 1187
1630780 1190
1630790 1190
1630800 1193
1630810 1198
1630820 1202
1630830 1202
1630840 1207
1630850 1210
1630860 1210
1630870 1214
1630880 1217
1630890 1217
1630900 1220
1630910 1222
1630920 1222
1630930 1225
1630940 1227
1630950 1227
1630960 1229
1630970 1231
1630980 1231
1630990 1233
1631000 1235
1631010 1235
1631020 1237
1631030 1239
1631040 1242
1631050 1242
1631060 1245
1631070 1248
1631080 1248
1631090 1251
1631100 1254
1631110 1254
1631120 1256
1631130 1258
1631140 1258
1631150 1260
1631160 1260
1631170 1260
1631180 1255
1631190 1250
1631200 1250
1631210 1244
1631220 1239
1631230 1239
1631240 1233
1631250 1228
1631260 1221
1631270 1221
1631280 1215
1631290 1209
1631300 1209
1631310 1202
1631320 1196
1631330 1196
1631340 1189
1631350 1183
1631360 1183
1631370 1176
1631380 1171
1631390 1171
1631400 1165
1631410 1159
1631420 1159
1631430 1154
1631440 1148
1631450 1148
1631460 1143
1631470 1139
1631480 1134
1631490 1134
1631500 1129
1631510 1124
1631520 1124
1631530 1119
1631540 1116
1631550 1116
1631560 1117
1631570 1123
1631580 1123
1631590 1126
1631600 1131
1631610 1131
1631620 1135
1631630 1140
1631640 1140
1631650 1145
1631660 1150
1631670 1150
1631680 1155
1631690 1160
1631700 1160
1631710 1164
1631720 1168
1631730 1171
1631740 1171
1631750 1173
1631760 1170
1631770 1170
1631780 1167
1631790 1164
1631800 1164
1631810 1161
1631820 1157
1631830 1157
1631840 1154
1631850 1150
1631860 1150
1631870 1148
1631880 1147
1631890 1147
1631900 1145
1631910 1141
1631920 1141
1631930 1136
1631940 1130
1631950 1125
1631960 1125
1631970 1119
1631980 1114
1631990 1114
1632000 1110
1632010 1110
1632020 1110
1632030 1116
1632040 1123
1632050 1123
1632060 1132
1632070 1141
1632080 1141
1632090 1147
1632100 1153
1632110 1153
1632120 1157
1632130 1161
1632140 1161
1632150 1165
1632160 1169
1632170 1174
1632180 1174
1632190 1176
1632200 1178
1632210 1178
1632220 1179
1632230 1180
1632240 1180
1632250 1181
1632260 1182
1632270 1182
1632280 1184
1632290 1186
1632300 1186
1632310 1188
1632320 1191
1632330 1191
1632340 1193
1632350 1194
1632360 1194
1632370 1197
1632380 1200
1632390 1200
1632400 1203
1632410 1207
1632420 1211
1632430 1211
1632440 1216
1632450 1220
1632460 1220
1632470 1225
1632480 1230
1632490 1230
1632500 1236
1632510 1242
1632520 1242
1632530 1248
1632540 1253
1632550 1253
1632560 1258
1632570 1263
1632580 1263
1632590 1268
1632600 1271
1632610 1271
1632620 1274
1632630 1278
1632640 1282
1632650 1282
1632660 1285
1632670 1289
1632680 1289
1632690 1291
1632700 1294
1632710 1294
1632720 1295
1632730 1294
1632740 1294
1632750 1289
1632760 1284
1632770 1284
1632780 1280
1632790 1275
1632800 1275
1632810 1270
1632820 1264
1632830 1264
1632840 1258
1632850 1252
1632860 1247
1632870 1247
1632880 1243
1632890 1238
1632900 1238
1632910 1234
1632920 1231
1632930 1231
1632940 1227
1632950 1223
1632960 1223
1632970 1219
1632980 1214
1632990 1214
1633000 1209
1633010 1203
1633020 1203
1633030 1197
1633040 1194
1633050 1194
1633060 1191
1633070 1186
1633080 1184
1633090 1184
1633100 1187
1633110 1189
1633120 1189
1633130 1190
1633140 1191
1633150 1191
1633160 1192
1633170 1194
1633180 1194
1633190 1195
1633200 1195
1633210 1195
1633220 1194
1633230 1191
1633240 1191
1633250 1181
1633260 1177
1633270 1177
1633280 1174
1633290 1172
1633300 1172
1633310 1172
1633320 1171
1633330 1170
1633340 1170
1633350 1170
1633360 1170
1633370 1170
1633380 1171
1633390 1174
1633400 1174
1633410 1175
1633420 1176
1633430 1176
1633440 1176
1633450 1176
1633460 1176
1633470 1177
1633480 1177
1633490 1177
1633500 1176
1633510 1175
1633520 1175
1633530 1175
1633540 1174
1633550 1174
1633560 1174
1633570 1171
1633580 1169
1633590 1169
1633600 1169
1633610 1171
1633620 1171
1633630 1173
1633640 1174
1633650 1174
1633660 1171
1633670 1166
1633680 1166
1633690 1163
1633700 1158
1633710 1158
1633720 1155
1633730 1151
1633740 1151
1633750 1149
1633760 1146
1633770 1142
1633780 1142
1633790 1140
1633800 1140
1633810 1140
1633820 1140
1633830 1139
1633840 1139
1633850 1138
1633860 1138
1633870 1138
1633880 1138
1633890 1140
1633900 1140
1633910 1140
1633920 1139
1633930 1139
1633940 1138
1633950 1137
1633960 1137
1633970 1136
1633980 1134
1633990 1133
1634000 1133
1634010 1131
1634020 1129
1634030 1129
1634040 1127
1634050 1123
1634060 1123
1634070 1119
1634080 1117
1634090 1117
1634100 1117
1634110 1117
1634120 1117
1634130 1117
1634140 1118
1634150 1118
1634160 1118
1634170 1118
1634180 1118
1634190 1119
1634200 1120
1634210 1120
1634220 1120
1634230 1121
1634240 1122
1634250 1122
1634260 1123
1634270 1124
1634280 1124
1634290 1125
1634300 1125
1634310 1125
1634320 1125
1634330 1126
1634340 1126
1634350 1127
1634360 1127
1634370 1127
1634380 1126
1634390 1125
1634400 1125
1634410 1124
1634420 1123
1634430 1123
1634440 1121
1634450 1119
1634460 1117
1634470 1117
1634480 1115
1634490 1112
1634500 1112
1634510 1110
1634520 1109
1634530 1109
1634540 1113
1634550 1114
1634560 1114
1634570 1117
1634580 1120
1634590 1120
1634600 1126
1634610 1130
1634620 1130
1634630 1132
1634640 1132
1634650 1132
1634660 1132
1634670 1134
1634680 1134
1634690 1134
1634700 1134
1634710 1133
1634720 1133
1634730 1134
1634740 1134
1634750 1134
1634760 1134
1634770 1133
1634780 1133
1634790 1133
1634800 1132
1634810 1132
1634820 1129
1634830 1127
1634840 1127
1634850 1126
1634860 1126
1634870 1126
1634880 1126
1634890 1127
1634900 1127
1634910 1127
1634920 1128
1634930 1128
1634940 1133
1634950 1131
1634960 1128
1634970 1128
1634980 1125
1634990 1123
1635000 1123
1635010 1123
1635020 1124
1635030 1124
1635040 1124
1635050 1125
1635060 1125
1635070 1124
1635080 1121
1635090 1121
1635100 1118
1635110 1116
1635120 1116
1635130 1116
1635140 1114
1635150 1115
1635160 1115
1635170 1118
1635180 1121
1635190 1121
1635200 1124
1635210 1125
1635220 1125
1635230 1125
1635240 1124
1635250 1124
1635260 1121
1635270 1119
1635280 1119
1635290 1117
1635300 1117
1635310 1117
1635320 1118
1635330 1119
1635340 1119
1635350 1121
1635360 1124
1635370 1126
1635380 1126
1635390 1128
1635400 1129
1635410 1129
1635420 1130
1635430 1130
1635440 1130
1635450 1129
1635460 1128
1635470 1128
1635480 1126
1635490 1124
1635500 1124
1635510 1122
1635520 1121
1635530 1121
1635540 1119
1635550 1116
1635560 1116
1635570 1115
1635580 1112
1635590 1110
1635600 1110
1635610 1107
1635620 1104
1635630 1104
1635640 1101
1635650 1099
1635660 1099
1635670 1096
1635680 1093
1635690 1093
1635700 1091
1635710 1089
1635720 1089
1635730 1086
1635740 1083
1635750 1083
1635760 1079
1635770 1076
1635780 1076
1635790 1074
1635800 1071
1635810 1071
1635820 1068
1635830 1065
1635840 1062
1635850 1062
1635860 1059
1635870 1056
1635880 1056
1635890 1054
1635900 1051
1635910 1051
1635920 1048
1635930 1045
1635940 1045
1635950 1041
1635960 1035
1635970 1035
1635980 1032
1635990 1028
1636000 1028
1636010 1024
1636020 1022
1636030 1022
1636040 1018
1636050 1014
1636060 1010
1636070 1010
1636080 1007
1636090 1005
1636100 1005
1636110 1002
1636120 1000
1636130 1000
1636140 998
1636150 995
1636160 995
1636170 991
1636180 987
1636190 987
1636200 984
1636210 981
1636220 981
1636230 978
1636240 973
1636250 973
1636260 968
1636270 963
1636280 958
1636290 958
1636300 956
1636310 960
1636320 960
1636330 966
1636340 972
1636350 972
1636360 974
1636370 976
1636380 976
1636390 978
1636400 981
1636410 981
1636420 982
1636430 983
1636440 983
1636450 983
1636460 983
1636470 983
1636480 986
1636490 990
1636500 992
1636510 992
1636520 994
1636530 996
1636540 996
1636550 997
1636560 998
1636570 998
1636580 999
1636590 999
1636600 999
1636610 999
1636620 1001
1636630 1001
1636640 1003
1636650 1005
1636660 1005
1636670 1007
1636680 1011
1636690 1011
1636700 1013
1636710 1015
1636720 1015
1636730 1017
1636740 1018
1636750 1020
1636760 1020
1636770 1022
1636780 1024
1636790 1024
1636800 1025
1636810 1025
1636820 1025
1636830 1026
1636840 1027
1636850 1027
1636860 1028
1636870 1030
1636880 1030
1636890 1033
1636900 1035
1636910 1035
1636920 1038
1636930 1040
1636940 1040
1636950 1043
1636960 1046
1636970 1050
1636980 1050
1636990 1053
1637000 1057
1637010 1057
1637020 1059
1637030 1060
1637040 1060
1637050 1062
1637060 1063
1637070 1063
1637080 1064
1637090 1066
1637100 1066
1637110 1067
1637120 1069
1637130 1069
1637140 1071
1637150 1073
1637160 1073
1637170 1074
1637180 1076
1637190 1077
1637200 1077
1637210 1078
1637220 1080
1637230 1080
1637240 1082
1637250 1083
1637260 1083
1637270 1084
1637280 1085
1637290 1085
1637300 1085
1637310 1085
1637320 1085
1637330 1086
1637340 1086
1637350 1086
1637360 1085
1637370 1086
1637380 1086
1637390 1086
1637400 1085
1637410 1085
1637420 1085
1637430 1085
1637440 1085
1637450 1086
1637460 1086
1637470 1085
1637480 1085
1637490 1084
1637500 1083
1637510 1083
1637520 1081
1637530 1081
1637540 1081
1637550 1080
1637560 1079
1637570 1079
1637580 1077
1637590 1075
1637600 1075
1637610 1075
1637620 1074
1637630 1074
1637640 1071
1637650 1068
1637660 1066
1637670 1066
1637680 1066
1637690 1064
1637700 1064
1637710 1062
1637720 1061
1637730 1061
1637740 1060
1637750 1059
1637760 1059
1637770 1058
1637780 1059
1637790 1059
1637800 1059
1637810 1058
1637820 1058
1637830 1058
1637840 1057
1637850 1057
1637860 1057
1637870 1056
1637880 1054
1637890 1054
1637900 1052
1637910 1051
1637920 1051
1637930 1050
1637940 1049
1637950 1049
1637960 1048
1637970 1048
1637980 1048
1637990 1048
1638000 1047
1638010 1047
1638020 1046
1638030 1044
1638040 1044
1638050 1043
1638060 1041
1638070 1041
1638080 1040
1638090 1038
1638100 1037
1638110 1037
1638120 1037
1638130 1035
1638140 1035
1638150 1034
1638160 1034
1638170 1034
1638180 1034
1638190 1036
1638200 1036
1638210 1038
1638220 1038
1638230 1038
1638240 1037
1638250 1034
1638260 1034
1638270 1031
1638280 1031
1638290 1031
1638300 1029
1638310 1027
1638320 1027
1638330 1026
1638340 1024
1638350 1024
1638360 1024
1638370 1023
1638380 1023
1638390 1023
1638400 1024
1638410 1024
1638420 1024
1638430 1021
1638440 1016
1638450 1016
1638460 1014
1638470 1013
1638480 1013
1638490 1012
1638500 1011
1638510 1011
1638520 1011
1638530 1010
1638540 1010
1638550 1010
1638560 1009
1638570 1009
1638580 1009
1638590 1009
1638600 1010
1638610 1010
1638620 1010
1638630 1010
1638640 1010
1638650 1009
1638660 1007
1638670 1007
1638680 1005
1638690 1003
1638700 1003
1638710 1001
1638720 999
1638730 999
1638740 997
1638750 994
1638760 994
1638770 990
1638780 987
1638790 986
1638800 986
1638810 983
1638820 982
1638830 982
1638840 981
1638850 980
1638860 980
1638870 979
1638880 977
1638890 977
1638900 976
1638910 976
1638920 976
1638930 976
1638940 976
1638950 976
1638960 976
1638970 976
1638980 976
1638990 977
1639000 977
1639010 978
1639020 978
1639030 979
1639040 980
1639050 980
1639060 979
1639070 977
1639080 977
1639090 976
1639100 980
1639110 980
1639120 982
1639130 983
1639140 983
1639150 979
1639160 973
1639170 973
1639180 970
1639190 967
1639200 967
1639210 965
1639220 963
1639230 963
1639240 960
1639250 957
1639260 956
1639270 956
1639280 955
1639290 955
1639300 955
1639310 954
1639320 953
1639330 953
1639340 953
1639350 953
1639360 953
1639370 954
1639380 954
1639390 954
1639400 954
1639410 955
1639420 955
1639430 955
1639440 955
1639450 955
1639460 955
1639470 955
1639480 957
1639490 957
1639500 959
1639510 956
1639520 956
1639530 949
1639540 945
1639550 945
1639560 941
1639570 937
1639580 937
1639590 932
1639600 927
1639610 927
1639620 923
1639630 919
1639640 919
1639650 915
1639660 909
1639670 909
1639680 902
1639690 894
1639700 886
1639710 886
1639720 881
1639730 877
1639740 877
1639750 874
1639760 870
1639770 870
1639780 867
1639790 863
1639800 863
1639810 860
1639820 857
1639830 857
1639840 855
1639850 852
1639860 852
1639870 849
1639880 847
1639890 847
1639900 843
1639910 839
1639920 838
1639930 838
1639940 837
1639950 835
1639960 835
1639970 831
1639980 826
1639990 826
