1620000 1558
1620010 1554
1620020 1555
1620030 1555
1620040 1559
1620050 1560
1620060 1560
1620070 1560
1620080 1560
1620090 1560
1620100 1560
1620110 1561
1620120 1561
1620130 1559
1620140 1556
1620150 1556
1620160 1555
1620170 1556
1620180 1556
1620190 1554
1620200 1554
1620210 1554
1620220 1548
1620230 1543
1620240 1543
1620250 1538
1620260 1537
1620270 1539
1620280 1539
1620290 1538
1620300 1537
1620310 1537
1620320 1537
1620330 1538
1620340 1538
1620350 1539
1620360 1539
1620370 1539
1620380 1541
1620390 1543
1620400 1543
1620410 1549
1620420 1555
1620430 1555
1620440 1560
1620450 1566
1620460 1566
1620470 1572
1620480 1577
1620490 1582
1620500 1582
1620510 1586
1620520 1591
1620530 1591
1620540 1594
1620550 1597
1620560 1597
1620570 1598
1620580 1601
1620590 1601
1620600 1604
1620610 1607
1620620 1607
1620630 1610
1620640 1613
1620650 1613
1620660 1617
1620670 1619
1620680 1619
1620690 1622
1620700 1624
1620710 1625
1620720 1625
1620730 1625
1620740 1626
1620750 1626
1620760 1626
1620770 1628
1620780 1628
1620790 1630
1620800 1630
1620810 1630
1620820 1627
1620830 1624
1620840 1624
1620850 1622
1620860 1621
1620870 1621
1620880 1621
1620890 1620
1620900 1620
1620910 1619
1620920 1619
1620930 1619
1620940 1619
1620950 1619
1620960 1619
1620970 1619
1620980 1619
1620990 1618
1621000 1618
1621010 1617
1621020 1616
1621030 1616
1621040 1615
1621050 1614
1621060 1614
1621070 1613
1621080 1610
1621090 1610
1621100 1607
1621110 1602
1621120 1599
1621130 1598
1621140 1598
1621150 1598
1621160 1598
1621170 1597
1621180 1596
1621190 1596
1621200 1594
1621210 1593
1621220 1593
1621230 1592
1621240 1590
1621250 1590
1621260 1589
1621270 1586
1621280 1586
1621290 1584
1621300 1582
1621310 1582
1621320 1580
1621330 1578
1621340 1578
1621350 1576
1621360 1576
1621370 1576
1621380 1576
1621390 1575
1621400 1574
1621410 1574
1621420 1572
1621430 1570
1621440 1570
1621450 1568
1621460 1565
1621470 1565
1621480 1562
1621490 1561
1621500 1561
1621510 1560
1621520 1558
1621530 1558
1621540 1556
1621550 1553
1621560 1553
1621570 1550
1621580 1547
1621590 1547
1621600 1543
1621610 1538
1621620 1534
1621630 1534
1621640 1529
1621650 1523
1621660 1523
1621670 1519
1621680 1518
1621690 1518
1621700 1522
1621710 1526
1621720 1526
1621730 1526
1621740 1527
1621750 1527
1621760 1528
1621770 1529
1621780 1529
1621790 1529
1621800 1528
1621810 1528
1621820 1527
1621830 1526
1621840 1526
1621850 1528
1621860 1528
1621870 1528
1621880 1528
1621890 1528
1621900 1530
1621910 1530
1621920 1531
1621930 1532
1621940 1532
1621950 1532
1621960 1533
1621970 1533
1621980 1533
1621990 1533
1622000 1533
1622010 1533
1622020 1534
1622030 1534
1622040 1535
1622050 1534
1622060 1534
1622070 1536
1622080 1537
1622090 1535
1622100 1535
1622110 1533
1622120 1531
1622130 1531
1622140 1529
1622150 1527
1622160 1527
1622170 1525
1622180 1522
1622190 1522
1622200 1520
1622210 1517
1622220 1517
1622230 1516
1622240 1515
1622250 1515
1622260 1512
1622270 1507
1622280 1507
1622290 1501
1622300 1494
1622310 1492
1622320 1492
1622330 1496
1622340 1498
1622350 1498
1622360 1499
1622370 1500
1622380 1500
1622390 1500
1622400 1500
1622410 1500
1622420 1501
1622430 1500
1622440 1500
1622450 1500
1622460 1501
1622470 1501
1622480 1500
1622490 1498
1622500 1498
1622510 1497
1622520 1496
1622530 1496
1622540 1496
1622550 1495
1622560 1496
1622570 1496
1622580 1498
1622590 1500
1622600 1500
1622610 1501
1622620 1501
1622630 1501
1622640 1501
1622650 1501
1622660 1501
1622670 1501
1622680 1500
1622690 1500
1622700 1501
1622710 1502
1622720 1502
1622730 1504
1622740 1505
1622750 1505
1622760 1506
1622770 1507
1622780 1506
1622790 1506
1622800 1505
1622810 1501
1622820 1501
1622830 1498
1622840 1494
1622850 1494
1622860 1491
1622870 1488
1622880 1488
1622890 1485
1622900 1484
1622910 1484
1622920 1485
1622930 1487
1622940 1487
1622950 1489
1622960 1491
1622970 1489
1622980 1489
1622990 1490
1623000 1492
1623010 1492
1623020 1493
1623030 1493
1623040 1493
1623050 1494
1623060 1495
1623070 1495
1623080 1496
1623090 1497
1623100 1497
1623110 1497
1623120 1497
1623130 1497
1623140 1497
1623150 1498
1623160 1498
1623170 1497
1623180 1496
1623190 1496
1623200 1496
1623210 1494
1623220 1492
1623230 1492
1623240 1492
1623250 1493
1623260 1493
1623270 1495
1623280 1495
1623290 1495
1623300 1494
1623310 1494
1623320 1494
1623330 1496
1623340 1498
1623350 1498
1623360 1501
1623370 1504
1623380 1504
1623390 1508
1623400 1510
1623410 1510
1623420 1512
1623430 1515
1623440 1515
1623450 1518
1623460 1519
1623470 1521
1623480 1521
1623490 1523
1623500 1525
1623510 1525
1623520 1526
1623530 1527
1623540 1527
1623550 1526
1623560 1526
1623570 1526
1623580 1531
1623590 1535
1623600 1535
1623610 1540
1623620 1545
1623630 1545
1623640 1549
1623650 1553
1623660 1553
1623670 1556
1623680 1561
1623690 1565
1623700 1565
1623710 1569
1623720 1572
1623730 1572
1623740 1573
1623750 1571
1623760 1571
1623770 1569
1623780 1566
1623790 1566
1623800 1564
1623810 1561
1623820 1561
1623830 1558
1623840 1555
1623850 1555
1623860 1552
1623870 1549
1623880 1547
1623890 1543
1623900 1540
1623910 1537
1623920 1537
1623930 1535
1623940 1532
1623950 1532
1623960 1529
1623970 1524
1623980 1524
1623990 1519
1624000 1514
1624010 1514
1624020 1508
1624030 1503
1624040 1503
1624050 1499
1624060 1493
1624070 1493
1624080 1489
1624090 1484
1624100 1484
1624110 1482
1624120 1481
1624130 1480
1624140 1480
1624150 1478
1624160 1476
1624170 1476
1624180 1474
1624190 1475
1624200 1475
1624210 1475
1624220 1474
1624230 1474
1624240 1475
1624250 1474
1624260 1474
1624270 1474
1624280 1474
1624290 1474
1624300 1474
1624310 1474
1624320 1474
1624330 1474
1624340 1473
1624350 1473
1624360 1472
1624370 1470
1624380 1467
1624390 1467
1624400 1466
1624410 1464
1624420 1464
1624430 1462
1624440 1461
1624450 1461
1624460 1459
1624470 1455
1624480 1455
1624490 1450
1624500 1446
1624510 1446
1624520 1442
1624530 1439
1624540 1439
1624550 1438
1624560 1437
1624570 1437
1624580 1436
1624590 1434
1624600 1432
1624610 1432
1624620 1432
1624630 1431
1624640 1431
1624650 1430
1624660 1429
1624670 1429
1624680 1428
1624690 1427
1624700 1427
1624710 1427
1624720 1427
1624730 1427
1624740 1428
1624750 1429
1624760 1429
1624770 1429
1624780 1430
1624790 1433
1624800 1434
1624810 1436
1624820 1438
1624830 1438
1624840 1440
1624850 1442
1624860 1442
1624870 1444
1624880 1445
1624890 1445
1624900 1447
1624910 1448
1624920 1448
1624930 1449
1624940 1451
1624950 1451
1624960 1452
1624970 1453
1624980 1453
1624990 1453
1625000 1453
1625010 1453
1625020 1453
1625030 1453
1625040 1452
1625050 1452
1625060 1451
1625070 1450
1625080 1450
1625090 1447
1625100 1443
1625110 1443
1625120 1439
1625130 1435
1625140 1435
1625150 1432
1625160 1429
1625170 1429
1625180 1426
1625190 1423
1625200 1423
1625210 1420
1625220 1417
1625230 1417
1625240 1414
1625250 1410
1625260 1410
1625270 1409
1625280 1408
1625290 1410
1625300 1410
1625310 1412
1625320 1413
1625330 1413
1625340 1414
1625350 1414
1625360 1414
1625370 1413
1625380 1411
1625390 1411
1625400 1408
1625410 1405
1625420 1405
1625430 1401
1625440 1398
1625450 1398
1625460 1394
1625470 1389
1625480 1389
1625490 1384
1625500 1380
1625510 1375
1625520 1375
1625530 1369
1625540 1363
1625550 1363
1625560 1358
1625570 1356
1625580 1356
1625590 1353
1625600 1351
1625610 1351
1625620 1350
1625630 1349
1625640 1349
1625650 1347
1625660 1346
1625670 1346
1625680 1345
1625690 1343
1625700 1343
1625710 1341
1625720 1338
1625730 1334
1625740 1334
1625750 1330
1625760 1327
1625770 1327
1625780 1330
1625790 1330
1625800 1330
1625810 1326
1625820 1324
1625830 1324
1625840 1323
1625850 1323
1625860 1323
1625870 1323
1625880 1324
1625890 1324
1625900 1325
1625910 1323
1625920 1323
1625930 1323
1625940 1321
1625950 1321
1625960 1320
1625970 1320
1625980 1319
1625990 1319
1626000 1319
1626010 1318
1626020 1318
1626030 1317
1626040 1316
1626050 1316
1626060 1314
1626070 1312
1626080 1312
1626090 1309
1626100 1305
1626110 1305
1626120 1301
1626130 1297
1626140 1297
1626150 1292
1626160 1288
1626170 1288
1626180 1283
1626190 1278
1626200 1272
1626210 1272
1626220 1266
1626230 1260
1626240 1260
1626250 1254
1626260 1248
1626270 1248
1626280 1243
1626290 1237
1626300 1237
1626310 1230
1626320 1224
1626330 1224
1626340 1219
1626350 1215
1626360 1215
1626370 1212
1626380 1210
1626390 1210
1626400 1208
1626410 1206
1626420 1209
1626430 1209
1626440 1211
1626450 1212
1626460 1212
1626470 1216
1626480 1220
1626490 1220
1626500 1226
1626510 1230
1626520 1230
1626530 1233
1626540 1235
1626550 1235
1626560 1238
1626570 1240
1626580 1240
1626590 1239
1626600 1242
1626610 1242
1626620 1244
1626630 1246
1626640 1246
1626650 1246
1626660 1245
1626670 1244
1626680 1244
1626690 1245
1626700 1248
1626710 1248
1626720 1255
1626730 1261
1626740 1261
1626750 1262
1626760 1263
1626770 1263
1626780 1265
1626790 1266
1626800 1266
1626810 1268
1626820 1269
1626830 1269
1626840 1269
1626850 1269
1626860 1269
1626870 1268
1626880 1267
1626890 1265
1626900 1265
1626910 1263
1626920 1261
1626930 1261
1626940 1258
1626950 1256
1626960 1256
1626970 1252
1626980 1249
1626990 1249
1627000 1248
1627010 1248
1627020 1248
1627030 1247
1627040 1247
1627050 1247
1627060 1245
1627070 1244
1627080 1244
1627090 1242
1627100 1240
1627110 1239
1627120 1239
1627130 1239
1627140 1238
1627150 1238
1627160 1237
1627170 1235
1627180 1235
1627190 1234
1627200 1232
1627210 1232
1627220 1230
1627230 1228
1627240 1228
1627250 1226
1627260 1224
1627270 1224
1627280 1220
1627290 1217
1627300 1217
1627310 1213
1627320 1209
1627330 1205
1627340 1205
1627350 1201
1627360 1197
1627370 1197
1627380 1193
1627390 1189
1627400 1189
1627410 1186
1627420 1182
1627430 1182
1627440 1177
1627450 1173
1627460 1173
1627470 1168
1627480 1162
1627490 1162
1627500 1158
1627510 1153
1627520 1153
1627530 1149
1627540 1145
1627550 1145
1627560 1140
1627570 1136
1627580 1131
1627590 1131
1627600 1127
1627610 1125
1627620 1125
1627630 1124
1627640 1125
1627650 1125
1627660 1124
1627670 1124
1627680 1124
1627690 1124
1627700 1125
1627710 1125
1627720 1124
1627730 1126
1627740 1126
1627750 1129
1627760 1132
1627770 1132
1627780 1136
1627790 1139
1627800 1145
1627810 1145
1627820 1150
1627830 1154
1627840 1154
1627850 1159
1627860 1162
1627870 1162
1627880 1166
1627890 1169
1627900 1169
1627910 1171
1627920 1175
1627930 1175
1627940 1178
1627950 1182
1627960 1182
1627970 1185
1627980 1189
1627990 1189
1628000 1193
1628010 1197
1628020 1200
1628030 1200
1628040 1202
1628050 1204
1628060 1204
1628070 1207
1628080 1210
1628090 1210
1628100 1212
1628110 1214
1628120 1214
1628130 1216
1628140 1218
1628150 1218
1628160 1220
1628170 1222
1628180 1222
1628190 1223
1628200 1225
1628210 1225
1628220 1227
1628230 1228
1628240 1230
1628250 1230
1628260 1232
1628270 1234
1628280 1234
1628290 1236
1628300 1238
1628310 1238
1628320 1240
1628330 1242
1628340 1242
1628350 1244
1628360 1249
1628370 1249
1628380 1251
1628390 1252
1628400 1252
1628410 1253
1628420 1254
1628430 1254
1628440 1256
1628450 1259
1628460 1259
1628470 1263
1628480 1268
1628490 1272
1628500 1272
1628510 1274
1628520 1276
1628530 1276
1628540 1278
1628550 1281
1628560 1281
1628570 1283
1628580 1285
1628590 1285
1628600 1289
1628610 1292
1628620 1292
1628630 1294
1628640 1296
1628650 1296
1628660 1298
1628670 1298
1628680 1298
1628690 1297
1628700 1294
1628710 1291
1628720 1291
1628730 1289
1628740 1286
1628750 1286
1628760 1283
1628770 1280
1628780 1280
1628790 1278
1628800 1276
1628810 1276
1628820 1273
1628830 1271
1628840 1271
1628850 1269
1628860 1267
1628870 1267
1628880 1265
1628890 1264
1628900 1264
1628910 1261
1628920 1259
1628930 1259
1628940 1259
1628950 1260
1628960 1260
1628970 1260
1628980 1262
1628990 1265
1629000 1265
1629010 1268
1629020 1271
1629030 1271
1629040 1274
1629050 1276
1629060 1276
1629070 1277
1629080 1279
1629090 1279
1629100 1283
1629110 1287
1629120 1287
1629130 1292
1629140 1296
1629150 1301
1629160 1301
1629170 1305
1629180 1309
1629190 1309
1629200 1313
1629210 1317
1629220 1317
1629230 1322
1629240 1326
1629250 1323
1629260 1327
1629270 1330
1629280 1330
1629290 1333
1629300 1336
1629310 1336
1629320 1339
1629330 1341
1629340 1341
1629350 1343
1629360 1344
1629370 1344
1629380 1345
1629390 1344
1629400 1340
1629410 1340
1629420 1336
1629430 1332
1629440 1332
1629450 1328
1629460 1324
1629470 1324
1629480 1320
1629490 1316
1629500 1316
1629510 1311
1629520 1307
1629530 1307
1629540 1302
1629550 1295
1629560 1295
1629570 1288
1629580 1282
1629590 1282
1629600 1276
1629610 1269
1629620 1263
1629630 1263
1629640 1257
1629650 1251
1629660 1251
1629670 1245
1629680 1240
1629690 1240
1629700 1234
1629710 1229
1629720 1229
1629730 1223
1629740 1217
1629750 1217
1629760 1211
1629770 1206
1629780 1206
1629790 1200
1629800 1195
1629810 1195
1629820 1190
1629830 1185
1629840 1180
1629850 1180
1629860 1176
1629870 1171
1629880 1171
1629890 1169
1629900 1168
1629910 1168
1629920 1169
1629930 1169
1629940 1169
1629950 1170
1629960 1169
1629970 1169
1629980 1169
1629990 1168
1630000 1168
1630010 1166
1630020 1165
1630030 1165
1630040 1164
1630050 1164
1630060 1164
1630070 1164
1630080 1164
1630090 1166
1630100 1166
1630110 1168
1630120 1165
1630130 1165
1630140 1166
1630150 1165
1630160 1165
1630170 1161
1630180 1156
1630190 1156
1630200 1151
1630210 1146
1630220 1146
1630230 1142
1630240 1139
1630250 1139
1630260 1141
1630270 1147
1630280 1147
1630290 1153
1630300 1158
1630310 1163
1630320 1163
1630330 1168
1630340 1172
1630350 1172
1630360 1178
1630370 1182
1630380 1182
1630390 1187
1630400 1191
1630410 1191
1630420 1194
1630430 1198
1630440 1198
1630450 1201
1630460 1204
1630470 1204
1630480 1207
1630490 1210
1630500 1210
1630510 1213
1630520 1215
1630530 1215
1630540 1215
1630550 1212
1630560 1207
1630570 1207
1630580 1202
1630590 1197
1630600 1197
1630610 1191
1630620 1183
1630630 1183
1630640 1173
1630650 1166
1630660 1166
1630670 1159
1630680 1153
1630690 1153
1630700 1148
1630710 1144
1630720 1144
1630730 1138
1630740 1133
1630750 1132
1630760 1132
1630770 1133
1630780 1139
1630790 1139
1630800 1143
1630810 1146
1630820 1146
1630830 1150
1630840 1153
1630850 1153
1630860 1157
1630870 1161
1630880 1161
1630890 1165
1630900 1169
1630910 1169
1630920 1174
1630930 1178
1630940 1178
1630950 1183
1630960 1187
1630970 1187
1630980 1191
1630990 1194
1631000 1198
1631010 1198
1631020 1202
1631030 1206
1631040 1206
1631050 1210
1631060 1214
1631070 1214
1631080 1219
1631090 1222
1631100 1222
1631110 1226
1631120 1230
1631130 1230
1631140 1233
1631150 1236
1631160 1236
1631170 1240
1631180 1242
1631190 1242
1631200 1241
1631210 1236
1631220 1233
1631230 1233
1631240 1227
1631250 1222
1631260 1222
1631270 1216
1631280 1212
1631290 1212
1631300 1204
1631310 1195
1631320 1195
1631330 1186
1631340 1176
1631350 1176
1631360 1169
1631370 1165
1631380 1165
1631390 1159
1631400 1152
1631410 1152
1631420 1145
1631430 1138
1631440 1131
1631450 1131
1631460 1124
1631470 1117
1631480 1117
1631490 1110
1631500 1104
1631510 1104
1631520 1097
1631530 1090
1631540 1090
1631550 1083
1631560 1080
1631570 1080
1631580 1084
1631590 1088
1631600 1088
1631610 1091
1631620 1094
1631630 1094
1631640 1097
1631650 1102
1631660 1102
1631670 1104
1631680 1108
1631690 1110
1631700 1110
1631710 1114
1631720 1116
1631730 1116
1631740 1118
1631750 1119
1631760 1119
1631770 1118
1631780 1115
1631790 1115
1631800 1111
1631810 1107
1631820 1107
1631830 1102
1631840 1098
1631850 1098
1631860 1090
1631870 1086
1631880 1086
1631890 1082
1631900 1078
1631910 1075
1631920 1075
1631930 1072
1631940 1071
1631950 1071
1631960 1073
1631970 1080
1631980 1080
1631990 1085
1632000 1092
1632010 1092
1632020 1098
1632030 1104
1632040 1104
1632050 1110
1632060 1115
1632070 1115
1632080 1120
1632090 1123
1632100 1123
1632110 1126
1632120 1130
1632130 1133
1632140 1133
1632150 1136
1632160 1139
1632170 1139
1632180 1142
1632190 1144
1632200 1144
1632210 1148
1632220 1151
1632230 1151
1632240 1155
1632250 1160
1632260 1160
1632270 1164
1632280 1169
1632290 1169
1632300 1175
1632310 1180
1632320 1180
1632330 1185
1632340 1189
1632350 1194
1632360 1194
1632370 1199
1632380 1203
1632390 1203
1632400 1206
1632410 1210
1632420 1210
1632430 1214
1632440 1218
1632450 1218
1632460 1223
1632470 1227
1632480 1227
1632490 1232
1632500 1236
1632510 1236
1632520 1240
1632530 1244
1632540 1244
1632550 1249
1632560 1253
1632570 1253
1632580 1257
1632590 1260
1632600 1263
1632610 1263
1632620 1265
1632630 1266
1632640 1266
1632650 1264
1632660 1261
1632670 1261
1632680 1258
1632690 1254
1632700 1254
1632710 1249
1632720 1244
1632730 1244
1632740 1240
1632750 1236
1632760 1236
1632770 1233
1632780 1229
1632790 1229
1632800 1225
1632810 1220
1632820 1215
1632830 1215
1632840 1210
1632850 1206
1632860 1206
1632870 1202
1632880 1198
1632890 1198
1632900 1195
1632910 1192
1632920 1192
1632930 1189
1632940 1185
1632950 1185
1632960 1180
1632970 1176
1632980 1176
1632990 1172
1633000 1166
1633010 1166
1633020 1163
1633030 1160
1633040 1154
1633050 1154
1633060 1148
1633070 1143
1633080 1143
1633090 1137
1633100 1132
1633110 1132
1633120 1126
1633130 1120
1633140 1120
1633150 1120
1633160 1125
1633170 1125
1633180 1128
1633190 1134
1633200 1134
1633210 1138
1633220 1140
1633230 1140
1633240 1140
1633250 1141
1633260 1140
1633270 1140
1633280 1139
1633290 1138
1633300 1138
1633310 1138
1633320 1138
1633330 1138
1633340 1137
1633350 1136
1633360 1136
1633370 1136
1633380 1136
1633390 1136
1633400 1137
1633410 1138
1633420 1138
1633430 1140
1633440 1144
1633450 1144
1633460 1148
1633470 1152
1633480 1152
1633490 1156
1633500 1159
1633510 1161
1633520 1161
1633530 1161
1633540 1160
1633550 1160
1633560 1158
1633570 1151
1633580 1151
1633590 1148
1633600 1144
1633610 1144
1633620 1143
1633630 1144
1633640 1144
1633650 1145
1633660 1145
1633670 1145
1633680 1146
1633690 1148
1633700 1148
1633710 1149
1633720 1151
1633730 1152
1633740 1152
1633750 1153
1633760 1153
1633770 1153
1633780 1156
1633790 1161
1633800 1161
1633810 1166
1633820 1169
1633830 1169
1633840 1170
1633850 1172
1633860 1172
1633870 1175
1633880 1175
1633890 1175
1633900 1175
1633910 1174
1633920 1174
1633930 1173
1633940 1171
1633950 1169
1633960 1169
1633970 1168
1633980 1167
1633990 1167
1634000 1166
1634010 1166
1634020 1166
1634030 1166
1634040 1166
1634050 1166
1634060 1166
1634070 1166
1634080 1166
1634090 1166
1634100 1165
1634110 1165
1634120 1162
1634130 1158
1634140 1158
1634150 1156
1634160 1154
1634170 1154
1634180 1154
1634190 1154
1634200 1155
1634210 1155
1634220 1156
1634230 1158
1634240 1158
1634250 1160
1634260 1160
1634270 1160
1634280 1161
1634290 1161
1634300 1161
1634310 1162
1634320 1162
1634330 1162
1634340 1163
1634350 1164
1634360 1164
1634370 1163
1634380 1162
1634390 1162
1634400 1162
1634410 1161
1634420 1164
1634430 1164
1634440 1163
1634450 1163
1634460 1163
1634470 1163
1634480 1163
1634490 1163
1634500 1164
1634510 1164
1634520 1164
1634530 1160
1634540 1158
1634550 1158
1634560 1157
1634570 1158
1634580 1158
1634590 1160
1634600 1163
1634610 1163
1634620 1165
1634630 1167
1634640 1171
1634650 1171
1634660 1174
1634670 1177
1634680 1177
1634690 1180
1634700 1184
1634710 1184
1634720 1187
1634730 1188
1634740 1188
1634750 1189
1634760 1190
1634770 1190
1634780 1191
1634790 1192
1634800 1192
1634810 1193
1634820 1194
1634830 1194
1634840 1196
1634850 1197
1634860 1197
1634870 1197
1634880 1198
1634890 1200
1634900 1200
1634910 1201
1634920 1201
1634930 1201
1634940 1197
1634950 1191
1634960 1191
1634970 1186
1634980 1182
1634990 1182
1635000 1180
1635010 1176
1635020 1176
1635030 1173
1635040 1172
1635050 1172
1635060 1172
1635070 1174
1635080 1174
1635090 1173
1635100 1170
1635110 1169
1635120 1169
1635130 1168
1635140 1166
1635150 1166
1635160 1165
1635170 1166
1635180 1166
1635190 1166
1635200 1166
1635210 1166
1635220 1166
1635230 1167
1635240 1167
1635250 1167
1635260 1169
1635270 1169
1635280 1169
1635290 1169
1635300 1169
1635310 1168
1635320 1168
1635330 1166
1635340 1166
1635350 1163
1635360 1159
1635370 1159
1635380 1156
1635390 1153
1635400 1153
1635410 1149
1635420 1145
1635430 1145
1635440 1142
1635450 1138
1635460 1138
1635470 1135
1635480 1132
1635490 1132
1635500 1129
1635510 1126
1635520 1126
1635530 1122
1635540 1119
1635550 1115
1635560 1115
1635570 1113
1635580 1110
1635590 1110
1635600 1106
1635610 1103
1635620 1103
1635630 1099
1635640 1096
1635650 1096
1635660 1093
1635670 1090
1635680 1090
1635690 1088
1635700 1085
1635710 1085
1635720 1083
1635730 1081
1635740 1081
1635750 1080
1635760 1078
1635770 1078
1635780 1075
1635790 1073
1635800 1070
1635810 1070
1635820 1069
1635830 1067
1635840 1067
1635850 1065
1635860 1064
1635870 1064
1635880 1061
1635890 1059
1635900 1059
1635910 1057
1635920 1055
1635930 1055
1635940 1052
1635950 1049
1635960 1049
1635970 1046
1635980 1043
1635990 1043
1636000 1040
1636010 1034
1636020 1029
1636030 1029
1636040 1023
1636050 1022
1636060 1022
1636070 1026
1636080 1025
1636090 1025
1636100 1022
1636110 1023
1636120 1023
1636130 1022
1636140 1022
1636150 1022
1636160 1023
1636170 1024
1636180 1024
1636190 1026
1636200 1030
1636210 1030
1636220 1035
1636230 1038
1636240 1039
1636250 1039
1636260 1040
1636270 1037
1636280 1037
1636290 1034
1636300 1033
1636310 1033
1636320 1031
1636330 1032
1636340 1032
1636350 1033
1636360 1035
1636370 1035
1636380 1036
1636390 1036
1636400 1036
1636410 1035
1636420 1031
1636430 1031
1636440 1025
1636450 1028
1636460 1029
1636470 1029
1636480 1032
1636490 1034
1636500 1034
1636510 1036
1636520 1037
1636530 1037
1636540 1038
1636550 1039
1636560 1039
1636570 1043
1636580 1045
1636590 1045
1636600 1047
1636610 1049
1636620 1049
1636630 1050
1636640 1052
1636650 1052
1636660 1054
1636670 1057
1636680 1057
1636690 1059
1636700 1060
1636710 1062
1636720 1062
1636730 1064
1636740 1066
1636750 1066
1636760 1068
1636770 1070
1636780 1070
1636790 1072
1636800 1073
1636810 1073
1636820 1075
1636830 1077
1636840 1077
1636850 1079
1636860 1081
1636870 1081
1636880 1083
1636890 1085
1636900 1085
1636910 1087
1636920 1089
1636930 1090
1636940 1093
1636950 1095
1636960 1096
1636970 1096
1636980 1098
1636990 1099
1637000 1099
1637010 1100
1637020 1100
1637030 1100
1637040 1101
1637050 1102
1637060 1102
1637070 1103
1637080 1105
1637090 1105
1637100 1105
1637110 1105
1637120 1105
1637130 1105
1637140 1105
1637150 1103
1637160 1103
1637170 1099
1637180 1098
1637190 1098
1637200 1098
1637210 1097
1637220 1097
1637230 1094
1637240 1091
1637250 1091
1637260 1088
1637270 1085
1637280 1085
1637290 1082
1637300 1080
1637310 1080
1637320 1078
1637330 1076
1637340 1076
1637350 1074
1637360 1073
1637370 1073
1637380 1072
1637390 1071
1637400 1069
1637410 1069
1637420 1067
1637430 1064
1637440 1064
1637450 1063
1637460 1062
1637470 1062
1637480 1060
1637490 1059
1637500 1059
1637510 1057
1637520 1055
1637530 1055
1637540 1053
1637550 1050
1637560 1050
1637570 1048
1637580 1047
1637590 1047
1637600 1046
1637610 1046
1637620 1045
1637630 1045
1637640 1044
1637650 1043
1637660 1043
1637670 1042
1637680 1041
1637690 1041
1637700 1040
1637710 1038
1637720 1038
1637730 1037
1637740 1036
1637750 1036
1637760 1035
1637770 1032
1637780 1032
1637790 1031
1637800 1029
1637810 1029
1637820 1028
1637830 1026
1637840 1025
1637850 1025
1637860 1024
1637870 1023
1637880 1023
1637890 1022
1637900 1021
1637910 1021
1637920 1021
1637930 1020
1637940 1020
1637950 1019
1637960 1018
1637970 1018
1637980 1017
1637990 1016
1638000 1016
1638010 1016
1638020 1015
1638030 1015
1638040 1013
1638050 1012
1638060 1010
1638070 1010
1638080 1008
1638090 1006
1638100 1006
1638110 1005
1638120 1003
1638130 1003
1638140 1002
1638150 1002
1638160 1002
1638170 1003
1638180 1004
1638190 1004
1638200 1006
1638210 1007
1638220 1007
1638230 1008
1638240 1006
1638250 1006
1638260 1005
1638270 1005
1638280 1005
1638290 1003
1638300 998
1638310 995
1638320 995
1638330 995
1638340 995
1638350 995
1638360 995
1638370 996
1638380 996
1638390 996
1638400 996
1638410 996
1638420 997
1638430 997
1638440 997
1638450 998
1638460 998
1638470 998
1638480 998
1638490 997
1638500 997
1638510 998
1638520 1001
1638530 1004
1638540 1004
1638550 1006
1638560 1010
1638570 1010
1638580 1013
1638590 1014
1638600 1014
1638610 1018
1638620 1024
1638630 1024
1638640 1030
1638650 1031
1638660 1031
1638670 1027
1638680 1024
1638690 1024
1638700 1022
1638710 1019
1638720 1019
1638730 1016
1638740 1012
1638750 1009
1638760 1009
1638770 1009
1638780 1008
1638790 1008
1638800 1008
1638810 1008
1638820 1008
1638830 1008
1638840 1009
1638850 1009
1638860 1008
1638870 1009
1638880 1009
1638890 1009
1638900 1008
1638910 1008
1638920 1007
1638930 1005
1638940 1005
1638950 1004
1638960 1003
1638970 1002
1638980 1002
1638990 1002
1639000 1002
1639010 1002
1639020 1001
1639030 1000
1639040 1000
1639050 999
1639060 999
1639070 999
1639080 999
1639090 999
1639100 999
1639110 999
1639120 997
1639130 997
1639140 994
1639150 991
1639160 991
1639170 986
1639180 982
1639190 982
1639200 978
1639210 976
1639220 973
1639230 973
1639240 971
1639250 970
1639260 970
1639270 969
1639280 968
1639290 968
1639300 967
1639310 967
1639320 967
1639330 967
1639340 965
1639350 965
1639360 964
1639370 962
1639380 962
1639390 961
1639400 960
1639410 960
1639420 955
1639430 953
1639440 949
1639450 949
1639460 946
1639470 944
1639480 944
1639490 942
1639500 941
1639510 941
1639520 940
1639530 937
1639540 937
1639550 931
1639560 928
1639570 928
1639580 924
1639590 923
1639600 923
1639610 920
1639620 918
1639630 918
1639640 917
1639650 915
1639660 913
1639670 913
1639680 912
1639690 911
1639700 911
1639710 910
1639720 911
1639730 911
1639740 912
1639750 914
1639760 914
1639770 915
1639780 915
1639790 915
1639800 914
1639810 911
1639820 911
1639830 908
1639840 906
1639850 906
1639860 905
1639870 903
1639880 903
1639890 902
1639900 903
1639910 905
1639920 905
1639930 906
1639940 904
1639950 904
1639960 903
1639970 899
1639980 899
1639990 897
