1620000 1522
1620010 1515
1620020 1515
1620030 1508
1620040 1501
1620050 1501
1620060 1494
1620070 1488
1620080 1488
1620090 1481
1620100 1474
1620110 1474
1620120 1469
1620130 1463
1620140 1463
1620150 1457
1620160 1452
1620170 1452
1620180 1448
1620190 1443
1620200 1443
1620210 1438
1620220 1434
1620230 1429
1620240 1429
1620250 1424
1620260 1419
1620270 1419
1620280 1414
1620290 1410
1620300 1410
1620310 1406
1620320 1403
1620330 1403
1620340 1399
1620350 1395
1620360 1395
1620370 1390
1620380 1387
1620390 1387
1620400 1385
1620410 1384
1620420 1384
1620430 1379
1620440 1378
1620450 1379
1620460 1379
1620470 1379
1620480 1378
1620490 1378
1620500 1378
1620510 1378
1620520 1378
1620530 1378
1620540 1376
1620550 1376
1620560 1375
1620570 1376
1620580 1376
1620590 1377
1620600 1376
1620610 1376
1620620 1374
1620630 1371
1620640 1371
1620650 1367
1620660 1360
1620670 1360
1620680 1360
1620690 1360
1620700 1360
1620710 1360
1620720 1359
1620730 1358
1620740 1358
1620750 1357
1620760 1354
1620770 1354
1620780 1352
1620790 1351
1620800 1351
1620810 1348
1620820 1346
1620830 1346
1620840 1344
1620850 1343
1620860 1343
1620870 1341
1620880 1340
1620890 1340
1620900 1339
1620910 1338
1620920 1336
1620930 1336
1620940 1335
1620950 1335
1620960 1335
1620970 1334
1620980 1333
1620990 1333
1621000 1333
1621010 1332
1621020 1332
1621030 1331
1621040 1330
1621050 1330
1621060 1329
1621070 1329
1621080 1329
1621090 1329
1621100 1328
1621110 1328
1621120 1326
1621130 1324
1621140 1322
1621150 1322
1621160 1321
1621170 1319
1621180 1319
1621190 1317
1621200 1316
1621210 1316
1621220 1315
1621230 1315
1621240 1315
1621250 1314
1621260 1314
1621270 1314
1621280 1314
1621290 1314
1621300 1314
1621310 1313
1621320 1313
1621330 1313
1621340 1313
1621350 1312
1621360 1312
1621370 1312
1621380 1310
1621390 1308
1621400 1308
1621410 1305
1621420 1303
1621430 1303
1621440 1301
1621450 1299
1621460 1299
1621470 1299
1621480 1300
1621490 1300
1621500 1301
1621510 1300
1621520 1300
1621530 1296
1621540 1292
1621550 1292
1621560 1288
1621570 1284
1621580 1284
1621590 1285
1621600 1284
1621610 1282
1621620 1282
1621630 1280
1621640 1279
1621650 1279
1621660 1278
1621670 1277
1621680 1277
1621690 1276
1621700 1273
1621710 1273
1621720 1271
1621730 1270
1621740 1270
1621750 1269
1621760 1268
1621770 1268
1621780 1264
1621790 1258
1621800 1258
1621810 1250
1621820 1243
1621830 1238
1621840 1238
1621850 1236
1621860 1240
1621870 1240
1621880 1248
1621890 1256
1621900 1256
1621910 1265
1621920 1271
1621930 1271
1621940 1279
1621950 1286
1621960 1286
1621970 1292
1621980 1296
1621990 1296
1622000 1300
1622010 1304
1622020 1304
1622030 1307
1622040 1308
1622050 1310
1622060 1310
1622070 1311
1622080 1314
1622090 1314
1622100 1316
1622110 1317
1622120 1317
1622130 1318
1622140 1319
1622150 1319
1622160 1320
1622170 1320
1622180 1320
1622190 1320
1622200 1321
1622210 1321
1622220 1322
1622230 1322
1622240 1322
1622250 1322
1622260 1320
1622270 1320
1622280 1318
1622290 1314
1622300 1311
1622310 1311
1622320 1307
1622330 1302
1622340 1302
1622350 1298
1622360 1294
1622370 1294
1622380 1290
1622390 1286
1622400 1286
1622410 1283
1622420 1278
1622430 1278
1622440 1273
1622450 1267
1622460 1267
1622470 1261
1622480 1255
1622490 1255
1622500 1249
1622510 1242
1622520 1236
1622530 1236
1622540 1230
1622550 1226
1622560 1226
1622570 1221
1622580 1216
1622590 1216
1622600 1211
1622610 1208
1622620 1208
1622630 1207
1622640 1206
1622650 1206
1622660 1209
1622670 1214
1622680 1214
1622690 1220
1622700 1225
1622710 1225
1622720 1230
1622730 1235
1622740 1238
1622750 1238
1622760 1239
1622770 1238
1622780 1238
1622790 1235
1622800 1233
1622810 1233
1622820 1230
1622830 1228
1622840 1228
1622850 1228
1622860 1228
1622870 1228
1622880 1226
1622890 1224
1622900 1224
1622910 1221
1622920 1219
1622930 1219
1622940 1216
1622950 1213
1622960 1213
1622970 1210
1622980 1207
1622990 1207
1623000 1207
1623010 1209
1623020 1211
1623030 1211
1623040 1212
1623050 1216
1623060 1216
1623070 1221
1623080 1227
1623090 1227
1623100 1234
1623110 1242
1623120 1242
1623130 1250
1623140 1259
1623150 1259
1623160 1267
1623170 1275
1623180 1275
1623190 1283
1623200 1291
1623210 1299
1623220 1299
1623230 1306
1623240 1314
1623250 1314
1623260 1322
1623270 1329
1623280 1329
1623290 1337
1623300 1344
1623310 1344
1623320 1350
1623330 1357
1623340 1357
1623350 1363
1623360 1368
1623370 1368
1623380 1374
1623390 1380
1623400 1380
1623410 1385
1623420 1389
1623430 1390
1623440 1390
1623450 1392
1623460 1393
1623470 1393
1623480 1394
1623490 1395
1623500 1395
1623510 1396
1623520 1397
1623530 1397
1623540 1398
1623550 1400
1623560 1400
1623570 1402
1623580 1403
1623590 1403
1623600 1404
1623610 1405
1623620 1405
1623630 1407
1623640 1408
1623650 1408
1623660 1409
1623670 1410
1623680 1410
1623690 1410
1623700 1410
1623710 1410
1623720 1410
1623730 1410
1623740 1410
1623750 1410
1623760 1409
1623770 1408
1623780 1408
1623790 1405
1623800 1402
1623810 1402
1623820 1398
1623830 1391
1623840 1391
1623850 1386
1623860 1379
1623870 1379
1623880 1374
1623890 1368
1623900 1362
1623910 1362
1623920 1357
1623930 1350
1623940 1350
1623950 1344
1623960 1337
1623970 1337
1623980 1331
1623990 1325
1624000 1325
1624010 1316
1624020 1306
1624030 1306
1624040 1298
1624050 1290
1624060 1290
1624070 1283
1624080 1277
1624090 1277
1624100 1271
1624110 1264
1624120 1258
1624130 1258
1624140 1251
1624150 1244
1624160 1244
1624170 1238
1624180 1232
1624190 1232
1624200 1227
1624210 1223
1624220 1223
1624230 1218
1624240 1214
1624250 1214
1624260 1210
1624270 1205
1624280 1205
1624290 1201
1624300 1196
1624310 1196
1624320 1193
1624330 1190
1624340 1186
1624350 1185
1624360 1190
1624370 1194
1624380 1194
1624390 1199
1624400 1204
1624410 1204
1624420 1207
1624430 1211
1624440 1211
1624450 1213
1624460 1216
1624470 1216
1624480 1220
1624490 1224
1624500 1224
1624510 1229
1624520 1232
1624530 1232
1624540 1237
1624550 1241
1624560 1241
1624570 1245
1624580 1249
1624590 1254
1624600 1254
1624610 1258
1624620 1263
1624630 1263
1624640 1267
1624650 1271
1624660 1271
1624670 1275
1624680 1278
1624690 1278
1624700 1281
1624710 1284
1624720 1284
1624730 1287
1624740 1290
1624750 1290
1624760 1292
1624770 1293
1624780 1293
1624790 1294
1624800 1295
1624810 1295
1624820 1295
1624830 1295
1624840 1295
1624850 1295
1624860 1294
1624870 1294
1624880 1294
1624890 1293
1624900 1293
1624910 1293
1624920 1293
1624930 1292
1624940 1292
1624950 1291
1624960 1290
1624970 1290
1624980 1289
1624990 1289
1625000 1289
1625010 1292
1625020 1293
1625030 1293
1625040 1290
1625050 1290
1625060 1290
1625070 1290
1625080 1288
1625090 1288
1625100 1288
1625110 1288
1625120 1287
1625130 1287
1625140 1286
1625150 1287
1625160 1287
1625170 1287
1625180 1287
1625190 1287
1625200 1288
1625210 1287
1625220 1287
1625230 1287
1625240 1286
1625250 1284
1625260 1284
1625270 1283
1625280 1282
1625290 1282
1625300 1281
1625310 1280
1625320 1280
1625330 1280
1625340 1279
1625350 1279
1625360 1280
1625370 1282
1625380 1282
1625390 1284
1625400 1286
1625410 1286
1625420 1288
1625430 1292
1625440 1292
1625450 1295
1625460 1300
1625470 1300
1625480 1305
1625490 1309
1625500 1314
1625510 1314
1625520 1319
1625530 1323
1625540 1323
1625550 1327
1625560 1329
1625570 1329
1625580 1331
1625590 1332
1625600 1332
1625610 1332
1625620 1332
1625630 1332
1625640 1332
1625650 1331
1625660 1331
1625670 1331
1625680 1331
1625690 1331
1625700 1333
1625710 1334
1625720 1334
1625730 1335
1625740 1336
1625750 1339
1625760 1339
1625770 1342
1625780 1346
1625790 1346
1625800 1349
1625810 1353
1625820 1353
1625830 1356
1625840 1358
1625850 1358
1625860 1362
1625870 1365
1625880 1365
1625890 1367
1625900 1369
1625910 1369
1625920 1371
1625930 1373
1625940 1373
1625950 1375
1625960 1377
1625970 1377
1625980 1377
1625990 1378
1626000 1379
1626010 1379
1626020 1379
1626030 1380
1626040 1380
1626050 1380
1626060 1381
1626070 1381
1626080 1381
1626090 1381
1626100 1381
1626110 1381
1626120 1380
1626130 1380
1626140 1380
1626150 1377
1626160 1377
1626170 1377
1626180 1376
1626190 1375
1626200 1375
1626210 1374
1626220 1371
1626230 1371
1626240 1369
1626250 1365
1626260 1365
1626270 1363
1626280 1361
1626290 1361
1626300 1359
1626310 1357
1626320 1357
1626330 1355
1626340 1353
1626350 1353
1626360 1352
1626370 1350
1626380 1350
1626390 1349
1626400 1347
1626410 1347
1626420 1345
1626430 1344
1626440 1341
1626450 1341
1626460 1339
1626470 1337
1626480 1337
1626490 1336
1626500 1334
1626510 1334
1626520 1333
1626530 1332
1626540 1332
1626550 1330
1626560 1328
1626570 1328
1626580 1326
1626590 1324
1626600 1324
1626610 1323
1626620 1321
1626630 1321
1626640 1319
1626650 1318
1626660 1316
1626670 1316
1626680 1314
1626690 1311
1626700 1311
1626710 1309
1626720 1307
1626730 1307
1626740 1304
1626750 1302
1626760 1302
1626770 1299
1626780 1296
1626790 1296
1626800 1295
1626810 1294
1626820 1294
1626830 1291
1626840 1289
1626850 1289
1626860 1288
1626870 1286
1626880 1284
1626890 1284
1626900 1281
1626910 1278
1626920 1278
1626930 1275
1626940 1271
1626950 1271
1626960 1268
1626970 1266
1626980 1266
1626990 1263
1627000 1261
1627010 1261
1627020 1259
1627030 1257
1627040 1256
1627050 1254
1627060 1251
1627070 1251
1627080 1247
1627090 1244
1627100 1244
1627110 1240
1627120 1236
1627130 1233
1627140 1233
1627150 1230
1627160 1228
1627170 1228
1627180 1225
1627190 1223
1627200 1223
1627210 1222
1627220 1220
1627230 1220
1627240 1215
1627250 1209
1627260 1209
1627270 1203
1627280 1198
1627290 1198
1627300 1195
1627310 1191
1627320 1191
1627330 1189
1627340 1186
1627350 1184
1627360 1184
1627370 1184
1627380 1183
1627390 1183
1627400 1180
1627410 1178
1627420 1178
1627430 1175
1627440 1173
1627450 1173
1627460 1171
1627470 1168
1627480 1168
1627490 1166
1627500 1163
1627510 1163
1627520 1158
1627530 1154
1627540 1154
1627550 1149
1627560 1144
1627570 1140
1627580 1140
1627590 1137
1627600 1133
1627610 1133
1627620 1131
1627630 1127
1627640 1127
1627650 1126
1627660 1124
1627670 1124
1627680 1121
1627690 1116
1627700 1116
1627710 1112
1627720 1108
1627730 1108
1627740 1108
1627750 1106
1627760 1106
1627770 1104
1627780 1103
1627790 1103
1627800 1102
1627810 1101
1627820 1099
1627830 1099
1627840 1098
1627850 1099
1627860 1099
1627870 1099
1627880 1095
1627890 1095
1627900 1090
1627910 1083
1627920 1083
1627930 1077
1627940 1071
1627950 1071
1627960 1065
1627970 1058
1627980 1058
1627990 1050
1628000 1042
1628010 1042
1628020 1037
1628030 1029
1628040 1030
1628050 1030
1628060 1034
1628070 1038
1628080 1038
1628090 1042
1628100 1045
1628110 1045
1628120 1047
1628130 1048
1628140 1048
1628150 1051
1628160 1055
1628170 1055
1628180 1059
1628190 1063
1628200 1063
1628210 1067
1628220 1070
1628230 1070
1628240 1072
1628250 1072
1628260 1069
1628270 1069
1628280 1063
1628290 1059
1628300 1059
1628310 1060
1628320 1064
1628330 1064
1628340 1069
1628350 1075
1628360 1075
1628370 1081
1628380 1086
1628390 1086
1628400 1091
1628410 1094
1628420 1094
1628430 1097
1628440 1098
1628450 1098
1628460 1098
1628470 1099
1628480 1099
1628490 1100
1628500 1099
1628510 1097
1628520 1097
1628530 1092
1628540 1087
1628550 1087
1628560 1085
1628570 1080
1628580 1080
1628590 1078
1628600 1074
1628610 1074
1628620 1072
1628630 1071
1628640 1071
1628650 1070
1628660 1071
1628670 1071
1628680 1073
1628690 1073
1628700 1073
1628710 1068
1628720 1062
1628730 1054
1628740 1054
1628750 1046
1628760 1038
1628770 1038
1628780 1031
1628790 1024
1628800 1024
1628810 1016
1628820 1012
1628830 1012
1628840 1015
1628850 1021
1628860 1021
1628870 1026
1628880 1031
1628890 1031
1628900 1034
1628910 1035
1628920 1035
1628930 1033
1628940 1033
1628950 1039
1628960 1039
1628970 1047
1628980 1053
1628990 1053
1629000 1058
1629010 1064
1629020 1064
1629030 1070
1629040 1077
1629050 1077
1629060 1083
1629070 1088
1629080 1088
1629090 1093
1629100 1099
1629110 1099
1629120 1104
1629130 1109
1629140 1109
1629150 1114
1629160 1119
1629170 1119
1629180 1124
1629190 1129
1629200 1135
1629210 1135
1629220 1140
1629230 1145
1629240 1145
1629250 1149
1629260 1154
1629270 1154
1629280 1157
1629290 1161
1629300 1161
1629310 1164
1629320 1168
1629330 1168
1629340 1172
1629350 1176
1629360 1176
1629370 1181
1629380 1187
1629390 1187
1629400 1191
1629410 1193
1629420 1195
1629430 1195
1629440 1198
1629450 1203
1629460 1203
1629470 1207
1629480 1212
1629490 1212
1629500 1216
1629510 1219
1629520 1219
1629530 1220
1629540 1221
1629550 1221
1629560 1222
1629570 1226
1629580 1226
1629590 1231
1629600 1235
1629610 1235
1629620 1239
1629630 1242
1629640 1245
1629650 1245
1629660 1248
1629670 1251
1629680 1251
1629690 1253
1629700 1255
1629710 1255
1629720 1257
1629730 1259
1629740 1259
1629750 1260
1629760 1262
1629770 1262
1629780 1263
1629790 1263
1629800 1263
1629810 1261
1629820 1258
1629830 1258
1629840 1254
1629850 1252
1629860 1252
1629870 1248
1629880 1245
1629890 1241
1629900 1241
1629910 1237
1629920 1232
1629930 1232
1629940 1228
1629950 1223
1629960 1223
1629970 1218
1629980 1213
1629990 1213
1630000 1208
1630010 1203
1630020 1203
1630030 1198
1630040 1193
1630050 1193
1630060 1188
1630070 1182
1630080 1182
1630090 1176
1630100 1171
1630110 1166
1630120 1166
1630130 1161
1630140 1155
1630150 1155
1630160 1150
1630170 1148
1630180 1148
1630190 1145
1630200 1140
1630210 1140
1630220 1136
1630230 1130
1630240 1130
1630250 1124
1630260 1118
1630270 1118
1630280 1111
1630290 1106
1630300 1106
1630310 1098
1630320 1091
1630330 1084
1630340 1084
1630350 1078
1630360 1073
1630370 1073
1630380 1069
1630390 1066
1630400 1066
1630410 1064
1630420 1062
1630430 1062
1630440 1059
1630450 1057
1630460 1057
1630470 1054
1630480 1049
1630490 1049
1630500 1044
1630510 1042
1630520 1042
1630530 1040
1630540 1036
1630550 1036
1630560 1030
1630570 1026
1630580 1023
1630590 1023
1630600 1019
1630610 1014
1630620 1014
1630630 1009
1630640 1003
1630650 1003
1630660 998
1630670 993
1630680 993
1630690 987
1630700 981
1630710 981
1630720 975
1630730 969
1630740 969
1630750 961
1630760 956
1630770 956
1630780 957
1630790 960
1630800 958
1630810 958
1630820 953
1630830 947
1630840 947
1630850 942
1630860 938
1630870 938
1630880 934
1630890 930
1630900 930
1630910 927
1630920 925
1630930 925
1630940 926
1630950 927
1630960 927
1630970 928
1630980 928
1630990 928
1631000 928
1631010 932
1631020 935
1631030 935
1631040 938
1631050 941
1631060 941
1631070 945
1631080 948
1631090 948
1631100 952
1631110 955
1631120 955
1631130 952
1631140 947
1631150 947
1631160 943
1631170 939
1631180 939
1631190 935
1631200 930
1631210 930
1631220 926
1631230 922
1631240 920
1631250 920
1631260 922
1631270 926
1631280 926
1631290 932
1631300 937
1631310 937
1631320 941
1631330 945
1631340 945
1631350 949
1631360 954
1631370 954
1631380 957
1631390 959
1631400 959
1631410 960
1631420 963
1631430 968
1631440 972
1631450 976
1631460 976
1631470 979
1631480 983
1631490 986
1631500 986
1631510 989
1631520 993
1631530 993
1631540 997
1631550 999
1631560 999
1631570 1000
1631580 1003
1631590 1003
1631600 1006
1631610 1007
1631620 1007
1631630 1008
1631640 1012
1631650 1012
1631660 1019
1631670 1023
1631680 1023
1631690 1027
1631700 1031
1631710 1035
1631720 1035
1631730 1038
1631740 1039
1631750 1039
1631760 1043
1631770 1049
1631780 1049
1631790 1054
1631800 1058
1631810 1058
1631820 1061
1631830 1063
1631840 1063
1631850 1064
1631860 1065
1631870 1065
1631880 1066
1631890 1068
1631900 1068
1631910 1070
1631920 1073
1631930 1076
1631940 1076
1631950 1080
1631960 1084
1631970 1084
1631980 1086
1631990 1088
1632000 1088
1632010 1089
1632020 1089
1632030 1089
1632040 1090
1632050 1091
1632060 1091
1632070 1093
1632080 1094
1632090 1094
1632100 1097
1632110 1100
1632120 1100
1632130 1101
1632140 1103
1632150 1103
1632160 1104
1632170 1106
1632180 1108
1632190 1108
1632200 1109
1632210 1111
1632220 1111
1632230 1112
1632240 1112
1632250 1112
1632260 1113
1632270 1113
1632280 1113
1632290 1112
1632300 1111
1632310 1111
1632320 1111
1632330 1110
1632340 1110
1632350 1109
1632360 1107
1632370 1107
1632380 1106
1632390 1106
1632400 1106
1632410 1106
1632420 1105
1632430 1103
1632440 1103
1632450 1101
1632460 1097
1632470 1097
1632480 1093
1632490 1089
1632500 1089
1632510 1086
1632520 1083
1632530 1083
1632540 1079
1632550 1077
1632560 1077
1632570 1073
1632580 1070
1632590 1070
1632600 1070
1632610 1069
1632620 1069
1632630 1069
1632640 1069
1632650 1069
1632660 1069
1632670 1069
1632680 1070
1632690 1070
1632700 1068
1632710 1065
1632720 1065
1632730 1062
1632740 1057
1632750 1057
1632760 1053
1632770 1048
1632780 1048
1632790 1042
1632800 1037
1632810 1037
1632820 1031
1632830 1025
1632840 1025
1632850 1019
1632860 1014
1632870 1007
1632880 1007
1632890 1000
1632900 997
1632910 997
1632920 995
1632930 994
1632940 994
1632950 995
1632960 1000
1632970 1000
1632980 1004
1632990 1009
1633000 1009
1633010 1014
1633020 1018
1633030 1018
1633040 1021
1633050 1021
1633060 1021
1633070 1020
1633080 1019
1633090 1018
1633100 1018
1633110 1017
1633120 1017
1633130 1017
1633140 1016
1633150 1011
1633160 1011
1633170 1010
1633180 1011
1633190 1011
1633200 1013
1633210 1013
1633220 1013
1633230 1012
1633240 1011
1633250 1011
1633260 1010
1633270 1008
1633280 1008
1633290 1004
1633300 999
1633310 993
1633320 993
1633330 988
1633340 982
1633350 982
1633360 975
1633370 968
1633380 968
1633390 962
1633400 957
1633410 957
1633420 952
1633430 947
1633440 947
1633450 943
1633460 941
1633470 941
1633480 938
1633490 935
1633500 935
1633510 931
1633520 927
1633530 927
1633540 923
1633550 919
1633560 913
1633570 913
1633580 912
1633590 919
1633600 919
1633610 927
1633620 934
1633630 934
1633640 940
1633650 945
1633660 945
1633670 950
1633680 956
1633690 956
1633700 963
1633710 968
1633720 968
1633730 973
1633740 976
1633750 976
1633760 980
1633770 983
1633780 986
1633790 986
1633800 988
1633810 991
1633820 991
1633830 992
1633840 992
1633850 992
1633860 992
1633870 991
1633880 991
1633890 991
1633900 990
1633910 990
1633920 990
1633930 989
1633940 989
1633950 989
1633960 990
1633970 990
1633980 991
1633990 993
1634000 995
1634010 995
1634020 999
1634030 1005
1634040 1005
1634050 1010
1634060 1016
1634070 1016
1634080 1020
1634090 1026
1634100 1026
1634110 1031
1634120 1037
1634130 1037
1634140 1042
1634150 1048
1634160 1048
1634170 1053
1634180 1058
1634190 1058
1634200 1063
1634210 1068
1634220 1068
1634230 1073
1634240 1079
1634250 1083
1634260 1083
1634270 1087
1634280 1089
1634290 1089
1634300 1092
1634310 1093
1634320 1093
1634330 1094
1634340 1092
1634350 1092
1634360 1090
1634370 1088
1634380 1088
1634390 1086
1634400 1083
1634410 1083
1634420 1080
1634430 1077
1634440 1077
1634450 1074
1634460 1071
1634470 1067
1634480 1067
1634490 1062
1634500 1057
1634510 1057
1634520 1051
1634530 1045
1634540 1045
1634550 1039
1634560 1033
1634570 1033
1634580 1027
1634590 1023
1634600 1023
1634610 1019
1634620 1016
1634630 1016
1634640 1012
1634650 1008
1634660 1008
1634670 1005
1634680 1001
1634690 999
1634700 999
1634710 995
1634720 993
1634730 993
1634740 992
1634750 992
1634760 992
1634770 993
1634780 995
1634790 995
1634800 995
1634810 995
1634820 995
1634830 997
1634840 999
1634850 996
1634860 998
1634870 1000
1634880 1000
1634890 1001
1634900 1003
1634910 1003
1634920 1004
1634930 1004
1634940 1001
1634950 1001
1634960 997
1634970 995
1634980 995
1634990 994
1635000 996
1635010 996
1635020 999
1635030 1003
1635040 1003
1635050 1006
1635060 1010
1635070 1010
1635080 1014
1635090 1017
1635100 1017
1635110 1021
1635120 1026
1635130 1026
1635140 1030
1635150 1035
1635160 1040
1635170 1040
1635180 1043
1635190 1044
1635200 1044
1635210 1041
1635220 1038
1635230 1038
1635240 1034
1635250 1031
1635260 1031
1635270 1028
1635280 1026
1635290 1026
1635300 1027
1635310 1029
1635320 1029
1635330 1030
1635340 1031
1635350 1031
1635360 1033
1635370 1037
1635380 1041
1635390 1041
1635400 1044
1635410 1046
1635420 1046
1635430 1049
1635440 1051
1635450 1051
1635460 1054
1635470 1057
1635480 1057
1635490 1060
1635500 1063
1635510 1063
1635520 1066
1635530 1069
1635540 1069
1635550 1072
1635560 1075
1635570 1075
1635580 1077
1635590 1079
1635600 1079
1635610 1080
1635620 1081
1635630 1082
1635640 1082
1635650 1083
1635660 1084
1635670 1084
1635680 1085
1635690 1083
1635700 1083
1635710 1082
1635720 1083
1635730 1083
1635740 1084
1635750 1084
1635760 1084
1635770 1083
1635780 1082
1635790 1082
1635800 1081
1635810 1079
1635820 1079
1635830 1077
1635840 1074
1635850 1070
1635860 1070
1635870 1068
1635880 1065
1635890 1065
1635900 1061
1635910 1059
1635920 1059
1635930 1057
1635940 1055
1635950 1055
1635960 1054
1635970 1053
1635980 1053
1635990 1052
1636000 1052
1636010 1052
1636020 1051
1636030 1050
1636040 1050
1636050 1048
1636060 1046
1636070 1044
1636080 1044
1636090 1044
1636100 1044
1636110 1044
1636120 1042
1636130 1041
1636140 1041
1636150 1042
1636160 1046
1636170 1046
1636180 1049
1636190 1051
1636200 1051
1636210 1055
1636220 1060
1636230 1060
1636240 1065
1636250 1069
1636260 1069
1636270 1074
1636280 1079
1636290 1079
1636300 1083
1636310 1087
1636320 1091
1636330 1091
1636340 1092
1636350 1093
1636360 1093
1636370 1094
1636380 1095
1636390 1095
1636400 1095
1636410 1096
1636420 1096
1636430 1096
1636440 1097
1636450 1097
1636460 1097
1636470 1097
1636480 1097
1636490 1097
1636500 1096
1636510 1096
1636520 1096
1636530 1094
1636540 1092
1636550 1092
1636560 1089
1636570 1086
1636580 1086
1636590 1082
1636600 1078
1636610 1078
1636620 1074
1636630 1070
1636640 1070
1636650 1066
1636660 1063
1636670 1063
1636680 1059
1636690 1057
1636700 1057
1636710 1054
1636720 1051
1636730 1051
1636740 1049
1636750 1045
1636760 1043
1636770 1043
1636780 1040
1636790 1038
1636800 1038
1636810 1036
1636820 1033
1636830 1033
1636840 1031
1636850 1028
1636860 1028
1636870 1025
1636880 1021
1636890 1021
1636900 1018
1636910 1015
1636920 1015
1636930 1011
1636940 1008
1636950 1008
1636960 1006
1636970 1003
1636980 1003
1636990 998
1637000 994
1637010 990
1637020 990
1637030 985
1637040 981
1637050 981
1637060 978
1637070 975
1637080 975
1637090 972
1637100 968
1637110 968
1637120 966
1637130 965
1637140 965
1637150 963
1637160 962
1637170 962
1637180 960
1637190 958
1637200 958
1637210 957
1637220 954
1637230 951
1637240 951
1637250 947
1637260 943
1637270 943
1637280 938
1637290 933
1637300 933
1637310 928
1637320 924
1637330 924
1637340 918
1637350 914
1637360 913
1637370 908
1637380 904
1637390 904
1637400 900
1637410 896
1637420 896
1637430 892
1637440 894
1637450 894
1637460 894
1637470 896
1637480 898
1637490 898
1637500 901
1637510 904
1637520 904
1637530 907
1637540 909
1637550 909
1637560 912
1637570 915
1637580 915
1637590 917
1637600 916
1637610 916
1637620 915
1637630 912
1637640 912
1637650 907
1637660 905
1637670 905
1637680 903
1637690 900
1637700 897
1637710 897
1637720 894
1637730 892
1637740 892
1637750 890
1637760 889
1637770 889
1637780 888
1637790 887
1637800 887
1637810 887
1637820 885
1637830 885
1637840 883
1637850 881
1637860 881
1637870 879
1637880 876
1637890 876
1637900 872
1637910 867
1637920 863
1637930 863
1637940 859
1637950 856
1637960 856
1637970 852
1637980 847
1637990 847
1638000 842
1638010 837
1638020 837
1638030 833
1638040 829
1638050 829
1638060 826
1638070 822
1638080 822
1638090 817
1638100 810
1638110 810
1638120 804
1638130 796
1638140 796
1638150 796
1638160 800
1638170 802
1638180 802
1638190 803
1638200 805
1638210 805
1638220 806
1638230 807
1638240 807
1638250 807
1638260 806
1638270 806
1638280 806
1638290 805
1638300 805
1638310 803
1638320 802
1638330 802
1638340 802
1638350 802
1638360 802
1638370 801
1638380 798
1638390 793
1638400 793
1638410 791
1638420 790
1638430 790
1638440 789
1638450 785
1638460 785
1638470 782
1638480 779
1638490 779
1638500 780
1638510 783
1638520 783
1638530 786
1638540 788
1638550 788
1638560 790
1638570 791
1638580 791
1638590 792
1638600 793
1638610 791
1638620 791
1638630 788
1638640 785
1638650 785
1638660 786
1638670 792
1638680 792
1638690 796
1638700 798
1638710 798
1638720 800
1638730 803
1638740 803
1638750 804
1638760 805
1638770 805
1638780 806
1638790 808
1638800 808
1638810 809
1638820 811
1638830 812
1638840 812
1638850 813
1638860 814
1638870 814
1638880 815
1638890 816
1638900 816
1638910 817
1638920 818
1638930 818
1638940 818
1638950 819
1638960 819
1638970 819
1638980 818
1638990 818
1639000 818
1639010 813
1639020 813
1639030 810
1639040 809
1639050 809
1639060 809
1639070 809
1639080 809
1639090 809
1639100 811
1639110 812
1639120 812
1639130 815
1639140 816
1639150 816
1639160 818
1639170 820
1639180 820
1639190 821
1639200 823
1639210 823
1639220 825
1639230 826
1639240 826
1639250 827
1639260 828
1639270 828
1639280 829
1639290 829
1639300 829
1639310 829
1639320 829
1639330 829
1639340 829
1639350 829
1639360 829
1639370 829
1639380 829
1639390 830
1639400 830
1639410 829
1639420 829
1639430 829
1639440 828
1639450 828
1639460 828
1639470 828
1639480 828
1639490 828
1639500 827
1639510 826
1639520 826
1639530 826
1639540 825
1639550 823
1639560 823
1639570 822
1639580 820
1639590 820
1639600 820
1639610 819
1639620 819
1639630 819
1639640 817
1639650 817
1639660 816
1639670 814
1639680 814
1639690 810
1639700 806
1639710 806
1639720 803
1639730 801
1639740 801
1639750 800
1639760 801
1639770 802
1639780 802
1639790 799
1639800 794
1639810 794
1639820 789
1639830 780
1639840 780
1639850 777
1639860 774
1639870 774
1639880 773
1639890 771
1639900 771
1639910 769
1639920 766
1639930 766
1639940 763
1639950 760
1639960 760
1639970 757
1639980 753
1639990 750
