1620000 1531
1620010 1533
1620020 1535
1620030 1535
1620040 1536
1620050 1538
1620060 1538
1620070 1540
1620080 1542
1620090 1542
1620100 1543
1620110 1544
1620120 1544
1620130 1546
1620140 1548
1620150 1548
1620160 1550
1620170 1552
1620180 1554
1620190 1554
1620200 1553
1620210 1550
1620220 1550
1620230 1546
1620240 1542
1620250 1542
1620260 1539
1620270 1535
1620280 1535
1620290 1532
1620300 1529
1620310 1529
1620320 1526
1620330 1522
1620340 1521
1620350 1516
1620360 1511
1620370 1511
1620380 1504
1620390 1498
1620400 1491
1620410 1491
1620420 1487
1620430 1481
1620440 1481
1620450 1476
1620460 1470
1620470 1470
1620480 1464
1620490 1458
1620500 1458
1620510 1451
1620520 1445
1620530 1445
1620540 1440
1620550 1434
1620560 1434
1620570 1426
1620580 1420
1620590 1420
1620600 1414
1620610 1411
1620620 1407
1620630 1407
1620640 1405
1620650 1404
1620660 1404
1620670 1404
1620680 1403
1620690 1403
1620700 1401
1620710 1402
1620720 1402
1620730 1404
1620740 1404
1620750 1404
1620760 1404
1620770 1404
1620780 1404
1620790 1403
1620800 1402
1620810 1402
1620820 1399
1620830 1398
1620840 1398
1620850 1398
1620860 1397
1620870 1397
1620880 1397
1620890 1398
1620900 1399
1620910 1399
1620920 1400
1620930 1399
1620940 1399
1620950 1399
1620960 1398
1620970 1398
1620980 1397
1620990 1395
1621000 1395
1621010 1394
1621020 1394
1621030 1394
1621040 1394
1621050 1395
1621060 1395
1621070 1392
1621080 1388
1621090 1385
1621100 1385
1621110 1385
1621120 1382
1621130 1382
1621140 1378
1621150 1373
1621160 1373
1621170 1370
1621180 1367
1621190 1367
1621200 1364
1621210 1360
1621220 1360
1621230 1357
1621240 1353
1621250 1353
1621260 1348
1621270 1347
1621280 1347
1621290 1342
1621300 1337
1621310 1332
1621320 1332
1621330 1327
1621340 1321
1621350 1321
1621360 1315
1621370 1310
1621380 1310
1621390 1304
1621400 1298
1621410 1298
1621420 1294
1621430 1290
1621440 1290
1621450 1287
1621460 1286
1621470 1286
1621480 1284
1621490 1283
1621500 1283
1621510 1285
1621520 1287
1621530 1287
1621540 1289
1621550 1290
1621560 1287
1621570 1287
1621580 1285
1621590 1280
1621600 1280
1621610 1275
1621620 1270
1621630 1270
1621640 1266
1621650 1263
1621660 1263
1621670 1260
1621680 1258
1621690 1258
1621700 1257
1621710 1255
1621720 1255
1621730 1256
1621740 1256
1621750 1256
1621760 1254
1621770 1250
1621780 1246
1621790 1246
1621800 1241
1621810 1237
1621820 1237
1621830 1231
1621840 1226
1621850 1226
1621860 1221
1621870 1217
1621880 1217
1621890 1214
1621900 1212
1621910 1212
1621920 1209
1621930 1205
1621940 1205
1621950 1203
1621960 1202
1621970 1202
1621980 1200
1621990 1197
1622000 1194
1622010 1194
1622020 1190
1622030 1186
1622040 1186
1622050 1182
1622060 1180
1622070 1180
1622080 1179
1622090 1177
1622100 1177
1622110 1175
1622120 1172
1622130 1172
1622140 1170
1622150 1168
1622160 1168
1622170 1167
1622180 1165
1622190 1164
1622200 1162
1622210 1160
1622220 1160
1622230 1158
1622240 1153
1622250 1152
1622260 1152
1622270 1151
1622280 1151
1622290 1151
1622300 1152
1622310 1153
1622320 1153
1622330 1154
1622340 1156
1622350 1156
1622360 1161
1622370 1167
1622380 1167
1622390 1173
1622400 1178
1622410 1178
1622420 1182
1622430 1183
1622440 1183
1622450 1182
1622460 1181
1622470 1178
1622480 1178
1622490 1176
1622500 1175
1622510 1175
1622520 1173
1622530 1171
1622540 1171
1622550 1168
1622560 1165
1622570 1165
1622580 1162
1622590 1159
1622600 1159
1622610 1156
1622620 1153
1622630 1153
1622640 1149
1622650 1147
1622660 1147
1622670 1144
1622680 1140
1622690 1135
1622700 1135
1622710 1134
1622720 1136
1622730 1136
1622740 1141
1622750 1147
1622760 1147
1622770 1155
1622780 1161
1622790 1161
1622800 1164
1622810 1164
1622820 1164
1622830 1163
1622840 1162
1622850 1162
1622860 1161
1622870 1160
1622880 1160
1622890 1159
1622900 1159
1622910 1159
1622920 1159
1622930 1161
1622940 1163
1622950 1163
1622960 1165
1622970 1167
1622980 1167
1622990 1169
1623000 1168
1623010 1168
1623020 1170
1623030 1172
1623040 1172
1623050 1176
1623060 1180
1623070 1180
1623080 1181
1623090 1182
1623100 1182
1623110 1180
1623120 1184
1623130 1184
1623140 1188
1623150 1191
1623160 1194
1623170 1194
1623180 1198
1623190 1202
1623200 1202
1623210 1206
1623220 1211
1623230 1211
1623240 1214
1623250 1214
1623260 1214
1623270 1215
1623280 1216
1623290 1216
1623300 1214
1623310 1212
1623320 1212
1623330 1212
1623340 1212
1623350 1212
1623360 1211
1623370 1210
1623380 1209
1623390 1209
1623400 1209
1623410 1209
1623420 1209
1623430 1212
1623440 1214
1623450 1214
1623460 1216
1623470 1217
1623480 1217
1623490 1219
1623500 1221
1623510 1221
1623520 1223
1623530 1227
1623540 1227
1623550 1230
1623560 1233
1623570 1233
1623580 1237
1623590 1241
1623600 1241
1623610 1247
1623620 1252
1623630 1257
1623640 1257
1623650 1262
1623660 1267
1623670 1267
1623680 1272
1623690 1277
1623700 1277
1623710 1282
1623720 1286
1623730 1286
1623740 1290
1623750 1293
1623760 1293
1623770 1295
1623780 1297
1623790 1297
1623800 1297
1623810 1295
1623820 1295
1623830 1292
1623840 1289
1623850 1287
1623860 1287
1623870 1290
1623880 1294
1623890 1294
1623900 1293
1623910 1288
1623920 1288
1623930 1282
1623940 1277
1623950 1277
1623960 1271
1623970 1264
1623980 1264
1623990 1259
1624000 1255
1624010 1255
1624020 1248
1624030 1228
1624040 1228
1624050 1218
1624060 1210
1624070 1201
1624080 1201
1624090 1193
1624100 1185
1624110 1185
1624120 1177
1624130 1170
1624140 1170
1624150 1163
1624160 1156
1624170 1156
1624180 1150
1624190 1144
1624200 1144
1624210 1137
1624220 1131
1624230 1131
1624240 1126
1624250 1119
1624260 1119
1624270 1113
1624280 1115
1624290 1115
1624300 1121
1624310 1126
1624320 1129
1624330 1129
1624340 1135
1624350 1140
1624360 1140
1624370 1147
1624380 1151
1624390 1151
1624400 1157
1624410 1163
1624420 1163
1624430 1169
1624440 1174
1624450 1174
1624460 1178
1624470 1182
1624480 1182
1624490 1186
1624500 1191
1624510 1191
1624520 1196
1624530 1201
1624540 1205
1624550 1205
1624560 1210
1624570 1213
1624580 1213
1624590 1216
1624600 1219
1624610 1219
1624620 1221
1624630 1222
1624640 1222
1624650 1220
1624660 1219
1624670 1219
1624680 1217
1624690 1216
1624700 1216
1624710 1215
1624720 1214
1624730 1214
1624740 1213
1624750 1212
1624760 1212
1624770 1211
1624780 1210
1624790 1209
1624800 1209
1624810 1207
1624820 1205
1624830 1205
1624840 1204
1624850 1202
1624860 1202
1624870 1200
1624880 1198
1624890 1198
1624900 1195
1624910 1194
1624920 1194
1624930 1193
1624940 1188
1624950 1188
1624960 1186
1624970 1182
1624980 1182
1624990 1180
1625000 1178
1625010 1176
1625020 1176
1625030 1174
1625040 1173
1625050 1173
1625060 1172
1625070 1171
1625080 1171
1625090 1167
1625100 1161
1625110 1161
1625120 1157
1625130 1157
1625140 1157
1625150 1161
1625160 1163
1625170 1163
1625180 1164
1625190 1167
1625200 1167
1625210 1169
1625220 1169
1625230 1169
1625240 1169
1625250 1168
1625260 1173
1625270 1173
1625280 1178
1625290 1181
1625300 1181
1625310 1183
1625320 1185
1625330 1185
1625340 1188
1625350 1192
1625360 1192
1625370 1196
1625380 1201
1625390 1201
1625400 1203
1625410 1206
1625420 1206
1625430 1209
1625440 1213
1625450 1213
1625460 1217
1625470 1219
1625480 1223
1625490 1223
1625500 1225
1625510 1228
1625520 1228
1625530 1228
1625540 1229
1625550 1229
1625560 1231
1625570 1232
1625580 1232
1625590 1234
1625600 1236
1625610 1236
1625620 1238
1625630 1240
1625640 1240
1625650 1243
1625660 1245
1625670 1245
1625680 1247
1625690 1249
1625700 1251
1625710 1251
1625720 1256
1625730 1261
1625740 1261
1625750 1266
1625760 1271
1625770 1271
1625780 1275
1625790 1278
1625800 1278
1625810 1280
1625820 1282
1625830 1282
1625840 1283
1625850 1284
1625860 1284
1625870 1286
1625880 1289
1625890 1289
1625900 1292
1625910 1294
1625920 1296
1625930 1296
1625940 1299
1625950 1302
1625960 1302
1625970 1304
1625980 1306
1625990 1306
1626000 1308
1626010 1310
1626020 1310
1626030 1312
1626040 1314
1626050 1314
1626060 1316
1626070 1319
1626080 1319
1626090 1320
1626100 1322
1626110 1322
1626120 1322
1626130 1323
1626140 1323
1626150 1323
1626160 1322
1626170 1323
1626180 1323
1626190 1323
1626200 1323
1626210 1323
1626220 1322
1626230 1321
1626240 1321
1626250 1320
1626260 1319
1626270 1319
1626280 1317
1626290 1315
1626300 1315
1626310 1312
1626320 1309
1626330 1309
1626340 1308
1626350 1306
1626360 1306
1626370 1303
1626380 1300
1626390 1296
1626400 1296
1626410 1292
1626420 1290
1626430 1290
1626440 1288
1626450 1285
1626460 1285
1626470 1283
1626480 1280
1626490 1280
1626500 1278
1626510 1275
1626520 1275
1626530 1273
1626540 1270
1626550 1270
1626560 1266
1626570 1264
1626580 1264
1626590 1262
1626600 1259
1626610 1257
1626620 1257
1626630 1254
1626640 1250
1626650 1250
1626660 1247
1626670 1242
1626680 1242
1626690 1237
1626700 1235
1626710 1235
1626720 1234
1626730 1230
1626740 1230
1626750 1230
1626760 1230
1626770 1230
1626780 1228
1626790 1227
1626800 1227
1626810 1226
1626820 1224
1626830 1224
1626840 1221
1626850 1217
1626860 1213
1626870 1213
1626880 1211
1626890 1210
1626900 1210
1626910 1209
1626920 1208
1626930 1208
1626940 1206
1626950 1204
1626960 1204
1626970 1201
1626980 1196
1626990 1196
1627000 1190
1627010 1186
1627020 1186
1627030 1182
1627040 1180
1627050 1180
1627060 1177
1627070 1175
1627080 1172
1627090 1172
1627100 1170
1627110 1168
1627120 1168
1627130 1166
1627140 1165
1627150 1165
1627160 1163
1627170 1160
1627180 1160
1627190 1158
1627200 1155
1627210 1155
1627220 1152
1627230 1149
1627240 1149
1627250 1146
1627260 1145
1627270 1145
1627280 1143
1627290 1140
1627300 1132
1627310 1132
1627320 1127
1627330 1123
1627340 1123
1627350 1120
1627360 1118
1627370 1118
1627380 1117
1627390 1114
1627400 1114
1627410 1111
1627420 1106
1627430 1106
1627440 1100
1627450 1096
1627460 1096
1627470 1091
1627480 1085
1627490 1085
1627500 1082
1627510 1080
1627520 1080
1627530 1077
1627540 1074
1627550 1070
1627560 1070
1627570 1064
1627580 1061
1627590 1061
1627600 1058
1627610 1055
1627620 1053
1627630 1050
1627640 1049
1627650 1049
1627660 1047
1627670 1046
1627680 1046
1627690 1043
1627700 1039
1627710 1039
1627720 1032
1627730 1026
1627740 1026
1627750 1024
1627760 1021
1627770 1018
1627780 1018
1627790 1013
1627800 1011
1627810 1011
1627820 1014
1627830 1018
1627840 1018
1627850 1020
1627860 1020
1627870 1020
1627880 1019
1627890 1017
1627900 1017
1627910 1015
1627920 1012
1627930 1012
1627940 1009
1627950 1006
1627960 1006
1627970 1002
1627980 998
1627990 992
1628000 992
1628010 986
1628020 980
1628030 980
1628040 973
1628050 968
1628060 968
1628070 968
1628080 972
1628090 972
1628100 973
1628110 973
1628120 973
1628130 973
1628140 972
1628150 972
1628160 973
1628170 974
1628180 974
1628190 975
1628200 976
1628210 976
1628220 976
1628230 975
1628240 973
1628250 973
1628260 972
1628270 971
1628280 971
1628290 971
1628300 969
1628310 969
1628320 968
1628330 966
1628340 966
1628350 964
1628360 962
1628370 962
1628380 960
1628390 957
1628400 957
1628410 955
1628420 951
1628430 951
1628440 948
1628450 943
1628460 940
1628470 940
1628480 937
1628490 932
1628500 932
1628510 926
1628520 927
1628530 927
1628540 931
1628550 935
1628560 935
1628570 940
1628580 945
1628590 945
1628600 949
1628610 954
1628620 954
1628630 958
1628640 962
1628650 962
1628660 968
1628670 973
1628680 973
1628690 978
1628700 983
1628710 987
1628720 987
1628730 991
1628740 995
1628750 995
1628760 1000
1628770 1004
1628780 1004
1628790 1007
1628800 1011
1628810 1011
1628820 1016
1628830 1020
1628840 1020
1628850 1023
1628860 1025
1628870 1025
1628880 1026
1628890 1027
1628900 1027
1628910 1028
1628920 1029
1628930 1030
1628940 1030
1628950 1034
1628960 1037
1628970 1037
1628980 1039
1628990 1041
1629000 1041
1629010 1044
1629020 1046
1629030 1046
1629040 1049
1629050 1052
1629060 1052
1629070 1054
1629080 1057
1629090 1057
1629100 1059
1629110 1061
1629120 1061
1629130 1064
1629140 1066
1629150 1068
1629160 1068
1629170 1070
1629180 1072
1629190 1072
1629200 1073
1629210 1074
1629220 1074
1629230 1076
1629240 1078
1629250 1078
1629260 1082
1629270 1088
1629280 1088
1629290 1092
1629300 1095
1629310 1095
1629320 1098
1629330 1100
1629340 1100
1629350 1104
1629360 1107
1629370 1107
1629380 1111
1629390 1113
1629400 1117
1629410 1117
1629420 1121
1629430 1125
1629440 1125
1629450 1128
1629460 1131
1629470 1131
1629480 1133
1629490 1135
1629500 1135
1629510 1137
1629520 1140
1629530 1140
1629540 1143
1629550 1146
1629560 1146
1629570 1148
1629580 1151
1629590 1151
1629600 1154
1629610 1156
1629620 1158
1629630 1158
1629640 1161
1629650 1163
1629660 1163
1629670 1164
1629680 1165
1629690 1165
1629700 1166
1629710 1167
1629720 1167
1629730 1169
1629740 1170
1629750 1170
1629760 1171
1629770 1172
1629780 1172
1629790 1174
1629800 1175
1629810 1175
1629820 1175
1629830 1175
1629840 1175
1629850 1175
1629860 1175
1629870 1174
1629880 1174
1629890 1174
1629900 1173
1629910 1173
1629920 1172
1629930 1171
1629940 1171
1629950 1171
1629960 1170
1629970 1170
1629980 1169
1629990 1168
1630000 1168
1630010 1167
1630020 1166
1630030 1166
1630040 1165
1630050 1165
1630060 1165
1630070 1162
1630080 1160
1630090 1159
1630100 1159
1630110 1156
1630120 1154
1630130 1154
1630140 1151
1630150 1147
1630160 1147
1630170 1143
1630180 1138
1630190 1138
1630200 1135
1630210 1131
1630220 1131
1630230 1127
1630240 1124
1630250 1124
1630260 1118
1630270 1114
1630280 1114
1630290 1111
1630300 1107
1630310 1104
1630320 1104
1630330 1101
1630340 1098
1630350 1098
1630360 1095
1630370 1090
1630380 1090
1630390 1086
1630400 1082
1630410 1082
1630420 1077
1630430 1074
1630440 1074
1630450 1071
1630460 1068
1630470 1068
1630480 1063
1630490 1060
1630500 1060
1630510 1054
1630520 1050
1630530 1044
1630540 1044
1630550 1038
1630560 1032
1630570 1032
1630580 1028
1630590 1026
1630600 1026
1630610 1024
1630620 1021
1630630 1021
1630640 1017
1630650 1015
1630660 1015
1630670 1012
1630680 1008
1630690 1008
1630700 1004
1630710 1000
1630720 1000
1630730 996
1630740 993
1630750 993
1630760 990
1630770 986
1630780 982
1630790 982
1630800 979
1630810 974
1630820 974
1630830 968
1630840 963
1630850 963
1630860 959
1630870 955
1630880 955
1630890 949
1630900 944
1630910 944
1630920 938
1630930 933
1630940 933
1630950 925
1630960 920
1630970 920
1630980 917
1630990 912
1631000 906
1631010 906
1631020 900
1631030 894
1631040 894
1631050 888
1631060 885
1631070 885
1631080 882
1631090 877
1631100 877
1631110 874
1631120 877
1631130 875
1631140 880
1631150 884
1631160 884
1631170 889
1631180 894
1631190 894
1631200 899
1631210 904
1631220 909
1631230 909
1631240 913
1631250 916
1631260 916
1631270 921
1631280 924
1631290 924
1631300 924
1631310 927
1631320 927
1631330 927
1631340 927
1631350 927
1631360 927
1631370 927
1631380 927
1631390 927
1631400 927
1631410 927
1631420 928
1631430 930
1631440 930
1631450 934
1631460 936
1631470 939
1631480 939
1631490 943
1631500 947
1631510 947
1631520 950
1631530 953
1631540 953
1631550 956
1631560 959
1631570 959
1631580 961
1631590 964
1631600 964
1631610 966
1631620 967
1631630 967
1631640 969
1631650 969
1631660 969
1631670 969
1631680 968
1631690 966
1631700 966
1631710 964
1631720 960
1631730 960
1631740 957
1631750 955
1631760 955
1631770 955
1631780 956
1631790 956
1631800 956
1631810 957
1631820 957
1631830 957
1631840 956
1631850 956
1631860 955
1631870 952
1631880 952
1631890 955
1631900 959
1631910 963
1631920 963
1631930 967
1631940 971
1631950 971
1631960 975
1631970 980
1631980 980
1631990 984
1632000 986
1632010 986
1632020 989
1632030 993
1632040 993
1632050 995
1632060 997
1632070 997
1632080 995
1632090 991
1632100 991
1632110 988
1632120 985
1632130 985
1632140 982
1632150 979
1632160 977
1632170 977
1632180 976
1632190 975
1632200 975
1632210 975
1632220 975
1632230 975
1632240 974
1632250 972
1632260 972
1632270 976
1632280 980
1632290 980
1632300 983
1632310 987
1632320 987
1632330 991
1632340 995
1632350 995
1632360 999
1632370 1003
1632380 1008
1632390 1008
1632400 1012
1632410 1017
1632420 1017
1632430 1022
1632440 1026
1632450 1026
1632460 1031
1632470 1035
1632480 1035
1632490 1040
1632500 1042
1632510 1042
1632520 1044
1632530 1043
1632540 1043
1632550 1043
1632560 1042
1632570 1042
1632580 1041
1632590 1040
1632600 1037
1632610 1037
1632620 1033
1632630 1029
1632640 1029
1632650 1024
1632660 1020
1632670 1020
1632680 1015
1632690 1011
1632700 1011
1632710 1006
1632720 1002
1632730 1002
1632740 997
1632750 992
1632760 992
1632770 988
1632780 984
1632790 984
1632800 980
1632810 976
1632820 976
1632830 973
1632840 970
1632850 966
1632860 963
1632870 960
1632880 957
1632890 957
1632900 954
1632910 951
1632920 951
1632930 950
1632940 948
1632950 948
1632960 946
1632970 942
1632980 942
1632990 940
1633000 939
1633010 939
1633020 938
1633030 937
1633040 937
1633050 936
1633060 929
1633070 923
1633080 923
1633090 918
1633100 912
1633110 912
1633120 905
1633130 899
1633140 899
1633150 893
1633160 887
1633170 887
1633180 880
1633190 881
1633200 881
1633210 886
1633220 892
1633230 892
1633240 895
1633250 898
1633260 898
1633270 901
1633280 902
1633290 902
1633300 905
1633310 903
1633320 902
1633330 902
1633340 899
1633350 896
1633360 896
1633370 894
1633380 892
1633390 892
1633400 889
1633410 886
1633420 886
1633430 884
1633440 881
1633450 881
1633460 878
1633470 876
1633480 876
1633490 874
1633500 871
1633510 871
1633520 869
1633530 867
1633540 868
1633550 868
1633560 872
1633570 877
1633580 877
1633590 883
1633600 890
1633610 890
1633620 895
1633630 899
1633640 899
1633650 904
1633660 910
1633670 910
1633680 915
1633690 920
1633700 920
1633710 927
1633720 933
1633730 933
1633740 937
1633750 943
1633760 948
1633770 948
1633780 954
1633790 959
1633800 959
1633810 963
1633820 968
1633830 968
1633840 971
1633850 974
1633860 974
1633870 979
1633880 982
1633890 982
1633900 985
1633910 989
1633920 989
1633930 990
1633940 992
1633950 992
1633960 995
1633970 997
1633980 997
1633990 1000
1634000 1002
1634010 1005
1634020 1005
1634030 1007
1634040 1009
1634050 1009
1634060 1012
1634070 1014
1634080 1014
1634090 1016
1634100 1019
1634110 1019
1634120 1021
1634130 1023
1634140 1023
1634150 1025
1634160 1025
1634170 1025
1634180 1025
1634190 1024
1634200 1024
1634210 1023
1634220 1021
1634230 1020
1634240 1020
1634250 1018
1634260 1015
1634270 1015
1634280 1013
1634290 1011
1634300 1011
1634310 1009
1634320 1005
1634330 1005
1634340 1000
1634350 994
1634360 994
1634370 989
1634380 982
1634390 982
1634400 978
1634410 972
1634420 972
1634430 972
1634440 972
1634450 971
1634460 971
1634470 969
1634480 967
1634490 967
1634500 964
1634510 963
1634520 963
1634530 961
1634540 958
1634550 958
1634560 951
1634570 950
1634580 950
1634590 949
1634600 948
1634610 948
1634620 946
1634630 944
1634640 944
1634650 941
1634660 939
1634670 939
1634680 937
1634690 934
1634700 930
1634710 930
1634720 928
1634730 927
1634740 927
1634750 926
1634760 923
1634770 923
1634780 918
1634790 915
1634800 915
1634810 920
1634820 925
1634830 925
1634840 931
1634850 938
1634860 938
1634870 946
1634880 950
1634890 950
1634900 955
1634910 959
1634920 963
1634930 963
1634940 968
1634950 972
1634960 972
1634970 975
1634980 979
1634990 979
1635000 982
1635010 985
1635020 985
1635030 986
1635040 987
1635050 987
1635060 986
1635070 985
1635080 985
1635090 981
1635100 977
1635110 977
1635120 973
1635130 966
1635140 959
1635150 959
1635160 954
1635170 949
1635180 949
1635190 943
1635200 938
1635210 938
1635220 933
1635230 931
1635240 931
1635250 935
1635260 939
1635270 939
1635280 942
1635290 945
1635300 945
1635310 949
1635320 952
1635330 952
1635340 954
1635350 957
1635360 957
1635370 960
1635380 961
1635390 964
1635400 962
1635410 964
1635420 967
1635430 967
1635440 968
1635450 969
1635460 969
1635470 972
1635480 973
1635490 973
1635500 975
1635510 977
1635520 977
1635530 979
1635540 979
1635550 979
1635560 980
1635570 981
1635580 981
1635590 980
1635600 980
1635610 979
1635620 979
1635630 978
1635640 977
1635650 977
1635660 976
1635670 975
1635680 975
1635690 974
1635700 973
1635710 973
1635720 970
1635730 968
1635740 968
1635750 967
1635760 965
1635770 965
1635780 964
1635790 962
1635800 962
1635810 961
1635820 959
1635830 957
1635840 957
1635850 955
1635860 951
1635870 951
1635880 945
1635890 941
1635900 941
1635910 942
1635920 946
1635930 946
1635940 951
1635950 955
1635960 955
1635970 959
1635980 962
1635990 962
1636000 966
1636010 970
1636020 970
1636030 973
1636040 976
1636050 976
1636060 980
1636070 984
1636080 987
1636090 987
1636100 990
1636110 993
1636120 993
1636130 996
1636140 998
1636150 998
1636160 1000
1636170 1002
1636180 1002
1636190 1005
1636200 1007
1636210 1007
1636220 1008
1636230 1010
1636240 1007
1636250 1008
1636260 1010
1636270 1010
1636280 1011
1636290 1013
1636300 1014
1636310 1014
1636320 1016
1636330 1017
1636340 1017
1636350 1019
1636360 1020
1636370 1020
1636380 1021
1636390 1022
1636400 1022
1636410 1023
1636420 1024
1636430 1024
1636440 1024
1636450 1025
1636460 1025
1636470 1024
1636480 1023
1636490 1023
1636500 1021
1636510 1019
1636520 1019
1636530 1017
1636540 1015
1636550 1013
1636560 1013
1636570 1011
1636580 1009
1636590 1009
1636600 1007
1636610 1005
1636620 1005
1636630 1004
1636640 1003
1636650 1003
1636660 1002
1636670 1000
1636680 1000
1636690 998
1636700 996
1636710 996
1636720 993
1636730 990
1636740 990
1636750 987
1636760 984
1636770 982
1636780 982
1636790 980
1636800 977
1636810 977
1636820 973
1636830 969
1636840 969
1636850 965
1636860 962
1636870 962
1636880 959
1636890 957
1636900 957
1636910 955
1636920 953
1636930 953
1636940 952
1636950 950
1636960 950
1636970 948
1636980 946
1636990 944
1637000 944
1637010 941
1637020 940
1637030 940
1637040 939
1637050 937
1637060 937
1637070 934
1637080 933
1637090 933
1637100 931
1637110 929
1637120 929
1637130 927
1637140 926
1637150 926
1637160 924
1637170 922
1637180 922
1637190 921
1637200 920
1637210 920
1637220 918
1637230 917
1637240 916
1637250 916
1637260 914
1637270 913
1637280 913
1637290 912
1637300 911
1637310 911
1637320 909
1637330 907
1637340 907
1637350 905
1637360 904
1637370 904
1637380 901
1637390 898
1637400 898
1637410 900
1637420 902
1637430 902
1637440 902
1637450 902
1637460 903
1637470 903
1637480 904
1637490 906
1637500 906
1637510 907
1637520 908
1637530 908
1637540 910
1637550 912
1637560 912
1637570 914
1637580 916
1637590 916
1637600 918
1637610 919
1637620 919
1637630 920
1637640 922
1637650 922
1637660 923
1637670 925
1637680 927
1637690 927
1637700 929
1637710 930
1637720 930
1637730 931
1637740 930
1637750 930
1637760 928
1637770 925
1637780 925
1637790 922
1637800 918
1637810 918
1637820 915
1637830 913
1637840 913
1637850 911
1637860 909
1637870 909
1637880 908
1637890 906
1637900 910
1637910 908
1637920 905
1637930 903
1637940 903
1637950 902
1637960 901
1637970 901
1637980 900
1637990 899
1638000 899
1638010 898
1638020 897
1638030 897
1638040 897
1638050 893
1638060 893
1638070 887
1638080 879
1638090 879
1638100 875
1638110 873
1638120 873
1638130 871
1638140 868
1638150 867
1638160 867
1638170 866
1638180 865
1638190 865
1638200 864
1638210 862
1638220 862
1638230 860
1638240 858
1638250 858
1638260 856
1638270 853
1638280 853
1638290 851
1638300 849
1638310 849
1638320 847
1638330 845
1638340 845
1638350 841
1638360 839
1638370 838
1638380 838
1638390 837
1638400 837
1638410 837
1638420 838
1638430 839
1638440 839
1638450 839
1638460 839
1638470 839
1638480 838
1638490 837
1638500 837
1638510 836
1638520 834
1638530 834
1638540 831
1638550 829
1638560 829
1638570 826
1638580 823
1638590 823
1638600 820
1638610 818
1638620 814
1638630 814
1638640 808
1638650 803
1638660 803
1638670 800
1638680 796
1638690 796
1638700 793
1638710 790
1638720 790
1638730 789
1638740 787
1638750 787
1638760 785
1638770 782
1638780 782
1638790 779
1638800 775
1638810 775
1638820 773
1638830 770
1638840 767
1638850 767
1638860 764
1638870 761
1638880 761
1638890 756
1638900 752
1638910 752
1638920 750
1638930 748
1638940 748
1638950 745
1638960 741
1638970 741
1638980 739
1638990 737
1639000 737
1639010 735
1639020 736
1639030 736
1639040 737
1639050 738
1639060 739
1639070 739
1639080 740
1639090 743
1639100 743
1639110 745
1639120 747
1639130 747
1639140 748
1639150 748
1639160 748
1639170 748
1639180 748
1639190 748
1639200 748
1639210 748
1639220 748
1639230 748
1639240 749
1639250 749
1639260 749
1639270 750
1639280 750
1639290 751
1639300 752
1639310 752
1639320 752
1639330 752
1639340 752
1639350 752
1639360 752
1639370 751
1639380 751
1639390 751
1639400 750
1639410 750
1639420 749
1639430 748
1639440 748
1639450 747
1639460 745
1639470 745
1639480 743
1639490 740
1639500 740
1639510 742
1639520 745
1639530 746
1639540 746
1639550 748
1639560 750
1639570 750
1639580 752
1639590 754
1639600 754
1639610 756
1639620 756
1639630 756
1639640 757
1639650 758
1639660 758
1639670 758
1639680 758
1639690 758
1639700 758
1639710 758
1639720 758
1639730 757
1639740 755
1639750 753
1639760 753
1639770 750
1639780 748
1639790 748
1639800 747
1639810 745
1639820 745
1639830 745
1639840 745
1639850 745
1639860 745
1639870 742
1639880 742
1639890 744
1639900 744
1639910 744
1639920 745
1639930 746
1639940 746
1639950 748
1639960 750
1639970 750
1639980 753
1639990 756
