1620000 1031
1620010 1033
1620020 1035
1620030 1035
1620040 1037
1620050 1039
1620060 1039
1620070 1041
1620080 1039
1620090 1039
1620100 1034
1620110 1027
1620120 1027
1620130 1022
1620140 1018
1620150 1018
1620160 1014
1620170 1011
1620180 1011
1620190 1007
1620200 1004
1620210 1004
1620220 1000
1620230 996
1620240 991
1620250 991
1620260 987
1620270 983
1620280 983
1620290 981
1620300 979
1620310 979
1620320 979
1620330 978
1620340 978
1620350 978
1620360 977
1620370 977
1620380 975
1620390 974
1620400 974
1620410 973
1620420 971
1620430 971
1620440 970
1620450 969
1620460 969
1620470 967
1620480 964
1620490 964
1620500 964
1620510 963
1620520 962
1620530 962
1620540 962
1620550 962
1620560 962
1620570 961
1620580 959
1620590 960
1620600 959
1620610 957
1620620 957
1620630 956
1620640 955
1620650 955
1620660 954
1620670 952
1620680 952
1620690 951
1620700 950
1620710 949
1620720 949
1620730 949
1620740 951
1620750 951
1620760 955
1620770 959
1620780 959
1620790 962
1620800 962
1620810 962
1620820 956
1620830 958
1620840 958
1620850 965
1620860 973
1620870 973
1620880 980
1620890 987
1620900 987
1620910 994
1620920 1000
1620930 1000
1620940 1007
1620950 1013
1620960 1019
1620970 1019
1620980 1024
1620990 1028
1621000 1028
1621010 1030
1621020 1029
1621030 1029
1621040 1028
1621050 1027
1621060 1027
1621070 1025
1621080 1024
1621090 1024
1621100 1022
1621110 1021
1621120 1021
1621130 1021
1621140 1020
1621150 1020
1621160 1020
1621170 1020
1621180 1020
1621190 1020
1621200 1021
1621210 1020
1621220 1020
1621230 1016
1621240 1012
1621250 1012
1621260 1009
1621270 1007
1621280 1007
1621290 1005
1621300 1003
1621310 1003
1621320 1001
1621330 1000
1621340 1000
1621350 998
1621360 997
1621370 997
1621380 998
1621390 999
1621400 999
1621410 999
1621420 998
1621430 997
1621440 997
1621450 996
1621460 994
1621470 994
1621480 993
1621490 991
1621500 991
1621510 989
1621520 991
1621530 991
1621540 996
1621550 1002
1621560 1002
1621570 1009
1621580 1017
1621590 1017
1621600 1023
1621610 1031
1621620 1031
1621630 1038
1621640 1044
1621650 1051
1621660 1051
1621670 1058
1621680 1065
1621690 1065
1621700 1072
1621710 1079
1621720 1079
1621730 1087
1621740 1093
1621750 1093
1621760 1097
1621770 1103
1621780 1103
1621790 1109
1621800 1114
1621810 1114
1621820 1121
1621830 1126
1621840 1126
1621850 1128
1621860 1128
1621870 1128
1621880 1128
1621890 1128
1621900 1128
1621910 1128
1621920 1127
1621930 1126
1621940 1126
1621950 1125
1621960 1124
1621970 1124
1621980 1125
1621990 1128
1622000 1128
1622010 1133
1622020 1133
1622030 1133
1622040 1136
1622050 1140
1622060 1140
1622070 1145
1622080 1152
1622090 1152
1622100 1159
1622110 1166
1622120 1171
1622130 1171
1622140 1175
1622150 1180
1622160 1180
1622170 1186
1622180 1192
1622190 1192
1622200 1197
1622210 1199
1622220 1199
1622230 1202
1622240 1204
1622250 1204
1622260 1206
1622270 1207
1622280 1207
1622290 1206
1622300 1207
1622310 1207
1622320 1207
1622330 1207
1622340 1207
1622350 1209
1622360 1212
1622370 1214
1622380 1214
1622390 1217
1622400 1220
1622410 1220
1622420 1224
1622430 1228
1622440 1228
1622450 1230
1622460 1233
1622470 1233
1622480 1236
1622490 1239
1622500 1239
1622510 1241
1622520 1244
1622530 1244
1622540 1246
1622550 1248
1622560 1248
1622570 1250
1622580 1251
1622590 1252
1622600 1252
1622610 1254
1622620 1257
1622630 1257
1622640 1260
1622650 1262
1622660 1262
1622670 1265
1622680 1270
1622690 1270
1622700 1275
1622710 1279
1622720 1279
1622730 1283
1622740 1285
1622750 1285
1622760 1289
1622770 1295
1622780 1295
1622790 1301
1622800 1306
1622810 1306
1622820 1311
1622830 1315
1622840 1320
1622850 1320
1622860 1324
1622870 1328
1622880 1328
1622890 1332
1622900 1335
1622910 1335
1622920 1337
1622930 1341
1622940 1341
1622950 1345
1622960 1348
1622970 1348
1622980 1350
1622990 1351
1623000 1351
1623010 1352
1623020 1353
1623030 1353
1623040 1352
1623050 1348
1623060 1343
1623070 1343
1623080 1339
1623090 1334
1623100 1334
1623110 1329
1623120 1325
1623130 1325
1623140 1320
1623150 1318
1623160 1318
1623170 1314
1623180 1311
1623190 1311
1623200 1308
1623210 1304
1623220 1304
1623230 1301
1623240 1298
1623250 1298
1623260 1295
1623270 1293
1623280 1293
1623290 1291
1623300 1287
1623310 1284
1623320 1284
1623330 1280
1623340 1275
1623350 1275
1623360 1270
1623370 1263
1623380 1263
1623390 1258
1623400 1252
1623410 1252
1623420 1245
1623430 1238
1623440 1238
1623450 1232
1623460 1226
1623470 1226
1623480 1221
1623490 1218
1623500 1218
1623510 1213
1623520 1210
1623530 1211
1623540 1211
1623550 1212
1623560 1213
1623570 1213
1623580 1215
1623590 1217
1623600 1217
1623610 1220
1623620 1223
1623630 1223
1623640 1225
1623650 1227
1623660 1227
1623670 1229
1623680 1230
1623690 1230
1623700 1231
1623710 1231
1623720 1231
1623730 1230
1623740 1227
1623750 1227
1623760 1225
1623770 1223
1623780 1221
1623790 1221
1623800 1219
1623810 1215
1623820 1215
1623830 1213
1623840 1210
1623850 1210
1623860 1207
1623870 1204
1623880 1204
1623890 1200
1623900 1197
1623910 1197
1623920 1193
1623930 1189
1623940 1189
1623950 1185
1623960 1179
1623970 1179
1623980 1174
1623990 1168
1624000 1163
1624010 1163
1624020 1159
1624030 1156
1624040 1156
1624050 1153
1624060 1152
1624070 1152
1624080 1150
1624090 1149
1624100 1149
1624110 1148
1624120 1147
1624130 1147
1624140 1146
1624150 1145
1624160 1145
1624170 1145
1624180 1146
1624190 1146
1624200 1147
1624210 1147
1624220 1147
1624230 1142
1624240 1136
1624250 1131
1624260 1131
1624270 1128
1624280 1122
1624290 1122
1624300 1119
1624310 1116
1624320 1116
1624330 1112
1624340 1109
1624350 1109
1624360 1105
1624370 1102
1624380 1102
1624390 1100
1624400 1098
1624410 1098
1624420 1094
1624430 1091
1624440 1091
1624450 1088
1624460 1084
1624470 1084
1624480 1083
1624490 1079
1624500 1074
1624510 1074
1624520 1068
1624530 1064
1624540 1064
1624550 1060
1624560 1057
1624570 1057
1624580 1054
1624590 1051
1624600 1051
1624610 1047
1624620 1044
1624630 1044
1624640 1040
1624650 1036
1624660 1036
1624670 1032
1624680 1029
1624690 1029
1624700 1025
1624710 1022
1624720 1019
1624730 1019
1624740 1017
1624750 1014
1624760 1014
1624770 1011
1624780 1009
1624790 1009
1624800 1008
1624810 1006
1624820 1006
1624830 1004
1624840 1001
1624850 1001
1624860 999
1624870 995
1624880 995
1624890 990
1624900 983
1624910 983
1624920 976
1624930 969
1624940 969
1624950 962
1624960 955
1624970 949
1624980 949
1624990 943
1625000 940
1625010 940
1625020 935
1625030 930
1625040 930
1625050 925
1625060 919
1625070 919
1625080 916
1625090 912
1625100 912
1625110 909
1625120 905
1625130 905
1625140 901
1625150 898
1625160 898
1625170 895
1625180 892
1625190 888
1625200 888
1625210 886
1625220 881
1625230 881
1625240 877
1625250 871
1625260 871
1625270 867
1625280 864
1625290 864
1625300 861
1625310 856
1625320 856
1625330 851
1625340 846
1625350 846
1625360 842
1625370 838
1625380 838
1625390 833
1625400 829
1625410 829
1625420 825
1625430 822
1625440 819
1625450 819
1625460 817
1625470 815
1625480 815
1625490 813
1625500 811
1625510 811
1625520 809
1625530 807
1625540 807
1625550 804
1625560 802
1625570 802
1625580 803
1625590 804
1625600 804
1625610 809
1625620 815
1625630 815
1625640 819
1625650 825
1625660 830
1625670 830
1625680 834
1625690 837
1625700 837
1625710 839
1625720 841
1625730 841
1625740 843
1625750 844
1625760 844
1625770 845
1625780 847
1625790 847
1625800 850
1625810 853
1625820 853
1625830 855
1625840 857
1625850 857
1625860 861
1625870 866
1625880 866
1625890 870
1625900 872
1625910 874
1625920 874
1625930 877
1625940 880
1625950 880
1625960 885
1625970 889
1625980 889
1625990 894
1626000 899
1626010 899
1626020 905
1626030 911
1626040 911
1626050 915
1626060 920
1626070 920
1626080 927
1626090 930
1626100 930
1626110 935
1626120 938
1626130 940
1626140 940
1626150 942
1626160 943
1626170 943
1626180 942
1626190 941
1626200 941
1626210 939
1626220 936
1626230 936
1626240 933
1626250 929
1626260 929
1626270 925
1626280 922
1626290 922
1626300 918
1626310 914
1626320 914
1626330 910
1626340 906
1626350 906
1626360 902
1626370 899
1626380 896
1626390 896
1626400 893
1626410 889
1626420 889
1626430 886
1626440 883
1626450 883
1626460 880
1626470 880
1626480 880
1626490 878
1626500 875
1626510 875
1626520 872
1626530 868
1626540 868
1626550 863
1626560 860
1626570 860
1626580 858
1626590 858
1626600 858
1626610 858
1626620 857
1626630 855
1626640 855
1626650 854
1626660 855
1626670 855
1626680 854
1626690 853
1626700 853
1626710 853
1626720 852
1626730 852
1626740 851
1626750 849
1626760 849
1626770 848
1626780 847
1626790 847
1626800 846
1626810 844
1626820 844
1626830 842
1626840 840
1626850 839
1626860 839
1626870 839
1626880 840
1626890 840
1626900 841
1626910 843
1626920 843
1626930 846
1626940 850
1626950 850
1626960 854
1626970 859
1626980 859
1626990 864
1627000 868
1627010 868
1627020 872
1627030 876
1627040 876
1627050 879
1627060 883
1627070 887
1627080 887
1627090 891
1627100 894
1627110 894
1627120 898
1627130 903
1627140 903
1627150 908
1627160 914
1627170 914
1627180 921
1627190 928
1627200 928
1627210 934
1627220 939
1627230 939
1627240 943
1627250 946
1627260 946
1627270 950
1627280 955
1627290 955
1627300 959
1627310 965
1627320 970
1627330 970
1627340 976
1627350 982
1627360 982
1627370 987
1627380 992
1627390 992
1627400 998
1627410 1004
1627420 1004
1627430 1009
1627440 1015
1627450 1015
1627460 1020
1627470 1025
1627480 1025
1627490 1030
1627500 1034
1627510 1034
1627520 1039
1627530 1043
1627540 1048
1627550 1048
1627560 1052
1627570 1056
1627580 1056
1627590 1059
1627600 1061
1627610 1061
1627620 1063
1627630 1065
1627640 1065
1627650 1068
1627660 1071
1627670 1071
1627680 1073
1627690 1075
1627700 1075
1627710 1076
1627720 1077
1627730 1077
1627740 1078
1627750 1078
1627760 1078
1627770 1077
1627780 1077
1627790 1077
1627800 1077
1627810 1078
1627820 1079
1627830 1079
1627840 1080
1627850 1081
1627860 1081
1627870 1078
1627880 1079
1627890 1079
1627900 1078
1627910 1076
1627920 1076
1627930 1074
1627940 1072
1627950 1072
1627960 1069
1627970 1067
1627980 1067
1627990 1064
1628000 1061
1628010 1059
1628020 1059
1628030 1057
1628040 1054
1628050 1054
1628060 1050
1628070 1047
1628080 1047
1628090 1043
1628100 1040
1628110 1040
1628120 1038
1628130 1037
1628140 1037
1628150 1036
1628160 1035
1628170 1035
1628180 1034
1628190 1034
1628200 1034
1628210 1033
1628220 1032
1628230 1032
1628240 1031
1628250 1031
1628260 1031
1628270 1031
1628280 1030
1628290 1030
1628300 1030
1628310 1029
1628320 1027
1628330 1027
1628340 1026
1628350 1025
1628360 1025
1628370 1024
1628380 1023
1628390 1023
1628400 1021
1628410 1019
1628420 1019
1628430 1017
1628440 1015
1628450 1015
1628460 1013
1628470 1011
1628480 1008
1628490 1008
1628500 1004
1628510 1000
1628520 1000
1628530 996
1628540 992
1628550 992
1628560 988
1628570 985
1628580 985
1628590 983
1628600 980
1628610 980
1628620 976
1628630 972
1628640 972
1628650 970
1628660 967
1628670 967
1628680 963
1628690 959
1628700 959
1628710 956
1628720 955
1628730 954
1628740 954
1628750 954
1628760 950
1628770 950
1628780 949
1628790 949
1628800 949
1628810 948
1628820 946
1628830 946
1628840 944
1628850 943
1628860 943
1628870 940
1628880 937
1628890 937
1628900 935
1628910 933
1628920 933
1628930 931
1628940 924
1628950 919
1628960 919
1628970 912
1628980 906
1628990 906
1629000 899
1629010 900
1629020 900
1629030 905
1629040 911
1629050 911
1629060 917
1629070 924
1629080 924
1629090 929
1629100 934
1629110 934
1629120 939
1629130 943
1629140 943
1629150 946
1629160 949
1629170 949
1629180 952
1629190 955
1629200 958
1629210 958
1629220 960
1629230 962
1629240 962
1629250 960
1629260 955
1629270 955
1629280 948
1629290 942
1629300 942
1629310 939
1629320 937
1629330 937
1629340 936
1629350 935
1629360 935
1629370 935
1629380 934
1629390 934
1629400 930
1629410 930
1629420 929
1629430 929
1629440 927
1629450 925
1629460 925
1629470 923
1629480 922
1629490 922
1629500 921
1629510 921
1629520 921
1629530 920
1629540 920
1629550 920
1629560 920
1629570 919
1629580 919
1629590 919
1629600 918
1629610 918
1629620 917
1629630 916
1629640 913
1629650 913
1629660 914
1629670 916
1629680 916
1629690 917
1629700 918
1629710 918
1629720 919
1629730 921
1629740 921
1629750 924
1629760 926
1629770 926
1629780 930
1629790 933
1629800 933
1629810 937
1629820 941
1629830 941
1629840 945
1629850 949
1629860 949
1629870 952
1629880 953
1629890 953
1629900 953
1629910 954
1629920 953
1629930 953
1629940 951
1629950 950
1629960 950
1629970 948
1629980 946
1629990 946
1630000 945
1630010 944
1630020 944
1630030 943
1630040 943
1630050 943
1630060 942
1630070 940
1630080 940
1630090 939
1630100 938
1630110 938
1630120 937
1630130 936
1630140 935
1630150 935
1630160 935
1630170 933
1630180 933
1630190 932
1630200 930
1630210 930
1630220 928
1630230 924
1630240 924
1630250 920
1630260 917
1630270 917
1630280 914
1630290 911
1630300 911
1630310 907
1630320 904
1630330 904
1630340 901
1630350 898
1630360 896
1630370 896
1630380 893
1630390 891
1630400 891
1630410 889
1630420 888
1630430 888
1630440 886
1630450 885
1630460 885
1630470 883
1630480 880
1630490 880
1630500 878
1630510 880
1630520 880
1630530 877
1630540 877
1630550 877
1630560 876
1630570 876
1630580 876
1630590 874
1630600 872
1630610 870
1630620 870
1630630 869
1630640 867
1630650 867
1630660 866
1630670 865
1630680 865
1630690 864
1630700 863
1630710 863
1630720 861
1630730 860
1630740 860
1630750 858
1630760 856
1630770 856
1630780 854
1630790 852
1630800 852
1630810 849
1630820 844
1630830 839
1630840 839
1630850 833
1630860 827
1630870 827
1630880 820
1630890 816
1630900 816
1630910 811
1630920 806
1630930 806
1630940 801
1630950 796
1630960 796
1630970 790
1630980 784
1630990 784
1631000 777
1631010 771
1631020 771
1631030 764
1631040 760
1631050 760
1631060 759
1631070 756
1631080 753
1631090 753
1631100 752
1631110 751
1631120 751
1631130 751
1631140 750
1631150 750
1631160 749
1631170 746
1631180 746
1631190 746
1631200 744
1631210 744
1631220 740
1631230 738
1631240 738
1631250 738
1631260 734
1631270 734
1631280 732
1631290 733
1631300 733
1631310 734
1631320 736
1631330 738
1631340 738
1631350 741
1631360 745
1631370 745
1631380 747
1631390 752
1631400 752
1631410 755
1631420 758
1631430 758
1631440 761
1631450 763
1631460 763
1631470 765
1631480 768
1631490 768
1631500 771
1631510 773
1631520 773
1631530 774
1631540 774
1631550 774
1631560 774
1631570 773
1631580 771
1631590 771
1631600 769
1631610 767
1631620 767
1631630 766
1631640 764
1631650 764
1631660 762
1631670 759
1631680 759
1631690 757
1631700 755
1631710 755
1631720 752
1631730 748
1631740 748
1631750 744
1631760 741
1631770 741
1631780 738
1631790 734
1631800 731
1631810 731
1631820 729
1631830 726
1631840 726
1631850 725
1631860 723
1631870 723
1631880 722
1631890 722
1631900 722
1631910 721
1631920 720
1631930 720
1631940 720
1631950 721
1631960 721
1631970 719
1631980 717
1631990 717
1632000 716
1632010 716
1632020 716
1632030 716
1632040 715
1632050 716
1632060 716
1632070 716
1632080 717
1632090 717
1632100 719
1632110 722
1632120 722
1632130 724
1632140 726
1632150 726
1632160 728
1632170 731
1632180 731
1632190 736
1632200 740
1632210 740
1632220 747
1632230 754
1632240 755
1632250 760
1632260 764
1632270 768
1632280 768
1632290 772
1632300 775
1632310 775
1632320 778
1632330 781
1632340 781
1632350 784
1632360 786
1632370 786
1632380 791
1632390 798
1632400 798
1632410 805
1632420 811
1632430 811
1632440 817
1632450 823
1632460 823
1632470 827
1632480 832
1632490 835
1632500 835
1632510 837
1632520 839
1632530 839
1632540 841
1632550 842
1632560 842
1632570 844
1632580 846
1632590 846
1632600 849
1632610 852
1632620 852
1632630 855
1632640 859
1632650 859
1632660 862
1632670 864
1632680 864
1632690 867
1632700 870
1632710 870
1632720 871
1632730 872
1632740 873
1632750 873
1632760 875
1632770 876
1632780 876
1632790 877
1632800 879
1632810 879
1632820 881
1632830 881
1632840 881
1632850 882
1632860 882
1632870 882
1632880 881
1632890 879
1632900 879
1632910 877
1632920 874
1632930 874
1632940 873
1632950 873
1632960 874
1632970 874
1632980 874
1632990 873
1633000 873
1633010 872
1633020 873
1633030 873
1633040 873
1633050 875
1633060 875
1633070 878
1633080 879
1633090 879
1633100 877
1633110 878
1633120 878
1633130 877
1633140 878
1633150 878
1633160 878
1633170 878
1633180 878
1633190 877
1633200 875
1633210 875
1633220 875
1633230 873
1633240 873
1633250 873
1633260 876
1633270 878
1633280 878
1633290 875
1633300 870
1633310 870
1633320 871
1633330 869
1633340 869
1633350 867
1633360 866
1633370 866
1633380 866
1633390 867
1633400 867
1633410 870
1633420 872
1633430 875
1633440 875
1633450 877
1633460 880
1633470 880
1633480 885
1633490 889
1633500 889
1633510 890
1633520 890
1633530 890
1633540 890
1633550 890
1633560 890
1633570 893
1633580 897
1633590 897
1633600 903
1633610 903
1633620 903
1633630 904
1633640 907
1633650 907
1633660 909
1633670 911
1633680 913
1633690 913
1633700 916
1633710 917
1633720 917
1633730 918
1633740 921
1633750 921
1633760 925
1633770 929
1633780 929
1633790 934
1633800 938
1633810 938
1633820 942
1633830 947
1633840 947
1633850 952
1633860 957
1633870 957
1633880 962
1633890 966
1633900 970
1633910 970
1633920 975
1633930 981
1633940 981
1633950 979
1633960 980
1633970 980
1633980 981
1633990 982
1634000 982
1634010 983
1634020 985
1634030 985
1634040 986
1634050 989
1634060 989
1634070 989
1634080 989
1634090 989
1634100 989
1634110 990
1634120 990
1634130 991
1634140 990
1634150 988
1634160 988
1634170 989
1634180 992
1634190 992
1634200 985
1634210 978
1634220 978
1634230 971
1634240 965
1634250 965
1634260 960
1634270 955
1634280 955
1634290 947
1634300 939
1634310 939
1634320 931
1634330 925
1634340 925
1634350 924
1634360 921
1634370 916
1634380 916
1634390 910
1634400 911
1634410 911
1634420 912
1634430 912
1634440 912
1634450 912
1634460 915
1634470 915
1634480 917
1634490 921
1634500 921
1634510 925
1634520 928
1634530 928
1634540 933
1634550 935
1634560 935
1634570 929
1634580 923
1634590 923
1634600 920
1634610 920
1634620 919
1634630 919
1634640 914
1634650 906
1634660 906
1634670 897
1634680 890
1634690 890
1634700 884
1634710 881
1634720 881
1634730 879
1634740 879
1634750 879
1634760 875
1634770 868
1634780 868
1634790 861
1634800 854
1634810 854
1634820 851
1634830 850
1634840 843
1634850 843
1634860 831
1634870 822
1634880 822
1634890 817
1634900 812
1634910 812
1634920 808
1634930 804
1634940 804
1634950 799
1634960 792
1634970 792
1634980 785
1634990 781
1635000 781
1635010 778
1635020 774
1635030 774
1635040 770
1635050 766
1635060 766
1635070 763
1635080 760
1635090 755
1635100 755
1635110 752
1635120 748
1635130 748
1635140 742
1635150 738
1635160 738
1635170 735
1635180 732
1635190 732
1635200 730
1635210 727
1635220 727
1635230 724
1635240 723
1635250 723
1635260 723
1635270 723
1635280 723
1635290 723
1635300 723
1635310 723
1635320 723
1635330 722
1635340 722
1635350 722
1635360 721
1635370 721
1635380 721
1635390 720
1635400 720
1635410 720
1635420 719
1635430 718
1635440 718
1635450 718
1635460 717
1635470 717
1635480 717
1635490 716
1635500 716
1635510 715
1635520 715
1635530 715
1635540 715
1635550 714
1635560 714
1635570 714
1635580 714
1635590 714
1635600 714
1635610 713
1635620 713
1635630 713
1635640 713
1635650 713
1635660 713
1635670 713
1635680 712
1635690 712
1635700 712
1635710 712
1635720 712
1635730 712
1635740 712
1635750 712
1635760 712
1635770 712
1635780 711
1635790 711
1635800 711
1635810 711
1635820 711
1635830 711
1635840 711
1635850 711
1635860 711
1635870 711
1635880 711
1635890 711
1635900 711
1635910 711
1635920 710
1635930 710
1635940 710
1635950 710
1635960 711
1635970 711
1635980 711
1635990 711
1636000 711
1636010 711
1636020 710
1636030 710
1636040 710
1636050 710
1636060 709
1636070 709
1636080 709
1636090 709
1636100 709
1636110 709
1636120 709
1636130 709
1636140 709
1636150 709
1636160 709
1636170 709
1636180 709
1636190 709
1636200 709
1636210 709
1636220 709
1636230 709
1636240 709
1636250 711
1636260 711
1636270 711
1636280 712
1636290 712
1636300 711
1636310 711
1636320 711
1636330 711
1636340 710
1636350 710
1636360 709
1636370 708
1636380 708
1636390 708
1636400 707
1636410 707
1636420 705
1636430 705
1636440 705
1636450 706
1636460 707
1636470 707
1636480 707
1636490 707
1636500 707
1636510 707
1636520 708
1636530 707
1636540 707
1636550 707
1636560 707
1636570 707
1636580 706
1636590 706
1636600 706
1636610 706
1636620 706
1636630 706
1636640 706
1636650 706
1636660 706
1636670 706
1636680 706
1636690 706
1636700 706
1636710 706
1636720 705
1636730 705
1636740 705
1636750 705
1636760 705
1636770 705
1636780 705
1636790 705
1636800 705
1636810 705
1636820 705
1636830 704
1636840 704
1636850 704
1636860 704
1636870 704
1636880 704
1636890 704
1636900 704
1636910 704
1636920 704
1636930 704
1636940 704
1636950 704
1636960 704
1636970 703
1636980 703
1636990 703
1637000 703
1637010 703
1637020 703
1637030 703
1637040 703
1637050 703
1637060 703
1637070 703
1637080 703
1637090 703
1637100 703
1637110 703
1637120 702
1637130 702
1637140 702
1637150 702
1637160 702
1637170 702
1637180 702
1637190 702
1637200 702
1637210 702
1637220 701
1637230 701
1637240 701
1637250 701
1637260 701
1637270 701
1637280 701
1637290 701
1637300 701
1637310 701
1637320 701
1637330 701
1637340 701
1637350 701
1637360 704
1637370 708
1637380 708
1637390 714
1637400 715
1637410 715
1637420 715
1637430 715
1637440 715
1637450 715
1637460 714
1637470 713
1637480 713
1637490 711
1637500 710
1637510 710
1637520 706
1637530 699
1637540 699
1637550 696
1637560 698
1637570 698
1637580 699
1637590 701
1637600 701
1637610 701
1637620 701
1637630 701
1637640 700
1637650 699
1637660 699
1637670 699
1637680 699
1637690 699
1637700 699
1637710 698
1637720 698
1637730 698
1637740 698
1637750 698
1637760 698
1637770 698
1637780 698
1637790 698
1637800 698
1637810 698
1637820 698
1637830 698
1637840 698
1637850 698
1637860 698
1637870 697
1637880 697
1637890 697
1637900 697
1637910 697
1637920 697
1637930 697
1637940 697
1637950 697
1637960 697
1637970 697
1637980 697
1637990 697
1638000 696
1638010 696
1638020 696
1638030 696
1638040 696
1638050 696
1638060 696
1638070 696
1638080 696
1638090 696
1638100 696
1638110 696
1638120 696
1638130 696
1638140 696
1638150 695
1638160 695
1638170 695
1638180 695
1638190 695
1638200 695
1638210 695
1638220 695
1638230 695
1638240 695
1638250 695
1638260 695
1638270 695
1638280 695
1638290 695
1638300 695
1638310 695
1638320 695
1638330 695
1638340 695
1638350 695
1638360 695
1638370 695
1638380 695
1638390 695
1638400 695
1638410 695
1638420 695
1638430 695
1638440 694
1638450 694
1638460 694
1638470 694
1638480 694
1638490 694
1638500 694
1638510 694
1638520 694
1638530 694
1638540 694
1638550 694
1638560 693
1638570 693
1638580 693
1638590 693
1638600 693
1638610 693
1638620 693
1638630 693
1638640 693
1638650 693
1638660 693
1638670 693
1638680 693
1638690 693
1638700 693
1638710 692
1638720 692
1638730 692
1638740 692
1638750 692
1638760 692
1638770 692
1638780 692
1638790 692
1638800 692
1638810 692
1638820 692
1638830 692
1638840 691
1638850 691
1638860 691
1638870 691
1638880 691
1638890 691
1638900 691
1638910 691
1638920 691
1638930 691
1638940 691
1638950 691
1638960 691
1638970 691
1638980 691
1638990 691
1639000 691
1639010 691
1639020 690
1639030 690
1639040 690
1639050 690
1639060 690
1639070 690
1639080 690
1639090 690
1639100 690
1639110 690
1639120 690
1639130 690
1639140 690
1639150 690
1639160 690
1639170 690
1639180 690
1639190 689
1639200 689
1639210 689
1639220 689
1639230 689
1639240 690
1639250 690
1639260 690
1639270 689
1639280 689
1639290 689
1639300 689
1639310 688
1639320 688
1639330 688
1639340 688
1639350 688
1639360 688
1639370 688
1639380 688
1639390 688
1639400 688
1639410 688
1639420 688
1639430 688
1639440 688
1639450 688
1639460 688
1639470 688
1639480 688
1639490 687
1639500 687
1639510 687
1639520 687
1639530 687
1639540 687
1639550 687
1639560 687
1639570 687
1639580 687
1639590 687
1639600 687
1639610 687
1639620 687
1639630 687
1639640 687
1639650 687
1639660 687
1639670 687
1639680 687
1639690 686
1639700 686
1639710 686
1639720 686
1639730 686
1639740 686
1639750 686
1639760 686
1639770 686
1639780 686
1639790 686
1639800 686
1639810 686
1639820 685
1639830 685
1639840 685
1639850 685
1639860 685
1639870 685
1639880 685
1639890 685
1639900 685
1639910 685
1639920 685
1639930 685
1639940 685
1639950 685
1639960 685
1639970 685
1639980 685
1639990 684
