1620000 1008
1620010 1005
1620020 1003
1620030 1003
1620040 1000
1620050 998
1620060 998
1620070 997
1620080 994
1620090 994
1620100 992
1620110 992
1620120 991
1620130 991
1620140 989
1620150 986
1620160 989
1620170 984
1620180 979
1620190 979
1620200 977
1620210 975
1620220 975
1620230 978
1620240 981
1620250 981
1620260 985
1620270 987
1620280 987
1620290 989
1620300 991
1620310 991
1620320 990
1620330 990
1620340 990
1620350 989
1620360 987
1620370 985
1620380 985
1620390 985
1620400 986
1620410 986
1620420 988
1620430 989
1620440 989
1620450 991
1620460 993
1620470 993
1620480 995
1620490 998
1620500 998
1620510 1003
1620520 1007
1620530 1007
1620540 1009
1620550 1009
1620560 1009
1620570 1008
1620580 1008
1620590 1009
1620600 1009
1620610 1009
1620620 1011
1620630 1011
1620640 1012
1620650 1011
1620660 1011
1620670 1009
1620680 1009
1620690 1009
1620700 1007
1620710 999
1620720 999
1620730 991
1620740 984
1620750 984
1620760 979
1620770 979
1620780 979
1620790 984
1620800 987
1620810 987
1620820 990
1620830 994
1620840 998
1620850 998
1620860 1004
1620870 1009
1620880 1009
1620890 1015
1620900 1021
1620910 1021
1620920 1028
1620930 1035
1620940 1035
1620950 1040
1620960 1048
1620970 1048
1620980 1055
1620990 1062
1621000 1062
1621010 1070
1621020 1077
1621030 1077
1621040 1084
1621050 1092
1621060 1100
1621070 1100
1621080 1108
1621090 1114
1621100 1109
1621110 1109
1621120 1112
1621130 1112
1621140 1113
1621150 1107
1621160 1107
1621170 1103
1621180 1101
1621190 1101
1621200 1101
1621210 1103
1621220 1103
1621230 1101
1621240 1096
1621250 1096
1621260 1093
1621270 1093
1621280 1093
1621290 1093
1621300 1090
1621310 1085
1621320 1085
1621330 1081
1621340 1076
1621350 1076
1621360 1072
1621370 1069
1621380 1069
1621390 1067
1621400 1064
1621410 1064
1621420 1061
1621430 1058
1621440 1058
1621450 1056
1621460 1051
1621470 1051
1621480 1046
1621490 1044
1621500 1044
1621510 1042
1621520 1038
1621530 1035
1621540 1035
1621550 1032
1621560 1028
1621570 1028
1621580 1026
1621590 1025
1621600 1025
1621610 1026
1621620 1030
1621630 1030
1621640 1038
1621650 1046
1621660 1046
1621670 1053
1621680 1061
1621690 1061
1621700 1068
1621710 1075
1621720 1075
1621730 1083
1621740 1088
1621750 1088
1621760 1096
1621770 1101
1621780 1106
1621790 1106
1621800 1112
1621810 1118
1621820 1118
1621830 1123
1621840 1129
1621850 1129
1621860 1135
1621870 1141
1621880 1141
1621890 1146
1621900 1151
1621910 1151
1621920 1156
1621930 1161
1621940 1161
1621950 1167
1621960 1171
1621970 1171
1621980 1175
1621990 1181
1622000 1184
1622010 1184
1622020 1187
1622030 1190
1622040 1190
1622050 1193
1622060 1195
1622070 1195
1622080 1196
1622090 1197
1622100 1197
1622110 1197
1622120 1198
1622130 1198
1622140 1199
1622150 1201
1622160 1201
1622170 1203
1622180 1205
1622190 1205
1622200 1207
1622210 1209
1622220 1209
1622230 1208
1622240 1208
1622250 1208
1622260 1208
1622270 1209
1622280 1210
1622290 1210
1622300 1212
1622310 1215
1622320 1215
1622330 1217
1622340 1220
1622350 1220
1622360 1222
1622370 1224
1622380 1224
1622390 1226
1622400 1229
1622410 1229
1622420 1233
1622430 1236
1622440 1236
1622450 1240
1622460 1243
1622470 1247
1622480 1247
1622490 1250
1622500 1252
1622510 1252
1622520 1255
1622530 1258
1622540 1258
1622550 1262
1622560 1266
1622570 1266
1622580 1270
1622590 1275
1622600 1275
1622610 1279
1622620 1283
1622630 1283
1622640 1286
1622650 1288
1622660 1288
1622670 1290
1622680 1293
1622690 1293
1622700 1297
1622710 1301
1622720 1305
1622730 1305
1622740 1309
1622750 1313
1622760 1313
1622770 1318
1622780 1322
1622790 1322
1622800 1326
1622810 1330
1622820 1330
1622830 1335
1622840 1339
1622850 1339
1622860 1342
1622870 1346
1622880 1346
1622890 1351
1622900 1355
1622910 1355
1622920 1359
1622930 1363
1622940 1365
1622950 1364
1622960 1367
1622970 1369
1622980 1369
1622990 1371
1623000 1372
1623010 1372
1623020 1372
1623030 1372
1623040 1372
1623050 1371
1623060 1370
1623070 1370
1623080 1369
1623090 1366
1623100 1366
1623110 1361
1623120 1356
1623130 1356
1623140 1351
1623150 1346
1623160 1346
1623170 1341
1623180 1337
1623190 1333
1623200 1333
1623210 1329
1623220 1326
1623230 1326
1623240 1323
1623250 1320
1623260 1320
1623270 1317
1623280 1313
1623290 1313
1623300 1309
1623310 1306
1623320 1306
1623330 1303
1623340 1300
1623350 1300
1623360 1297
1623370 1294
1623380 1294
1623390 1291
1623400 1287
1623410 1282
1623420 1282
1623430 1278
1623440 1274
1623450 1274
1623460 1271
1623470 1271
1623480 1271
1623490 1272
1623500 1274
1623510 1274
1623520 1276
1623530 1276
1623540 1276
1623550 1277
1623560 1277
1623570 1277
1623580 1277
1623590 1278
1623600 1278
1623610 1279
1623620 1280
1623630 1280
1623640 1280
1623650 1280
1623660 1279
1623670 1279
1623680 1278
1623690 1274
1623700 1274
1623710 1269
1623720 1265
1623730 1265
1623740 1260
1623750 1256
1623760 1256
1623770 1251
1623780 1246
1623790 1246
1623800 1241
1623810 1237
1623820 1237
1623830 1234
1623840 1230
1623850 1230
1623860 1224
1623870 1219
1623880 1214
1623890 1214
1623900 1209
1623910 1205
1623920 1205
1623930 1201
1623940 1197
1623950 1197
1623960 1194
1623970 1190
1623980 1190
1623990 1187
1624000 1184
1624010 1184
1624020 1180
1624030 1177
1624040 1177
1624050 1173
1624060 1171
1624070 1171
1624080 1169
1624090 1168
1624100 1168
1624110 1167
1624120 1166
1624130 1165
1624140 1165
1624150 1163
1624160 1162
1624170 1162
1624180 1160
1624190 1159
1624200 1159
1624210 1157
1624220 1155
1624230 1155
1624240 1152
1624250 1149
1624260 1149
1624270 1146
1624280 1142
1624290 1142
1624300 1139
1624310 1135
1624320 1135
1624330 1133
1624340 1133
1624350 1130
1624360 1130
1624370 1127
1624380 1125
1624390 1125
1624400 1123
1624410 1120
1624420 1120
1624430 1117
1624440 1114
1624450 1114
1624460 1110
1624470 1107
1624480 1107
1624490 1105
1624500 1102
1624510 1102
1624520 1099
1624530 1095
1624540 1095
1624550 1091
1624560 1088
1624570 1088
1624580 1083
1624590 1078
1624600 1073
1624610 1073
1624620 1069
1624630 1065
1624640 1065
1624650 1062
1624660 1058
1624670 1058
1624680 1054
1624690 1051
1624700 1051
1624710 1047
1624720 1044
1624730 1044
1624740 1040
1624750 1036
1624760 1036
1624770 1032
1624780 1028
1624790 1028
1624800 1024
1624810 1021
1624820 1018
1624830 1018
1624840 1014
1624850 1010
1624860 1010
1624870 1007
1624880 1003
1624890 1003
1624900 1000
1624910 996
1624920 996
1624930 993
1624940 990
1624950 990
1624960 987
1624970 986
1624980 986
1624990 984
1625000 983
1625010 983
1625020 979
1625030 975
1625040 975
1625050 971
1625060 966
1625070 960
1625080 960
1625090 956
1625100 951
1625110 951
1625120 946
1625130 941
1625140 941
1625150 936
1625160 931
1625170 931
1625180 924
1625190 918
1625200 918
1625210 911
1625220 904
1625230 904
1625240 897
1625250 891
1625260 891
1625270 883
1625280 874
1625290 863
1625300 863
1625310 856
1625320 847
1625330 847
1625340 842
1625350 837
1625360 837
1625370 831
1625380 825
1625390 825
1625400 819
1625410 816
1625420 816
1625430 815
1625440 814
1625450 814
1625460 813
1625470 812
1625480 812
1625490 816
1625500 821
1625510 821
1625520 825
1625530 830
1625540 835
1625550 835
1625560 840
1625570 844
1625580 844
1625590 849
1625600 853
1625610 853
1625620 856
1625630 860
1625640 860
1625650 864
1625660 869
1625670 866
1625680 870
1625690 874
1625700 874
1625710 878
1625720 882
1625730 882
1625740 884
1625750 888
1625760 891
1625770 891
1625780 895
1625790 898
1625800 898
1625810 901
1625820 903
1625830 903
1625840 905
1625850 908
1625860 908
1625870 910
1625880 912
1625890 912
1625900 914
1625910 916
1625920 916
1625930 917
1625940 918
1625950 918
1625960 920
1625970 922
1625980 922
1625990 926
1626000 930
1626010 934
1626020 934
1626030 939
1626040 943
1626050 943
1626060 948
1626070 953
1626080 953
1626090 955
1626100 956
1626110 956
1626120 958
1626130 960
1626140 960
1626150 961
1626160 964
1626170 964
1626180 965
1626190 967
1626200 967
1626210 968
1626220 967
1626230 964
1626240 964
1626250 962
1626260 959
1626270 959
1626280 956
1626290 953
1626300 953
1626310 951
1626320 947
1626330 947
1626340 944
1626350 940
1626360 940
1626370 936
1626380 932
1626390 932
1626400 927
1626410 923
1626420 923
1626430 918
1626440 913
1626450 913
1626460 908
1626470 905
1626480 902
1626490 902
1626500 898
1626510 896
1626520 896
1626530 896
1626540 897
1626550 897
1626560 897
1626570 891
1626580 891
1626590 890
1626600 889
1626610 889
1626620 888
1626630 887
1626640 887
1626650 887
1626660 885
1626670 885
1626680 885
1626690 884
1626700 884
1626710 884
1626720 882
1626730 881
1626740 881
1626750 879
1626760 878
1626770 878
1626780 876
1626790 875
1626800 875
1626810 874
1626820 873
1626830 873
1626840 871
1626850 870
1626860 870
1626870 868
1626880 866
1626890 866
1626900 863
1626910 860
1626920 860
1626930 857
1626940 855
1626950 853
1626960 853
1626970 852
1626980 849
1626990 849
1627000 851
1627010 855
1627020 855
1627030 862
1627040 870
1627050 870
1627060 877
1627070 884
1627080 884
1627090 890
1627100 897
1627110 897
1627120 902
1627130 908
1627140 908
1627150 915
1627160 922
1627170 929
1627180 929
1627190 936
1627200 943
1627210 943
1627220 949
1627230 956
1627240 956
1627250 963
1627260 968
1627270 968
1627280 970
1627290 973
1627300 973
1627310 975
1627320 978
1627330 978
1627340 982
1627350 986
1627360 986
1627370 989
1627380 992
1627390 992
1627400 995
1627410 997
1627420 999
1627430 999
1627440 999
1627450 1000
1627460 1006
1627470 1006
1627480 1004
1627490 1004
1627500 1002
1627510 1001
1627520 1001
1627530 1001
1627540 1003
1627550 1003
1627560 1004
1627570 1004
1627580 1004
1627590 1004
1627600 1004
1627610 1004
1627620 1007
1627630 1010
1627640 1013
1627650 1013
1627660 1017
1627670 1019
1627680 1019
1627690 1020
1627700 1021
1627710 1021
1627720 1023
1627730 1026
1627740 1026
1627750 1030
1627760 1035
1627770 1035
1627780 1041
1627790 1046
1627800 1046
1627810 1052
1627820 1057
1627830 1057
1627840 1061
1627850 1064
1627860 1064
1627870 1066
1627880 1068
1627890 1070
1627900 1070
1627910 1073
1627920 1075
1627930 1075
1627940 1078
1627950 1081
1627960 1081
1627970 1084
1627980 1087
1627990 1087
1628000 1089
1628010 1091
1628020 1091
1628030 1092
1628040 1091
1628050 1091
1628060 1090
1628070 1088
1628080 1088
1628090 1087
1628100 1087
1628110 1087
1628120 1087
1628130 1088
1628140 1088
1628150 1088
1628160 1087
1628170 1086
1628180 1086
1628190 1085
1628200 1084
1628210 1084
1628220 1084
1628230 1083
1628240 1083
1628250 1082
1628260 1081
1628270 1081
1628280 1080
1628290 1079
1628300 1079
1628310 1076
1628320 1072
1628330 1072
1628340 1068
1628350 1061
1628360 1056
1628370 1056
1628380 1051
1628390 1046
1628400 1046
1628410 1042
1628420 1038
1628430 1038
1628440 1034
1628450 1030
1628460 1030
1628470 1027
1628480 1024
1628490 1024
1628500 1020
1628510 1017
1628520 1017
1628530 1013
1628540 1008
1628550 1008
1628560 1005
1628570 1003
1628580 1001
1628590 1001
1628600 999
1628610 995
1628620 995
1628630 990
1628640 987
1628650 987
1628660 985
1628670 983
1628680 983
1628690 982
1628700 982
1628710 982
1628720 982
1628730 982
1628740 982
1628750 981
1628760 979
1628770 979
1628780 976
1628790 972
1628800 972
1628810 968
1628820 963
1628830 957
1628840 957
1628850 952
1628860 947
1628870 947
1628880 942
1628890 938
1628900 938
1628910 934
1628920 932
1628930 932
1628940 930
1628950 931
1628960 931
1628970 932
1628980 932
1628990 932
1629000 932
1629010 934
1629020 934
1629030 936
1629040 938
1629050 940
1629060 940
1629070 943
1629080 945
1629090 945
1629100 949
1629110 952
1629120 952
1629130 955
1629140 957
1629150 957
1629160 959
1629170 963
1629180 963
1629190 968
1629200 973
1629210 973
1629220 975
1629230 975
1629240 975
1629250 975
1629260 974
1629270 974
1629280 973
1629290 972
1629300 970
1629310 970
1629320 968
1629330 966
1629340 966
1629350 964
1629360 964
1629370 964
1629380 963
1629390 962
1629400 962
1629410 962
1629420 962
1629430 962
1629440 961
1629450 960
1629460 960
1629470 959
1629480 958
1629490 958
1629500 957
1629510 956
1629520 956
1629530 956
1629540 956
1629550 956
1629560 956
1629570 957
1629580 957
1629590 957
1629600 957
1629610 957
1629620 957
1629630 958
1629640 959
1629650 959
1629660 959
1629670 959
1629680 959
1629690 959
1629700 959
1629710 959
1629720 960
1629730 960
1629740 960
1629750 960
1629760 961
1629770 963
1629780 963
1629790 964
1629800 966
1629810 966
1629820 968
1629830 971
1629840 971
1629850 976
1629860 980
1629870 980
1629880 983
1629890 986
1629900 986
1629910 987
1629920 985
1629930 985
1629940 983
1629950 979
1629960 979
1629970 976
1629980 972
1629990 967
1630000 967
1630010 963
1630020 959
1630030 959
1630040 955
1630050 952
1630060 952
1630070 949
1630080 947
1630090 947
1630100 945
1630110 942
1630120 942
1630130 940
1630140 936
1630150 936
1630160 932
1630170 929
1630180 929
1630190 926
1630200 922
1630210 922
1630220 918
1630230 915
1630240 911
1630250 911
1630260 907
1630270 903
1630280 903
1630290 900
1630300 896
1630310 896
1630320 893
1630330 889
1630340 889
1630350 886
1630360 883
1630370 883
1630380 879
1630390 876
1630400 876
1630410 872
1630420 869
1630430 869
1630440 864
1630450 862
1630460 859
1630470 859
1630480 856
1630490 853
1630500 853
1630510 851
1630520 848
1630530 848
1630540 845
1630550 842
1630560 842
1630570 838
1630580 837
1630590 837
1630600 834
1630610 830
1630620 830
1630630 827
1630640 825
1630650 825
1630660 824
1630670 822
1630680 822
1630690 820
1630700 816
1630710 808
1630720 808
1630730 805
1630740 801
1630750 801
1630760 801
1630770 797
1630780 797
1630790 794
1630800 790
1630810 790
1630820 785
1630830 786
1630840 786
1630850 785
1630860 779
1630870 779
1630880 775
1630890 773
1630900 773
1630910 771
1630920 768
1630930 763
1630940 763
1630950 761
1630960 758
1630970 758
1630980 758
1630990 757
1631000 757
1631010 755
1631020 754
1631030 754
1631040 752
1631050 752
1631060 752
1631070 751
1631080 750
1631090 750
1631100 747
1631110 743
1631120 743
1631130 740
1631140 739
1631150 739
1631160 739
1631170 738
1631180 738
1631190 738
1631200 738
1631210 738
1631220 738
1631230 738
1631240 741
1631250 741
1631260 746
1631270 747
1631280 747
1631290 748
1631300 749
1631310 749
1631320 750
1631330 751
1631340 751
1631350 752
1631360 753
1631370 753
1631380 755
1631390 758
1631400 761
1631410 761
1631420 764
1631430 768
1631440 768
1631450 771
1631460 775
1631470 775
1631480 778
1631490 781
1631500 781
1631510 784
1631520 786
1631530 786
1631540 788
1631550 790
1631560 790
1631570 791
1631580 792
1631590 792
1631600 792
1631610 792
1631620 792
1631630 791
1631640 790
1631650 788
1631660 788
1631670 786
1631680 782
1631690 782
1631700 778
1631710 773
1631720 773
1631730 769
1631740 766
1631750 766
1631760 762
1631770 759
1631780 759
1631790 757
1631800 755
1631810 755
1631820 752
1631830 749
1631840 747
1631850 745
1631860 744
1631870 742
1631880 742
1631890 740
1631900 738
1631910 738
1631920 736
1631930 733
1631940 733
1631950 731
1631960 730
1631970 730
1631980 728
1631990 727
1632000 727
1632010 726
1632020 725
1632030 725
1632040 726
1632050 724
1632060 724
1632070 721
1632080 717
1632090 717
1632100 718
1632110 719
1632120 719
1632130 719
1632140 719
1632150 720
1632160 720
1632170 720
1632180 719
1632190 719
1632200 720
1632210 720
1632220 720
1632230 723
1632240 726
1632250 726
1632260 729
1632270 732
1632280 732
1632290 736
1632300 740
1632310 740
1632320 744
1632330 748
1632340 753
1632350 753
1632360 756
1632370 759
1632380 759
1632390 762
1632400 766
1632410 766
1632420 770
1632430 773
1632440 773
1632450 776
1632460 779
1632470 779
1632480 782
1632490 785
1632500 785
1632510 788
1632520 790
1632530 790
1632540 790
1632550 792
1632560 792
1632570 794
1632580 796
1632590 798
1632600 798
1632610 801
1632620 804
1632630 804
1632640 807
1632650 810
1632660 810
1632670 813
1632680 816
1632690 816
1632700 821
1632710 824
1632720 824
1632730 827
1632740 830
1632750 830
1632760 834
1632770 838
1632780 838
1632790 843
1632800 846
1632810 851
1632820 851
1632830 854
1632840 857
1632850 857
1632860 860
1632870 864
1632880 864
1632890 867
1632900 871
1632910 871
1632920 874
1632930 878
1632940 878
1632950 883
1632960 885
1632970 885
1632980 887
1632990 891
1633000 891
1633010 894
1633020 897
1633030 897
1633040 899
1633050 902
1633060 905
1633070 905
1633080 908
1633090 912
1633100 912
1633110 915
1633120 918
1633130 918
1633140 921
1633150 925
1633160 925
1633170 928
1633180 931
1633190 931
1633200 933
1633210 935
1633220 935
1633230 936
1633240 938
1633250 938
1633260 939
1633270 939
1633280 939
1633290 939
1633300 938
1633310 938
1633320 938
1633330 937
1633340 936
1633350 936
1633360 935
1633370 935
1633380 935
1633390 934
1633400 935
1633410 935
1633420 937
1633430 939
1633440 939
1633450 940
1633460 941
1633470 941
1633480 942
1633490 943
1633500 943
1633510 945
1633520 946
1633530 948
1633540 948
1633550 951
1633560 953
1633570 953
1633580 954
1633590 954
1633600 954
1633610 954
1633620 955
1633630 955
1633640 956
1633650 957
1633660 957
1633670 958
1633680 959
1633690 959
1633700 961
1633710 963
1633720 963
1633730 964
1633740 966
1633750 966
1633760 968
1633770 969
1633780 971
1633790 971
1633800 974
1633810 976
1633820 976
1633830 979
1633840 981
1633850 981
1633860 983
1633870 985
1633880 985
1633890 986
1633900 987
1633910 987
1633920 988
1633930 989
1633940 989
1633950 990
1633960 991
1633970 991
1633980 993
1633990 994
1634000 997
1634010 997
1634020 1000
1634030 1003
1634040 1003
1634050 1006
1634060 1010
1634070 1010
1634080 1012
1634090 1013
1634100 1013
1634110 1016
1634120 1019
1634130 1019
1634140 1022
1634150 1025
1634160 1025
1634170 1027
1634180 1028
1634190 1028
1634200 1029
1634210 1025
1634220 1025
1634230 1019
1634240 1014
1634250 1009
1634260 1009
1634270 1003
1634280 998
1634290 998
1634300 993
1634310 987
1634320 987
1634330 984
1634340 984
1634350 984
1634360 984
1634370 984
1634380 984
1634390 985
1634400 984
1634410 976
1634420 975
1634430 976
1634440 976
1634450 982
1634460 991
1634470 997
1634480 997
1634490 998
1634500 1002
1634510 1002
1634520 1004
1634530 1004
1634540 1004
1634550 1000
1634560 995
1634570 995
1634580 989
1634590 982
1634600 982
1634610 977
1634620 974
1634630 974
1634640 970
1634650 964
1634660 964
1634670 956
1634680 949
1634690 949
1634700 944
1634710 940
1634720 935
1634730 935
1634740 928
1634750 922
1634760 922
1634770 918
1634780 914
1634790 914
1634800 910
1634810 904
1634820 904
1634830 900
1634840 895
1634850 895
1634860 892
1634870 889
1634880 889
1634890 884
1634900 878
1634910 878
1634920 873
1634930 867
1634940 863
1634950 863
1634960 855
1634970 848
1634980 848
1634990 840
1635000 832
1635010 832
1635020 824
1635030 817
1635040 817
1635050 810
1635060 804
1635070 804
1635080 798
1635090 792
1635100 792
1635110 787
1635120 783
1635130 783
1635140 778
1635150 774
1635160 774
1635170 771
1635180 768
1635190 766
1635200 766
1635210 763
1635220 760
1635230 760
1635240 757
1635250 751
1635260 751
1635270 748
1635280 746
1635290 746
1635300 744
1635310 743
1635320 743
1635330 744
1635340 744
1635350 744
1635360 742
1635370 740
1635380 740
1635390 738
1635400 736
1635410 733
1635420 733
1635430 730
1635440 728
1635450 728
1635460 726
1635470 725
1635480 725
1635490 724
1635500 722
1635510 722
1635520 719
1635530 718
1635540 718
1635550 717
1635560 717
1635570 717
1635580 716
1635590 715
1635600 715
1635610 715
1635620 714
1635630 714
1635640 714
1635650 713
1635660 713
1635670 713
1635680 713
1635690 713
1635700 713
1635710 713
1635720 712
1635730 712
1635740 712
1635750 712
1635760 712
1635770 712
1635780 712
1635790 712
1635800 712
1635810 712
1635820 712
1635830 711
1635840 711
1635850 711
1635860 711
1635870 711
1635880 711
1635890 711
1635900 711
1635910 711
1635920 711
1635930 711
1635940 711
1635950 711
1635960 711
1635970 711
1635980 711
1635990 711
1636000 711
1636010 711
1636020 710
1636030 710
1636040 710
1636050 710
1636060 710
1636070 710
1636080 709
1636090 709
1636100 709
1636110 710
1636120 709
1636130 709
1636140 709
1636150 709
1636160 709
1636170 709
1636180 709
1636190 709
1636200 709
1636210 708
1636220 708
1636230 708
1636240 708
1636250 708
1636260 708
1636270 708
1636280 708
1636290 708
1636300 708
1636310 708
1636320 708
1636330 708
1636340 708
1636350 708
1636360 708
1636370 708
1636380 708
1636390 708
1636400 708
1636410 708
1636420 708
1636430 708
1636440 708
1636450 708
1636460 708
1636470 708
1636480 708
1636490 707
1636500 707
1636510 707
1636520 707
1636530 707
1636540 707
1636550 707
1636560 707
1636570 707
1636580 706
1636590 706
1636600 706
1636610 706
1636620 706
1636630 706
1636640 706
1636650 706
1636660 706
1636670 706
1636680 706
1636690 705
1636700 705
1636710 705
1636720 705
1636730 705
1636740 705
1636750 705
1636760 705
1636770 705
1636780 705
1636790 705
1636800 705
1636810 705
1636820 705
1636830 705
1636840 704
1636850 704
1636860 704
1636870 704
1636880 704
1636890 704
1636900 704
1636910 704
1636920 704
1636930 704
1636940 704
1636950 704
1636960 704
1636970 704
1636980 704
1636990 704
1637000 703
1637010 703
1637020 703
1637030 703
1637040 703
1637050 703
1637060 703
1637070 703
1637080 703
1637090 703
1637100 703
1637110 703
1637120 702
1637130 702
1637140 702
1637150 702
1637160 702
1637170 702
1637180 702
1637190 702
1637200 702
1637210 702
1637220 702
1637230 702
1637240 702
1637250 701
1637260 701
1637270 701
1637280 701
1637290 701
1637300 701
1637310 701
1637320 700
1637330 700
1637340 701
1637350 699
1637360 699
1637370 699
1637380 699
1637390 699
1637400 698
1637410 694
1637420 694
1637430 691
1637440 691
1637450 691
1637460 691
1637470 691
1637480 691
1637490 690
1637500 688
1637510 688
1637520 686
1637530 684
1637540 685
1637550 685
1637560 686
1637570 686
1637580 686
1637590 686
1637600 690
1637610 690
1637620 694
1637630 700
1637640 700
1637650 699
1637660 699
1637670 699
1637680 699
1637690 699
1637700 699
1637710 699
1637720 699
1637730 699
1637740 699
1637750 698
1637760 698
1637770 698
1637780 698
1637790 698
1637800 698
1637810 698
1637820 698
1637830 698
1637840 698
1637850 698
1637860 698
1637870 697
1637880 697
1637890 697
1637900 697
1637910 697
1637920 697
1637930 697
1637940 697
1637950 697
1637960 697
1637970 697
1637980 697
1637990 697
1638000 697
1638010 697
1638020 697
1638030 696
1638040 696
1638050 696
1638060 696
1638070 696
1638080 696
1638090 696
1638100 696
1638110 696
1638120 696
1638130 695
1638140 695
1638150 695
1638160 695
1638170 695
1638180 695
1638190 695
1638200 695
1638210 695
1638220 695
1638230 695
1638240 695
1638250 695
1638260 694
1638270 694
1638280 694
1638290 694
1638300 694
1638310 694
1638320 694
1638330 694
1638340 694
1638350 694
1638360 694
1638370 694
1638380 694
1638390 694
1638400 694
1638410 694
1638420 694
1638430 694
1638440 694
1638450 694
1638460 694
1638470 693
1638480 693
1638490 693
1638500 693
1638510 693
1638520 693
1638530 693
1638540 693
1638550 693
1638560 693
1638570 693
1638580 693
1638590 693
1638600 693
1638610 693
1638620 692
1638630 692
1638640 692
1638650 692
1638660 692
1638670 692
1638680 692
1638690 692
1638700 692
1638710 692
1638720 692
1638730 692
1638740 692
1638750 692
1638760 692
1638770 692
1638780 692
1638790 692
1638800 692
1638810 691
1638820 691
1638830 691
1638840 691
1638850 691
1638860 691
1638870 691
1638880 691
1638890 691
1638900 691
1638910 691
1638920 691
1638930 691
1638940 690
1638950 690
1638960 690
1638970 690
1638980 690
1638990 690
1639000 690
1639010 690
1639020 690
1639030 690
1639040 690
1639050 690
1639060 690
1639070 690
1639080 690
1639090 690
1639100 690
1639110 690
1639120 690
1639130 690
1639140 690
1639150 690
1639160 689
1639170 689
1639180 689
1639190 690
1639200 691
1639210 691
1639220 690
1639230 689
1639240 689
1639250 689
1639260 689
1639270 689
1639280 689
1639290 689
1639300 689
1639310 688
1639320 688
1639330 688
1639340 688
1639350 688
1639360 688
1639370 688
1639380 688
1639390 688
1639400 688
1639410 688
1639420 688
1639430 688
1639440 688
1639450 688
1639460 688
1639470 688
1639480 688
1639490 688
1639500 688
1639510 688
1639520 688
1639530 688
1639540 688
1639550 688
1639560 687
1639570 687
1639580 687
1639590 687
1639600 687
1639610 687
1639620 687
1639630 687
1639640 687
1639650 687
1639660 686
1639670 686
1639680 686
1639690 686
1639700 686
1639710 686
1639720 686
1639730 686
1639740 686
1639750 686
1639760 686
1639770 686
1639780 686
1639790 686
1639800 686
1639810 685
1639820 685
1639830 685
1639840 685
1639850 685
1639860 685
1639870 685
1639880 685
1639890 685
1639900 685
1639910 685
1639920 685
1639930 685
1639940 685
1639950 685
1639960 685
1639970 684
1639980 684
1639990 684
