1620000 1267
1620010 1264
1620020 1264
1620030 1262
1620040 1261
1620050 1261
1620060 1260
1620070 1258
1620080 1258
1620090 1257
1620100 1256
1620110 1256
1620120 1254
1620130 1252
1620140 1250
1620150 1250
1620160 1247
1620170 1245
1620180 1245
1620190 1244
1620200 1242
1620210 1242
1620220 1239
1620230 1237
1620240 1237
1620250 1235
1620260 1233
1620270 1233
1620280 1230
1620290 1229
1620300 1229
1620310 1228
1620320 1226
1620330 1226
1620340 1224
1620350 1220
1620360 1220
1620370 1219
1620380 1219
1620390 1218
1620400 1218
1620410 1216
1620420 1214
1620430 1214
1620440 1212
1620450 1210
1620460 1210
1620470 1207
1620480 1206
1620490 1206
1620500 1204
1620510 1204
1620520 1204
1620530 1203
1620540 1202
1620550 1202
1620560 1201
1620570 1201
1620580 1202
1620590 1201
1620600 1197
1620610 1194
1620620 1194
1620630 1192
1620640 1189
1620650 1189
1620660 1186
1620670 1183
1620680 1183
1620690 1181
1620700 1180
1620710 1180
1620720 1178
1620730 1178
1620740 1178
1620750 1177
1620760 1176
1620770 1176
1620780 1174
1620790 1172
1620800 1172
1620810 1170
1620820 1167
1620830 1167
1620840 1164
1620850 1161
1620860 1156
1620870 1156
1620880 1149
1620890 1142
1620900 1142
1620910 1138
1620920 1136
1620930 1136
1620940 1132
1620950 1129
1620960 1129
1620970 1124
1620980 1120
1620990 1120
1621000 1116
1621010 1112
1621020 1112
1621030 1110
1621040 1107
1621050 1107
1621060 1104
1621070 1101
1621080 1097
1621090 1097
1621100 1092
1621110 1084
1621120 1084
1621130 1076
1621140 1068
1621150 1068
1621160 1062
1621170 1056
1621180 1056
1621190 1051
1621200 1047
1621210 1047
1621220 1042
1621230 1037
1621240 1037
1621250 1033
1621260 1030
1621270 1030
1621280 1027
1621290 1023
1621300 1023
1621310 1020
1621320 1018
1621330 1014
1621340 1014
1621350 1012
1621360 1010
1621370 1010
1621380 1006
1621390 1003
1621400 1003
1621410 999
1621420 995
1621430 995
1621440 991
1621450 985
1621460 985
1621470 977
1621480 970
1621490 970
1621500 965
1621510 961
1621520 961
1621530 956
1621540 951
1621550 951
1621560 947
1621570 946
1621580 942
1621590 942
1621600 937
1621610 935
1621620 935
1621630 932
1621640 928
1621650 928
1621660 924
1621670 920
1621680 920
1621690 916
1621700 911
1621710 911
1621720 904
1621730 898
1621740 898
1621750 893
1621760 888
1621770 888
1621780 885
1621790 885
1621800 882
1621810 882
1621820 877
1621830 875
1621840 875
1621850 876
1621860 877
1621870 877
1621880 882
1621890 889
1621900 889
1621910 896
1621920 903
1621930 903
1621940 907
1621950 910
1621960 910
1621970 913
1621980 915
1621990 915
1622000 919
1622010 922
1622020 922
1622030 925
1622040 928
1622050 931
1622060 931
1622070 933
1622080 934
1622090 934
1622100 935
1622110 936
1622120 936
1622130 936
1622140 937
1622150 937
1622160 939
1622170 942
1622180 942
1622190 947
1622200 954
1622210 954
1622220 960
1622230 965
1622240 965
1622250 971
1622260 976
1622270 982
1622280 982
1622290 986
1622300 989
1622310 989
1622320 992
1622330 996
1622340 996
1622350 1000
1622360 1004
1622370 1004
1622380 1008
1622390 1012
1622400 1012
1622410 1016
1622420 1020
1622430 1020
1622440 1025
1622450 1032
1622460 1032
1622470 1040
1622480 1046
1622490 1046
1622500 1055
1622510 1063
1622520 1072
1622530 1072
1622540 1079
1622550 1086
1622560 1086
1622570 1094
1622580 1099
1622590 1099
1622600 1101
1622610 1103
1622620 1103
1622630 1106
1622640 1111
1622650 1111
1622660 1115
1622670 1119
1622680 1119
1622690 1124
1622700 1127
1622710 1127
1622720 1129
1622730 1131
1622740 1134
1622750 1134
1622760 1137
1622770 1139
1622780 1139
1622790 1141
1622800 1143
1622810 1143
1622820 1147
1622830 1150
1622840 1150
1622850 1153
1622860 1156
1622870 1156
1622880 1159
1622890 1164
1622900 1164
1622910 1169
1622920 1176
1622930 1176
1622940 1182
1622950 1186
1622960 1186
1622970 1191
1622980 1196
1622990 1200
1623000 1200
1623010 1201
1623020 1201
1623030 1201
1623040 1199
1623050 1198
1623060 1198
1623070 1196
1623080 1194
1623090 1194
1623100 1192
1623110 1190
1623120 1190
1623130 1188
1623140 1187
1623150 1187
1623160 1185
1623170 1182
1623180 1182
1623190 1180
1623200 1178
1623210 1178
1623220 1176
1623230 1174
1623240 1171
1623250 1171
1623260 1169
1623270 1166
1623280 1166
1623290 1164
1623300 1161
1623310 1161
1623320 1157
1623330 1155
1623340 1155
1623350 1152
1623360 1150
1623370 1150
1623380 1146
1623390 1142
1623400 1142
1623410 1139
1623420 1137
1623430 1137
1623440 1134
1623450 1131
1623460 1127
1623470 1127
1623480 1121
1623490 1115
1623500 1115
1623510 1110
1623520 1104
1623530 1104
1623540 1099
1623550 1094
1623560 1094
1623570 1090
1623580 1087
1623590 1087
1623600 1085
1623610 1083
1623620 1083
1623630 1081
1623640 1078
1623650 1078
1623660 1075
1623670 1070
1623680 1070
1623690 1065
1623700 1059
1623710 1053
1623720 1053
1623730 1046
1623740 1039
1623750 1039
1623760 1036
1623770 1035
1623780 1035
1623790 1035
1623800 1032
1623810 1032
1623820 1028
1623830 1023
1623840 1023
1623850 1017
1623860 1013
1623870 1013
1623880 1012
1623890 1010
1623900 1010
1623910 1007
1623920 1003
1623930 1000
1623940 1000
1623950 997
1623960 993
1623970 993
1623980 987
1623990 979
1624000 979
1624010 971
1624020 963
1624030 963
1624040 955
1624050 948
1624060 948
1624070 941
1624080 936
1624090 936
1624100 934
1624110 934
1624120 934
1624130 936
1624140 938
1624150 938
1624160 939
1624170 941
1624180 942
1624190 942
1624200 943
1624210 945
1624220 945
1624230 947
1624240 950
1624250 950
1624260 953
1624270 951
1624280 951
1624290 955
1624300 958
1624310 958
1624320 960
1624330 963
1624340 963
1624350 965
1624360 967
1624370 967
1624380 968
1624390 968
1624400 969
1624410 969
1624420 971
1624430 972
1624440 972
1624450 973
1624460 974
1624470 974
1624480 971
1624490 969
1624500 969
1624510 966
1624520 964
1624530 964
1624540 964
1624550 964
1624560 964
1624570 963
1624580 963
1624590 963
1624600 965
1624610 967
1624620 967
1624630 971
1624640 975
1624650 978
1624660 978
1624670 980
1624680 978
1624690 978
1624700 974
1624710 969
1624720 969
1624730 964
1624740 957
1624750 957
1624760 951
1624770 945
1624780 945
1624790 941
1624800 936
1624810 936
1624820 933
1624830 932
1624840 932
1624850 931
1624860 931
1624870 931
1624880 933
1624890 938
1624900 941
1624910 941
1624920 944
1624930 948
1624940 948
1624950 952
1624960 957
1624970 957
1624980 963
1624990 968
1625000 968
1625010 974
1625020 979
1625030 979
1625040 985
1625050 989
1625060 989
1625070 994
1625080 996
1625090 996
1625100 997
1625110 999
1625120 1000
1625130 1000
1625140 998
1625150 993
1625160 993
1625170 990
1625180 983
1625190 983
1625200 980
1625210 977
1625220 977
1625230 973
1625240 967
1625250 967
1625260 962
1625270 957
1625280 957
1625290 954
1625300 950
1625310 950
1625320 948
1625330 945
1625340 945
1625350 941
1625360 939
1625370 935
1625380 935
1625390 931
1625400 926
1625410 926
1625420 921
1625430 917
1625440 917
1625450 913
1625460 909
1625470 909
1625480 907
1625490 905
1625500 905
1625510 900
1625520 894
1625530 894
1625540 889
1625550 883
1625560 883
1625570 879
1625580 874
1625590 869
1625600 869
1625610 863
1625620 858
1625630 858
1625640 853
1625650 847
1625660 847
1625670 841
1625680 836
1625690 836
1625700 830
1625710 824
1625720 824
1625730 818
1625740 814
1625750 814
1625760 810
1625770 807
1625780 807
1625790 804
1625800 800
1625810 800
1625820 796
1625830 793
1625840 791
1625850 791
1625860 789
1625870 788
1625880 788
1625890 786
1625900 784
1625910 784
1625920 782
1625930 781
1625940 781
1625950 779
1625960 778
1625970 778
1625980 777
1625990 776
1626000 776
1626010 775
1626020 771
1626030 771
1626040 767
1626050 763
1626060 760
1626070 760
1626080 759
1626090 759
1626100 759
1626110 757
1626120 759
1626130 759
1626140 761
1626150 763
1626160 763
1626170 765
1626180 765
1626190 765
1626200 767
1626210 768
1626220 768
1626230 772
1626240 775
1626250 775
1626260 777
1626270 780
1626280 780
1626290 784
1626300 787
1626310 789
1626320 789
1626330 791
1626340 792
1626350 792
1626360 793
1626370 793
1626380 793
1626390 794
1626400 795
1626410 795
1626420 796
1626430 798
1626440 798
1626450 799
1626460 801
1626470 801
1626480 803
1626490 804
1626500 804
1626510 806
1626520 808
1626530 808
1626540 810
1626550 813
1626560 817
1626570 817
1626580 822
1626590 826
1626600 826
1626610 831
1626620 836
1626630 836
1626640 840
1626650 845
1626660 845
1626670 850
1626680 855
1626690 855
1626700 860
1626710 865
1626720 865
1626730 871
1626740 877
1626750 877
1626760 884
1626770 892
1626780 899
1626790 899
1626800 906
1626810 912
1626820 912
1626830 916
1626840 919
1626850 919
1626860 921
1626870 921
1626880 921
1626890 922
1626900 923
1626910 923
1626920 926
1626930 929
1626940 929
1626950 932
1626960 934
1626970 934
1626980 930
1626990 928
1627000 928
1627010 931
1627020 934
1627030 936
1627040 936
1627050 938
1627060 941
1627070 941
1627080 944
1627090 946
1627100 946
1627110 947
1627120 947
1627130 947
1627140 947
1627150 943
1627160 943
1627170 942
1627180 946
1627190 946
1627200 942
1627210 930
1627220 930
1627230 918
1627240 907
1627250 904
1627260 904
1627270 902
1627280 901
1627290 901
1627300 897
1627310 895
1627320 895
1627330 895
1627340 897
1627350 897
1627360 898
1627370 896
1627380 896
1627390 894
1627400 895
1627410 895
1627420 896
1627430 894
1627440 894
1627450 894
1627460 893
1627470 893
1627480 894
1627490 894
1627500 893
1627510 893
1627520 892
1627530 892
1627540 892
1627550 889
1627560 886
1627570 886
1627580 882
1627590 879
1627600 879
1627610 877
1627620 875
1627630 875
1627640 871
1627650 867
1627660 867
1627670 863
1627680 859
1627690 859
1627700 856
1627710 853
1627720 849
1627730 849
1627740 845
1627750 840
1627760 840
1627770 835
1627780 831
1627790 831
1627800 827
1627810 822
1627820 822
1627830 814
1627840 809
1627850 809
1627860 815
1627870 816
1627880 816
1627890 821
1627900 826
1627910 826
1627920 830
1627930 833
1627940 833
1627950 834
1627960 838
1627970 842
1627980 842
1627990 845
1628000 846
1628010 846
1628020 845
1628030 846
1628040 846
1628050 846
1628060 848
1628070 848
1628080 849
1628090 848
1628100 848
1628110 846
1628120 844
1628130 844
1628140 844
1628150 844
1628160 844
1628170 843
1628180 840
1628190 837
1628200 837
1628210 834
1628220 833
1628230 833
1628240 831
1628250 831
1628260 831
1628270 830
1628280 830
1628290 830
1628300 829
1628310 827
1628320 827
1628330 827
1628340 826
1628350 826
1628360 825
1628370 824
1628380 824
1628390 823
1628400 821
1628410 821
1628420 820
1628430 818
1628440 816
1628450 816
1628460 815
1628470 813
1628480 813
1628490 812
1628500 811
1628510 811
1628520 810
1628530 808
1628540 808
1628550 806
1628560 805
1628570 805
1628580 804
1628590 804
1628600 804
1628610 804
1628620 803
1628630 803
1628640 801
1628650 799
1628660 799
1628670 798
1628680 798
1628690 797
1628700 797
1628710 798
1628720 798
1628730 798
1628740 796
1628750 791
1628760 791
1628770 788
1628780 786
1628790 786
1628800 784
1628810 783
1628820 783
1628830 782
1628840 780
1628850 780
1628860 779
1628870 777
1628880 777
1628890 775
1628900 774
1628910 773
1628920 773
1628930 772
1628940 772
1628950 772
1628960 772
1628970 771
1628980 771
1628990 771
1629000 771
1629010 771
1629020 772
1629030 771
1629040 771
1629050 770
1629060 769
1629070 769
1629080 769
1629090 769
1629100 769
1629110 769
1629120 768
1629130 768
1629140 767
1629150 766
1629160 765
1629170 765
1629180 765
1629190 765
1629200 765
1629210 765
1629220 764
1629230 764
1629240 764
1629250 764
1629260 764
1629270 764
1629280 764
1629290 764
1629300 764
1629310 763
1629320 763
1629330 763
1629340 763
1629350 763
1629360 763
1629370 763
1629380 763
1629390 763
1629400 763
1629410 763
1629420 763
1629430 763
1629440 763
1629450 763
1629460 763
1629470 763
1629480 763
1629490 763
1629500 763
1629510 763
1629520 763
1629530 763
1629540 763
1629550 762
1629560 762
1629570 762
1629580 762
1629590 761
1629600 761
1629610 761
1629620 761
1629630 761
1629640 761
1629650 760
1629660 760
1629670 760
1629680 760
1629690 759
1629700 759
1629710 759
1629720 759
1629730 759
1629740 759
1629750 759
1629760 759
1629770 759
1629780 759
1629790 759
1629800 759
1629810 759
1629820 759
1629830 758
1629840 758
1629850 758
1629860 758
1629870 757
1629880 757
1629890 757
1629900 757
1629910 757
1629920 757
1629930 757
1629940 757
1629950 757
1629960 757
1629970 756
1629980 756
1629990 756
1630000 756
1630010 756
1630020 756
1630030 756
1630040 756
1630050 756
1630060 755
1630070 755
1630080 755
1630090 754
1630100 754
1630110 754
1630120 754
1630130 754
1630140 754
1630150 754
1630160 754
1630170 754
1630180 754
1630190 754
1630200 754
1630210 753
1630220 753
1630230 753
1630240 753
1630250 752
1630260 752
1630270 752
1630280 752
1630290 752
1630300 752
1630310 752
1630320 751
1630330 751
1630340 751
1630350 751
1630360 751
1630370 751
1630380 751
1630390 751
1630400 751
1630410 751
1630420 751
1630430 751
1630440 751
1630450 751
1630460 751
1630470 751
1630480 751
1630490 750
1630500 750
1630510 750
1630520 750
1630530 750
1630540 750
1630550 749
1630560 749
1630570 749
1630580 749
1630590 749
1630600 749
1630610 749
1630620 748
1630630 748
1630640 748
1630650 748
1630660 748
1630670 748
1630680 748
1630690 748
1630700 748
1630710 747
1630720 747
1630730 747
1630740 747
1630750 747
1630760 747
1630770 746
1630780 746
1630790 746
1630800 746
1630810 746
1630820 746
1630830 746
1630840 746
1630850 745
1630860 745
1630870 745
1630880 745
1630890 745
1630900 745
1630910 745
1630920 745
1630930 745
1630940 745
1630950 745
1630960 745
1630970 745
1630980 745
1630990 745
1631000 745
1631010 745
1631020 745
1631030 744
1631040 744
1631050 744
1631060 744
1631070 744
1631080 744
1631090 744
1631100 744
1631110 744
1631120 743
1631130 743
1631140 743
1631150 743
1631160 742
1631170 742
1631180 741
1631190 740
1631200 740
1631210 739
1631220 738
1631230 738
1631240 736
1631250 735
1631260 735
1631270 735
1631280 734
1631290 733
1631300 733
1631310 731
1631320 729
1631330 729
1631340 729
1631350 729
1631360 729
1631370 722
1631380 721
1631390 721
1631400 721
1631410 720
1631420 720
1631430 720
1631440 720
1631450 720
1631460 720
1631470 720
1631480 720
1631490 719
1631500 719
1631510 720
1631520 720
1631530 721
1631540 722
1631550 722
1631560 723
1631570 723
1631580 723
1631590 723
1631600 723
1631610 723
1631620 723
1631630 722
1631640 722
1631650 722
1631660 722
1631670 722
1631680 721
1631690 721
1631700 721
1631710 721
1631720 721
1631730 721
1631740 720
1631750 719
1631760 719
1631770 719
1631780 720
1631790 721
1631800 721
1631810 721
1631820 722
1631830 722
1631840 723
1631850 724
1631860 724
1631870 725
1631880 725
1631890 725
1631900 724
1631910 723
1631920 723
1631930 722
1631940 720
1631950 720
1631960 718
1631970 716
1631980 715
1631990 715
1632000 713
1632010 712
1632020 712
1632030 711
1632040 710
1632050 710
1632060 710
1632070 709
1632080 709
1632090 709
1632100 708
1632110 708
1632120 706
1632130 704
1632140 704
1632150 704
1632160 703
1632170 703
1632180 702
1632190 701
1632200 701
1632210 700
1632220 700
1632230 700
1632240 700
1632250 700
1632260 699
1632270 699
1632280 699
1632290 698
1632300 698
1632310 698
1632320 698
1632330 698
1632340 698
1632350 698
1632360 698
1632370 698
1632380 700
1632390 700
1632400 700
1632410 698
1632420 698
1632430 697
1632440 695
1632450 695
1632460 693
1632470 693
1632480 692
1632490 692
1632500 692
1632510 692
1632520 692
1632530 692
1632540 692
1632550 692
1632560 692
1632570 692
1632580 692
1632590 692
1632600 691
1632610 691
1632620 691
1632630 689
1632640 689
1632650 686
1632660 686
1632670 686
1632680 686
1632690 686
1632700 686
1632710 686
1632720 686
1632730 687
1632740 687
1632750 690
1632760 690
1632770 690
1632780 690
1632790 689
1632800 689
1632810 689
1632820 689
1632830 689
1632840 688
1632850 688
1632860 688
1632870 687
1632880 687
1632890 687
1632900 686
1632910 686
1632920 686
1632930 686
1632940 686
1632950 686
1632960 686
1632970 686
1632980 686
1632990 686
1633000 686
1633010 686
1633020 686
1633030 685
1633040 684
1633050 684
1633060 684
1633070 684
1633080 684
1633090 685
1633100 685
1633110 685
1633120 685
1633130 685
1633140 685
1633150 685
1633160 685
1633170 685
1633180 685
1633190 684
1633200 683
1633210 683
1633220 682
1633230 682
1633240 682
1633250 681
1633260 681
1633270 681
1633280 681
1633290 681
1633300 681
1633310 681
1633320 681
1633330 681
1633340 681
1633350 681
1633360 681
1633370 681
1633380 681
1633390 681
1633400 681
1633410 681
1633420 681
1633430 681
1633440 681
1633450 681
1633460 681
1633470 681
1633480 681
1633490 681
1633500 681
1633510 681
1633520 681
1633530 681
1633540 681
1633550 681
1633560 681
1633570 681
1633580 681
1633590 681
1633600 681
1633610 681
1633620 681
1633630 681
1633640 681
1633650 681
1633660 681
1633670 681
1633680 681
1633690 681
1633700 682
1633710 682
1633720 683
1633730 685
1633740 685
1633750 689
1633760 695
1633770 695
1633780 699
1633790 701
1633800 701
1633810 701
1633820 701
1633830 701
1633840 701
1633850 701
1633860 701
1633870 701
1633880 702
1633890 702
1633900 702
1633910 702
1633920 702
1633930 702
1633940 702
1633950 702
1633960 702
1633970 702
1633980 702
1633990 702
1634000 702
1634010 702
1634020 702
1634030 701
1634040 701
1634050 701
1634060 701
1634070 701
1634080 701
1634090 701
1634100 700
1634110 700
1634120 700
1634130 700
1634140 700
1634150 700
1634160 700
1634170 700
1634180 700
1634190 700
1634200 699
1634210 699
1634220 699
1634230 699
1634240 699
1634250 699
1634260 699
1634270 699
1634280 699
1634290 698
1634300 698
1634310 698
1634320 698
1634330 698
1634340 698
1634350 698
1634360 698
1634370 698
1634380 698
1634390 698
1634400 698
1634410 698
1634420 698
1634430 698
1634440 697
1634450 697
1634460 697
1634470 697
1634480 697
1634490 697
1634500 697
1634510 697
1634520 697
1634530 697
1634540 697
1634550 697
1634560 697
1634570 697
1634580 697
1634590 697
1634600 697
1634610 697
1634620 697
1634630 697
1634640 697
1634650 697
1634660 697
1634670 697
1634680 697
1634690 697
1634700 697
1634710 697
1634720 697
1634730 697
1634740 697
1634750 697
1634760 697
1634770 697
1634780 697
1634790 697
1634800 697
1634810 697
1634820 697
1634830 697
1634840 697
1634850 697
1634860 697
1634870 697
1634880 697
1634890 697
1634900 697
1634910 697
1634920 696
1634930 696
1634940 696
1634950 696
1634960 696
1634970 696
1634980 696
1634990 696
1635000 696
1635010 696
1635020 696
1635030 696
1635040 696
1635050 696
1635060 696
1635070 696
1635080 695
1635090 695
1635100 695
1635110 696
1635120 696
1635130 696
1635140 696
1635150 696
1635160 696
1635170 696
1635180 696
1635190 696
1635200 696
1635210 696
1635220 696
1635230 696
1635240 696
1635250 696
1635260 696
1635270 696
1635280 696
1635290 696
1635300 696
1635310 696
1635320 696
1635330 696
1635340 696
1635350 696
1635360 696
1635370 696
1635380 696
1635390 696
1635400 696
1635410 696
1635420 695
1635430 695
1635440 695
1635450 695
1635460 695
1635470 695
1635480 695
1635490 695
1635500 695
1635510 695
1635520 695
1635530 694
1635540 694
1635550 694
1635560 694
1635570 694
1635580 694
1635590 694
1635600 694
1635610 694
1635620 694
1635630 694
1635640 694
1635650 694
1635660 694
1635670 694
1635680 694
1635690 694
1635700 694
1635710 694
1635720 694
1635730 694
1635740 694
1635750 694
1635760 694
1635770 694
1635780 694
1635790 694
1635800 694
1635810 694
1635820 694
1635830 694
1635840 694
1635850 693
1635860 693
1635870 693
1635880 693
1635890 693
1635900 693
1635910 693
1635920 693
1635930 693
1635940 693
1635950 693
1635960 693
1635970 693
1635980 693
1635990 693
1636000 692
1636010 692
1636020 692
1636030 692
1636040 692
1636050 692
1636060 692
1636070 691
1636080 691
1636090 691
1636100 691
1636110 691
1636120 691
1636130 691
1636140 691
1636150 691
1636160 692
1636170 691
1636180 691
1636190 691
1636200 692
1636210 692
1636220 692
1636230 692
1636240 692
1636250 692
1636260 693
1636270 693
1636280 693
1636290 693
1636300 693
1636310 693
1636320 693
1636330 693
1636340 693
1636350 693
1636360 693
1636370 693
1636380 693
1636390 693
1636400 693
1636410 693
1636420 693
1636430 693
1636440 693
1636450 693
1636460 693
1636470 692
1636480 692
1636490 692
1636500 692
1636510 692
1636520 692
1636530 692
1636540 691
1636550 691
1636560 691
1636570 691
1636580 691
1636590 691
1636600 691
1636610 691
1636620 691
1636630 691
1636640 691
1636650 691
1636660 691
1636670 691
1636680 691
1636690 691
1636700 691
1636710 691
1636720 691
1636730 691
1636740 690
1636750 690
1636760 690
1636770 690
1636780 690
1636790 689
1636800 689
1636810 689
1636820 688
1636830 688
1636840 688
1636850 688
1636860 688
1636870 688
1636880 688
1636890 688
1636900 688
1636910 688
1636920 688
1636930 688
1636940 688
1636950 688
1636960 687
1636970 687
1636980 688
1636990 688
1637000 688
1637010 688
1637020 688
1637030 688
1637040 688
1637050 688
1637060 688
1637070 688
1637080 688
1637090 688
1637100 688
1637110 688
1637120 688
1637130 688
1637140 688
1637150 688
1637160 688
1637170 688
1637180 688
1637190 688
1637200 688
1637210 688
1637220 688
1637230 688
1637240 688
1637250 688
1637260 688
1637270 688
1637280 688
1637290 687
1637300 688
1637310 688
1637320 688
1637330 687
1637340 687
1637350 687
1637360 687
1637370 687
1637380 687
1637390 687
1637400 687
1637410 687
1637420 687
1637430 687
1637440 687
1637450 687
1637460 686
1637470 686
1637480 686
1637490 686
1637500 686
1637510 686
1637520 686
1637530 686
1637540 686
1637550 685
1637560 685
1637570 685
1637580 685
1637590 685
1637600 685
1637610 685
1637620 685
1637630 685
1637640 685
1637650 685
1637660 685
1637670 685
1637680 685
1637690 685
1637700 686
1637710 686
1637720 686
1637730 686
1637740 687
1637750 687
1637760 688
1637770 690
1637780 690
1637790 692
1637800 693
1637810 693
1637820 695
1637830 696
1637840 696
1637850 696
1637860 696
1637870 696
1637880 696
1637890 696
1637900 696
1637910 696
1637920 695
1637930 696
1637940 696
1637950 697
1637960 697
1637970 697
1637980 698
1637990 698
1638000 698
1638010 698
1638020 698
1638030 698
1638040 698
1638050 697
1638060 697
1638070 697
1638080 697
1638090 697
1638100 697
1638110 697
1638120 697
1638130 697
1638140 697
1638150 697
1638160 697
1638170 697
1638180 697
1638190 697
1638200 697
1638210 697
1638220 697
1638230 697
1638240 697
1638250 697
1638260 696
1638270 696
1638280 696
1638290 696
1638300 696
1638310 696
1638320 696
1638330 696
1638340 696
1638350 696
1638360 696
1638370 696
1638380 695
1638390 695
1638400 695
1638410 695
1638420 695
1638430 695
1638440 695
1638450 695
1638460 695
1638470 695
1638480 695
1638490 695
1638500 695
1638510 695
1638520 694
1638530 694
1638540 694
1638550 694
1638560 694
1638570 694
1638580 694
1638590 694
1638600 694
1638610 694
1638620 694
1638630 694
1638640 694
1638650 694
1638660 694
1638670 693
1638680 693
1638690 693
1638700 693
1638710 693
1638720 693
1638730 693
1638740 693
1638750 693
1638760 693
1638770 693
1638780 693
1638790 693
1638800 693
1638810 693
1638820 692
1638830 692
1638840 692
1638850 692
1638860 692
1638870 692
1638880 692
1638890 692
1638900 692
1638910 692
1638920 692
1638930 691
1638940 691
1638950 691
1638960 691
1638970 691
1638980 691
1638990 691
1639000 691
1639010 691
1639020 691
1639030 691
1639040 691
1639050 691
1639060 691
1639070 691
1639080 691
1639090 691
1639100 691
1639110 691
1639120 691
1639130 691
1639140 691
1639150 691
1639160 691
1639170 691
1639180 691
1639190 691
1639200 690
1639210 690
1639220 690
1639230 690
1639240 690
1639250 690
1639260 690
1639270 690
1639280 690
1639290 690
1639300 686
1639310 686
1639320 680
1639330 679
1639340 684
1639350 684
1639360 688
1639370 689
1639380 689
1639390 689
1639400 689
1639410 689
1639420 689
1639430 688
1639440 688
1639450 688
1639460 688
1639470 688
1639480 688
1639490 688
1639500 688
1639510 688
1639520 688
1639530 688
1639540 688
1639550 687
1639560 687
1639570 687
1639580 687
1639590 684
1639600 684
1639610 680
1639620 676
1639630 676
1639640 673
1639650 670
1639660 670
1639670 666
1639680 663
1639690 663
1639700 662
1639710 660
1639720 660
1639730 659
1639740 658
1639750 658
1639760 658
1639770 658
1639780 658
1639790 658
1639800 658
1639810 658
1639820 658
1639830 658
1639840 658
1639850 658
1639860 658
1639870 658
1639880 658
1639890 658
1639900 658
1639910 658
1639920 658
1639930 658
1639940 658
1639950 658
1639960 658
1639970 658
1639980 658
1639990 658
