1620000 1058
1620010 1058
1620020 1056
1620030 1055
1620040 1053
1620050 1053
1620060 1051
1620070 1049
1620080 1049
1620090 1046
1620100 1044
1620110 1044
1620120 1041
1620130 1039
1620140 1039
1620150 1037
1620160 1034
1620170 1034
1620180 1030
1620190 1027
1620200 1027
1620210 1027
1620220 1028
1620230 1028
1620240 1028
1620250 1028
1620260 1028
1620270 1028
1620280 1031
1620290 1032
1620300 1032
1620310 1031
1620320 1024
1620330 1024
1620340 1018
1620350 1014
1620360 1014
1620370 1010
1620380 1005
1620390 1005
1620400 1001
1620410 1000
1620420 1000
1620430 994
1620440 985
1620450 985
1620460 975
1620470 965
1620480 965
1620490 964
1620500 970
1620510 974
1620520 974
1620530 977
1620540 979
1620550 979
1620560 983
1620570 987
1620580 987
1620590 991
1620600 995
1620610 995
1620620 1000
1620630 1004
1620640 1004
1620650 1009
1620660 1012
1620670 1012
1620680 1014
1620690 1018
1620700 1018
1620710 1023
1620720 1029
1620730 1029
1620740 1036
1620750 1041
1620760 1049
1620770 1049
1620780 1056
1620790 1063
1620800 1063
1620810 1070
1620820 1077
1620830 1077
1620840 1084
1620850 1092
1620860 1092
1620870 1105
1620880 1116
1620890 1116
1620900 1121
1620910 1126
1620920 1126
1620930 1131
1620940 1135
1620950 1135
1620960 1140
1620970 1145
1620980 1148
1620990 1148
1621000 1152
1621010 1155
1621020 1155
1621030 1159
1621040 1160
1621050 1160
1621060 1161
1621070 1154
1621080 1154
1621090 1148
1621100 1144
1621110 1144
1621120 1143
1621130 1142
1621140 1142
1621150 1138
1621160 1134
1621170 1134
1621180 1130
1621190 1130
1621200 1130
1621210 1132
1621220 1134
1621230 1137
1621240 1137
1621250 1139
1621260 1141
1621270 1141
1621280 1142
1621290 1143
1621300 1143
1621310 1143
1621320 1144
1621330 1144
1621340 1141
1621350 1141
1621360 1141
1621370 1140
1621380 1139
1621390 1139
1621400 1137
1621410 1135
1621420 1135
1621430 1132
1621440 1128
1621450 1128
1621460 1125
1621470 1121
1621480 1117
1621490 1117
1621500 1113
1621510 1109
1621520 1109
1621530 1105
1621540 1100
1621550 1100
1621560 1096
1621570 1091
1621580 1091
1621590 1086
1621600 1082
1621610 1082
1621620 1076
1621630 1072
1621640 1072
1621650 1066
1621660 1061
1621670 1061
1621680 1056
1621690 1051
1621700 1046
1621710 1046
1621720 1040
1621730 1035
1621740 1035
1621750 1030
1621760 1025
1621770 1025
1621780 1019
1621790 1015
1621800 1015
1621810 1010
1621820 1006
1621830 1006
1621840 1001
1621850 996
1621860 996
1621870 992
1621880 989
1621890 989
1621900 986
1621910 983
1621920 983
1621930 980
1621940 977
1621950 975
1621960 975
1621970 972
1621980 969
1621990 969
1622000 966
1622010 960
1622020 960
1622030 953
1622040 948
1622050 948
1622060 942
1622070 938
1622080 938
1622090 935
1622100 932
1622110 932
1622120 929
1622130 927
1622140 927
1622150 925
1622160 924
1622170 924
1622180 922
1622190 920
1622200 921
1622210 921
1622220 922
1622230 924
1622240 924
1622250 926
1622260 920
1622270 920
1622280 920
1622290 920
1622300 920
1622310 920
1622320 920
1622330 920
1622340 920
1622350 919
1622360 919
1622370 917
1622380 913
1622390 913
1622400 909
1622410 905
1622420 905
1622430 901
1622440 900
1622450 904
1622460 904
1622470 908
1622480 911
1622490 911
1622500 911
1622510 913
1622520 913
1622530 913
1622540 914
1622550 914
1622560 914
1622570 914
1622580 914
1622590 912
1622600 911
1622610 911
1622620 909
1622630 908
1622640 908
1622650 907
1622660 905
1622670 905
1622680 905
1622690 906
1622700 907
1622710 907
1622720 908
1622730 908
1622740 908
1622750 906
1622760 903
1622770 903
1622780 902
1622790 900
1622800 900
1622810 899
1622820 898
1622830 898
1622840 893
1622850 888
1622860 888
1622870 884
1622880 879
1622890 879
1622900 875
1622910 872
1622920 870
1622930 870
1622940 867
1622950 866
1622960 866
1622970 864
1622980 861
1622990 861
1623000 859
1623010 856
1623020 856
1623030 852
1623040 849
1623050 849
1623060 849
1623070 848
1623080 848
1623090 847
1623100 846
1623110 846
1623120 845
1623130 844
1623140 844
1623150 843
1623160 842
1623170 841
1623180 838
1623190 837
1623200 836
1623210 836
1623220 835
1623230 833
1623240 833
1623250 832
1623260 830
1623270 830
1623280 827
1623290 825
1623300 825
1623310 823
1623320 821
1623330 821
1623340 818
1623350 814
1623360 814
1623370 811
1623380 809
1623390 806
1623400 806
1623410 803
1623420 800
1623430 800
1623440 797
1623450 794
1623460 794
1623470 790
1623480 786
1623490 786
1623500 782
1623510 779
1623520 779
1623530 776
1623540 771
1623550 771
1623560 766
1623570 762
1623580 762
1623590 758
1623600 755
1623610 755
1623620 752
1623630 748
1623640 747
1623650 747
1623660 745
1623670 742
1623680 742
1623690 741
1623700 741
1623710 741
1623720 740
1623730 739
1623740 739
1623750 739
1623760 739
1623770 739
1623780 739
1623790 739
1623800 739
1623810 739
1623820 739
1623830 739
1623840 739
1623850 738
1623860 738
1623870 738
1623880 738
1623890 738
1623900 738
1623910 737
1623920 737
1623930 737
1623940 736
1623950 736
1623960 736
1623970 736
1623980 737
1623990 737
1624000 736
1624010 734
1624020 734
1624030 734
1624040 735
1624050 735
1624060 735
1624070 734
1624080 734
1624090 734
1624100 734
1624110 733
1624120 733
1624130 728
1624140 723
1624150 723
1624160 718
1624170 716
1624180 716
1624190 714
1624200 711
1624210 711
1624220 708
1624230 706
1624240 706
1624250 704
1624260 702
1624270 702
1624280 701
1624290 700
1624300 700
1624310 700
1624320 699
1624330 699
1624340 699
1624350 699
1624360 699
1624370 699
1624380 699
1624390 699
1624400 699
1624410 699
1624420 700
1624430 700
1624440 699
1624450 699
1624460 699
1624470 699
1624480 699
1624490 699
1624500 699
1624510 699
1624520 699
1624530 698
1624540 698
1624550 698
1624560 697
1624570 697
1624580 697
1624590 697
1624600 697
1624610 696
1624620 696
1624630 696
1624640 696
1624650 696
1624660 697
1624670 697
1624680 697
1624690 697
1624700 696
1624710 696
1624720 696
1624730 696
1624740 696
1624750 697
1624760 696
1624770 696
1624780 696
1624790 695
1624800 695
1624810 695
1624820 695
1624830 695
1624840 695
1624850 695
1624860 695
1624870 695
1624880 695
1624890 695
1624900 695
1624910 695
1624920 695
1624930 695
1624940 695
1624950 695
1624960 695
1624970 695
1624980 695
1624990 695
1625000 695
1625010 695
1625020 695
1625030 697
1625040 698
1625050 698
1625060 699
1625070 699
1625080 699
1625090 699
1625100 698
1625110 700
1625120 700
1625130 699
1625140 699
1625150 699
1625160 699
1625170 699
1625180 699
1625190 699
1625200 698
1625210 698
1625220 699
1625230 699
1625240 699
1625250 699
1625260 703
1625270 703
1625280 707
1625290 706
1625300 706
1625310 700
1625320 697
1625330 697
1625340 697
1625350 696
1625360 696
1625370 696
1625380 696
1625390 696
1625400 696
1625410 696
1625420 696
1625430 696
1625440 696
1625450 696
1625460 696
1625470 696
1625480 696
1625490 696
1625500 696
1625510 696
1625520 696
1625530 696
1625540 695
1625550 695
1625560 695
1625570 695
1625580 695
1625590 695
1625600 695
1625610 695
1625620 695
1625630 695
1625640 695
1625650 695
1625660 698
1625670 699
1625680 699
1625690 702
1625700 705
1625710 705
1625720 708
1625730 719
1625740 719
1625750 727
1625760 731
1625770 731
1625780 730
1625790 733
1625800 737
1625810 737
1625820 737
1625830 738
1625840 738
1625850 738
1625860 738
1625870 738
1625880 738
1625890 738
1625900 738
1625910 741
1625920 741
1625930 741
1625940 742
1625950 742
1625960 742
1625970 742
1625980 742
1625990 742
1626000 742
1626010 742
1626020 742
1626030 741
1626040 741
1626050 742
1626060 742
1626070 743
1626080 744
1626090 744
1626100 746
1626110 747
1626120 747
1626130 749
1626140 750
1626150 750
1626160 751
1626170 752
1626180 752
1626190 752
1626200 754
1626210 754
1626220 756
1626230 757
1626240 757
1626250 759
1626260 759
1626270 759
1626280 760
1626290 761
1626300 764
1626310 764
1626320 769
1626330 775
1626340 775
1626350 782
1626360 785
1626370 785
1626380 786
1626390 787
1626400 787
1626410 789
1626420 792
1626430 792
1626440 793
1626450 794
1626460 794
1626470 794
1626480 796
1626490 796
1626500 796
1626510 794
1626520 791
1626530 791
1626540 793
1626550 797
1626560 797
1626570 799
1626580 800
1626590 800
1626600 802
1626610 804
1626620 804
1626630 807
1626640 810
1626650 810
1626660 812
1626670 814
1626680 814
1626690 817
1626700 818
1626710 818
1626720 818
1626730 819
1626740 819
1626750 820
1626760 820
1626770 821
1626780 821
1626790 820
1626800 823
1626810 823
1626820 822
1626830 822
1626840 822
1626850 823
1626860 824
1626870 824
1626880 826
1626890 829
1626900 829
1626910 832
1626920 834
1626930 834
1626940 837
1626950 840
1626960 840
1626970 843
1626980 845
1626990 845
1627000 848
1627010 849
1627020 851
1627030 851
1627040 853
1627050 855
1627060 855
1627070 857
1627080 860
1627090 860
1627100 861
1627110 862
1627120 862
1627130 864
1627140 867
1627150 867
1627160 870
1627170 872
1627180 872
1627190 873
1627200 874
1627210 874
1627220 877
1627230 878
1627240 879
1627250 879
1627260 880
1627270 881
1627280 881
1627290 883
1627300 882
1627310 882
1627320 881
1627330 880
1627340 880
1627350 880
1627360 880
1627370 880
1627380 880
1627390 880
1627400 880
1627410 880
1627420 881
1627430 881
1627440 881
1627450 882
1627460 882
1627470 884
1627480 885
1627490 888
1627500 888
1627510 891
1627520 895
1627530 895
1627540 898
1627550 903
1627560 903
1627570 909
1627580 914
1627590 914
1627600 918
1627610 923
1627620 923
1627630 927
1627640 933
1627650 933
1627660 939
1627670 944
1627680 944
1627690 952
1627700 959
1627710 959
1627720 964
1627730 969
1627740 974
1627750 974
1627760 979
1627770 984
1627780 984
1627790 986
1627800 990
1627810 990
1627820 994
1627830 998
1627840 998
1627850 1007
1627860 1017
1627870 1017
1627880 1023
1627890 1029
1627900 1029
1627910 1034
1627920 1039
1627930 1039
1627940 1042
1627950 1045
1627960 1045
1627970 1047
1627980 1049
1627990 1051
1628000 1051
1628010 1050
1628020 1047
1628030 1047
1628040 1045
1628050 1042
1628060 1042
1628070 1039
1628080 1035
1628090 1035
1628100 1032
1628110 1028
1628120 1028
1628130 1025
1628140 1021
1628150 1021
1628160 1018
1628170 1014
1628180 1014
1628190 1010
1628200 1007
1628210 1005
1628220 1005
1628230 1000
1628240 996
1628250 996
1628260 993
1628270 992
1628280 992
1628290 991
1628300 988
1628310 988
1628320 984
1628330 980
1628340 980
1628350 983
1628360 985
1628370 985
1628380 986
1628390 984
1628400 984
1628410 981
1628420 981
1628430 981
1628440 982
1628450 982
1628460 985
1628470 985
1628480 987
1628490 989
1628500 989
1628510 992
1628520 996
1628530 996
1628540 1001
1628550 1004
1628560 1004
1628570 1007
1628580 1008
1628590 1008
1628600 1010
1628610 1013
1628620 1013
1628630 1016
1628640 1018
1628650 1018
1628660 1021
1628670 1023
1628680 1023
1628690 1024
1628700 1023
1628710 1020
1628720 1020
1628730 1017
1628740 1013
1628750 1013
1628760 1009
1628770 1004
1628780 1004
1628790 1000
1628800 995
1628810 995
1628820 990
1628830 986
1628840 986
1628850 982
1628860 978
1628870 978
1628880 973
1628890 967
1628900 967
1628910 960
1628920 953
1628930 946
1628940 946
1628950 941
1628960 935
1628970 935
1628980 930
1628990 925
1629000 925
1629010 918
1629020 911
1629030 911
1629040 907
1629050 903
1629060 903
1629070 900
1629080 898
1629090 898
1629100 895
1629110 893
1629120 893
1629130 891
1629140 889
1629150 889
1629160 885
1629170 882
1629180 879
1629190 879
1629200 874
1629210 869
1629220 869
1629230 863
1629240 856
1629250 856
1629260 849
1629270 843
1629280 843
1629290 839
1629300 835
1629310 835
1629320 830
1629330 825
1629340 825
1629350 819
1629360 814
1629370 814
1629380 811
1629390 809
1629400 809
1629410 810
1629420 812
1629430 812
1629440 812
1629450 811
1629460 807
1629470 807
1629480 807
1629490 806
1629500 806
1629510 805
1629520 804
1629530 804
1629540 803
1629550 801
1629560 801
1629570 801
1629580 799
1629590 799
1629600 798
1629610 795
1629620 795
1629630 793
1629640 791
1629650 788
1629660 788
1629670 785
1629680 783
1629690 783
1629700 782
1629710 780
1629720 780
1629730 778
1629740 776
1629750 776
1629760 775
1629770 773
1629780 773
1629790 772
1629800 770
1629810 770
1629820 768
1629830 767
1629840 767
1629850 765
1629860 762
1629870 762
1629880 760
1629890 758
1629900 756
1629910 756
1629920 754
1629930 753
1629940 753
1629950 752
1629960 752
1629970 752
1629980 750
1629990 747
1630000 747
1630010 747
1630020 747
1630030 747
1630040 747
1630050 747
1630060 747
1630070 747
1630080 746
1630090 746
1630100 746
1630110 745
1630120 745
1630130 744
1630140 744
1630150 744
1630160 744
1630170 744
1630180 743
1630190 743
1630200 743
1630210 743
1630220 743
1630230 743
1630240 742
1630250 742
1630260 742
1630270 742
1630280 742
1630290 742
1630300 741
1630310 741
1630320 741
1630330 741
1630340 741
1630350 741
1630360 741
1630370 741
1630380 741
1630390 741
1630400 741
1630410 741
1630420 741
1630430 742
1630440 742
1630450 741
1630460 741
1630470 741
1630480 741
1630490 740
1630500 740
1630510 740
1630520 740
1630530 740
1630540 739
1630550 739
1630560 739
1630570 739
1630580 739
1630590 739
1630600 738
1630610 738
1630620 738
1630630 738
1630640 738
1630650 738
1630660 738
1630670 738
1630680 737
1630690 737
1630700 738
1630710 737
1630720 737
1630730 737
1630740 737
1630750 737
1630760 737
1630770 737
1630780 737
1630790 737
1630800 737
1630810 737
1630820 737
1630830 736
1630840 736
1630850 736
1630860 736
1630870 736
1630880 736
1630890 736
1630900 736
1630910 736
1630920 736
1630930 735
1630940 735
1630950 735
1630960 735
1630970 735
1630980 735
1630990 735
1631000 735
1631010 735
1631020 735
1631030 735
1631040 735
1631050 734
1631060 734
1631070 734
1631080 734
1631090 734
1631100 734
1631110 734
1631120 734
1631130 734
1631140 734
1631150 734
1631160 734
1631170 734
1631180 733
1631190 733
1631200 733
1631210 733
1631220 733
1631230 733
1631240 733
1631250 733
1631260 733
1631270 733
1631280 733
1631290 733
1631300 733
1631310 733
1631320 732
1631330 732
1631340 732
1631350 732
1631360 732
1631370 732
1631380 732
1631390 732
1631400 732
1631410 732
1631420 732
1631430 732
1631440 732
1631450 732
1631460 731
1631470 731
1631480 731
1631490 731
1631500 731
1631510 731
1631520 731
1631530 731
1631540 731
1631550 731
1631560 731
1631570 731
1631580 730
1631590 730
1631600 730
1631610 730
1631620 730
1631630 730
1631640 730
1631650 730
1631660 730
1631670 730
1631680 730
1631690 730
1631700 730
1631710 730
1631720 730
1631730 730
1631740 730
1631750 730
1631760 729
1631770 729
1631780 729
1631790 729
1631800 729
1631810 729
1631820 729
1631830 729
1631840 729
1631850 729
1631860 729
1631870 729
1631880 729
1631890 728
1631900 728
1631910 728
1631920 728
1631930 728
1631940 728
1631950 728
1631960 728
1631970 728
1631980 728
1631990 728
1632000 728
1632010 727
1632020 727
1632030 727
1632040 727
1632050 727
1632060 727
1632070 727
1632080 727
1632090 727
1632100 727
1632110 727
1632120 727
1632130 727
1632140 726
1632150 726
1632160 726
1632170 726
1632180 726
1632190 726
1632200 726
1632210 726
1632220 726
1632230 726
1632240 726
1632250 726
1632260 726
1632270 726
1632280 726
1632290 726
1632300 725
1632310 725
1632320 725
1632330 725
1632340 725
1632350 725
1632360 725
1632370 725
1632380 725
1632390 724
1632400 724
1632410 724
1632420 724
1632430 724
1632440 724
1632450 724
1632460 724
1632470 724
1632480 724
1632490 724
1632500 724
1632510 724
1632520 724
1632530 724
1632540 724
1632550 724
1632560 724
1632570 724
1632580 724
1632590 729
1632600 729
1632610 731
1632620 730
1632630 730
1632640 730
1632650 729
1632660 729
1632670 729
1632680 728
1632690 728
1632700 727
1632710 726
1632720 726
1632730 725
1632740 723
1632750 723
1632760 722
1632770 721
1632780 721
1632790 721
1632800 721
1632810 722
1632820 722
1632830 722
1632840 722
1632850 722
1632860 722
1632870 723
1632880 723
1632890 723
1632900 723
1632910 723
1632920 722
1632930 722
1632940 722
1632950 722
1632960 722
1632970 722
1632980 722
1632990 721
1633000 721
1633010 721
1633020 721
1633030 721
1633040 721
1633050 721
1633060 721
1633070 721
1633080 720
1633090 720
1633100 720
1633110 720
1633120 720
1633130 720
1633140 720
1633150 720
1633160 720
1633170 720
1633180 720
1633190 720
1633200 720
1633210 720
1633220 720
1633230 720
1633240 720
1633250 720
1633260 720
1633270 720
1633280 719
1633290 719
1633300 719
1633310 719
1633320 719
1633330 719
1633340 719
1633350 719
1633360 719
1633370 719
1633380 719
1633390 718
1633400 718
1633410 718
1633420 718
1633430 718
1633440 718
1633450 718
1633460 718
1633470 718
1633480 718
1633490 719
1633500 719
1633510 718
1633520 718
1633530 718
1633540 718
1633550 718
1633560 718
1633570 718
1633580 718
1633590 718
1633600 718
1633610 717
1633620 717
1633630 717
1633640 717
1633650 717
1633660 717
1633670 718
1633680 718
1633690 718
1633700 717
1633710 717
1633720 717
1633730 717
1633740 717
1633750 717
1633760 717
1633770 717
1633780 717
1633790 717
1633800 716
1633810 717
1633820 717
1633830 717
1633840 717
1633850 717
1633860 716
1633870 716
1633880 716
1633890 716
1633900 716
1633910 716
1633920 716
1633930 716
1633940 716
1633950 716
1633960 716
1633970 716
1633980 716
1633990 716
1634000 716
1634010 716
1634020 716
1634030 716
1634040 716
1634050 716
1634060 716
1634070 716
1634080 715
1634090 715
1634100 715
1634110 715
1634120 715
1634130 715
1634140 715
1634150 715
1634160 715
1634170 715
1634180 715
1634190 715
1634200 715
1634210 715
1634220 715
1634230 715
1634240 715
1634250 715
1634260 715
1634270 715
1634280 714
1634290 714
1634300 714
1634310 714
1634320 714
1634330 714
1634340 714
1634350 714
1634360 714
1634370 714
1634380 714
1634390 714
1634400 713
1634410 713
1634420 713
1634430 713
1634440 713
1634450 713
1634460 713
1634470 713
1634480 713
1634490 713
1634500 713
1634510 713
1634520 713
1634530 713
1634540 713
1634550 712
1634560 712
1634570 712
1634580 712
1634590 712
1634600 712
1634610 712
1634620 712
1634630 712
1634640 712
1634650 712
1634660 712
1634670 711
1634680 711
1634690 711
1634700 711
1634710 711
1634720 711
1634730 711
1634740 710
1634750 709
1634760 709
1634770 707
1634780 705
1634790 705
1634800 704
1634810 703
1634820 703
1634830 702
1634840 705
1634850 705
1634860 709
1634870 711
1634880 711
1634890 710
1634900 705
1634910 705
1634920 699
1634930 698
1634940 698
1634950 698
1634960 698
1634970 697
1634980 697
1634990 697
1635000 697
1635010 697
1635020 697
1635030 697
1635040 697
1635050 697
1635060 697
1635070 697
1635080 696
1635090 695
1635100 695
1635110 695
1635120 695
1635130 695
1635140 697
1635150 697
1635160 697
1635170 697
1635180 697
1635190 697
1635200 697
1635210 697
1635220 698
1635230 698
1635240 698
1635250 697
1635260 697
1635270 697
1635280 697
1635290 697
1635300 697
1635310 697
1635320 697
1635330 696
1635340 696
1635350 696
1635360 696
1635370 696
1635380 696
1635390 696
1635400 695
1635410 695
1635420 695
1635430 695
1635440 694
1635450 694
1635460 694
1635470 694
1635480 694
1635490 694
1635500 694
1635510 694
1635520 693
1635530 693
1635540 693
1635550 695
1635560 701
1635570 701
1635580 708
1635590 710
1635600 710
1635610 710
1635620 710
1635630 710
1635640 710
1635650 710
1635660 710
1635670 710
1635680 710
1635690 710
1635700 710
1635710 710
1635720 710
1635730 710
1635740 710
1635750 710
1635760 710
1635770 710
1635780 709
1635790 709
1635800 709
1635810 709
1635820 709
1635830 709
1635840 709
1635850 709
1635860 709
1635870 709
1635880 709
1635890 709
1635900 709
1635910 709
1635920 709
1635930 709
1635940 709
1635950 709
1635960 709
1635970 709
1635980 709
1635990 709
1636000 709
1636010 709
1636020 709
1636030 708
1636040 708
1636050 708
1636060 708
1636070 708
1636080 708
1636090 708
1636100 708
1636110 708
1636120 708
1636130 708
1636140 708
1636150 707
1636160 707
1636170 707
1636180 707
1636190 707
1636200 707
1636210 707
1636220 707
1636230 707
1636240 707
1636250 707
1636260 707
1636270 707
1636280 707
1636290 707
1636300 707
1636310 707
1636320 707
1636330 706
1636340 706
1636350 706
1636360 706
1636370 706
1636380 706
1636390 706
1636400 706
1636410 706
1636420 706
1636430 706
1636440 706
1636450 706
1636460 706
1636470 706
1636480 706
1636490 706
1636500 706
1636510 706
1636520 706
1636530 705
1636540 705
1636550 705
1636560 705
1636570 705
1636580 705
1636590 705
1636600 705
1636610 705
1636620 705
1636630 705
1636640 705
1636650 705
1636660 705
1636670 705
1636680 705
1636690 704
1636700 704
1636710 703
1636720 703
1636730 703
1636740 704
1636750 704
1636760 704
1636770 704
1636780 704
1636790 704
1636800 704
1636810 704
1636820 704
1636830 704
1636840 704
1636850 704
1636860 704
1636870 704
1636880 704
1636890 704
1636900 703
1636910 703
1636920 703
1636930 703
1636940 703
1636950 703
1636960 703
1636970 703
1636980 703
1636990 703
1637000 703
1637010 703
1637020 703
1637030 703
1637040 703
1637050 703
1637060 703
1637070 703
1637080 703
1637090 702
1637100 702
1637110 702
1637120 703
1637130 704
1637140 704
1637150 703
1637160 704
1637170 704
1637180 704
1637190 704
1637200 704
1637210 704
1637220 704
1637230 704
1637240 704
1637250 703
1637260 703
1637270 699
1637280 699
1637290 699
1637300 701
1637310 701
1637320 701
1637330 701
1637340 701
1637350 701
1637360 701
1637370 701
1637380 701
1637390 701
1637400 700
1637410 700
1637420 700
1637430 700
1637440 700
1637450 700
1637460 700
1637470 700
1637480 700
1637490 700
1637500 700
1637510 700
1637520 700
1637530 700
1637540 700
1637550 700
1637560 700
1637570 700
1637580 699
1637590 699
1637600 699
1637610 699
1637620 699
1637630 699
1637640 699
1637650 699
1637660 699
1637670 699
1637680 699
1637690 699
1637700 699
1637710 699
1637720 699
1637730 699
1637740 698
1637750 698
1637760 698
1637770 698
1637780 698
1637790 698
1637800 698
1637810 698
1637820 698
1637830 698
1637840 698
1637850 698
1637860 698
1637870 698
1637880 698
1637890 698
1637900 698
1637910 698
1637920 698
1637930 697
1637940 697
1637950 697
1637960 697
1637970 697
1637980 697
1637990 697
1638000 697
1638010 697
1638020 697
1638030 697
1638040 697
1638050 697
1638060 697
1638070 697
1638080 697
1638090 697
1638100 697
1638110 697
1638120 697
1638130 697
1638140 697
1638150 697
1638160 697
1638170 697
1638180 696
1638190 696
1638200 696
1638210 696
1638220 696
1638230 696
1638240 696
1638250 696
1638260 696
1638270 696
1638280 696
1638290 696
1638300 696
1638310 696
1638320 696
1638330 695
1638340 695
1638350 695
1638360 695
1638370 695
1638380 695
1638390 695
1638400 695
1638410 695
1638420 695
1638430 695
1638440 695
1638450 695
1638460 695
1638470 694
1638480 694
1638490 694
1638500 694
1638510 694
1638520 694
1638530 694
1638540 694
1638550 694
1638560 694
1638570 694
1638580 694
1638590 694
1638600 694
1638610 694
1638620 694
1638630 694
1638640 694
1638650 693
1638660 693
1638670 693
1638680 694
1638690 692
1638700 692
1638710 692
1638720 694
1638730 694
1638740 693
1638750 692
1638760 692
1638770 692
1638780 692
1638790 692
1638800 692
1638810 692
1638820 692
1638830 692
1638840 692
1638850 692
1638860 692
1638870 692
1638880 691
1638890 691
1638900 691
1638910 691
1638920 691
1638930 691
1638940 691
1638950 691
1638960 690
1638970 690
1638980 690
1638990 690
1639000 690
1639010 690
1639020 689
1639030 689
1639040 689
1639050 688
1639060 688
1639070 688
1639080 688
1639090 687
1639100 687
1639110 687
1639120 686
1639130 686
1639140 686
1639150 686
1639160 686
1639170 686
1639180 686
1639190 686
1639200 686
1639210 686
1639220 685
1639230 685
1639240 685
1639250 685
1639260 685
1639270 685
1639280 685
1639290 685
1639300 685
1639310 685
1639320 685
1639330 685
1639340 685
1639350 685
1639360 685
1639370 685
1639380 685
1639390 685
1639400 685
1639410 685
1639420 685
1639430 684
1639440 685
1639450 685
1639460 685
1639470 684
1639480 684
1639490 684
1639500 684
1639510 684
1639520 683
1639530 683
1639540 683
1639550 683
1639560 683
1639570 683
1639580 683
1639590 683
1639600 683
1639610 683
1639620 682
1639630 682
1639640 682
1639650 680
1639660 678
1639670 678
1639680 677
1639690 676
1639700 676
1639710 674
1639720 673
1639730 673
1639740 673
1639750 673
1639760 673
1639770 673
1639780 673
1639790 672
1639800 672
1639810 672
1639820 672
1639830 672
1639840 672
1639850 672
1639860 672
1639870 672
1639880 672
1639890 672
1639900 672
1639910 672
1639920 672
1639930 672
1639940 672
1639950 672
1639960 672
1639970 672
1639980 672
1639990 673
