1620000 1224
1620010 1224
1620020 1219
1620030 1212
1620040 1212
1620050 1205
1620060 1200
1620070 1200
1620080 1193
1620090 1187
1620100 1187
1620110 1182
1620120 1177
1620130 1177
1620140 1170
1620150 1165
1620160 1165
1620170 1160
1620180 1154
1620190 1149
1620200 1149
1620210 1144
1620220 1138
1620230 1138
1620240 1132
1620250 1126
1620260 1126
1620270 1123
1620280 1116
1620290 1116
1620300 1110
1620310 1104
1620320 1104
1620330 1105
1620340 1110
1620350 1110
1620360 1116
1620370 1120
1620380 1120
1620390 1124
1620400 1129
1620410 1129
1620420 1135
1620430 1141
1620440 1143
1620450 1143
1620460 1143
1620470 1143
1620480 1143
1620490 1144
1620500 1145
1620510 1145
1620520 1145
1620530 1148
1620540 1148
1620550 1152
1620560 1148
1620570 1148
1620580 1153
1620590 1158
1620600 1158
1620610 1163
1620620 1167
1620630 1167
1620640 1171
1620650 1174
1620660 1174
1620670 1176
1620680 1178
1620690 1181
1620700 1181
1620710 1184
1620720 1188
1620730 1188
1620740 1191
1620750 1195
1620760 1195
1620770 1199
1620780 1202
1620790 1202
1620800 1205
1620810 1207
1620820 1207
1620830 1209
1620840 1210
1620850 1210
1620860 1213
1620870 1215
1620880 1215
1620890 1220
1620900 1226
1620910 1232
1620920 1232
1620930 1239
1620940 1245
1620950 1245
1620960 1251
1620970 1256
1620980 1256
1620990 1260
1621000 1264
1621010 1264
1621020 1267
1621030 1267
1621040 1267
1621050 1265
1621060 1261
1621070 1261
1621080 1258
1621090 1256
1621100 1256
1621110 1254
1621120 1253
1621130 1253
1621140 1253
1621150 1252
1621160 1250
1621170 1250
1621180 1249
1621190 1246
1621200 1246
1621210 1244
1621220 1242
1621230 1242
1621240 1240
1621250 1237
1621260 1237
1621270 1234
1621280 1231
1621290 1231
1621300 1227
1621310 1224
1621320 1224
1621330 1220
1621340 1217
1621350 1217
1621360 1213
1621370 1209
1621380 1209
1621390 1205
1621400 1201
1621410 1197
1621420 1197
1621430 1194
1621440 1191
1621450 1191
1621460 1188
1621470 1186
1621480 1186
1621490 1187
1621500 1185
1621510 1185
1621520 1184
1621530 1181
1621540 1181
1621550 1179
1621560 1175
1621570 1175
1621580 1172
1621590 1169
1621600 1169
1621610 1166
1621620 1164
1621630 1164
1621640 1163
1621650 1161
1621660 1160
1621670 1160
1621680 1157
1621690 1154
1621700 1154
1621710 1152
1621720 1150
1621730 1150
1621740 1147
1621750 1145
1621760 1145
1621770 1144
1621780 1141
1621790 1141
1621800 1140
1621810 1137
1621820 1137
1621830 1134
1621840 1133
1621850 1133
1621860 1131
1621870 1130
1621880 1129
1621890 1129
1621900 1128
1621910 1127
1621920 1127
1621930 1126
1621940 1125
1621950 1125
1621960 1125
1621970 1124
1621980 1124
1621990 1123
1622000 1123
1622010 1123
1622020 1123
1622030 1123
1622040 1123
1622050 1123
1622060 1123
1622070 1123
1622080 1122
1622090 1120
1622100 1120
1622110 1116
1622120 1113
1622130 1111
1622140 1111
1622150 1108
1622160 1106
1622170 1106
1622180 1103
1622190 1100
1622200 1100
1622210 1095
1622220 1090
1622230 1090
1622240 1084
1622250 1081
1622260 1081
1622270 1078
1622280 1077
1622290 1077
1622300 1076
1622310 1075
1622320 1075
1622330 1072
1622340 1070
1622350 1070
1622360 1068
1622370 1065
1622380 1063
1622390 1063
1622400 1060
1622410 1061
1622420 1063
1622430 1062
1622440 1059
1622450 1059
1622460 1056
1622470 1053
1622480 1053
1622490 1048
1622500 1044
1622510 1044
1622520 1041
1622530 1040
1622540 1040
1622550 1039
1622560 1038
1622570 1038
1622580 1038
1622590 1038
1622600 1037
1622610 1037
1622620 1037
1622630 1035
1622640 1035
1622650 1034
1622660 1032
1622670 1032
1622680 1031
1622690 1030
1622700 1030
1622710 1028
1622720 1027
1622730 1027
1622740 1025
1622750 1024
1622760 1024
1622770 1022
1622780 1021
1622790 1021
1622800 1019
1622810 1016
1622820 1016
1622830 1013
1622840 1010
1622850 1006
1622860 1006
1622870 1002
1622880 996
1622890 996
1622900 992
1622910 986
1622920 986
1622930 980
1622940 974
1622950 974
1622960 969
1622970 962
1622980 962
1622990 954
1623000 945
1623010 945
1623020 939
1623030 933
1623040 933
1623050 927
1623060 921
1623070 921
1623080 915
1623090 908
1623100 901
1623110 901
1623120 894
1623130 886
1623140 886
1623150 879
1623160 872
1623170 872
1623180 865
1623190 859
1623200 859
1623210 852
1623220 846
1623230 846
1623240 841
1623250 835
1623260 835
1623270 829
1623280 823
1623290 823
1623300 819
1623310 813
1623320 809
1623330 810
1623340 805
1623350 801
1623360 801
1623370 797
1623380 793
1623390 793
1623400 788
1623410 784
1623420 784
1623430 780
1623440 776
1623450 776
1623460 774
1623470 772
1623480 772
1623490 768
1623500 766
1623510 766
1623520 764
1623530 763
1623540 763
1623550 762
1623560 760
1623570 758
1623580 758
1623590 756
1623600 755
1623610 755
1623620 754
1623630 754
1623640 754
1623650 753
1623660 753
1623670 753
1623680 753
1623690 752
1623700 752
1623710 751
1623720 752
1623730 752
1623740 760
1623750 771
1623760 771
1623770 776
1623780 779
1623790 779
1623800 782
1623810 786
1623820 789
1623830 789
1623840 789
1623850 785
1623860 785
1623870 778
1623880 771
1623890 771
1623900 764
1623910 758
1623920 758
1623930 755
1623940 753
1623950 753
1623960 752
1623970 751
1623980 751
1623990 750
1624000 748
1624010 748
1624020 747
1624030 745
1624040 744
1624050 744
1624060 744
1624070 742
1624080 742
1624090 741
1624100 739
1624110 739
1624120 739
1624130 738
1624140 738
1624150 737
1624160 736
1624170 736
1624180 735
1624190 735
1624200 735
1624210 736
1624220 735
1624230 735
1624240 735
1624250 734
1624260 734
1624270 734
1624280 734
1624290 734
1624300 734
1624310 733
1624320 732
1624330 732
1624340 732
1624350 732
1624360 732
1624370 732
1624380 731
1624390 731
1624400 731
1624410 730
1624420 730
1624430 730
1624440 729
1624450 729
1624460 728
1624470 727
1624480 727
1624490 727
1624500 726
1624510 726
1624520 725
1624530 725
1624540 725
1624550 725
1624560 723
1624570 723
1624580 723
1624590 724
1624600 724
1624610 724
1624620 724
1624630 723
1624640 723
1624650 723
1624660 722
1624670 722
1624680 722
1624690 722
1624700 722
1624710 722
1624720 722
1624730 722
1624740 721
1624750 721
1624760 721
1624770 721
1624780 721
1624790 719
1624800 719
1624810 719
1624820 719
1624830 719
1624840 718
1624850 718
1624860 718
1624870 717
1624880 717
1624890 717
1624900 717
1624910 716
1624920 716
1624930 716
1624940 716
1624950 716
1624960 715
1624970 715
1624980 715
1624990 715
1625000 714
1625010 714
1625020 714
1625030 714
1625040 713
1625050 713
1625060 713
1625070 712
1625080 712
1625090 712
1625100 712
1625110 712
1625120 711
1625130 711
1625140 711
1625150 711
1625160 711
1625170 711
1625180 713
1625190 711
1625200 711
1625210 709
1625220 709
1625230 709
1625240 709
1625250 709
1625260 709
1625270 709
1625280 708
1625290 708
1625300 708
1625310 708
1625320 708
1625330 708
1625340 708
1625350 708
1625360 708
1625370 707
1625380 707
1625390 707
1625400 707
1625410 707
1625420 707
1625430 707
1625440 707
1625450 707
1625460 707
1625470 707
1625480 706
1625490 706
1625500 706
1625510 706
1625520 706
1625530 706
1625540 705
1625550 705
1625560 705
1625570 705
1625580 705
1625590 705
1625600 704
1625610 704
1625620 705
1625630 705
1625640 705
1625650 704
1625660 704
1625670 704
1625680 705
1625690 705
1625700 705
1625710 705
1625720 705
1625730 705
1625740 705
1625750 705
1625760 705
1625770 705
1625780 705
1625790 705
1625800 705
1625810 705
1625820 704
1625830 704
1625840 704
1625850 704
1625860 704
1625870 704
1625880 704
1625890 704
1625900 704
1625910 704
1625920 704
1625930 704
1625940 704
1625950 703
1625960 703
1625970 703
1625980 703
1625990 703
1626000 702
1626010 700
1626020 700
1626030 696
1626040 694
1626050 694
1626060 695
1626070 694
1626080 694
1626090 694
1626100 694
1626110 694
1626120 694
1626130 694
1626140 694
1626150 695
1626160 696
1626170 696
1626180 696
1626190 695
1626200 695
1626210 695
1626220 695
1626230 695
1626240 695
1626250 696
1626260 697
1626270 697
1626280 698
1626290 698
1626300 698
1626310 698
1626320 699
1626330 699
1626340 699
1626350 699
1626360 699
1626370 699
1626380 699
1626390 699
1626400 699
1626410 700
1626420 700
1626430 700
1626440 700
1626450 700
1626460 700
1626470 700
1626480 700
1626490 700
1626500 700
1626510 700
1626520 700
1626530 700
1626540 700
1626550 700
1626560 700
1626570 700
1626580 700
1626590 700
1626600 700
1626610 700
1626620 700
1626630 700
1626640 700
1626650 700
1626660 700
1626670 700
1626680 700
1626690 699
1626700 699
1626710 699
1626720 699
1626730 699
1626740 699
1626750 699
1626760 699
1626770 699
1626780 699
1626790 699
1626800 699
1626810 699
1626820 699
1626830 699
1626840 699
1626850 699
1626860 699
1626870 700
1626880 700
1626890 700
1626900 701
1626910 704
1626920 702
1626930 702
1626940 700
1626950 700
1626960 700
1626970 700
1626980 700
1626990 700
1627000 699
1627010 699
1627020 699
1627030 699
1627040 699
1627050 699
1627060 698
1627070 699
1627080 699
1627090 699
1627100 699
1627110 699
1627120 700
1627130 701
1627140 701
1627150 703
1627160 704
1627170 705
1627180 705
1627190 707
1627200 713
1627210 713
1627220 718
1627230 724
1627240 724
1627250 727
1627260 731
1627270 731
1627280 733
1627290 738
1627300 738
1627310 740
1627320 741
1627330 741
1627340 742
1627350 742
1627360 742
1627370 743
1627380 744
1627390 747
1627400 747
1627410 749
1627420 752
1627430 752
1627440 756
1627450 759
1627460 759
1627470 763
1627480 766
1627490 766
1627500 769
1627510 775
1627520 775
1627530 778
1627540 781
1627550 781
1627560 783
1627570 785
1627580 785
1627590 786
1627600 788
1627610 788
1627620 792
1627630 793
1627640 795
1627650 795
1627660 796
1627670 797
1627680 797
1627690 800
1627700 802
1627710 802
1627720 803
1627730 806
1627740 806
1627750 810
1627760 814
1627770 814
1627780 819
1627790 823
1627800 823
1627810 827
1627820 832
1627830 832
1627840 840
1627850 842
1627860 842
1627870 844
1627880 847
1627890 850
1627900 850
1627910 852
1627920 854
1627930 854
1627940 855
1627950 858
1627960 858
1627970 861
1627980 865
1627990 865
1628000 869
1628010 872
1628020 872
1628030 873
1628040 874
1628050 874
1628060 875
1628070 875
1628080 875
1628090 876
1628100 877
1628110 879
1628120 879
1628130 881
1628140 882
1628150 882
1628160 884
1628170 886
1628180 886
1628190 887
1628200 887
1628210 887
1628220 888
1628230 888
1628240 888
1628250 885
1628260 885
1628270 885
1628280 885
1628290 886
1628300 886
1628310 886
1628320 886
1628330 886
1628340 887
1628350 889
1628360 890
1628370 890
1628380 890
1628390 891
1628400 891
1628410 893
1628420 897
1628430 897
1628440 900
1628450 901
1628460 901
1628470 902
1628480 902
1628490 902
1628500 903
1628510 903
1628520 903
1628530 902
1628540 902
1628550 902
1628560 903
1628570 904
1628580 904
1628590 907
1628600 909
1628610 912
1628620 912
1628630 917
1628640 924
1628650 924
1628660 931
1628670 936
1628680 936
1628690 938
1628700 941
1628710 941
1628720 949
1628730 952
1628740 952
1628750 954
1628760 955
1628770 955
1628780 957
1628790 958
1628800 958
1628810 959
1628820 957
1628830 952
1628840 952
1628850 945
1628860 938
1628870 938
1628880 933
1628890 930
1628900 930
1628910 929
1628920 930
1628930 930
1628940 930
1628950 929
1628960 929
1628970 929
1628980 930
1628990 930
1629000 933
1629010 936
1629020 936
1629030 941
1629040 947
1629050 947
1629060 953
1629070 959
1629080 965
1629090 965
1629100 968
1629110 968
1629120 968
1629130 965
1629140 961
1629150 961
1629160 958
1629170 954
1629180 954
1629190 951
1629200 947
1629210 947
1629220 943
1629230 940
1629240 940
1629250 936
1629260 932
1629270 932
1629280 927
1629290 923
1629300 923
1629310 918
1629320 914
1629330 910
1629340 910
1629350 904
1629360 900
1629370 900
1629380 895
1629390 892
1629400 892
1629410 890
1629420 886
1629430 886
1629440 883
1629450 878
1629460 878
1629470 875
1629480 873
1629490 873
1629500 869
1629510 866
1629520 866
1629530 864
1629540 862
1629550 859
1629560 859
1629570 856
1629580 853
1629590 853
1629600 849
1629610 847
1629620 847
1629630 845
1629640 844
1629650 844
1629660 843
1629670 841
1629680 841
1629690 840
1629700 840
1629710 840
1629720 838
1629730 837
1629740 837
1629750 834
1629760 832
1629770 832
1629780 830
1629790 828
1629800 827
1629810 827
1629820 825
1629830 824
1629840 824
1629850 821
1629860 818
1629870 818
1629880 815
1629890 812
1629900 812
1629910 809
1629920 804
1629930 804
1629940 801
1629950 803
1629960 803
1629970 804
1629980 803
1629990 803
1630000 803
1630010 802
1630020 802
1630030 801
1630040 800
1630050 798
1630060 798
1630070 796
1630080 793
1630090 793
1630100 792
1630110 790
1630120 790
1630130 787
1630140 784
1630150 784
1630160 783
1630170 781
1630180 781
1630190 778
1630200 775
1630210 775
1630220 776
1630230 775
1630240 775
1630250 774
1630260 772
1630270 770
1630280 770
1630290 768
1630300 767
1630310 767
1630320 766
1630330 765
1630340 765
1630350 763
1630360 762
1630370 762
1630380 760
1630390 758
1630400 758
1630410 757
1630420 756
1630430 756
1630440 754
1630450 753
1630460 753
1630470 752
1630480 750
1630490 750
1630500 749
1630510 748
1630520 747
1630530 747
1630540 746
1630550 745
1630560 745
1630570 744
1630580 743
1630590 743
1630600 742
1630610 741
1630620 741
1630630 741
1630640 740
1630650 740
1630660 740
1630670 740
1630680 740
1630690 739
1630700 739
1630710 739
1630720 738
1630730 737
1630740 737
1630750 737
1630760 737
1630770 737
1630780 737
1630790 737
1630800 736
1630810 736
1630820 736
1630830 736
1630840 736
1630850 736
1630860 736
1630870 736
1630880 736
1630890 735
1630900 735
1630910 735
1630920 735
1630930 735
1630940 735
1630950 735
1630960 735
1630970 735
1630980 735
1630990 735
1631000 735
1631010 734
1631020 734
1631030 734
1631040 734
1631050 734
1631060 734
1631070 734
1631080 734
1631090 734
1631100 734
1631110 734
1631120 734
1631130 734
1631140 734
1631150 734
1631160 733
1631170 733
1631180 733
1631190 733
1631200 733
1631210 733
1631220 733
1631230 733
1631240 733
1631250 733
1631260 733
1631270 733
1631280 733
1631290 733
1631300 733
1631310 733
1631320 733
1631330 733
1631340 733
1631350 733
1631360 733
1631370 733
1631380 733
1631390 732
1631400 732
1631410 732
1631420 732
1631430 732
1631440 733
1631450 732
1631460 732
1631470 732
1631480 732
1631490 732
1631500 732
1631510 732
1631520 732
1631530 732
1631540 732
1631550 732
1631560 732
1631570 731
1631580 731
1631590 731
1631600 731
1631610 731
1631620 731
1631630 731
1631640 731
1631650 731
1631660 731
1631670 731
1631680 731
1631690 731
1631700 731
1631710 731
1631720 731
1631730 731
1631740 731
1631750 731
1631760 731
1631770 731
1631780 731
1631790 731
1631800 731
1631810 731
1631820 731
1631830 731
1631840 731
1631850 731
1631860 731
1631870 731
1631880 731
1631890 731
1631900 731
1631910 731
1631920 731
1631930 731
1631940 731
1631950 730
1631960 730
1631970 730
1631980 730
1631990 730
1632000 730
1632010 730
1632020 730
1632030 730
1632040 731
1632050 731
1632060 731
1632070 731
1632080 730
1632090 730
1632100 730
1632110 730
1632120 730
1632130 730
1632140 730
1632150 730
1632160 730
1632170 730
1632180 730
1632190 730
1632200 730
1632210 730
1632220 730
1632230 730
1632240 729
1632250 729
1632260 729
1632270 729
1632280 729
1632290 729
1632300 729
1632310 729
1632320 729
1632330 729
1632340 729
1632350 729
1632360 729
1632370 729
1632380 729
1632390 729
1632400 729
1632410 729
1632420 729
1632430 729
1632440 729
1632450 729
1632460 729
1632470 729
1632480 729
1632490 729
1632500 729
1632510 729
1632520 729
1632530 729
1632540 728
1632550 728
1632560 728
1632570 728
1632580 728
1632590 728
1632600 728
1632610 728
1632620 728
1632630 728
1632640 728
1632650 728
1632660 728
1632670 728
1632680 728
1632690 728
1632700 728
1632710 728
1632720 728
1632730 728
1632740 727
1632750 727
1632760 728
1632770 728
1632780 728
1632790 727
1632800 727
1632810 727
1632820 727
1632830 727
1632840 727
1632850 727
1632860 727
1632870 727
1632880 727
1632890 727
1632900 727
1632910 727
1632920 727
1632930 727
1632940 727
1632950 727
1632960 727
1632970 727
1632980 727
1632990 726
1633000 726
1633010 726
1633020 726
1633030 726
1633040 726
1633050 726
1633060 726
1633070 725
1633080 725
1633090 725
1633100 725
1633110 725
1633120 725
1633130 725
1633140 725
1633150 724
1633160 724
1633170 724
1633180 724
1633190 724
1633200 725
1633210 725
1633220 725
1633230 725
1633240 725
1633250 725
1633260 724
1633270 724
1633280 724
1633290 724
1633300 724
1633310 724
1633320 725
1633330 724
1633340 724
1633350 724
1633360 724
1633370 724
1633380 724
1633390 724
1633400 724
1633410 724
1633420 723
1633430 723
1633440 723
1633450 724
1633460 724
1633470 724
1633480 723
1633490 723
1633500 723
1633510 723
1633520 723
1633530 723
1633540 723
1633550 723
1633560 723
1633570 723
1633580 723
1633590 723
1633600 722
1633610 722
1633620 722
1633630 722
1633640 722
1633650 722
1633660 722
1633670 722
1633680 722
1633690 722
1633700 722
1633710 722
1633720 722
1633730 722
1633740 722
1633750 722
1633760 722
1633770 722
1633780 722
1633790 722
1633800 723
1633810 723
1633820 724
1633830 724
1633840 724
1633850 724
1633860 724
1633870 724
1633880 724
1633890 724
1633900 723
1633910 723
1633920 723
1633930 723
1633940 723
1633950 723
1633960 723
1633970 723
1633980 723
1633990 723
1634000 723
1634010 722
1634020 722
1634030 722
1634040 722
1634050 721
1634060 721
1634070 721
1634080 721
1634090 721
1634100 721
1634110 720
1634120 720
1634130 720
1634140 720
1634150 720
1634160 720
1634170 720
1634180 720
1634190 720
1634200 719
1634210 719
1634220 719
1634230 719
1634240 719
1634250 719
1634260 719
1634270 719
1634280 719
1634290 719
1634300 719
1634310 719
1634320 719
1634330 719
1634340 719
1634350 719
1634360 719
1634370 719
1634380 719
1634390 719
1634400 719
1634410 719
1634420 719
1634430 720
1634440 720
1634450 720
1634460 719
1634470 719
1634480 718
1634490 715
1634500 715
1634510 715
1634520 718
1634530 718
1634540 719
1634550 718
1634560 718
1634570 718
1634580 718
1634590 718
1634600 718
1634610 718
1634620 718
1634630 718
1634640 718
1634650 718
1634660 718
1634670 718
1634680 717
1634690 717
1634700 717
1634710 717
1634720 717
1634730 717
1634740 717
1634750 717
1634760 717
1634770 717
1634780 717
1634790 717
1634800 717
1634810 717
1634820 716
1634830 716
1634840 717
1634850 717
1634860 717
1634870 717
1634880 717
1634890 717
1634900 717
1634910 717
1634920 717
1634930 717
1634940 717
1634950 717
1634960 717
1634970 717
1634980 716
1634990 716
1635000 716
1635010 716
1635020 716
1635030 716
1635040 716
1635050 716
1635060 716
1635070 716
1635080 716
1635090 716
1635100 716
1635110 716
1635120 716
1635130 716
1635140 716
1635150 715
1635160 715
1635170 715
1635180 715
1635190 715
1635200 715
1635210 715
1635220 715
1635230 714
1635240 714
1635250 714
1635260 714
1635270 714
1635280 714
1635290 714
1635300 714
1635310 714
1635320 714
1635330 714
1635340 714
1635350 714
1635360 714
1635370 714
1635380 714
1635390 714
1635400 714
1635410 714
1635420 714
1635430 714
1635440 714
1635450 714
1635460 713
1635470 713
1635480 713
1635490 713
1635500 713
1635510 713
1635520 713
1635530 713
1635540 713
1635550 713
1635560 712
1635570 712
1635580 712
1635590 712
1635600 712
1635610 712
1635620 712
1635630 712
1635640 712
1635650 712
1635660 712
1635670 712
1635680 712
1635690 712
1635700 712
1635710 712
1635720 712
1635730 712
1635740 712
1635750 712
1635760 712
1635770 712
1635780 712
1635790 712
1635800 711
1635810 711
1635820 711
1635830 711
1635840 711
1635850 711
1635860 711
1635870 711
1635880 711
1635890 711
1635900 710
1635910 710
1635920 710
1635930 710
1635940 710
1635950 710
1635960 710
1635970 710
1635980 710
1635990 710
1636000 710
1636010 710
1636020 710
1636030 709
1636040 709
1636050 709
1636060 709
1636070 709
1636080 709
1636090 709
1636100 709
1636110 709
1636120 709
1636130 709
1636140 709
1636150 709
1636160 709
1636170 709
1636180 709
1636190 709
1636200 709
1636210 708
1636220 708
1636230 708
1636240 708
1636250 708
1636260 708
1636270 708
1636280 708
1636290 708
1636300 708
1636310 708
1636320 708
1636330 708
1636340 708
1636350 708
1636360 707
1636370 707
1636380 707
1636390 707
1636400 707
1636410 707
1636420 707
1636430 707
1636440 707
1636450 707
1636460 707
1636470 707
1636480 707
1636490 707
1636500 707
1636510 707
1636520 707
1636530 707
1636540 707
1636550 707
1636560 707
1636570 707
1636580 707
1636590 706
1636600 706
1636610 706
1636620 706
1636630 706
1636640 706
1636650 706
1636660 706
1636670 706
1636680 706
1636690 706
1636700 705
1636710 705
1636720 705
1636730 705
1636740 705
1636750 705
1636760 705
1636770 705
1636780 705
1636790 705
1636800 705
1636810 705
1636820 705
1636830 705
1636840 705
1636850 705
1636860 705
1636870 705
1636880 705
1636890 705
1636900 705
1636910 705
1636920 705
1636930 705
1636940 705
1636950 705
1636960 705
1636970 705
1636980 704
1636990 704
1637000 704
1637010 704
1637020 704
1637030 704
1637040 704
1637050 704
1637060 704
1637070 704
1637080 704
1637090 704
1637100 704
1637110 704
1637120 703
1637130 703
1637140 703
1637150 703
1637160 703
1637170 703
1637180 703
1637190 703
1637200 703
1637210 703
1637220 703
1637230 703
1637240 703
1637250 703
1637260 703
1637270 702
1637280 702
1637290 702
1637300 703
1637310 703
1637320 703
1637330 703
1637340 701
1637350 701
1637360 693
1637370 690
1637380 690
1637390 684
1637400 677
1637410 677
1637420 671
1637430 668
1637440 668
1637450 668
1637460 668
1637470 668
1637480 668
1637490 671
1637500 673
1637510 673
1637520 673
1637530 674
1637540 674
1637550 674
1637560 675
1637570 675
1637580 675
1637590 676
1637600 676
1637610 676
1637620 677
1637630 677
1637640 678
1637650 678
1637660 678
1637670 678
1637680 678
1637690 678
1637700 678
1637710 678
1637720 678
1637730 678
1637740 678
1637750 678
1637760 678
1637770 678
1637780 678
1637790 678
1637800 678
1637810 678
1637820 678
1637830 678
1637840 678
1637850 678
1637860 677
1637870 677
1637880 677
1637890 677
1637900 677
1637910 677
1637920 677
1637930 677
1637940 677
1637950 677
1637960 677
1637970 677
1637980 677
1637990 677
1638000 675
1638010 675
1638020 675
1638030 674
1638040 674
1638050 674
1638060 673
1638070 673
1638080 670
1638090 669
1638100 669
1638110 667
1638120 666
1638130 666
1638140 666
1638150 666
1638160 666
1638170 666
1638180 666
1638190 668
1638200 668
1638210 671
1638220 672
1638230 672
1638240 673
1638250 674
1638260 674
1638270 674
1638280 675
1638290 675
1638300 675
1638310 675
1638320 675
1638330 675
1638340 675
1638350 675
1638360 675
1638370 675
1638380 675
1638390 675
1638400 675
1638410 675
1638420 676
1638430 675
1638440 675
1638450 675
1638460 675
1638470 675
1638480 675
1638490 675
1638500 675
1638510 675
1638520 675
1638530 675
1638540 675
1638550 675
1638560 675
1638570 675
1638580 675
1638590 674
1638600 674
1638610 674
1638620 673
1638630 673
1638640 672
1638650 671
1638660 671
1638670 671
1638680 670
1638690 668
1638700 668
1638710 666
1638720 666
1638730 666
1638740 666
1638750 665
1638760 665
1638770 665
1638780 665
1638790 665
1638800 665
1638810 665
1638820 665
1638830 665
1638840 666
1638850 666
1638860 668
1638870 669
1638880 669
1638890 669
1638900 670
1638910 670
1638920 670
1638930 670
1638940 669
1638950 669
1638960 669
1638970 669
1638980 669
1638990 668
1639000 668
1639010 668
1639020 668
1639030 668
1639040 668
1639050 668
1639060 668
1639070 668
1639080 667
1639090 667
1639100 667
1639110 666
1639120 665
1639130 665
1639140 665
1639150 665
1639160 665
1639170 665
1639180 665
1639190 665
1639200 665
1639210 665
1639220 665
1639230 665
1639240 666
1639250 673
1639260 673
1639270 679
1639280 681
1639290 681
1639300 682
1639310 681
1639320 681
1639330 679
1639340 679
1639350 679
1639360 679
1639370 679
1639380 679
1639390 679
1639400 679
1639410 679
1639420 679
1639430 679
1639440 679
1639450 679
1639460 678
1639470 679
1639480 679
1639490 678
1639500 678
1639510 678
1639520 678
1639530 678
1639540 678
1639550 678
1639560 678
1639570 678
1639580 677
1639590 677
1639600 677
1639610 677
1639620 677
1639630 677
1639640 677
1639650 677
1639660 677
1639670 677
1639680 677
1639690 677
1639700 677
1639710 677
1639720 677
1639730 677
1639740 677
1639750 677
1639760 676
1639770 676
1639780 676
1639790 676
1639800 676
1639810 675
1639820 675
1639830 675
1639840 675
1639850 675
1639860 675
1639870 674
1639880 674
1639890 674
1639900 675
1639910 675
1639920 675
1639930 675
1639940 675
1639950 675
1639960 674
1639970 674
1639980 674
1639990 674
