1620000 978
1620010 978
1620020 984
1620030 991
1620040 991
1620050 999
1620060 1009
1620070 1009
1620080 1018
1620090 1026
1620100 1026
1620110 1032
1620120 1038
1620130 1038
1620140 1043
1620150 1048
1620160 1052
1620170 1052
1620180 1057
1620190 1062
1620200 1062
1620210 1067
1620220 1071
1620230 1071
1620240 1075
1620250 1078
1620260 1078
1620270 1081
1620280 1085
1620290 1085
1620300 1089
1620310 1093
1620320 1093
1620330 1098
1620340 1101
1620350 1101
1620360 1099
1620370 1094
1620380 1094
1620390 1090
1620400 1086
1620410 1081
1620420 1081
1620430 1075
1620440 1073
1620450 1073
1620460 1067
1620470 1059
1620480 1059
1620490 1050
1620500 1040
1620510 1040
1620520 1031
1620530 1023
1620540 1023
1620550 1015
1620560 1009
1620570 1009
1620580 1003
1620590 997
1620600 997
1620610 993
1620620 990
1620630 990
1620640 988
1620650 988
1620660 988
1620670 988
1620680 986
1620690 981
1620700 981
1620710 976
1620720 970
1620730 975
1620740 970
1620750 966
1620760 966
1620770 961
1620780 958
1620790 958
1620800 956
1620810 954
1620820 954
1620830 952
1620840 947
1620850 947
1620860 943
1620870 940
1620880 940
1620890 938
1620900 936
1620910 933
1620920 933
1620930 929
1620940 925
1620950 925
1620960 920
1620970 917
1620980 917
1620990 916
1621000 914
1621010 914
1621020 908
1621030 903
1621040 903
1621050 897
1621060 893
1621070 893
1621080 889
1621090 887
1621100 887
1621110 880
1621120 869
1621130 859
1621140 859
1621150 850
1621160 842
1621170 842
1621180 835
1621190 828
1621200 828
1621210 821
1621220 815
1621230 815
1621240 812
1621250 810
1621260 810
1621270 813
1621280 817
1621290 817
1621300 820
1621310 825
1621320 825
1621330 828
1621340 831
1621350 831
1621360 836
1621370 841
1621380 845
1621390 845
1621400 850
1621410 856
1621420 856
1621430 864
1621440 871
1621450 871
1621460 876
1621470 879
1621480 879
1621490 884
1621500 891
1621510 891
1621520 895
1621530 901
1621540 901
1621550 906
1621560 909
1621570 909
1621580 909
1621590 909
1621600 909
1621610 908
1621620 904
1621630 899
1621640 899
1621650 896
1621660 891
1621670 891
1621680 888
1621690 883
1621700 883
1621710 877
1621720 873
1621730 873
1621740 870
1621750 866
1621760 866
1621770 861
1621780 859
1621790 859
1621800 858
1621810 856
1621820 856
1621830 851
1621840 845
1621850 845
1621860 840
1621870 837
1621880 836
1621890 836
1621900 837
1621910 835
1621920 835
1621930 833
1621940 831
1621950 831
1621960 827
1621970 823
1621980 823
1621990 818
1622000 817
1622010 817
1622020 816
1622030 816
1622040 816
1622050 815
1622060 814
1622070 814
1622080 812
1622090 809
1622100 805
1622110 805
1622120 800
1622130 798
1622140 798
1622150 798
1622160 798
1622170 798
1622180 795
1622190 789
1622200 789
1622210 783
1622220 778
1622230 778
1622240 776
1622250 775
1622260 775
1622270 776
1622280 775
1622290 775
1622300 773
1622310 771
1622320 771
1622330 769
1622340 766
1622350 763
1622360 763
1622370 760
1622380 755
1622390 755
1622400 751
1622410 747
1622420 747
1622430 746
1622440 745
1622450 745
1622460 741
1622470 737
1622480 737
1622490 732
1622500 726
1622510 726
1622520 721
1622530 716
1622540 716
1622550 711
1622560 708
1622570 708
1622580 701
1622590 699
1622600 699
1622610 699
1622620 699
1622630 699
1622640 699
1622650 699
1622660 699
1622670 699
1622680 699
1622690 698
1622700 698
1622710 698
1622720 698
1622730 698
1622740 698
1622750 698
1622760 698
1622770 698
1622780 698
1622790 698
1622800 698
1622810 698
1622820 698
1622830 699
1622840 699
1622850 699
1622860 699
1622870 699
1622880 699
1622890 699
1622900 699
1622910 699
1622920 699
1622930 699
1622940 699
1622950 699
1622960 699
1622970 698
1622980 698
1622990 698
1623000 698
1623010 698
1623020 698
1623030 699
1623040 699
1623050 699
1623060 699
1623070 698
1623080 698
1623090 698
1623100 698
1623110 698
1623120 698
1623130 698
1623140 698
1623150 698
1623160 698
1623170 698
1623180 698
1623190 698
1623200 698
1623210 698
1623220 698
1623230 698
1623240 698
1623250 698
1623260 698
1623270 698
1623280 698
1623290 698
1623300 698
1623310 698
1623320 698
1623330 698
1623340 698
1623350 698
1623360 698
1623370 698
1623380 698
1623390 698
1623400 698
1623410 698
1623420 698
1623430 698
1623440 698
1623450 698
1623460 698
1623470 698
1623480 698
1623490 698
1623500 698
1623510 698
1623520 698
1623530 698
1623540 698
1623550 698
1623560 698
1623570 698
1623580 698
1623590 698
1623600 698
1623610 698
1623620 698
1623630 698
1623640 698
1623650 697
1623660 697
1623670 697
1623680 697
1623690 697
1623700 697
1623710 698
1623720 698
1623730 698
1623740 698
1623750 698
1623760 698
1623770 698
1623780 698
1623790 698
1623800 698
1623810 698
1623820 698
1623830 698
1623840 698
1623850 698
1623860 698
1623870 697
1623880 697
1623890 697
1623900 697
1623910 697
1623920 697
1623930 698
1623940 698
1623950 698
1623960 698
1623970 697
1623980 697
1623990 697
1624000 697
1624010 697
1624020 698
1624030 698
1624040 698
1624050 698
1624060 699
1624070 699
1624080 699
1624090 699
1624100 699
1624110 699
1624120 699
1624130 699
1624140 699
1624150 699
1624160 700
1624170 700
1624180 700
1624190 700
1624200 700
1624210 700
1624220 700
1624230 700
1624240 700
1624250 700
1624260 700
1624270 700
1624280 700
1624290 700
1624300 700
1624310 700
1624320 700
1624330 700
1624340 700
1624350 701
1624360 701
1624370 701
1624380 701
1624390 701
1624400 702
1624410 702
1624420 702
1624430 703
1624440 703
1624450 703
1624460 703
1624470 704
1624480 704
1624490 704
1624500 704
1624510 704
1624520 704
1624530 704
1624540 705
1624550 705
1624560 705
1624570 705
1624580 705
1624590 706
1624600 709
1624610 709
1624620 710
1624630 712
1624640 712
1624650 712
1624660 713
1624670 713
1624680 713
1624690 714
1624700 714
1624710 716
1624720 717
1624730 717
1624740 719
1624750 720
1624760 720
1624770 721
1624780 722
1624790 723
1624800 723
1624810 724
1624820 725
1624830 725
1624840 725
1624850 726
1624860 726
1624870 726
1624880 728
1624890 728
1624900 729
1624910 731
1624920 731
1624930 731
1624940 732
1624950 732
1624960 733
1624970 734
1624980 734
1624990 735
1625000 736
1625010 737
1625020 737
1625030 738
1625040 739
1625050 739
1625060 741
1625070 742
1625080 742
1625090 743
1625100 743
1625110 743
1625120 744
1625130 745
1625140 745
1625150 746
1625160 747
1625170 747
1625180 748
1625190 748
1625200 748
1625210 749
1625220 751
1625230 751
1625240 753
1625250 755
1625260 758
1625270 758
1625280 762
1625290 765
1625300 765
1625310 768
1625320 775
1625330 775
1625340 778
1625350 782
1625360 782
1625370 785
1625380 788
1625390 788
1625400 792
1625410 797
1625420 797
1625430 802
1625440 807
1625450 807
1625460 812
1625470 818
1625480 818
1625490 823
1625500 827
1625510 830
1625520 830
1625530 833
1625540 834
1625550 834
1625560 832
1625570 830
1625580 830
1625590 826
1625600 826
1625610 826
1625620 835
1625630 842
1625640 842
1625650 846
1625660 850
1625670 850
1625680 857
1625690 866
1625700 866
1625710 875
1625720 883
1625730 883
1625740 889
1625750 897
1625760 905
1625770 905
1625780 912
1625790 918
1625800 918
1625810 922
1625820 927
1625830 927
1625840 931
1625850 936
1625860 936
1625870 938
1625880 937
1625890 937
1625900 937
1625910 941
1625920 941
1625930 946
1625940 953
1625950 953
1625960 960
1625970 969
1625980 977
1625990 977
1626000 985
1626010 992
1626020 992
1626030 995
1626040 997
1626050 997
1626060 1001
1626070 1003
1626080 1003
1626090 1006
1626100 1009
1626110 1009
1626120 1015
1626130 1020
1626140 1020
1626150 1025
1626160 1030
1626170 1030
1626180 1035
1626190 1040
1626200 1040
1626210 1044
1626220 1051
1626230 1052
1626240 1052
1626250 1052
1626260 1052
1626270 1052
1626280 1053
1626290 1054
1626300 1054
1626310 1057
1626320 1059
1626330 1059
1626340 1063
1626350 1066
1626360 1066
1626370 1071
1626380 1076
1626390 1076
1626400 1081
1626410 1085
1626420 1085
1626430 1089
1626440 1094
1626450 1094
1626460 1102
1626470 1107
1626480 1112
1626490 1112
1626500 1117
1626510 1121
1626520 1121
1626530 1125
1626540 1127
1626550 1127
1626560 1128
1626570 1128
1626580 1128
1626590 1130
1626600 1134
1626610 1134
1626620 1137
1626630 1137
1626640 1137
1626650 1136
1626660 1135
1626670 1135
1626680 1133
1626690 1131
1626700 1131
1626710 1130
1626720 1128
1626730 1125
1626740 1125
1626750 1122
1626760 1120
1626770 1120
1626780 1118
1626790 1117
1626800 1117
1626810 1115
1626820 1113
1626830 1113
1626840 1111
1626850 1107
1626860 1107
1626870 1104
1626880 1101
1626890 1101
1626900 1099
1626910 1096
1626920 1096
1626930 1094
1626940 1094
1626950 1094
1626960 1094
1626970 1095
1626980 1095
1626990 1095
1627000 1097
1627010 1099
1627020 1099
1627030 1101
1627040 1102
1627050 1102
1627060 1099
1627070 1096
1627080 1096
1627090 1093
1627100 1091
1627110 1086
1627120 1083
1627130 1081
1627140 1081
1627150 1081
1627160 1083
1627170 1083
1627180 1086
1627190 1089
1627200 1092
1627210 1092
1627220 1096
1627230 1101
1627240 1101
1627250 1105
1627260 1107
1627270 1107
1627280 1105
1627290 1101
1627300 1101
1627310 1098
1627320 1096
1627330 1096
1627340 1095
1627350 1093
1627360 1093
1627370 1091
1627380 1090
1627390 1090
1627400 1089
1627410 1086
1627420 1086
1627430 1082
1627440 1078
1627450 1074
1627460 1074
1627470 1070
1627480 1067
1627490 1067
1627500 1064
1627510 1061
1627520 1061
1627530 1058
1627540 1055
1627550 1055
1627560 1052
1627570 1049
1627580 1049
1627590 1045
1627600 1042
1627610 1042
1627620 1036
1627630 1030
1627640 1030
1627650 1024
1627660 1019
1627670 1019
1627680 1015
1627690 1012
1627700 1009
1627710 1009
1627720 1006
1627730 1004
1627740 1004
1627750 1002
1627760 1001
1627770 1001
1627780 999
1627790 998
1627800 998
1627810 996
1627820 995
1627830 995
1627840 994
1627850 993
1627860 993
1627870 993
1627880 993
1627890 993
1627900 994
1627910 995
1627920 995
1627930 995
1627940 996
1627950 997
1627960 997
1627970 998
1627980 998
1627990 998
1628000 996
1628010 992
1628020 992
1628030 988
1628040 984
1628050 984
1628060 980
1628070 976
1628080 976
1628090 972
1628100 969
1628110 969
1628120 965
1628130 960
1628140 960
1628150 956
1628160 951
1628170 948
1628180 948
1628190 943
1628200 939
1628210 939
1628220 936
1628230 933
1628240 933
1628250 928
1628260 925
1628270 925
1628280 921
1628290 916
1628300 916
1628310 912
1628320 907
1628330 907
1628340 902
1628350 896
1628360 896
1628370 891
1628380 886
1628390 886
1628400 883
1628410 880
1628420 878
1628430 878
1628440 876
1628450 874
1628460 874
1628470 871
1628480 867
1628490 867
1628500 863
1628510 859
1628520 859
1628530 855
1628540 853
1628550 853
1628560 849
1628570 846
1628580 846
1628590 842
1628600 838
1628610 838
1628620 836
1628630 834
1628640 834
1628650 831
1628660 828
1628670 826
1628680 826
1628690 823
1628700 821
1628710 821
1628720 819
1628730 817
1628740 817
1628750 816
1628760 814
1628770 814
1628780 812
1628790 809
1628800 809
1628810 805
1628820 802
1628830 802
1628840 798
1628850 795
1628860 795
1628870 792
1628880 790
1628890 787
1628900 787
1628910 784
1628920 781
1628930 781
1628940 778
1628950 776
1628960 776
1628970 775
1628980 775
1628990 775
1629000 774
1629010 772
1629020 772
1629030 772
1629040 772
1629050 772
1629060 771
1629070 771
1629080 771
1629090 770
1629100 770
1629110 770
1629120 767
1629130 764
1629140 761
1629150 761
1629160 761
1629170 761
1629180 761
1629190 759
1629200 758
1629210 758
1629220 758
1629230 757
1629240 757
1629250 757
1629260 756
1629270 756
1629280 755
1629290 755
1629300 755
1629310 756
1629320 756
1629330 756
1629340 756
1629350 755
1629360 755
1629370 755
1629380 754
1629390 753
1629400 753
1629410 752
1629420 750
1629430 750
1629440 749
1629450 748
1629460 748
1629470 748
1629480 748
1629490 748
1629500 748
1629510 748
1629520 748
1629530 748
1629540 747
1629550 747
1629560 747
1629570 747
1629580 747
1629590 747
1629600 747
1629610 747
1629620 747
1629630 747
1629640 747
1629650 747
1629660 747
1629670 746
1629680 746
1629690 746
1629700 746
1629710 746
1629720 746
1629730 746
1629740 746
1629750 746
1629760 746
1629770 746
1629780 746
1629790 746
1629800 746
1629810 746
1629820 745
1629830 745
1629840 745
1629850 745
1629860 745
1629870 745
1629880 745
1629890 745
1629900 745
1629910 745
1629920 745
1629930 745
1629940 745
1629950 744
1629960 744
1629970 744
1629980 744
1629990 744
1630000 744
1630010 744
1630020 744
1630030 744
1630040 744
1630050 744
1630060 743
1630070 743
1630080 743
1630090 743
1630100 743
1630110 743
1630120 743
1630130 743
1630140 742
1630150 742
1630160 742
1630170 742
1630180 742
1630190 742
1630200 742
1630210 742
1630220 742
1630230 742
1630240 742
1630250 742
1630260 742
1630270 742
1630280 742
1630290 742
1630300 742
1630310 741
1630320 741
1630330 741
1630340 741
1630350 741
1630360 741
1630370 741
1630380 741
1630390 741
1630400 741
1630410 741
1630420 741
1630430 741
1630440 740
1630450 740
1630460 740
1630470 740
1630480 739
1630490 739
1630500 739
1630510 739
1630520 739
1630530 739
1630540 739
1630550 739
1630560 739
1630570 739
1630580 739
1630590 739
1630600 738
1630610 738
1630620 738
1630630 739
1630640 739
1630650 739
1630660 739
1630670 738
1630680 738
1630690 739
1630700 739
1630710 739
1630720 739
1630730 740
1630740 740
1630750 740
1630760 740
1630770 740
1630780 741
1630790 741
1630800 741
1630810 742
1630820 742
1630830 742
1630840 742
1630850 743
1630860 743
1630870 743
1630880 741
1630890 738
1630900 738
1630910 737
1630920 737
1630930 737
1630940 736
1630950 732
1630960 732
1630970 729
1630980 727
1630990 727
1631000 722
1631010 721
1631020 721
1631030 721
1631040 721
1631050 721
1631060 723
1631070 724
1631080 723
1631090 723
1631100 723
1631110 723
1631120 723
1631130 723
1631140 722
1631150 722
1631160 722
1631170 722
1631180 722
1631190 721
1631200 721
1631210 721
1631220 721
1631230 721
1631240 721
1631250 721
1631260 721
1631270 721
1631280 720
1631290 720
1631300 720
1631310 720
1631320 720
1631330 720
1631340 720
1631350 719
1631360 722
1631370 722
1631380 726
1631390 727
1631400 727
1631410 726
1631420 726
1631430 726
1631440 726
1631450 726
1631460 726
1631470 725
1631480 725
1631490 725
1631500 723
1631510 723
1631520 723
1631530 723
1631540 722
1631550 722
1631560 721
1631570 721
1631580 720
1631590 720
1631600 719
1631610 719
1631620 719
1631630 719
1631640 719
1631650 719
1631660 719
1631670 720
1631680 720
1631690 719
1631700 719
1631710 719
1631720 719
1631730 721
1631740 721
1631750 726
1631760 729
1631770 729
1631780 729
1631790 729
1631800 729
1631810 729
1631820 729
1631830 729
1631840 729
1631850 730
1631860 730
1631870 730
1631880 730
1631890 730
1631900 730
1631910 730
1631920 730
1631930 730
1631940 730
1631950 730
1631960 730
1631970 730
1631980 729
1631990 729
1632000 729
1632010 729
1632020 729
1632030 729
1632040 729
1632050 729
1632060 729
1632070 729
1632080 729
1632090 729
1632100 729
1632110 728
1632120 728
1632130 728
1632140 728
1632150 728
1632160 727
1632170 727
1632180 727
1632190 726
1632200 725
1632210 725
1632220 722
1632230 719
1632240 719
1632250 718
1632260 716
1632270 716
1632280 716
1632290 716
1632300 715
1632310 715
1632320 715
1632330 714
1632340 714
1632350 714
1632360 714
1632370 714
1632380 714
1632390 714
1632400 714
1632410 713
1632420 713
1632430 713
1632440 712
1632450 712
1632460 712
1632470 712
1632480 714
1632490 714
1632500 718
1632510 722
1632520 722
1632530 724
1632540 725
1632550 726
1632560 726
1632570 726
1632580 725
1632590 725
1632600 725
1632610 725
1632620 725
1632630 725
1632640 725
1632650 725
1632660 725
1632670 725
1632680 725
1632690 724
1632700 724
1632710 724
1632720 724
1632730 724
1632740 724
1632750 724
1632760 724
1632770 724
1632780 724
1632790 724
1632800 724
1632810 724
1632820 724
1632830 724
1632840 724
1632850 724
1632860 724
1632870 724
1632880 724
1632890 724
1632900 724
1632910 724
1632920 724
1632930 724
1632940 724
1632950 724
1632960 724
1632970 723
1632980 723
1632990 723
1633000 723
1633010 723
1633020 723
1633030 723
1633040 722
1633050 722
1633060 722
1633070 722
1633080 722
1633090 722
1633100 722
1633110 722
1633120 722
1633130 722
1633140 722
1633150 722
1633160 722
1633170 722
1633180 722
1633190 722
1633200 722
1633210 722
1633220 722
1633230 722
1633240 722
1633250 722
1633260 721
1633270 721
1633280 721
1633290 721
1633300 721
1633310 721
1633320 720
1633330 720
1633340 720
1633350 720
1633360 720
1633370 720
1633380 720
1633390 720
1633400 720
1633410 720
1633420 720
1633430 720
1633440 720
1633450 720
1633460 720
1633470 720
1633480 720
1633490 720
1633500 719
1633510 719
1633520 719
1633530 719
1633540 719
1633550 719
1633560 719
1633570 719
1633580 719
1633590 719
1633600 719
1633610 719
1633620 719
1633630 719
1633640 718
1633650 718
1633660 718
1633670 718
1633680 718
1633690 718
1633700 718
1633710 718
1633720 717
1633730 717
1633740 717
1633750 717
1633760 717
1633770 717
1633780 717
1633790 717
1633800 717
1633810 717
1633820 717
1633830 717
1633840 717
1633850 717
1633860 717
1633870 717
1633880 717
1633890 717
1633900 717
1633910 717
1633920 717
1633930 717
1633940 716
1633950 716
1633960 716
1633970 716
1633980 716
1633990 716
1634000 716
1634010 716
1634020 716
1634030 716
1634040 716
1634050 715
1634060 715
1634070 715
1634080 715
1634090 715
1634100 715
1634110 715
1634120 715
1634130 715
1634140 715
1634150 715
1634160 716
1634170 715
1634180 715
1634190 715
1634200 715
1634210 715
1634220 715
1634230 715
1634240 714
1634250 714
1634260 714
1634270 714
1634280 714
1634290 714
1634300 714
1634310 714
1634320 714
1634330 714
1634340 714
1634350 714
1634360 715
1634370 715
1634380 714
1634390 714
1634400 714
1634410 714
1634420 715
1634430 715
1634440 714
1634450 713
1634460 713
1634470 713
1634480 713
1634490 712
1634500 712
1634510 712
1634520 712
1634530 712
1634540 712
1634550 712
1634560 712
1634570 712
1634580 712
1634590 712
1634600 712
1634610 712
1634620 712
1634630 711
1634640 711
1634650 711
1634660 711
1634670 711
1634680 711
1634690 711
1634700 711
1634710 710
1634720 710
1634730 710
1634740 710
1634750 710
1634760 710
1634770 710
1634780 710
1634790 710
1634800 710
1634810 710
1634820 710
1634830 710
1634840 710
1634850 710
1634860 710
1634870 710
1634880 709
1634890 709
1634900 709
1634910 709
1634920 709
1634930 709
1634940 709
1634950 709
1634960 709
1634970 709
1634980 709
1634990 709
1635000 709
1635010 709
1635020 709
1635030 709
1635040 709
1635050 709
1635060 709
1635070 709
1635080 709
1635090 709
1635100 709
1635110 708
1635120 708
1635130 708
1635140 708
1635150 708
1635160 709
1635170 708
1635180 708
1635190 708
1635200 708
1635210 708
1635220 708
1635230 708
1635240 708
1635250 708
1635260 708
1635270 708
1635280 708
1635290 707
1635300 707
1635310 707
1635320 707
1635330 707
1635340 707
1635350 707
1635360 707
1635370 707
1635380 707
1635390 707
1635400 707
1635410 707
1635420 707
1635430 707
1635440 707
1635450 707
1635460 707
1635470 707
1635480 707
1635490 707
1635500 707
1635510 707
1635520 707
1635530 707
1635540 706
1635550 706
1635560 706
1635570 706
1635580 706
1635590 706
1635600 706
1635610 706
1635620 706
1635630 706
1635640 706
1635650 706
1635660 706
1635670 705
1635680 705
1635690 705
1635700 705
1635710 705
1635720 705
1635730 705
1635740 705
1635750 705
1635760 705
1635770 705
1635780 705
1635790 705
1635800 705
1635810 705
1635820 705
1635830 704
1635840 704
1635850 704
1635860 704
1635870 704
1635880 704
1635890 704
1635900 704
1635910 704
1635920 704
1635930 704
1635940 704
1635950 704
1635960 704
1635970 704
1635980 704
1635990 703
1636000 703
1636010 703
1636020 703
1636030 703
1636040 703
1636050 703
1636060 703
1636070 703
1636080 703
1636090 703
1636100 703
1636110 703
1636120 703
1636130 703
1636140 703
1636150 703
1636160 702
1636170 702
1636180 702
1636190 702
1636200 702
1636210 702
1636220 702
1636230 702
1636240 702
1636250 702
1636260 702
1636270 702
1636280 702
1636290 702
1636300 702
1636310 702
1636320 702
1636330 702
1636340 702
1636350 702
1636360 702
1636370 702
1636380 702
1636390 702
1636400 702
1636410 701
1636420 701
1636430 701
1636440 701
1636450 701
1636460 701
1636470 701
1636480 701
1636490 701
1636500 701
1636510 701
1636520 701
1636530 701
1636540 701
1636550 702
1636560 702
1636570 701
1636580 701
1636590 701
1636600 700
1636610 700
1636620 700
1636630 700
1636640 700
1636650 700
1636660 700
1636670 700
1636680 700
1636690 700
1636700 700
1636710 700
1636720 700
1636730 700
1636740 700
1636750 700
1636760 700
1636770 700
1636780 700
1636790 699
1636800 699
1636810 699
1636820 699
1636830 699
1636840 699
1636850 699
1636860 699
1636870 699
1636880 699
1636890 699
1636900 699
1636910 699
1636920 699
1636930 699
1636940 699
1636950 699
1636960 699
1636970 699
1636980 699
1636990 699
1637000 699
1637010 699
1637020 699
1637030 699
1637040 698
1637050 698
1637060 698
1637070 698
1637080 698
1637090 698
1637100 698
1637110 698
1637120 698
1637130 698
1637140 698
1637150 698
1637160 698
1637170 698
1637180 698
1637190 698
1637200 697
1637210 697
1637220 697
1637230 697
1637240 697
1637250 697
1637260 698
1637270 697
1637280 697
1637290 698
1637300 698
1637310 698
1637320 697
1637330 697
1637340 697
1637350 697
1637360 698
1637370 698
1637380 698
1637390 698
1637400 697
1637410 697
1637420 697
1637430 697
1637440 697
1637450 697
1637460 697
1637470 697
1637480 696
1637490 696
1637500 696
1637510 696
1637520 696
1637530 696
1637540 696
1637550 696
1637560 696
1637570 696
1637580 696
1637590 696
1637600 695
1637610 695
1637620 696
1637630 696
1637640 696
1637650 695
1637660 695
1637670 695
1637680 695
1637690 695
1637700 695
1637710 695
1637720 695
1637730 695
1637740 695
1637750 695
1637760 695
1637770 695
1637780 695
1637790 695
1637800 694
1637810 694
1637820 694
1637830 694
1637840 694
1637850 694
1637860 694
1637870 694
1637880 694
1637890 694
1637900 694
1637910 694
1637920 693
1637930 693
1637940 693
1637950 693
1637960 693
1637970 693
1637980 693
1637990 693
1638000 693
1638010 693
1638020 692
1638030 692
1638040 692
1638050 692
1638060 692
1638070 692
1638080 692
1638090 692
1638100 692
1638110 692
1638120 692
1638130 692
1638140 692
1638150 692
1638160 692
1638170 692
1638180 692
1638190 692
1638200 692
1638210 691
1638220 691
1638230 691
1638240 691
1638250 691
1638260 691
1638270 691
1638280 691
1638290 691
1638300 691
1638310 691
1638320 692
1638330 692
1638340 692
1638350 692
1638360 692
1638370 692
1638380 692
1638390 691
1638400 691
1638410 691
1638420 691
1638430 691
1638440 691
1638450 691
1638460 689
1638470 689
1638480 688
1638490 687
1638500 687
1638510 686
1638520 685
1638530 685
1638540 684
1638550 684
1638560 684
1638570 684
1638580 684
1638590 684
1638600 684
1638610 686
1638620 688
1638630 688
1638640 689
1638650 691
1638660 691
1638670 691
1638680 691
1638690 691
1638700 691
1638710 691
1638720 691
1638730 691
1638740 691
1638750 691
1638760 691
1638770 691
1638780 691
1638790 690
1638800 690
1638810 690
1638820 689
1638830 689
1638840 688
1638850 688
1638860 688
1638870 687
1638880 687
1638890 687
1638900 688
1638910 688
1638920 688
1638930 689
1638940 689
1638950 689
1638960 689
1638970 689
1638980 689
1638990 690
1639000 690
1639010 689
1639020 689
1639030 689
1639040 688
1639050 688
1639060 688
1639070 688
1639080 688
1639090 688
1639100 688
1639110 688
1639120 688
1639130 688
1639140 688
1639150 688
1639160 688
1639170 688
1639180 688
1639190 688
1639200 688
1639210 688
1639220 688
1639230 688
1639240 688
1639250 688
1639260 688
1639270 688
1639280 688
1639290 688
1639300 688
1639310 688
1639320 687
1639330 687
1639340 687
1639350 687
1639360 687
1639370 687
1639380 687
1639390 687
1639400 687
1639410 687
1639420 687
1639430 687
1639440 687
1639450 687
1639460 687
1639470 687
1639480 687
1639490 687
1639500 687
1639510 687
1639520 687
1639530 687
1639540 687
1639550 687
1639560 687
1639570 686
1639580 686
1639590 686
1639600 686
1639610 686
1639620 686
1639630 686
1639640 685
1639650 685
1639660 685
1639670 685
1639680 685
1639690 685
1639700 685
1639710 685
1639720 685
1639730 685
1639740 684
1639750 684
1639760 684
1639770 684
1639780 684
1639790 684
1639800 684
1639810 684
1639820 684
1639830 684
1639840 684
1639850 684
1639860 684
1639870 684
1639880 684
1639890 684
1639900 684
1639910 684
1639920 684
1639930 684
1639940 684
1639950 684
1639960 684
1639970 684
1639980 684
1639990 684
