1620000 772
1620010 772
1620020 772
1620030 771
1620040 771
1620050 771
1620060 771
1620070 771
1620080 771
1620090 773
1620100 773
1620110 773
1620120 774
1620130 779
1620140 779
1620150 783
1620160 786
1620170 786
1620180 787
1620190 787
1620200 787
1620210 788
1620220 787
1620230 787
1620240 787
1620250 788
1620260 788
1620270 787
1620280 785
1620290 785
1620300 785
1620310 786
1620320 786
1620330 792
1620340 802
1620350 811
1620360 811
1620370 816
1620380 822
1620390 822
1620400 825
1620410 822
1620420 822
1620430 817
1620440 814
1620450 814
1620460 808
1620470 802
1620480 802
1620490 797
1620500 793
1620510 793
1620520 790
1620530 789
1620540 789
1620550 788
1620560 788
1620570 788
1620580 788
1620590 788
1620600 787
1620610 787
1620620 787
1620630 787
1620640 787
1620650 788
1620660 789
1620670 789
1620680 790
1620690 791
1620700 791
1620710 791
1620720 791
1620730 791
1620740 791
1620750 783
1620760 783
1620770 782
1620780 782
1620790 782
1620800 782
1620810 781
1620820 780
1620830 780
1620840 778
1620850 775
1620860 775
1620870 772
1620880 769
1620890 769
1620900 766
1620910 763
1620920 763
1620930 760
1620940 757
1620950 757
1620960 754
1620970 752
1620980 752
1620990 749
1621000 747
1621010 747
1621020 746
1621030 745
1621040 745
1621050 743
1621060 741
1621070 739
1621080 739
1621090 738
1621100 736
1621110 736
1621120 733
1621130 731
1621140 731
1621150 729
1621160 728
1621170 728
1621180 727
1621190 728
1621200 728
1621210 727
1621220 726
1621230 726
1621240 726
1621250 725
1621260 725
1621270 723
1621280 723
1621290 723
1621300 723
1621310 722
1621320 725
1621330 725
1621340 726
1621350 727
1621360 727
1621370 730
1621380 731
1621390 731
1621400 731
1621410 730
1621420 730
1621430 730
1621440 732
1621450 732
1621460 734
1621470 735
1621480 735
1621490 735
1621500 735
1621510 735
1621520 734
1621530 734
1621540 734
1621550 734
1621560 733
1621570 733
1621580 733
1621590 733
1621600 733
1621610 733
1621620 734
1621630 734
1621640 734
1621650 734
1621660 733
1621670 733
1621680 729
1621690 727
1621700 727
1621710 728
1621720 728
1621730 728
1621740 729
1621750 728
1621760 728
1621770 726
1621780 726
1621790 725
1621800 725
1621810 725
1621820 724
1621830 724
1621840 723
1621850 722
1621860 722
1621870 721
1621880 720
1621890 720
1621900 718
1621910 717
1621920 717
1621930 716
1621940 715
1621950 715
1621960 714
1621970 713
1621980 713
1621990 712
1622000 711
1622010 711
1622020 710
1622030 710
1622040 709
1622050 709
1622060 708
1622070 708
1622080 708
1622090 706
1622100 705
1622110 705
1622120 705
1622130 705
1622140 705
1622150 705
1622160 705
1622170 705
1622180 704
1622190 704
1622200 704
1622210 704
1622220 703
1622230 703
1622240 701
1622250 701
1622260 701
1622270 700
1622280 700
1622290 700
1622300 700
1622310 700
1622320 700
1622330 700
1622340 700
1622350 700
1622360 700
1622370 700
1622380 700
1622390 700
1622400 700
1622410 700
1622420 700
1622430 699
1622440 699
1622450 699
1622460 700
1622470 700
1622480 700
1622490 700
1622500 700
1622510 700
1622520 700
1622530 699
1622540 699
1622550 699
1622560 699
1622570 699
1622580 699
1622590 699
1622600 699
1622610 699
1622620 699
1622630 699
1622640 699
1622650 699
1622660 699
1622670 699
1622680 699
1622690 699
1622700 699
1622710 699
1622720 699
1622730 699
1622740 699
1622750 700
1622760 700
1622770 700
1622780 700
1622790 699
1622800 699
1622810 699
1622820 699
1622830 699
1622840 699
1622850 699
1622860 699
1622870 699
1622880 699
1622890 699
1622900 699
1622910 700
1622920 700
1622930 699
1622940 699
1622950 699
1622960 699
1622970 699
1622980 699
1622990 699
1623000 699
1623010 699
1623020 699
1623030 699
1623040 699
1623050 699
1623060 699
1623070 699
1623080 699
1623090 699
1623100 699
1623110 699
1623120 699
1623130 699
1623140 699
1623150 699
1623160 699
1623170 699
1623180 699
1623190 699
1623200 699
1623210 699
1623220 699
1623230 699
1623240 699
1623250 698
1623260 698
1623270 698
1623280 698
1623290 699
1623300 699
1623310 699
1623320 699
1623330 699
1623340 699
1623350 699
1623360 699
1623370 699
1623380 699
1623390 699
1623400 699
1623410 698
1623420 698
1623430 698
1623440 698
1623450 698
1623460 699
1623470 699
1623480 699
1623490 698
1623500 698
1623510 698
1623520 699
1623530 699
1623540 699
1623550 699
1623560 699
1623570 699
1623580 699
1623590 699
1623600 697
1623610 697
1623620 697
1623630 697
1623640 697
1623650 697
1623660 698
1623670 698
1623680 700
1623690 700
1623700 700
1623710 705
1623720 708
1623730 708
1623740 709
1623750 709
1623760 711
1623770 711
1623780 716
1623790 718
1623800 718
1623810 719
1623820 721
1623830 721
1623840 724
1623850 727
1623860 727
1623870 727
1623880 728
1623890 728
1623900 730
1623910 731
1623920 731
1623930 733
1623940 734
1623950 734
1623960 735
1623970 737
1623980 740
1623990 740
1624000 741
1624010 742
1624020 742
1624030 744
1624040 746
1624050 746
1624060 748
1624070 748
1624080 748
1624090 748
1624100 749
1624110 749
1624120 750
1624130 750
1624140 750
1624150 751
1624160 752
1624170 752
1624180 753
1624190 755
1624200 755
1624210 757
1624220 758
1624230 759
1624240 759
1624250 760
1624260 763
1624270 763
1624280 769
1624290 773
1624300 773
1624310 777
1624320 780
1624330 780
1624340 782
1624350 783
1624360 783
1624370 783
1624380 785
1624390 785
1624400 790
1624410 795
1624420 795
1624430 804
1624440 808
1624450 808
1624460 812
1624470 815
1624480 819
1624490 819
1624500 824
1624510 827
1624520 827
1624530 831
1624540 833
1624550 833
1624560 829
1624570 822
1624580 822
1624590 819
1624600 814
1624610 814
1624620 820
1624630 828
1624640 828
1624650 836
1624660 844
1624670 844
1624680 851
1624690 858
1624700 858
1624710 864
1624720 871
1624730 878
1624740 878
1624750 886
1624760 893
1624770 893
1624780 901
1624790 909
1624800 909
1624810 915
1624820 921
1624830 921
1624840 925
1624850 929
1624860 929
1624870 932
1624880 935
1624890 935
1624900 937
1624910 939
1624920 939
1624930 941
1624940 944
1624950 944
1624960 946
1624970 948
1624980 949
1624990 949
1625000 951
1625010 954
1625020 954
1625030 957
1625040 961
1625050 961
1625060 966
1625070 971
1625080 971
1625090 976
1625100 980
1625110 980
1625120 984
1625130 990
1625140 990
1625150 994
1625160 999
1625170 999
1625180 1005
1625190 1010
1625200 1016
1625210 1016
1625220 1023
1625230 1030
1625240 1030
1625250 1034
1625260 1040
1625270 1040
1625280 1044
1625290 1048
1625300 1048
1625310 1054
1625320 1058
1625330 1058
1625340 1071
1625350 1074
1625360 1074
1625370 1079
1625380 1084
1625390 1084
1625400 1091
1625410 1099
1625420 1099
1625430 1105
1625440 1109
1625450 1115
1625460 1115
1625470 1119
1625480 1121
1625490 1121
1625500 1120
1625510 1116
1625520 1116
1625530 1110
1625540 1105
1625550 1105
1625560 1100
1625570 1096
1625580 1096
1625590 1093
1625600 1090
1625610 1090
1625620 1087
1625630 1084
1625640 1084
1625650 1081
1625660 1078
1625670 1078
1625680 1077
1625690 1078
1625700 1080
1625710 1080
1625720 1081
1625730 1083
1625740 1083
1625750 1086
1625760 1089
1625770 1089
1625780 1093
1625790 1097
1625800 1097
1625810 1101
1625820 1105
1625830 1105
1625840 1109
1625850 1112
1625860 1112
1625870 1115
1625880 1117
1625890 1117
1625900 1119
1625910 1121
1625920 1121
1625930 1123
1625940 1125
1625950 1128
1625960 1128
1625970 1130
1625980 1132
1625990 1132
1626000 1135
1626010 1137
1626020 1137
1626030 1139
1626040 1141
1626050 1141
1626060 1144
1626070 1145
1626080 1145
1626090 1144
1626100 1144
1626110 1144
1626120 1144
1626130 1143
1626140 1143
1626150 1143
1626160 1144
1626170 1144
1626180 1145
1626190 1144
1626200 1143
1626210 1143
1626220 1141
1626230 1138
1626240 1136
1626250 1133
1626260 1129
1626270 1129
1626280 1125
1626290 1121
1626300 1121
1626310 1118
1626320 1115
1626330 1115
1626340 1111
1626350 1107
1626360 1107
1626370 1103
1626380 1098
1626390 1098
1626400 1093
1626410 1089
1626420 1085
1626430 1085
1626440 1082
1626450 1079
1626460 1079
1626470 1076
1626480 1076
1626490 1076
1626500 1076
1626510 1073
1626520 1073
1626530 1070
1626540 1068
1626550 1068
1626560 1067
1626570 1066
1626580 1066
1626590 1064
1626600 1062
1626610 1062
1626620 1060
1626630 1056
1626640 1056
1626650 1052
1626660 1047
1626670 1043
1626680 1043
1626690 1038
1626700 1034
1626710 1034
1626720 1029
1626730 1025
1626740 1025
1626750 1021
1626760 1016
1626770 1016
1626780 1010
1626790 1005
1626800 1005
1626810 1000
1626820 995
1626830 995
1626840 989
1626850 984
1626860 984
1626870 979
1626880 975
1626890 975
1626900 968
1626910 962
1626920 957
1626930 957
1626940 951
1626950 945
1626960 945
1626970 940
1626980 934
1626990 934
1627000 929
1627010 923
1627020 923
1627030 917
1627040 912
1627050 912
1627060 907
1627070 902
1627080 902
1627090 896
1627100 890
1627110 890
1627120 885
1627130 882
1627140 882
1627150 876
1627160 871
1627170 866
1627180 866
1627190 863
1627200 859
1627210 859
1627220 858
1627230 860
1627240 860
1627250 862
1627260 861
1627270 861
1627280 861
1627290 863
1627300 863
1627310 863
1627320 862
1627330 862
1627340 862
1627350 861
1627360 861
1627370 861
1627380 861
1627390 861
1627400 861
1627410 861
1627420 859
1627430 859
1627440 858
1627450 855
1627460 855
1627470 853
1627480 851
1627490 851
1627500 850
1627510 849
1627520 849
1627530 849
1627540 848
1627550 848
1627560 846
1627570 844
1627580 844
1627590 841
1627600 838
1627610 838
1627620 834
1627630 829
1627640 826
1627650 826
1627660 826
1627670 826
1627680 826
1627690 826
1627700 828
1627710 828
1627720 829
1627730 829
1627740 829
1627750 829
1627760 828
1627770 828
1627780 827
1627790 826
1627800 826
1627810 827
1627820 826
1627830 826
1627840 826
1627850 826
1627860 826
1627870 826
1627880 827
1627890 827
1627900 827
1627910 827
1627920 823
1627930 823
1627940 817
1627950 812
1627960 812
1627970 807
1627980 802
1627990 802
1628000 798
1628010 794
1628020 790
1628030 784
1628040 779
1628050 779
1628060 774
1628070 771
1628080 771
1628090 768
1628100 765
1628110 765
1628120 764
1628130 763
1628140 762
1628150 762
1628160 762
1628170 761
1628180 761
1628190 761
1628200 761
1628210 761
1628220 760
1628230 760
1628240 760
1628250 760
1628260 759
1628270 759
1628280 758
1628290 758
1628300 758
1628310 758
1628320 757
1628330 757
1628340 757
1628350 757
1628360 757
1628370 757
1628380 757
1628390 756
1628400 756
1628410 756
1628420 756
1628430 756
1628440 756
1628450 755
1628460 755
1628470 755
1628480 754
1628490 754
1628500 754
1628510 754
1628520 754
1628530 754
1628540 754
1628550 754
1628560 753
1628570 753
1628580 753
1628590 753
1628600 753
1628610 753
1628620 753
1628630 753
1628640 753
1628650 753
1628660 753
1628670 753
1628680 753
1628690 753
1628700 753
1628710 753
1628720 753
1628730 753
1628740 753
1628750 752
1628760 752
1628770 752
1628780 752
1628790 751
1628800 751
1628810 751
1628820 751
1628830 751
1628840 751
1628850 751
1628860 751
1628870 751
1628880 751
1628890 751
1628900 751
1628910 750
1628920 750
1628930 750
1628940 750
1628950 750
1628960 750
1628970 750
1628980 750
1628990 750
1629000 750
1629010 750
1629020 750
1629030 749
1629040 749
1629050 749
1629060 749
1629070 749
1629080 749
1629090 749
1629100 749
1629110 749
1629120 749
1629130 749
1629140 749
1629150 749
1629160 748
1629170 748
1629180 748
1629190 747
1629200 746
1629210 746
1629220 746
1629230 744
1629240 744
1629250 741
1629260 737
1629270 737
1629280 735
1629290 734
1629300 734
1629310 733
1629320 732
1629330 732
1629340 734
1629350 739
1629360 739
1629370 739
1629380 743
1629390 747
1629400 747
1629410 748
1629420 748
1629430 748
1629440 748
1629450 748
1629460 748
1629470 748
1629480 748
1629490 748
1629500 748
1629510 748
1629520 748
1629530 748
1629540 748
1629550 748
1629560 748
1629570 748
1629580 748
1629590 748
1629600 748
1629610 748
1629620 748
1629630 748
1629640 748
1629650 748
1629660 748
1629670 748
1629680 748
1629690 748
1629700 748
1629710 748
1629720 747
1629730 747
1629740 747
1629750 747
1629760 747
1629770 747
1629780 747
1629790 747
1629800 747
1629810 747
1629820 746
1629830 746
1629840 746
1629850 746
1629860 746
1629870 746
1629880 746
1629890 746
1629900 746
1629910 746
1629920 746
1629930 746
1629940 746
1629950 746
1629960 746
1629970 745
1629980 745
1629990 745
1630000 745
1630010 745
1630020 745
1630030 745
1630040 745
1630050 745
1630060 744
1630070 744
1630080 744
1630090 744
1630100 744
1630110 744
1630120 744
1630130 744
1630140 744
1630150 744
1630160 744
1630170 743
1630180 743
1630190 743
1630200 743
1630210 743
1630220 742
1630230 742
1630240 742
1630250 742
1630260 742
1630270 742
1630280 741
1630290 741
1630300 741
1630310 740
1630320 740
1630330 740
1630340 740
1630350 740
1630360 740
1630370 740
1630380 740
1630390 740
1630400 740
1630410 740
1630420 740
1630430 740
1630440 740
1630450 740
1630460 740
1630470 740
1630480 740
1630490 740
1630500 740
1630510 740
1630520 740
1630530 740
1630540 740
1630550 740
1630560 740
1630570 740
1630580 739
1630590 739
1630600 739
1630610 739
1630620 739
1630630 739
1630640 739
1630650 739
1630660 739
1630670 739
1630680 739
1630690 739
1630700 739
1630710 739
1630720 738
1630730 738
1630740 738
1630750 738
1630760 738
1630770 738
1630780 738
1630790 738
1630800 738
1630810 738
1630820 738
1630830 738
1630840 738
1630850 737
1630860 737
1630870 737
1630880 737
1630890 737
1630900 737
1630910 737
1630920 737
1630930 737
1630940 737
1630950 737
1630960 737
1630970 737
1630980 737
1630990 737
1631000 737
1631010 737
1631020 737
1631030 736
1631040 736
1631050 736
1631060 736
1631070 736
1631080 735
1631090 735
1631100 735
1631110 735
1631120 735
1631130 735
1631140 734
1631150 734
1631160 734
1631170 734
1631180 734
1631190 733
1631200 733
1631210 733
1631220 733
1631230 733
1631240 733
1631250 732
1631260 732
1631270 732
1631280 732
1631290 731
1631300 731
1631310 731
1631320 731
1631330 731
1631340 731
1631350 731
1631360 731
1631370 731
1631380 730
1631390 730
1631400 730
1631410 730
1631420 730
1631430 730
1631440 730
1631450 730
1631460 730
1631470 730
1631480 730
1631490 730
1631500 730
1631510 730
1631520 730
1631530 730
1631540 730
1631550 731
1631560 731
1631570 730
1631580 730
1631590 730
1631600 731
1631610 731
1631620 731
1631630 731
1631640 731
1631650 731
1631660 731
1631670 731
1631680 731
1631690 731
1631700 732
1631710 732
1631720 732
1631730 732
1631740 732
1631750 732
1631760 731
1631770 731
1631780 731
1631790 731
1631800 731
1631810 731
1631820 731
1631830 731
1631840 731
1631850 731
1631860 731
1631870 731
1631880 730
1631890 730
1631900 730
1631910 731
1631920 731
1631930 731
1631940 729
1631950 731
1631960 731
1631970 731
1631980 731
1631990 731
1632000 731
1632010 731
1632020 732
1632030 732
1632040 732
1632050 732
1632060 732
1632070 733
1632080 733
1632090 733
1632100 733
1632110 733
1632120 733
1632130 733
1632140 733
1632150 733
1632160 734
1632170 734
1632180 734
1632190 734
1632200 734
1632210 734
1632220 734
1632230 734
1632240 734
1632250 734
1632260 734
1632270 735
1632280 735
1632290 735
1632300 736
1632310 736
1632320 736
1632330 736
1632340 736
1632350 735
1632360 733
1632370 733
1632380 733
1632390 732
1632400 732
1632410 732
1632420 731
1632430 731
1632440 731
1632450 731
1632460 731
1632470 730
1632480 730
1632490 730
1632500 730
1632510 729
1632520 729
1632530 729
1632540 729
1632550 729
1632560 729
1632570 729
1632580 729
1632590 729
1632600 729
1632610 729
1632620 729
1632630 728
1632640 728
1632650 728
1632660 728
1632670 728
1632680 728
1632690 728
1632700 728
1632710 728
1632720 727
1632730 727
1632740 727
1632750 727
1632760 727
1632770 727
1632780 727
1632790 727
1632800 727
1632810 727
1632820 727
1632830 726
1632840 726
1632850 726
1632860 726
1632870 726
1632880 726
1632890 726
1632900 726
1632910 726
1632920 726
1632930 726
1632940 726
1632950 726
1632960 726
1632970 726
1632980 725
1632990 725
1633000 725
1633010 725
1633020 725
1633030 725
1633040 725
1633050 725
1633060 725
1633070 725
1633080 725
1633090 725
1633100 725
1633110 725
1633120 725
1633130 725
1633140 725
1633150 725
1633160 725
1633170 725
1633180 725
1633190 725
1633200 724
1633210 724
1633220 724
1633230 724
1633240 724
1633250 724
1633260 724
1633270 724
1633280 724
1633290 724
1633300 723
1633310 723
1633320 723
1633330 723
1633340 723
1633350 723
1633360 722
1633370 722
1633380 722
1633390 722
1633400 722
1633410 722
1633420 722
1633430 722
1633440 721
1633450 721
1633460 721
1633470 721
1633480 721
1633490 721
1633500 721
1633510 721
1633520 721
1633530 721
1633540 721
1633550 720
1633560 720
1633570 721
1633580 721
1633590 721
1633600 720
1633610 720
1633620 720
1633630 720
1633640 720
1633650 720
1633660 720
1633670 720
1633680 720
1633690 720
1633700 720
1633710 720
1633720 720
1633730 720
1633740 720
1633750 720
1633760 720
1633770 720
1633780 720
1633790 720
1633800 720
1633810 720
1633820 719
1633830 719
1633840 719
1633850 719
1633860 719
1633870 719
1633880 719
1633890 719
1633900 719
1633910 719
1633920 719
1633930 719
1633940 718
1633950 718
1633960 718
1633970 718
1633980 718
1633990 718
1634000 718
1634010 718
1634020 718
1634030 718
1634040 718
1634050 719
1634060 719
1634070 718
1634080 718
1634090 718
1634100 718
1634110 718
1634120 718
1634130 718
1634140 718
1634150 718
1634160 718
1634170 718
1634180 718
1634190 722
1634200 723
1634210 723
1634220 721
1634230 722
1634240 726
1634250 726
1634260 732
1634270 734
1634280 734
1634290 734
1634300 737
1634310 737
1634320 739
1634330 743
1634340 743
1634350 746
1634360 746
1634370 746
1634380 746
1634390 745
1634400 745
1634410 745
1634420 745
1634430 745
1634440 744
1634450 744
1634460 744
1634470 744
1634480 744
1634490 744
1634500 744
1634510 748
1634520 751
1634530 751
1634540 752
1634550 752
1634560 752
1634570 752
1634580 750
1634590 750
1634600 749
1634610 745
1634620 745
1634630 741
1634640 741
1634650 741
1634660 742
1634670 743
1634680 743
1634690 740
1634700 736
1634710 731
1634720 731
1634730 728
1634740 731
1634750 731
1634760 734
1634770 739
1634780 739
1634790 740
1634800 741
1634810 741
1634820 742
1634830 741
1634840 741
1634850 740
1634860 739
1634870 739
1634880 737
1634890 735
1634900 735
1634910 733
1634920 731
1634930 731
1634940 725
1634950 723
1634960 722
1634970 722
1634980 722
1634990 722
1635000 722
1635010 721
1635020 721
1635030 721
1635040 721
1635050 720
1635060 720
1635070 718
1635080 717
1635090 717
1635100 717
1635110 717
1635120 717
1635130 717
1635140 717
1635150 717
1635160 717
1635170 717
1635180 717
1635190 713
1635200 712
1635210 712
1635220 712
1635230 712
1635240 712
1635250 712
1635260 712
1635270 712
1635280 712
1635290 711
1635300 710
1635310 710
1635320 709
1635330 709
1635340 709
1635350 709
1635360 709
1635370 709
1635380 709
1635390 710
1635400 710
1635410 710
1635420 710
1635430 710
1635440 710
1635450 710
1635460 711
1635470 711
1635480 712
1635490 714
1635500 714
1635510 716
1635520 717
1635530 717
1635540 717
1635550 714
1635560 714
1635570 711
1635580 710
1635590 710
1635600 708
1635610 708
1635620 708
1635630 708
1635640 708
1635650 708
1635660 707
1635670 707
1635680 707
1635690 707
1635700 706
1635710 706
1635720 706
1635730 706
1635740 706
1635750 706
1635760 706
1635770 706
1635780 706
1635790 706
1635800 706
1635810 706
1635820 706
1635830 706
1635840 706
1635850 706
1635860 706
1635870 706
1635880 706
1635890 706
1635900 706
1635910 706
1635920 706
1635930 706
1635940 706
1635950 705
1635960 705
1635970 705
1635980 705
1635990 705
1636000 705
1636010 705
1636020 705
1636030 705
1636040 705
1636050 704
1636060 704
1636070 704
1636080 704
1636090 704
1636100 704
1636110 704
1636120 704
1636130 705
1636140 704
1636150 704
1636160 704
1636170 704
1636180 704
1636190 704
1636200 704
1636210 704
1636220 704
1636230 704
1636240 704
1636250 704
1636260 704
1636270 704
1636280 704
1636290 704
1636300 703
1636310 703
1636320 703
1636330 703
1636340 703
1636350 703
1636360 703
1636370 703
1636380 703
1636390 703
1636400 703
1636410 703
1636420 703
1636430 703
1636440 703
1636450 703
1636460 703
1636470 703
1636480 703
1636490 703
1636500 703
1636510 703
1636520 703
1636530 703
1636540 703
1636550 703
1636560 703
1636570 703
1636580 703
1636590 703
1636600 703
1636610 703
1636620 703
1636630 703
1636640 703
1636650 703
1636660 703
1636670 703
1636680 703
1636690 703
1636700 702
1636710 702
1636720 702
1636730 702
1636740 702
1636750 702
1636760 702
1636770 702
1636780 702
1636790 702
1636800 702
1636810 702
1636820 702
1636830 702
1636840 702
1636850 702
1636860 701
1636870 701
1636880 701
1636890 701
1636900 701
1636910 701
1636920 701
1636930 701
1636940 701
1636950 701
1636960 701
1636970 701
1636980 701
1636990 701
1637000 701
1637010 701
1637020 701
1637030 701
1637040 701
1637050 700
1637060 700
1637070 700
1637080 700
1637090 700
1637100 701
1637110 701
1637120 701
1637130 700
1637140 701
1637150 701
1637160 701
1637170 701
1637180 700
1637190 700
1637200 700
1637210 700
1637220 700
1637230 700
1637240 699
1637250 699
1637260 699
1637270 699
1637280 699
1637290 699
1637300 699
1637310 699
1637320 699
1637330 699
1637340 699
1637350 699
1637360 699
1637370 699
1637380 699
1637390 699
1637400 699
1637410 699
1637420 698
1637430 698
1637440 698
1637450 698
1637460 698
1637470 698
1637480 698
1637490 698
1637500 698
1637510 698
1637520 698
1637530 698
1637540 698
1637550 698
1637560 698
1637570 698
1637580 697
1637590 697
1637600 697
1637610 697
1637620 697
1637630 697
1637640 697
1637650 697
1637660 697
1637670 697
1637680 697
1637690 697
1637700 697
1637710 697
1637720 697
1637730 697
1637740 696
1637750 696
1637760 696
1637770 696
1637780 696
1637790 696
1637800 696
1637810 696
1637820 696
1637830 696
1637840 696
1637850 696
1637860 696
1637870 696
1637880 696
1637890 696
1637900 696
1637910 696
1637920 696
1637930 695
1637940 695
1637950 696
1637960 695
1637970 695
1637980 695
1637990 695
1638000 695
1638010 695
1638020 695
1638030 695
1638040 695
1638050 695
1638060 695
1638070 695
1638080 695
1638090 695
1638100 695
1638110 694
1638120 694
1638130 694
1638140 694
1638150 694
1638160 694
1638170 694
1638180 694
1638190 694
1638200 694
1638210 694
1638220 694
1638230 694
1638240 694
1638250 694
1638260 694
1638270 694
1638280 694
1638290 693
1638300 693
1638310 693
1638320 694
1638330 694
1638340 694
1638350 693
1638360 693
1638370 693
1638380 693
1638390 693
1638400 693
1638410 693
1638420 693
1638430 693
1638440 693
1638450 693
1638460 693
1638470 693
1638480 693
1638490 693
1638500 693
1638510 692
1638520 692
1638530 692
1638540 692
1638550 692
1638560 692
1638570 692
1638580 692
1638590 692
1638600 691
1638610 691
1638620 691
1638630 691
1638640 691
1638650 691
1638660 691
1638670 691
1638680 691
1638690 691
1638700 691
1638710 691
1638720 691
1638730 691
1638740 691
1638750 691
1638760 691
1638770 691
1638780 691
1638790 691
1638800 691
1638810 691
1638820 690
1638830 690
1638840 690
1638850 690
1638860 690
1638870 690
1638880 690
1638890 690
1638900 687
1638910 687
1638920 687
1638930 687
1638940 687
1638950 689
1638960 690
1638970 690
1638980 690
1638990 690
1639000 690
1639010 690
1639020 689
1639030 689
1639040 689
1639050 689
1639060 689
1639070 689
1639080 689
1639090 689
1639100 689
1639110 689
1639120 689
1639130 689
1639140 689
1639150 689
1639160 689
1639170 689
1639180 689
1639190 689
1639200 689
1639210 688
1639220 688
1639230 688
1639240 688
1639250 688
1639260 688
1639270 688
1639280 688
1639290 688
1639300 688
1639310 688
1639320 688
1639330 688
1639340 688
1639350 688
1639360 688
1639370 688
1639380 688
1639390 688
1639400 687
1639410 687
1639420 687
1639430 687
1639440 687
1639450 687
1639460 687
1639470 687
1639480 687
1639490 687
1639500 687
1639510 687
1639520 687
1639530 687
1639540 687
1639550 687
1639560 687
1639570 687
1639580 687
1639590 687
1639600 687
1639610 686
1639620 686
1639630 686
1639640 686
1639650 686
1639660 686
1639670 686
1639680 686
1639690 686
1639700 686
1639710 686
1639720 686
1639730 686
1639740 686
1639750 686
1639760 686
1639770 686
1639780 686
1639790 686
1639800 685
1639810 685
1639820 685
1639830 685
1639840 685
1639850 685
1639860 685
1639870 685
1639880 685
1639890 685
1639900 685
1639910 685
1639920 685
1639930 685
1639940 685
1639950 685
1639960 685
1639970 685
1639980 684
1639990 684
