1620000 914
1620010 917
1620020 920
1620030 920
1620040 921
1620050 921
1620060 921
1620070 922
1620080 924
1620090 924
1620100 927
1620110 930
1620120 930
1620130 933
1620140 934
1620150 934
1620160 934
1620170 933
1620180 935
1620190 935
1620200 938
1620210 941
1620220 941
1620230 944
1620240 946
1620250 946
1620260 949
1620270 951
1620280 951
1620290 953
1620300 954
1620310 954
1620320 955
1620330 957
1620340 957
1620350 958
1620360 959
1620370 951
1620380 949
1620390 947
1620400 947
1620410 946
1620420 945
1620430 944
1620440 944
1620450 944
1620460 945
1620470 945
1620480 947
1620490 949
1620500 949
1620510 951
1620520 953
1620530 953
1620540 955
1620550 958
1620560 958
1620570 960
1620580 964
1620590 964
1620600 970
1620610 975
1620620 975
1620630 979
1620640 984
1620650 984
1620660 988
1620670 992
1620680 995
1620690 995
1620700 995
1620710 993
1620720 993
1620730 991
1620740 988
1620750 988
1620760 985
1620770 981
1620780 981
1620790 977
1620800 973
1620810 973
1620820 969
1620830 967
1620840 967
1620850 965
1620860 962
1620870 962
1620880 958
1620890 953
1620900 953
1620910 949
1620920 945
1620930 942
1620940 942
1620950 939
1620960 934
1620970 934
1620980 927
1620990 920
1621000 920
1621010 914
1621020 909
1621030 909
1621040 902
1621050 895
1621060 895
1621070 889
1621080 882
1621090 882
1621100 878
1621110 874
1621120 874
1621130 871
1621140 868
1621150 866
1621160 866
1621170 864
1621180 861
1621190 861
1621200 858
1621210 854
1621220 854
1621230 850
1621240 847
1621250 847
1621260 843
1621270 839
1621280 839
1621290 836
1621300 831
1621310 831
1621320 828
1621330 823
1621340 823
1621350 817
1621360 810
1621370 810
1621380 803
1621390 794
1621400 786
1621410 786
1621420 779
1621430 776
1621440 776
1621450 777
1621460 781
1621470 781
1621480 785
1621490 787
1621500 787
1621510 788
1621520 791
1621530 791
1621540 794
1621550 797
1621560 797
1621570 801
1621580 806
1621590 806
1621600 810
1621610 814
1621620 814
1621630 817
1621640 820
1621650 823
1621660 823
1621670 826
1621680 825
1621690 825
1621700 821
1621710 817
1621720 817
1621730 813
1621740 810
1621750 810
1621760 807
1621770 802
1621780 802
1621790 797
1621800 791
1621810 791
1621820 787
1621830 782
1621840 782
1621850 777
1621860 772
1621870 772
1621880 769
1621890 764
1621900 760
1621910 760
1621920 756
1621930 752
1621940 752
1621950 751
1621960 748
1621970 748
1621980 746
1621990 745
1622000 745
1622010 744
1622020 742
1622030 742
1622040 740
1622050 739
1622060 739
1622070 739
1622080 738
1622090 738
1622100 737
1622110 736
1622120 736
1622130 736
1622140 735
1622150 731
1622160 731
1622170 726
1622180 723
1622190 723
1622200 724
1622210 721
1622220 721
1622230 717
1622240 714
1622250 714
1622260 709
1622270 705
1622280 705
1622290 701
1622300 700
1622310 700
1622320 699
1622330 699
1622340 699
1622350 699
1622360 699
1622370 699
1622380 699
1622390 699
1622400 699
1622410 699
1622420 699
1622430 699
1622440 699
1622450 699
1622460 699
1622470 699
1622480 699
1622490 699
1622500 699
1622510 699
1622520 699
1622530 699
1622540 699
1622550 699
1622560 699
1622570 699
1622580 699
1622590 699
1622600 699
1622610 699
1622620 699
1622630 699
1622640 699
1622650 698
1622660 698
1622670 698
1622680 699
1622690 699
1622700 699
1622710 699
1622720 699
1622730 699
1622740 699
1622750 699
1622760 699
1622770 699
1622780 699
1622790 699
1622800 699
1622810 699
1622820 699
1622830 699
1622840 699
1622850 699
1622860 699
1622870 699
1622880 699
1622890 699
1622900 699
1622910 699
1622920 699
1622930 699
1622940 699
1622950 699
1622960 699
1622970 699
1622980 698
1622990 698
1623000 698
1623010 698
1623020 697
1623030 697
1623040 697
1623050 697
1623060 697
1623070 698
1623080 698
1623090 698
1623100 698
1623110 698
1623120 699
1623130 699
1623140 699
1623150 698
1623160 698
1623170 698
1623180 699
1623190 699
1623200 699
1623210 699
1623220 699
1623230 698
1623240 698
1623250 698
1623260 698
1623270 699
1623280 699
1623290 699
1623300 699
1623310 699
1623320 699
1623330 699
1623340 699
1623350 699
1623360 699
1623370 699
1623380 699
1623390 699
1623400 698
1623410 698
1623420 698
1623430 698
1623440 698
1623450 698
1623460 698
1623470 698
1623480 698
1623490 698
1623500 698
1623510 698
1623520 698
1623530 698
1623540 698
1623550 698
1623560 698
1623570 698
1623580 698
1623590 698
1623600 698
1623610 698
1623620 698
1623630 698
1623640 698
1623650 699
1623660 699
1623670 698
1623680 697
1623690 697
1623700 697
1623710 697
1623720 697
1623730 697
1623740 697
1623750 697
1623760 699
1623770 698
1623780 698
1623790 698
1623800 698
1623810 698
1623820 698
1623830 698
1623840 698
1623850 698
1623860 698
1623870 698
1623880 698
1623890 699
1623900 700
1623910 700
1623920 700
1623930 700
1623940 700
1623950 699
1623960 699
1623970 699
1623980 699
1623990 700
1624000 700
1624010 700
1624020 701
1624030 701
1624040 702
1624050 702
1624060 703
1624070 703
1624080 704
1624090 705
1624100 705
1624110 708
1624120 710
1624130 710
1624140 712
1624150 713
1624160 713
1624170 713
1624180 714
1624190 714
1624200 716
1624210 716
1624220 716
1624230 717
1624240 718
1624250 718
1624260 720
1624270 722
1624280 722
1624290 723
1624300 724
1624310 725
1624320 725
1624330 726
1624340 727
1624350 727
1624360 727
1624370 728
1624380 728
1624390 728
1624400 729
1624410 729
1624420 729
1624430 730
1624440 730
1624450 730
1624460 731
1624470 731
1624480 731
1624490 732
1624500 732
1624510 733
1624520 733
1624530 733
1624540 733
1624550 733
1624560 733
1624570 733
1624580 729
1624590 735
1624600 735
1624610 737
1624620 738
1624630 738
1624640 739
1624650 740
1624660 740
1624670 741
1624680 742
1624690 742
1624700 743
1624710 744
1624720 744
1624730 745
1624740 746
1624750 746
1624760 747
1624770 749
1624780 749
1624790 750
1624800 751
1624810 753
1624820 753
1624830 755
1624840 757
1624850 757
1624860 759
1624870 760
1624880 760
1624890 762
1624900 764
1624910 764
1624920 764
1624930 767
1624940 767
1624950 770
1624960 771
1624970 775
1624980 777
1624990 778
1625000 778
1625010 778
1625020 780
1625030 780
1625040 781
1625050 784
1625060 787
1625070 787
1625080 790
1625090 793
1625100 793
1625110 796
1625120 798
1625130 798
1625140 800
1625150 807
1625160 807
1625170 816
1625180 823
1625190 823
1625200 828
1625210 828
1625220 828
1625230 827
1625240 825
1625250 825
1625260 824
1625270 831
1625280 841
1625290 841
1625300 849
1625310 857
1625320 857
1625330 864
1625340 871
1625350 871
1625360 879
1625370 887
1625380 887
1625390 895
1625400 901
1625410 901
1625420 907
1625430 913
1625440 913
1625450 919
1625460 924
1625470 924
1625480 928
1625490 935
1625500 935
1625510 940
1625520 945
1625530 949
1625540 949
1625550 954
1625560 959
1625570 959
1625580 964
1625590 968
1625600 968
1625610 971
1625620 974
1625630 974
1625640 977
1625650 979
1625660 979
1625670 981
1625680 982
1625690 982
1625700 983
1625710 983
1625720 983
1625730 980
1625740 976
1625750 976
1625760 973
1625770 971
1625780 974
1625790 974
1625800 978
1625810 981
1625820 981
1625830 984
1625840 987
1625850 987
1625860 992
1625870 1003
1625880 1003
1625890 1007
1625900 1013
1625910 1013
1625920 1020
1625930 1029
1625940 1029
1625950 1038
1625960 1047
1625970 1047
1625980 1052
1625990 1059
1626000 1059
1626010 1064
1626020 1070
1626030 1074
1626040 1074
1626050 1078
1626060 1083
1626070 1083
1626080 1088
1626090 1094
1626100 1094
1626110 1100
1626120 1106
1626130 1106
1626140 1112
1626150 1117
1626160 1117
1626170 1120
1626180 1122
1626190 1122
1626200 1124
1626210 1127
1626220 1127
1626230 1130
1626240 1132
1626250 1133
1626260 1133
1626270 1134
1626280 1134
1626290 1134
1626300 1133
1626310 1129
1626320 1129
1626330 1125
1626340 1120
1626350 1120
1626360 1116
1626370 1108
1626380 1108
1626390 1101
1626400 1095
1626410 1095
1626420 1089
1626430 1084
1626440 1084
1626450 1080
1626460 1078
1626470 1078
1626480 1075
1626490 1072
1626500 1069
1626510 1069
1626520 1068
1626530 1067
1626540 1067
1626550 1065
1626560 1064
1626570 1064
1626580 1061
1626590 1058
1626600 1058
1626610 1055
1626620 1050
1626630 1050
1626640 1044
1626650 1040
1626660 1040
1626670 1036
1626680 1031
1626690 1031
1626700 1025
1626710 1023
1626720 1023
1626730 1025
1626740 1028
1626750 1032
1626760 1032
1626770 1028
1626780 1029
1626790 1029
1626800 1027
1626810 1026
1626820 1026
1626830 1025
1626840 1023
1626850 1023
1626860 1020
1626870 1017
1626880 1017
1626890 1015
1626900 1012
1626910 1012
1626920 1009
1626930 1005
1626940 1005
1626950 1000
1626960 993
1626970 993
1626980 987
1626990 980
1627000 973
1627010 973
1627020 970
1627030 968
1627040 968
1627050 968
1627060 968
1627070 968
1627080 968
1627090 969
1627100 969
1627110 972
1627120 978
1627130 978
1627140 983
1627150 987
1627160 987
1627170 992
1627180 997
1627190 997
1627200 1001
1627210 1007
1627220 1013
1627230 1013
1627240 1019
1627250 1025
1627260 1025
1627270 1032
1627280 1037
1627290 1037
1627300 1041
1627310 1044
1627320 1044
1627330 1047
1627340 1047
1627350 1047
1627360 1043
1627370 1038
1627380 1038
1627390 1032
1627400 1025
1627410 1025
1627420 1017
1627430 1010
1627440 1010
1627450 1003
1627460 999
1627470 999
1627480 999
1627490 1002
1627500 1004
1627510 1004
1627520 1006
1627530 1008
1627540 1008
1627550 1009
1627560 1009
1627570 1009
1627580 1010
1627590 1011
1627600 1011
1627610 1012
1627620 1013
1627630 1013
1627640 1014
1627650 1013
1627660 1006
1627670 1003
1627680 1000
1627690 1000
1627700 996
1627710 991
1627720 987
1627730 987
1627740 983
1627750 978
1627760 978
1627770 973
1627780 969
1627790 969
1627800 964
1627810 957
1627820 957
1627830 950
1627840 944
1627850 944
1627860 939
1627870 935
1627880 935
1627890 929
1627900 925
1627910 925
1627920 922
1627930 920
1627940 920
1627950 918
1627960 914
1627970 909
1627980 909
1627990 906
1628000 906
1628010 906
1628020 907
1628030 909
1628040 909
1628050 911
1628060 912
1628070 912
1628080 913
1628090 912
1628100 912
1628110 908
1628120 903
1628130 903
1628140 899
1628150 895
1628160 895
1628170 891
1628180 889
1628190 885
1628200 885
1628210 879
1628220 875
1628230 875
1628240 871
1628250 867
1628260 867
1628270 862
1628280 858
1628290 858
1628300 855
1628310 853
1628320 853
1628330 852
1628340 850
1628350 850
1628360 848
1628370 844
1628380 844
1628390 839
1628400 835
1628410 835
1628420 836
1628430 837
1628440 837
1628450 837
1628460 833
1628470 830
1628480 830
1628490 825
1628500 823
1628510 823
1628520 822
1628530 822
1628540 817
1628550 816
1628560 814
1628570 814
1628580 811
1628590 807
1628600 807
1628610 804
1628620 800
1628630 800
1628640 796
1628650 794
1628660 794
1628670 792
1628680 790
1628690 789
1628700 789
1628710 788
1628720 786
1628730 786
1628740 782
1628750 779
1628760 779
1628770 776
1628780 774
1628790 774
1628800 772
1628810 771
1628820 771
1628830 767
1628840 761
1628850 761
1628860 760
1628870 760
1628880 760
1628890 759
1628900 759
1628910 759
1628920 758
1628930 757
1628940 756
1628950 756
1628960 756
1628970 755
1628980 755
1628990 755
1629000 755
1629010 755
1629020 755
1629030 755
1629040 755
1629050 756
1629060 756
1629070 756
1629080 756
1629090 755
1629100 755
1629110 755
1629120 755
1629130 755
1629140 755
1629150 754
1629160 754
1629170 754
1629180 754
1629190 753
1629200 753
1629210 753
1629220 753
1629230 753
1629240 752
1629250 752
1629260 752
1629270 752
1629280 752
1629290 752
1629300 752
1629310 752
1629320 752
1629330 752
1629340 751
1629350 751
1629360 751
1629370 750
1629380 750
1629390 750
1629400 749
1629410 749
1629420 749
1629430 749
1629440 749
1629450 749
1629460 748
1629470 748
1629480 748
1629490 748
1629500 748
1629510 748
1629520 748
1629530 748
1629540 748
1629550 747
1629560 747
1629570 747
1629580 747
1629590 747
1629600 747
1629610 747
1629620 747
1629630 747
1629640 747
1629650 747
1629660 747
1629670 747
1629680 747
1629690 747
1629700 747
1629710 747
1629720 746
1629730 746
1629740 746
1629750 746
1629760 746
1629770 746
1629780 746
1629790 746
1629800 745
1629810 745
1629820 745
1629830 745
1629840 745
1629850 745
1629860 743
1629870 740
1629880 740
1629890 736
1629900 731
1629910 728
1629920 728
1629930 728
1629940 730
1629950 730
1629960 735
1629970 739
1629980 739
1629990 739
1630000 740
1630010 740
1630020 744
1630030 744
1630040 744
1630050 744
1630060 744
1630070 744
1630080 744
1630090 744
1630100 744
1630110 744
1630120 744
1630130 743
1630140 743
1630150 743
1630160 743
1630170 743
1630180 743
1630190 743
1630200 743
1630210 743
1630220 743
1630230 743
1630240 743
1630250 743
1630260 743
1630270 743
1630280 743
1630290 743
1630300 742
1630310 742
1630320 742
1630330 742
1630340 742
1630350 742
1630360 741
1630370 741
1630380 741
1630390 741
1630400 741
1630410 741
1630420 741
1630430 741
1630440 740
1630450 740
1630460 740
1630470 740
1630480 740
1630490 740
1630500 739
1630510 739
1630520 739
1630530 739
1630540 739
1630550 739
1630560 739
1630570 739
1630580 739
1630590 738
1630600 738
1630610 738
1630620 738
1630630 738
1630640 738
1630650 738
1630660 737
1630670 737
1630680 737
1630690 737
1630700 737
1630710 737
1630720 737
1630730 737
1630740 737
1630750 737
1630760 737
1630770 736
1630780 736
1630790 736
1630800 736
1630810 736
1630820 736
1630830 736
1630840 736
1630850 736
1630860 736
1630870 735
1630880 735
1630890 735
1630900 735
1630910 735
1630920 735
1630930 735
1630940 734
1630950 734
1630960 734
1630970 733
1630980 733
1630990 733
1631000 733
1631010 733
1631020 732
1631030 732
1631040 732
1631050 732
1631060 731
1631070 731
1631080 731
1631090 731
1631100 731
1631110 731
1631120 731
1631130 731
1631140 731
1631150 730
1631160 730
1631170 730
1631180 730
1631190 730
1631200 730
1631210 730
1631220 730
1631230 730
1631240 729
1631250 729
1631260 729
1631270 729
1631280 729
1631290 729
1631300 729
1631310 729
1631320 729
1631330 730
1631340 730
1631350 730
1631360 730
1631370 730
1631380 730
1631390 730
1631400 730
1631410 730
1631420 730
1631430 730
1631440 730
1631450 730
1631460 731
1631470 731
1631480 731
1631490 731
1631500 732
1631510 732
1631520 730
1631530 728
1631540 728
1631550 731
1631560 732
1631570 732
1631580 733
1631590 733
1631600 734
1631610 734
1631620 734
1631630 734
1631640 734
1631650 734
1631660 734
1631670 734
1631680 735
1631690 735
1631700 735
1631710 735
1631720 736
1631730 736
1631740 737
1631750 737
1631760 737
1631770 738
1631780 739
1631790 739
1631800 739
1631810 740
1631820 740
1631830 741
1631840 743
1631850 745
1631860 745
1631870 746
1631880 747
1631890 747
1631900 747
1631910 748
1631920 748
1631930 747
1631940 748
1631950 748
1631960 748
1631970 748
1631980 748
1631990 748
1632000 747
1632010 747
1632020 744
1632030 743
1632040 743
1632050 743
1632060 743
1632070 743
1632080 743
1632090 743
1632100 742
1632110 742
1632120 737
1632130 732
1632140 732
1632150 731
1632160 731
1632170 731
1632180 731
1632190 730
1632200 730
1632210 730
1632220 730
1632230 730
1632240 730
1632250 729
1632260 729
1632270 729
1632280 729
1632290 729
1632300 729
1632310 729
1632320 728
1632330 728
1632340 728
1632350 728
1632360 728
1632370 728
1632380 728
1632390 728
1632400 728
1632410 729
1632420 729
1632430 729
1632440 728
1632450 728
1632460 727
1632470 727
1632480 727
1632490 726
1632500 726
1632510 726
1632520 726
1632530 726
1632540 726
1632550 726
1632560 726
1632570 725
1632580 725
1632590 725
1632600 725
1632610 725
1632620 725
1632630 725
1632640 725
1632650 725
1632660 725
1632670 725
1632680 725
1632690 724
1632700 724
1632710 724
1632720 724
1632730 724
1632740 724
1632750 724
1632760 724
1632770 724
1632780 724
1632790 724
1632800 723
1632810 724
1632820 723
1632830 723
1632840 723
1632850 723
1632860 723
1632870 723
1632880 723
1632890 723
1632900 723
1632910 723
1632920 723
1632930 722
1632940 722
1632950 722
1632960 722
1632970 722
1632980 722
1632990 722
1633000 722
1633010 722
1633020 722
1633030 722
1633040 722
1633050 722
1633060 722
1633070 722
1633080 722
1633090 722
1633100 722
1633110 722
1633120 722
1633130 722
1633140 722
1633150 722
1633160 722
1633170 722
1633180 722
1633190 722
1633200 722
1633210 722
1633220 721
1633230 721
1633240 721
1633250 722
1633260 722
1633270 721
1633280 721
1633290 721
1633300 721
1633310 721
1633320 721
1633330 721
1633340 721
1633350 721
1633360 721
1633370 721
1633380 721
1633390 721
1633400 721
1633410 721
1633420 721
1633430 720
1633440 720
1633450 720
1633460 720
1633470 720
1633480 720
1633490 720
1633500 720
1633510 720
1633520 720
1633530 720
1633540 720
1633550 720
1633560 719
1633570 719
1633580 719
1633590 719
1633600 719
1633610 719
1633620 719
1633630 719
1633640 719
1633650 719
1633660 718
1633670 718
1633680 718
1633690 718
1633700 718
1633710 718
1633720 718
1633730 718
1633740 718
1633750 718
1633760 718
1633770 717
1633780 717
1633790 717
1633800 717
1633810 717
1633820 717
1633830 717
1633840 717
1633850 717
1633860 717
1633870 717
1633880 717
1633890 717
1633900 717
1633910 716
1633920 716
1633930 716
1633940 716
1633950 716
1633960 716
1633970 716
1633980 716
1633990 716
1634000 716
1634010 716
1634020 716
1634030 715
1634040 715
1634050 715
1634060 715
1634070 715
1634080 715
1634090 715
1634100 715
1634110 715
1634120 714
1634130 714
1634140 714
1634150 714
1634160 714
1634170 714
1634180 714
1634190 714
1634200 714
1634210 714
1634220 714
1634230 714
1634240 714
1634250 714
1634260 714
1634270 714
1634280 714
1634290 714
1634300 714
1634310 714
1634320 715
1634330 715
1634340 714
1634350 714
1634360 714
1634370 715
1634380 715
1634390 715
1634400 715
1634410 718
1634420 718
1634430 721
1634440 721
1634450 721
1634460 721
1634470 722
1634480 722
1634490 725
1634500 731
1634510 737
1634520 737
1634530 743
1634540 749
1634550 749
1634560 755
1634570 761
1634580 761
1634590 766
1634600 769
1634610 769
1634620 769
1634630 769
1634640 769
1634650 768
1634660 768
1634670 768
1634680 768
1634690 768
1634700 768
1634710 768
1634720 769
1634730 769
1634740 769
1634750 770
1634760 769
1634770 769
1634780 768
1634790 769
1634800 769
1634810 769
1634820 769
1634830 769
1634840 769
1634850 767
1634860 767
1634870 766
1634880 765
1634890 765
1634900 762
1634910 760
1634920 760
1634930 761
1634940 761
1634950 761
1634960 762
1634970 764
1634980 764
1634990 761
1635000 756
1635010 750
1635020 750
1635030 744
1635040 737
1635050 737
1635060 731
1635070 725
1635080 725
1635090 719
1635100 714
1635110 714
1635120 713
1635130 713
1635140 713
1635150 713
1635160 713
1635170 713
1635180 712
1635190 709
1635200 709
1635210 709
1635220 709
1635230 709
1635240 709
1635250 709
1635260 708
1635270 708
1635280 708
1635290 708
1635300 708
1635310 708
1635320 708
1635330 708
1635340 708
1635350 708
1635360 708
1635370 708
1635380 708
1635390 708
1635400 709
1635410 709
1635420 709
1635430 707
1635440 707
1635450 707
1635460 707
1635470 707
1635480 707
1635490 707
1635500 707
1635510 707
1635520 707
1635530 707
1635540 707
1635550 707
1635560 707
1635570 707
1635580 707
1635590 706
1635600 706
1635610 706
1635620 706
1635630 706
1635640 706
1635650 706
1635660 706
1635670 706
1635680 706
1635690 706
1635700 706
1635710 706
1635720 706
1635730 706
1635740 706
1635750 706
1635760 706
1635770 706
1635780 706
1635790 706
1635800 706
1635810 706
1635820 706
1635830 706
1635840 706
1635850 706
1635860 706
1635870 706
1635880 706
1635890 706
1635900 706
1635910 706
1635920 706
1635930 705
1635940 705
1635950 705
1635960 705
1635970 705
1635980 705
1635990 705
1636000 705
1636010 705
1636020 705
1636030 705
1636040 705
1636050 705
1636060 705
1636070 704
1636080 704
1636090 704
1636100 704
1636110 704
1636120 704
1636130 704
1636140 704
1636150 704
1636160 705
1636170 705
1636180 705
1636190 706
1636200 706
1636210 704
1636220 703
1636230 703
1636240 703
1636250 703
1636260 703
1636270 703
1636280 703
1636290 703
1636300 703
1636310 702
1636320 702
1636330 702
1636340 702
1636350 702
1636360 702
1636370 702
1636380 703
1636390 703
1636400 702
1636410 702
1636420 702
1636430 701
1636440 701
1636450 701
1636460 701
1636470 701
1636480 701
1636490 701
1636500 700
1636510 700
1636520 700
1636530 700
1636540 701
1636550 701
1636560 701
1636570 701
1636580 701
1636590 701
1636600 701
1636610 701
1636620 701
1636630 701
1636640 701
1636650 702
1636660 701
1636670 701
1636680 700
1636690 700
1636700 700
1636710 700
1636720 700
1636730 700
1636740 700
1636750 700
1636760 700
1636770 700
1636780 700
1636790 700
1636800 700
1636810 700
1636820 700
1636830 700
1636840 700
1636850 699
1636860 699
1636870 699
1636880 699
1636890 699
1636900 699
1636910 699
1636920 699
1636930 699
1636940 699
1636950 699
1636960 699
1636970 698
1636980 698
1636990 698
1637000 698
1637010 698
1637020 698
1637030 698
1637040 698
1637050 698
1637060 698
1637070 698
1637080 698
1637090 698
1637100 698
1637110 698
1637120 698
1637130 698
1637140 698
1637150 698
1637160 698
1637170 698
1637180 698
1637190 698
1637200 698
1637210 698
1637220 698
1637230 698
1637240 698
1637250 698
1637260 698
1637270 698
1637280 697
1637290 697
1637300 697
1637310 697
1637320 697
1637330 697
1637340 697
1637350 697
1637360 697
1637370 697
1637380 697
1637390 697
1637400 697
1637410 697
1637420 697
1637430 697
1637440 697
1637450 696
1637460 696
1637470 696
1637480 696
1637490 696
1637500 697
1637510 697
1637520 697
1637530 696
1637540 696
1637550 696
1637560 696
1637570 696
1637580 696
1637590 696
1637600 696
1637610 696
1637620 696
1637630 696
1637640 696
1637650 696
1637660 696
1637670 695
1637680 695
1637690 695
1637700 695
1637710 695
1637720 695
1637730 695
1637740 695
1637750 695
1637760 695
1637770 695
1637780 695
1637790 695
1637800 695
1637810 695
1637820 695
1637830 695
1637840 695
1637850 695
1637860 695
1637870 695
1637880 695
1637890 695
1637900 695
1637910 695
1637920 695
1637930 695
1637940 695
1637950 695
1637960 695
1637970 695
1637980 695
1637990 695
1638000 695
1638010 695
1638020 695
1638030 695
1638040 695
1638050 695
1638060 695
1638070 695
1638080 695
1638090 695
1638100 695
1638110 695
1638120 695
1638130 695
1638140 695
1638150 694
1638160 694
1638170 694
1638180 694
1638190 694
1638200 694
1638210 694
1638220 694
1638230 694
1638240 694
1638250 694
1638260 694
1638270 694
1638280 694
1638290 694
1638300 694
1638310 694
1638320 694
1638330 694
1638340 694
1638350 693
1638360 693
1638370 693
1638380 693
1638390 693
1638400 693
1638410 693
1638420 693
1638430 693
1638440 693
1638450 693
1638460 693
1638470 693
1638480 693
1638490 693
1638500 693
1638510 692
1638520 692
1638530 692
1638540 692
1638550 692
1638560 692
1638570 692
1638580 692
1638590 692
1638600 692
1638610 692
1638620 692
1638630 692
1638640 692
1638650 692
1638660 691
1638670 691
1638680 691
1638690 690
1638700 687
1638710 687
1638720 683
1638730 683
1638740 683
1638750 683
1638760 683
1638770 683
1638780 682
1638790 681
1638800 681
1638810 681
1638820 682
1638830 682
1638840 682
1638850 682
1638860 682
1638870 683
1638880 684
1638890 688
1638900 688
1638910 690
1638920 690
1638930 690
1638940 690
1638950 690
1638960 690
1638970 690
1638980 690
1638990 690
1639000 690
1639010 689
1639020 689
1639030 689
1639040 689
1639050 689
1639060 689
1639070 689
1639080 689
1639090 689
1639100 689
1639110 689
1639120 689
1639130 689
1639140 689
1639150 689
1639160 688
1639170 688
1639180 688
1639190 688
1639200 688
1639210 688
1639220 688
1639230 688
1639240 688
1639250 688
1639260 688
1639270 688
1639280 688
1639290 688
1639300 688
1639310 688
1639320 688
1639330 688
1639340 688
1639350 688
1639360 688
1639370 687
1639380 687
1639390 687
1639400 687
1639410 687
1639420 687
1639430 687
1639440 687
1639450 687
1639460 687
1639470 687
1639480 687
1639490 687
1639500 687
1639510 687
1639520 687
1639530 686
1639540 686
1639550 686
1639560 686
1639570 686
1639580 686
1639590 686
1639600 686
1639610 686
1639620 686
1639630 686
1639640 686
1639650 686
1639660 686
1639670 686
1639680 686
1639690 686
1639700 686
1639710 686
1639720 685
1639730 685
1639740 685
1639750 685
1639760 685
1639770 685
1639780 685
1639790 685
1639800 685
1639810 685
1639820 686
1639830 686
1639840 683
1639850 673
1639860 669
1639870 669
1639880 669
1639890 669
1639900 669
1639910 669
1639920 669
1639930 669
1639940 669
1639950 670
1639960 670
1639970 670
1639980 671
1639990 671
