1620000 836
1620010 834
1620020 834
1620030 833
1620040 832
1620050 832
1620060 831
1620070 831
1620080 831
1620090 831
1620100 830
1620110 830
1620120 830
1620130 830
1620140 830
1620150 831
1620160 831
1620170 831
1620180 832
1620190 833
1620200 833
1620210 837
1620220 840
1620230 844
1620240 844
1620250 847
1620260 851
1620270 851
1620280 856
1620290 861
1620300 861
1620310 864
1620320 864
1620330 864
1620340 869
1620350 878
1620360 878
1620370 886
1620380 891
1620390 891
1620400 896
1620410 901
1620420 901
1620430 904
1620440 906
1620450 906
1620460 910
1620470 913
1620480 917
1620490 917
1620500 921
1620510 922
1620520 922
1620530 924
1620540 925
1620550 925
1620560 928
1620570 931
1620580 931
1620590 936
1620600 941
1620610 941
1620620 946
1620630 950
1620640 950
1620650 952
1620660 949
1620670 949
1620680 945
1620690 943
1620700 943
1620710 942
1620720 942
1620730 942
1620740 942
1620750 941
1620760 940
1620770 940
1620780 939
1620790 938
1620800 938
1620810 937
1620820 935
1620830 935
1620840 932
1620850 929
1620860 929
1620870 926
1620880 923
1620890 923
1620900 921
1620910 917
1620920 917
1620930 913
1620940 911
1620950 909
1620960 909
1620970 907
1620980 905
1620990 905
1621000 903
1621010 901
1621020 901
1621030 900
1621040 899
1621050 899
1621060 899
1621070 899
1621080 899
1621090 899
1621100 901
1621110 901
1621120 904
1621130 908
1621140 908
1621150 911
1621160 914
1621170 914
1621180 917
1621190 920
1621200 922
1621210 922
1621220 923
1621230 923
1621240 923
1621250 922
1621260 920
1621270 920
1621280 916
1621290 913
1621300 913
1621310 911
1621320 907
1621330 907
1621340 903
1621350 899
1621360 899
1621370 896
1621380 892
1621390 892
1621400 889
1621410 886
1621420 886
1621430 882
1621440 878
1621450 875
1621460 875
1621470 872
1621480 867
1621490 867
1621500 864
1621510 861
1621520 861
1621530 860
1621540 858
1621550 858
1621560 856
1621570 853
1621580 853
1621590 850
1621600 847
1621610 847
1621620 845
1621630 839
1621640 839
1621650 836
1621660 834
1621670 834
1621680 832
1621690 830
1621700 827
1621710 827
1621720 824
1621730 821
1621740 821
1621750 820
1621760 819
1621770 819
1621780 817
1621790 815
1621800 815
1621810 813
1621820 811
1621830 811
1621840 808
1621850 806
1621860 806
1621870 805
1621880 805
1621890 805
1621900 805
1621910 805
1621920 805
1621930 805
1621940 804
1621950 804
1621960 804
1621970 804
1621980 804
1621990 804
1622000 805
1622010 805
1622020 805
1622030 805
1622040 804
1622050 804
1622060 804
1622070 804
1622080 804
1622090 804
1622100 804
1622110 804
1622120 803
1622130 803
1622140 803
1622150 803
1622160 803
1622170 803
1622180 803
1622190 802
1622200 802
1622210 802
1622220 803
1622230 803
1622240 803
1622250 803
1622260 802
1622270 802
1622280 802
1622290 802
1622300 802
1622310 802
1622320 802
1622330 802
1622340 802
1622350 802
1622360 802
1622370 802
1622380 801
1622390 801
1622400 801
1622410 801
1622420 801
1622430 802
1622440 802
1622450 801
1622460 801
1622470 801
1622480 801
1622490 801
1622500 801
1622510 801
1622520 801
1622530 801
1622540 800
1622550 801
1622560 800
1622570 800
1622580 800
1622590 800
1622600 800
1622610 800
1622620 800
1622630 800
1622640 800
1622650 800
1622660 800
1622670 800
1622680 800
1622690 799
1622700 799
1622710 799
1622720 799
1622730 799
1622740 799
1622750 799
1622760 799
1622770 799
1622780 799
1622790 799
1622800 799
1622810 799
1622820 799
1622830 799
1622840 799
1622850 799
1622860 799
1622870 798
1622880 798
1622890 798
1622900 798
1622910 798
1622920 798
1622930 798
1622940 797
1622950 797
1622960 797
1622970 797
1622980 797
1622990 797
1623000 797
1623010 797
1623020 797
1623030 797
1623040 796
1623050 796
1623060 797
1623070 797
1623080 797
1623090 797
1623100 798
1623110 798
1623120 798
1623130 798
1623140 798
1623150 797
1623160 797
1623170 797
1623180 796
1623190 796
1623200 796
1623210 796
1623220 796
1623230 796
1623240 796
1623250 796
1623260 796
1623270 796
1623280 796
1623290 796
1623300 796
1623310 795
1623320 795
1623330 795
1623340 795
1623350 795
1623360 795
1623370 795
1623380 795
1623390 795
1623400 795
1623410 795
1623420 795
1623430 795
1623440 794
1623450 794
1623460 794
1623470 794
1623480 794
1623490 794
1623500 794
1623510 794
1623520 794
1623530 793
1623540 793
1623550 793
1623560 793
1623570 793
1623580 793
1623590 793
1623600 793
1623610 793
1623620 793
1623630 793
1623640 793
1623650 792
1623660 791
1623670 791
1623680 791
1623690 792
1623700 792
1623710 792
1623720 791
1623730 791
1623740 791
1623750 791
1623760 791
1623770 791
1623780 791
1623790 791
1623800 791
1623810 791
1623820 791
1623830 791
1623840 790
1623850 790
1623860 790
1623870 789
1623880 788
1623890 788
1623900 787
1623910 787
1623920 787
1623930 787
1623940 787
1623950 787
1623960 787
1623970 786
1623980 785
1623990 785
1624000 784
1624010 784
1624020 784
1624030 784
1624040 783
1624050 783
1624060 783
1624070 783
1624080 783
1624090 783
1624100 782
1624110 782
1624120 782
1624130 782
1624140 782
1624150 782
1624160 782
1624170 782
1624180 782
1624190 783
1624200 783
1624210 783
1624220 783
1624230 783
1624240 783
1624250 783
1624260 783
1624270 783
1624280 783
1624290 787
1624300 787
1624310 794
1624320 799
1624330 799
1624340 804
1624350 802
1624360 802
1624370 795
1624380 784
1624390 784
1624400 780
1624410 780
1624420 780
1624430 780
1624440 780
1624450 779
1624460 779
1624470 779
1624480 779
1624490 779
1624500 780
1624510 779
1624520 779
1624530 778
1624540 777
1624550 777
1624560 777
1624570 777
1624580 777
1624590 777
1624600 777
1624610 777
1624620 778
1624630 778
1624640 778
1624650 777
1624660 776
1624670 776
1624680 776
1624690 776
1624700 776
1624710 776
1624720 775
1624730 772
1624740 772
1624750 772
1624760 773
1624770 773
1624780 773
1624790 773
1624800 773
1624810 773
1624820 774
1624830 774
1624840 775
1624850 775
1624860 775
1624870 775
1624880 775
1624890 775
1624900 772
1624910 771
1624920 771
1624930 771
1624940 771
1624950 772
1624960 772
1624970 772
1624980 772
1624990 772
1625000 772
1625010 772
1625020 772
1625030 772
1625040 772
1625050 772
1625060 772
1625070 772
1625080 772
1625090 772
1625100 771
1625110 771
1625120 771
1625130 770
1625140 770
1625150 770
1625160 771
1625170 772
1625180 772
1625190 772
1625200 772
1625210 772
1625220 772
1625230 772
1625240 772
1625250 772
1625260 772
1625270 772
1625280 771
1625290 771
1625300 771
1625310 771
1625320 771
1625330 771
1625340 771
1625350 771
1625360 771
1625370 770
1625380 770
1625390 770
1625400 770
1625410 770
1625420 770
1625430 770
1625440 770
1625450 770
1625460 770
1625470 770
1625480 770
1625490 770
1625500 770
1625510 770
1625520 770
1625530 770
1625540 771
1625550 771
1625560 773
1625570 774
1625580 774
1625590 774
1625600 774
1625610 774
1625620 774
1625630 773
1625640 773
1625650 773
1625660 773
1625670 773
1625680 773
1625690 773
1625700 772
1625710 772
1625720 770
1625730 766
1625740 766
1625750 762
1625760 763
1625770 763
1625780 764
1625790 764
1625800 764
1625810 764
1625820 764
1625830 764
1625840 764
1625850 764
1625860 764
1625870 764
1625880 764
1625890 764
1625900 764
1625910 763
1625920 761
1625930 761
1625940 761
1625950 761
1625960 761
1625970 764
1625980 770
1625990 770
1626000 775
1626010 775
1626020 775
1626030 775
1626040 775
1626050 775
1626060 775
1626070 775
1626080 775
1626090 775
1626100 775
1626110 775
1626120 775
1626130 775
1626140 775
1626150 774
1626160 774
1626170 774
1626180 774
1626190 773
1626200 773
1626210 773
1626220 773
1626230 770
1626240 770
1626250 769
1626260 767
1626270 767
1626280 764
1626290 761
1626300 761
1626310 759
1626320 759
1626330 759
1626340 757
1626350 757
1626360 757
1626370 757
1626380 756
1626390 756
1626400 756
1626410 756
1626420 756
1626430 756
1626440 756
1626450 756
1626460 756
1626470 756
1626480 756
1626490 756
1626500 757
1626510 758
1626520 758
1626530 759
1626540 760
1626550 760
1626560 761
1626570 761
1626580 761
1626590 761
1626600 761
1626610 761
1626620 760
1626630 759
1626640 759
1626650 759
1626660 759
1626670 758
1626680 758
1626690 758
1626700 759
1626710 759
1626720 760
1626730 761
1626740 761
1626750 764
1626760 766
1626770 766
1626780 769
1626790 771
1626800 771
1626810 776
1626820 778
1626830 778
1626840 779
1626850 779
1626860 779
1626870 779
1626880 779
1626890 779
1626900 779
1626910 779
1626920 778
1626930 778
1626940 778
1626950 778
1626960 778
1626970 779
1626980 779
1626990 779
1627000 779
1627010 779
1627020 779
1627030 779
1627040 779
1627050 779
1627060 780
1627070 781
1627080 781
1627090 782
1627100 783
1627110 783
1627120 784
1627130 786
1627140 788
1627150 788
1627160 791
1627170 795
1627180 795
1627190 800
1627200 806
1627210 806
1627220 814
1627230 820
1627240 820
1627250 825
1627260 830
1627270 830
1627280 830
1627290 828
1627300 828
1627310 830
1627320 832
1627330 832
1627340 834
1627350 836
1627360 836
1627370 840
1627380 843
1627390 847
1627400 847
1627410 853
1627420 859
1627430 859
1627440 864
1627450 870
1627460 870
1627470 875
1627480 880
1627490 880
1627500 883
1627510 885
1627520 885
1627530 886
1627540 887
1627550 887
1627560 888
1627570 888
1627580 888
1627590 889
1627600 891
1627610 891
1627620 894
1627630 897
1627640 900
1627650 900
1627660 904
1627670 907
1627680 907
1627690 911
1627700 914
1627710 914
1627720 918
1627730 923
1627740 923
1627750 927
1627760 933
1627770 933
1627780 938
1627790 942
1627800 942
1627810 946
1627820 950
1627830 950
1627840 954
1627850 957
1627860 957
1627870 959
1627880 961
1627890 963
1627900 963
1627910 966
1627920 968
1627930 968
1627940 970
1627950 971
1627960 971
1627970 977
1627980 978
1627990 978
1628000 979
1628010 982
1628020 982
1628030 987
1628040 991
1628050 991
1628060 992
1628070 994
1628080 994
1628090 996
1628100 997
1628110 997
1628120 998
1628130 998
1628140 999
1628150 999
1628160 1000
1628170 1001
1628180 1001
1628190 1001
1628200 1000
1628210 1000
1628220 997
1628230 991
1628240 991
1628250 985
1628260 979
1628270 979
1628280 975
1628290 972
1628300 972
1628310 969
1628320 964
1628330 964
1628340 957
1628350 950
1628360 950
1628370 944
1628380 937
1628390 934
1628400 934
1628410 932
1628420 930
1628430 930
1628440 929
1628450 928
1628460 928
1628470 928
1628480 927
1628490 927
1628500 926
1628510 924
1628520 924
1628530 922
1628540 919
1628550 919
1628560 915
1628570 912
1628580 912
1628590 910
1628600 908
1628610 908
1628620 906
1628630 904
1628640 900
1628650 900
1628660 897
1628670 896
1628680 896
1628690 893
1628700 888
1628710 888
1628720 880
1628730 871
1628740 871
1628750 864
1628760 858
1628770 858
1628780 852
1628790 848
1628800 848
1628810 843
1628820 837
1628830 837
1628840 831
1628850 826
1628860 826
1628870 819
1628880 812
1628890 807
1628900 807
1628910 803
1628920 798
1628930 798
1628940 796
1628950 796
1628960 796
1628970 796
1628980 795
1628990 795
1629000 795
1629010 795
1629020 795
1629030 795
1629040 794
1629050 794
1629060 797
1629070 805
1629080 805
1629090 811
1629100 816
1629110 816
1629120 823
1629130 828
1629140 834
1629150 834
1629160 839
1629170 845
1629180 845
1629190 850
1629200 856
1629210 856
1629220 861
1629230 866
1629240 866
1629250 870
1629260 875
1629270 875
1629280 880
1629290 885
1629300 885
1629310 890
1629320 896
1629330 896
1629340 901
1629350 907
1629360 912
1629370 912
1629380 917
1629390 922
1629400 922
1629410 925
1629420 930
1629430 930
1629440 935
1629450 940
1629460 940
1629470 945
1629480 951
1629490 951
1629500 956
1629510 961
1629520 961
1629530 966
1629540 970
1629550 970
1629560 974
1629570 978
1629580 978
1629590 981
1629600 985
1629610 988
1629620 988
1629630 991
1629640 991
1629650 991
1629660 989
1629670 984
1629680 984
1629690 980
1629700 976
1629710 976
1629720 971
1629730 965
1629740 965
1629750 959
1629760 953
1629770 953
1629780 947
1629790 941
1629800 941
1629810 935
1629820 929
1629830 929
1629840 924
1629850 918
1629860 913
1629870 913
1629880 908
1629890 903
1629900 903
1629910 898
1629920 893
1629930 893
1629940 888
1629950 883
1629960 883
1629970 880
1629980 879
1629990 879
1630000 881
1630010 886
1630020 886
1630030 890
1630040 894
1630050 894
1630060 897
1630070 900
1630080 900
1630090 903
1630100 906
1630110 909
1630120 909
1630130 913
1630140 917
1630150 917
1630160 921
1630170 924
1630180 924
1630190 928
1630200 932
1630210 932
1630220 936
1630230 939
1630240 939
1630250 943
1630260 946
1630270 946
1630280 950
1630290 953
1630300 953
1630310 957
1630320 961
1630330 961
1630340 965
1630350 969
1630360 973
1630370 973
1630380 976
1630390 979
1630400 979
1630410 982
1630420 985
1630430 985
1630440 988
1630450 992
1630460 992
1630470 996
1630480 1001
1630490 1001
1630500 1005
1630510 1009
1630520 1009
1630530 1013
1630540 1017
1630550 1017
1630560 1022
1630570 1025
1630580 1025
1630590 1030
1630600 1036
1630610 1040
1630620 1040
1630630 1043
1630640 1047
1630650 1047
1630660 1052
1630670 1055
1630680 1055
1630690 1059
1630700 1062
1630710 1062
1630720 1064
1630730 1065
1630740 1065
1630750 1066
1630760 1065
1630770 1065
1630780 1063
1630790 1060
1630800 1060
1630810 1055
1630820 1049
1630830 1049
1630840 1043
1630850 1037
1630860 1032
1630870 1032
1630880 1027
1630890 1022
1630900 1022
1630910 1016
1630920 1009
1630930 1009
1630940 1005
1630950 1000
1630960 1000
1630970 996
1630980 991
1630990 991
1631000 986
1631010 981
1631020 981
1631030 975
1631040 970
1631050 970
1631060 963
1631070 956
1631080 956
1631090 949
1631100 942
1631110 933
1631120 933
1631130 928
1631140 921
1631150 921
1631160 916
1631170 913
1631180 913
1631190 910
1631200 905
1631210 905
1631220 899
1631230 894
1631240 894
1631250 889
1631260 885
1631270 885
1631280 879
1631290 875
1631300 875
1631310 873
1631320 870
1631330 870
1631340 866
1631350 860
1631360 852
1631370 852
1631380 846
1631390 839
1631400 839
1631410 833
1631420 829
1631430 829
1631440 825
1631450 825
1631460 825
1631470 832
1631480 840
1631490 840
1631500 846
1631510 852
1631520 852
1631530 860
1631540 867
1631550 867
1631560 874
1631570 880
1631580 880
1631590 882
1631600 887
1631610 894
1631620 894
1631630 900
1631640 909
1631650 909
1631660 915
1631670 920
1631680 920
1631690 925
1631700 931
1631710 931
1631720 937
1631730 943
1631740 943
1631750 946
1631760 947
1631770 947
1631780 948
1631790 950
1631800 950
1631810 954
1631820 956
1631830 956
1631840 958
1631850 959
1631860 966
1631870 966
1631880 972
1631890 978
1631900 978
1631910 983
1631920 987
1631930 987
1631940 991
1631950 993
1631960 993
1631970 993
1631980 990
1631990 990
1632000 985
1632010 979
1632020 979
1632030 973
1632040 968
1632050 968
1632060 963
1632070 958
1632080 958
1632090 953
1632100 947
1632110 943
1632120 943
1632130 943
1632140 946
1632150 946
1632160 949
1632170 951
1632180 951
1632190 953
1632200 954
1632210 954
1632220 955
1632230 956
1632240 956
1632250 956
1632260 957
1632270 957
1632280 958
1632290 957
1632300 957
1632310 955
1632320 952
1632330 950
1632340 950
1632350 944
1632360 938
1632370 938
1632380 932
1632390 925
1632400 925
1632410 918
1632420 911
1632430 911
1632440 903
1632450 899
1632460 899
1632470 903
1632480 907
1632490 907
1632500 913
1632510 919
1632520 919
1632530 925
1632540 931
1632550 931
1632560 938
1632570 944
1632580 949
1632590 949
1632600 955
1632610 961
1632620 961
1632630 965
1632640 970
1632650 970
1632660 973
1632670 977
1632680 977
1632690 979
1632700 982
1632710 982
1632720 985
1632730 988
1632740 988
1632750 991
1632760 995
1632770 995
1632780 998
1632790 1001
1632800 1001
1632810 1004
1632820 1008
1632830 1010
1632840 1010
1632850 1011
1632860 1012
1632870 1012
1632880 1013
1632890 1014
1632900 1014
1632910 1013
1632920 1013
1632930 1013
1632940 1012
1632950 1011
1632960 1011
1632970 1009
1632980 1005
1632990 1005
1633000 1000
1633010 995
1633020 995
1633030 989
1633040 984
1633050 984
1633060 979
1633070 975
1633080 970
1633090 970
1633100 965
1633110 961
1633120 961
1633130 954
1633140 947
1633150 947
1633160 940
1633170 932
1633180 932
1633190 925
1633200 917
1633210 917
1633220 920
1633230 925
1633240 925
1633250 928
1633260 931
1633270 931
1633280 935
1633290 938
1633300 938
1633310 942
1633320 944
1633330 947
1633340 947
1633350 949
1633360 951
1633370 951
1633380 952
1633390 952
1633400 952
1633410 949
1633420 945
1633430 945
1633440 940
1633450 935
1633460 935
1633470 930
1633480 924
1633490 924
1633500 916
1633510 908
1633520 908
1633530 901
1633540 895
1633550 895
1633560 890
1633570 883
1633580 874
1633590 874
1633600 874
1633610 882
1633620 882
1633630 890
1633640 896
1633650 896
1633660 902
1633670 908
1633680 908
1633690 914
1633700 920
1633710 920
1633720 926
1633730 931
1633740 931
1633750 936
1633760 940
1633770 940
1633780 945
1633790 950
1633800 950
1633810 955
1633820 959
1633830 963
1633840 963
1633850 968
1633860 973
1633870 973
1633880 975
1633890 978
1633900 978
1633910 980
1633920 982
1633930 982
1633940 980
1633950 976
1633960 976
1633970 972
1633980 967
1633990 967
1634000 964
1634010 960
1634020 960
1634030 956
1634040 952
1634050 955
1634060 951
1634070 946
1634080 941
1634090 941
1634100 935
1634110 930
1634120 930
1634130 926
1634140 923
1634150 923
1634160 918
1634170 914
1634180 914
1634190 910
1634200 904
1634210 904
1634220 899
1634230 895
1634240 895
1634250 893
1634260 893
1634270 893
1634280 895
1634290 896
1634300 896
1634310 900
1634320 905
1634330 910
1634340 910
1634350 915
1634360 920
1634370 920
1634380 924
1634390 928
1634400 928
1634410 932
1634420 936
1634430 936
1634440 938
1634450 939
1634460 939
1634470 940
1634480 940
1634490 940
1634500 941
1634510 940
1634520 940
1634530 939
1634540 938
1634550 938
1634560 937
1634570 935
1634580 934
1634590 934
1634600 932
1634610 930
1634620 930
1634630 928
1634640 926
1634650 926
1634660 924
1634670 922
1634680 922
1634690 920
1634700 919
1634710 919
1634720 917
1634730 914
1634740 914
1634750 912
1634760 909
1634770 909
1634780 907
1634790 904
1634800 904
1634810 901
1634820 896
1634830 890
1634840 890
1634850 886
1634860 884
1634870 884
1634880 879
1634890 878
1634900 878
1634910 881
1634920 883
1634930 883
1634940 883
1634950 885
1634960 885
1634970 885
1634980 888
1634990 888
1635000 887
1635010 887
1635020 887
1635030 883
1635040 879
1635050 879
1635060 876
1635070 869
1635080 861
1635090 861
1635100 855
1635110 851
1635120 851
1635130 847
1635140 843
1635150 843
1635160 838
1635170 833
1635180 833
1635190 827
1635200 821
1635210 821
1635220 819
1635230 822
1635240 822
1635250 823
1635260 823
1635270 823
1635280 824
1635290 826
1635300 828
1635310 828
1635320 831
1635330 838
1635340 838
1635350 843
1635360 846
1635370 846
1635380 849
1635390 851
1635400 851
1635410 852
1635420 853
1635430 853
1635440 853
1635450 852
1635460 852
1635470 851
1635480 849
1635490 849
1635500 847
1635510 843
1635520 843
1635530 837
1635540 834
1635550 833
1635560 833
1635570 832
1635580 829
1635590 829
1635600 826
1635610 824
1635620 824
1635630 824
1635640 823
1635650 823
1635660 821
1635670 822
1635680 822
1635690 822
1635700 818
1635710 818
1635720 813
1635730 808
1635740 810
1635750 810
1635760 807
1635770 807
1635780 807
1635790 809
1635800 812
1635810 812
1635820 814
1635830 813
1635840 813
1635850 810
1635860 808
1635870 808
1635880 806
1635890 805
1635900 805
1635910 803
1635920 801
1635930 801
1635940 795
1635950 791
1635960 791
1635970 788
1635980 787
1635990 787
1636000 787
1636010 787
1636020 787
1636030 786
1636040 785
1636050 782
1636060 782
1636070 780
1636080 778
1636090 778
1636100 776
1636110 774
1636120 774
1636130 773
1636140 771
1636150 771
1636160 769
1636170 767
1636180 767
1636190 765
1636200 763
1636210 763
1636220 761
1636230 759
1636240 759
1636250 757
1636260 755
1636270 755
1636280 754
1636290 752
1636300 750
1636310 750
1636320 749
1636330 748
1636340 748
1636350 746
1636360 745
1636370 745
1636380 743
1636390 742
1636400 742
1636410 740
1636420 738
1636430 738
1636440 738
1636450 738
1636460 738
1636470 741
1636480 743
1636490 743
1636500 746
1636510 748
1636520 748
1636530 751
1636540 752
1636550 751
1636560 751
1636570 751
1636580 759
1636590 759
1636600 758
1636610 755
1636620 755
1636630 751
1636640 755
1636650 755
1636660 756
1636670 753
1636680 753
1636690 752
1636700 750
1636710 750
1636720 749
1636730 748
1636740 748
1636750 746
1636760 744
1636770 744
1636780 742
1636790 741
1636800 740
1636810 740
1636820 739
1636830 739
1636840 739
1636850 738
1636860 737
1636870 737
1636880 737
1636890 736
1636900 736
1636910 735
1636920 735
1636930 735
1636940 734
1636950 733
1636960 733
1636970 733
1636980 732
1636990 732
1637000 730
1637010 729
1637020 729
1637030 728
1637040 727
1637050 725
1637060 725
1637070 724
1637080 723
1637090 723
1637100 721
1637110 720
1637120 720
1637130 720
1637140 720
1637150 720
1637160 719
1637170 718
1637180 718
1637190 717
1637200 716
1637210 716
1637220 716
1637230 715
1637240 715
1637250 714
1637260 714
1637270 714
1637280 713
1637290 713
1637300 713
1637310 713
1637320 713
1637330 714
1637340 714
1637350 714
1637360 714
1637370 714
1637380 714
1637390 714
1637400 714
1637410 715
1637420 715
1637430 715
1637440 715
1637450 714
1637460 714
1637470 715
1637480 716
1637490 716
1637500 717
1637510 719
1637520 719
1637530 720
1637540 722
1637550 724
1637560 724
1637570 726
1637580 727
1637590 727
1637600 728
1637610 729
1637620 729
1637630 730
1637640 732
1637650 732
1637660 732
1637670 733
1637680 733
1637690 735
1637700 739
1637710 739
1637720 740
1637730 741
1637740 741
1637750 742
1637760 743
1637770 743
1637780 743
1637790 743
1637800 743
1637810 743
1637820 745
1637830 748
1637840 748
1637850 754
1637860 756
1637870 756
1637880 755
1637890 755
1637900 755
1637910 756
1637920 756
1637930 756
1637940 756
1637950 756
1637960 756
1637970 756
1637980 757
1637990 757
1638000 759
1638010 760
1638020 760
1638030 760
1638040 761
1638050 761
1638060 761
1638070 761
1638080 760
1638090 760
1638100 758
1638110 757
1638120 757
1638130 756
1638140 755
1638150 755
1638160 753
1638170 752
1638180 752
1638190 751
1638200 750
1638210 750
1638220 748
1638230 747
1638240 747
1638250 746
1638260 745
1638270 745
1638280 745
1638290 745
1638300 744
1638310 744
1638320 743
1638330 743
1638340 743
1638350 742
1638360 742
1638370 742
1638380 741
1638390 740
1638400 740
1638410 740
1638420 739
1638430 739
1638440 738
1638450 737
1638460 737
1638470 736
1638480 736
1638490 736
1638500 735
1638510 732
1638520 729
1638530 729
1638540 728
1638550 728
1638560 728
1638570 727
1638580 726
1638590 726
1638600 727
1638610 728
1638620 728
1638630 727
1638640 727
1638650 727
1638660 726
1638670 726
1638680 726
1638690 725
1638700 725
1638710 725
1638720 725
1638730 725
1638740 725
1638750 725
1638760 724
1638770 724
1638780 724
1638790 724
1638800 723
1638810 723
1638820 723
1638830 722
1638840 722
1638850 722
1638860 722
1638870 722
1638880 722
1638890 721
1638900 721
1638910 721
1638920 721
1638930 721
1638940 720
1638950 720
1638960 720
1638970 720
1638980 719
1638990 719
1639000 718
1639010 718
1639020 717
1639030 717
1639040 716
1639050 716
1639060 716
1639070 717
1639080 717
1639090 717
1639100 717
1639110 717
1639120 717
1639130 717
1639140 717
1639150 717
1639160 717
1639170 717
1639180 717
1639190 717
1639200 717
1639210 717
1639220 717
1639230 717
1639240 717
1639250 718
1639260 719
1639270 721
1639280 721
1639290 725
1639300 726
1639310 726
1639320 727
1639330 728
1639340 728
1639350 730
1639360 731
1639370 731
1639380 733
1639390 734
1639400 734
1639410 735
1639420 736
1639430 736
1639440 737
1639450 738
1639460 738
1639470 738
1639480 738
1639490 738
1639500 736
1639510 734
1639520 732
1639530 732
1639540 729
1639550 726
1639560 726
1639570 723
1639580 721
1639590 721
1639600 718
1639610 717
1639620 717
1639630 716
1639640 713
1639650 713
1639660 712
1639670 711
1639680 711
1639690 711
1639700 710
1639710 710
1639720 710
1639730 709
1639740 709
1639750 709
1639760 710
1639770 711
1639780 711
1639790 712
1639800 713
1639810 713
1639820 714
1639830 715
1639840 715
1639850 716
1639860 716
1639870 716
1639880 715
1639890 715
1639900 715
1639910 715
1639920 715
1639930 715
1639940 714
1639950 714
1639960 714
1639970 713
1639980 713
1639990 713
