1620000 1209
1620010 1209
1620020 1203
1620030 1196
1620040 1189
1620050 1189
1620060 1182
1620070 1176
1620080 1176
1620090 1169
1620100 1163
1620110 1163
1620120 1156
1620130 1151
1620140 1151
1620150 1143
1620160 1137
1620170 1137
1620180 1129
1620190 1122
1620200 1122
1620210 1112
1620220 1104
1620230 1104
1620240 1096
1620250 1088
1620260 1088
1620270 1077
1620280 1070
1620290 1064
1620300 1064
1620310 1058
1620320 1051
1620330 1051
1620340 1048
1620350 1044
1620360 1044
1620370 1040
1620380 1037
1620390 1037
1620400 1035
1620410 1032
1620420 1032
1620430 1030
1620440 1032
1620450 1032
1620460 1041
1620470 1049
1620480 1049
1620490 1056
1620500 1062
1620510 1062
1620520 1066
1620530 1065
1620540 1062
1620550 1062
1620560 1057
1620570 1053
1620580 1053
1620590 1049
1620600 1045
1620610 1045
1620620 1048
1620630 1045
1620640 1045
1620650 1042
1620660 1039
1620670 1039
1620680 1036
1620690 1032
1620700 1032
1620710 1029
1620720 1028
1620730 1028
1620740 1027
1620750 1030
1620760 1030
1620770 1037
1620780 1040
1620790 1040
1620800 1044
1620810 1047
1620820 1051
1620830 1051
1620840 1054
1620850 1057
1620860 1057
1620870 1061
1620880 1064
1620890 1064
1620900 1070
1620910 1074
1620920 1074
1620930 1079
1620940 1083
1620950 1083
1620960 1088
1620970 1091
1620980 1091
1620990 1095
1621000 1099
1621010 1099
1621020 1103
1621030 1106
1621040 1106
1621050 1108
1621060 1107
1621070 1104
1621080 1104
1621090 1102
1621100 1099
1621110 1099
1621120 1097
1621130 1095
1621140 1095
1621150 1095
1621160 1095
1621170 1095
1621180 1095
1621190 1096
1621200 1096
1621210 1096
1621220 1097
1621230 1097
1621240 1099
1621250 1102
1621260 1102
1621270 1103
1621280 1104
1621290 1104
1621300 1105
1621310 1107
1621320 1108
1621330 1108
1621340 1111
1621350 1115
1621360 1115
1621370 1116
1621380 1116
1621390 1116
1621400 1113
1621410 1112
1621420 1112
1621430 1111
1621440 1113
1621450 1113
1621460 1117
1621470 1122
1621480 1122
1621490 1129
1621500 1135
1621510 1135
1621520 1141
1621530 1146
1621540 1146
1621550 1154
1621560 1159
1621570 1165
1621580 1165
1621590 1169
1621600 1174
1621610 1174
1621620 1178
1621630 1182
1621640 1182
1621650 1185
1621660 1190
1621670 1190
1621680 1195
1621690 1199
1621700 1199
1621710 1202
1621720 1205
1621730 1205
1621740 1209
1621750 1213
1621760 1213
1621770 1218
1621780 1222
1621790 1222
1621800 1226
1621810 1230
1621820 1233
1621830 1233
1621840 1238
1621850 1241
1621860 1241
1621870 1245
1621880 1249
1621890 1249
1621900 1253
1621910 1257
1621920 1257
1621930 1261
1621940 1264
1621950 1264
1621960 1268
1621970 1272
1621980 1272
1621990 1276
1622000 1280
1622010 1280
1622020 1283
1622030 1287
1622040 1287
1622050 1290
1622060 1294
1622070 1294
1622080 1298
1622090 1299
1622100 1302
1622110 1302
1622120 1308
1622130 1312
1622140 1312
1622150 1314
1622160 1317
1622170 1317
1622180 1320
1622190 1323
1622200 1323
1622210 1326
1622220 1330
1622230 1330
1622240 1333
1622250 1335
1622260 1335
1622270 1338
1622280 1341
1622290 1341
1622300 1343
1622310 1346
1622320 1346
1622330 1349
1622340 1351
1622350 1353
1622360 1353
1622370 1356
1622380 1359
1622390 1359
1622400 1363
1622410 1367
1622420 1367
1622430 1371
1622440 1375
1622450 1375
1622460 1379
1622470 1388
1622480 1388
1622490 1393
1622500 1398
1622510 1398
1622520 1403
1622530 1409
1622540 1409
1622550 1413
1622560 1419
1622570 1419
1622580 1424
1622590 1429
1622600 1434
1622610 1434
1622620 1438
1622630 1442
1622640 1442
1622650 1444
1622660 1444
1622670 1444
1622680 1443
1622690 1441
1622700 1441
1622710 1440
1622720 1440
1622730 1440
1622740 1441
1622750 1441
1622760 1441
1622770 1441
1622780 1440
1622790 1440
1622800 1438
1622810 1436
1622820 1436
1622830 1432
1622840 1429
1622850 1426
1622860 1426
1622870 1423
1622880 1420
1622890 1420
1622900 1418
1622910 1416
1622920 1416
1622930 1413
1622940 1411
1622950 1411
1622960 1408
1622970 1405
1622980 1405
1622990 1402
1623000 1399
1623010 1399
1623020 1395
1623030 1391
1623040 1391
1623050 1387
1623060 1383
1623070 1383
1623080 1379
1623090 1375
1623100 1375
1623110 1371
1623120 1367
1623130 1363
1623140 1363
1623150 1359
1623160 1356
1623170 1356
1623180 1352
1623190 1347
1623200 1347
1623210 1343
1623220 1339
1623230 1339
1623240 1335
1623250 1331
1623260 1331
1623270 1327
1623280 1324
1623290 1324
1623300 1324
1623310 1325
1623320 1325
1623330 1326
1623340 1326
1623350 1326
1623360 1327
1623370 1327
1623380 1330
1623390 1333
1623400 1336
1623410 1338
1623420 1338
1623430 1341
1623440 1344
1623450 1344
1623460 1345
1623470 1345
1623480 1345
1623490 1345
1623500 1344
1623510 1344
1623520 1344
1623530 1343
1623540 1343
1623550 1343
1623560 1342
1623570 1342
1623580 1341
1623590 1340
1623600 1340
1623610 1339
1623620 1336
1623630 1336
1623640 1336
1623650 1338
1623660 1339
1623670 1339
1623680 1340
1623690 1341
1623700 1341
1623710 1341
1623720 1340
1623730 1340
1623740 1337
1623750 1333
1623760 1333
1623770 1329
1623780 1326
1623790 1326
1623800 1324
1623810 1323
1623820 1323
1623830 1321
1623840 1320
1623850 1320
1623860 1318
1623870 1315
1623880 1311
1623890 1311
1623900 1308
1623910 1305
1623920 1305
1623930 1303
1623940 1300
1623950 1300
1623960 1300
1623970 1305
1623980 1305
1623990 1311
1624000 1317
1624010 1317
1624020 1324
1624030 1331
1624040 1331
1624050 1335
1624060 1341
1624070 1341
1624080 1345
1624090 1350
1624100 1350
1624110 1354
1624120 1358
1624130 1358
1624140 1362
1624150 1365
1624160 1367
1624170 1367
1624180 1368
1624190 1368
1624200 1368
1624210 1368
1624220 1368
1624230 1368
1624240 1368
1624250 1368
1624260 1368
1624270 1368
1624280 1368
1624290 1368
1624300 1368
1624310 1371
1624320 1371
1624330 1371
1624340 1371
1624350 1371
1624360 1371
1624370 1370
1624380 1370
1624390 1370
1624400 1369
1624410 1369
1624420 1369
1624430 1368
1624440 1368
1624450 1368
1624460 1367
1624470 1366
1624480 1366
1624490 1365
1624500 1364
1624510 1364
1624520 1362
1624530 1360
1624540 1360
1624550 1359
1624560 1357
1624570 1357
1624580 1355
1624590 1352
1624600 1352
1624610 1349
1624620 1345
1624630 1345
1624640 1342
1624650 1338
1624660 1333
1624670 1333
1624680 1326
1624690 1320
1624700 1320
1624710 1314
1624720 1307
1624730 1307
1624740 1302
1624750 1296
1624760 1296
1624770 1291
1624780 1287
1624790 1287
1624800 1281
1624810 1276
1624820 1276
1624830 1271
1624840 1266
1624850 1266
1624860 1260
1624870 1254
1624880 1254
1624890 1250
1624900 1247
1624910 1248
1624920 1248
1624930 1249
1624940 1250
1624950 1250
1624960 1249
1624970 1246
1624980 1246
1624990 1244
1625000 1245
1625010 1245
1625020 1249
1625030 1252
1625040 1252
1625050 1255
1625060 1258
1625070 1258
1625080 1262
1625090 1265
1625100 1265
1625110 1269
1625120 1272
1625130 1272
1625140 1275
1625150 1279
1625160 1279
1625170 1281
1625180 1284
1625190 1286
1625200 1286
1625210 1293
1625220 1296
1625230 1296
1625240 1299
1625250 1301
1625260 1301
1625270 1304
1625280 1306
1625290 1306
1625300 1308
1625310 1311
1625320 1311
1625330 1312
1625340 1312
1625350 1312
1625360 1313
1625370 1313
1625380 1313
1625390 1313
1625400 1313
1625410 1313
1625420 1313
1625430 1312
1625440 1308
1625450 1308
1625460 1305
1625470 1303
1625480 1303
1625490 1302
1625500 1302
1625510 1302
1625520 1300
1625530 1297
1625540 1297
1625550 1293
1625560 1289
1625570 1289
1625580 1285
1625590 1283
1625600 1283
1625610 1283
1625620 1283
1625630 1283
1625640 1283
1625650 1283
1625660 1283
1625670 1284
1625680 1285
1625690 1287
1625700 1287
1625710 1289
1625720 1293
1625730 1293
1625740 1297
1625750 1300
1625760 1300
1625770 1303
1625780 1305
1625790 1305
1625800 1308
1625810 1311
1625820 1311
1625830 1313
1625840 1315
1625850 1315
1625860 1317
1625870 1318
1625880 1318
1625890 1321
1625900 1323
1625910 1323
1625920 1326
1625930 1327
1625940 1329
1625950 1329
1625960 1331
1625970 1334
1625980 1334
1625990 1338
1626000 1342
1626010 1342
1626020 1347
1626030 1351
1626040 1351
1626050 1357
1626060 1364
1626070 1364
1626080 1370
1626090 1377
1626100 1377
1626110 1384
1626120 1388
1626130 1388
1626140 1393
1626150 1398
1626160 1398
1626170 1404
1626180 1408
1626190 1408
1626200 1412
1626210 1415
1626220 1418
1626230 1418
1626240 1420
1626250 1421
1626260 1421
1626270 1422
1626280 1422
1626290 1422
1626300 1422
1626310 1422
1626320 1422
1626330 1422
1626340 1423
1626350 1423
1626360 1424
1626370 1423
1626380 1423
1626390 1422
1626400 1420
1626410 1420
1626420 1418
1626430 1417
1626440 1417
1626450 1418
1626460 1419
1626470 1421
1626480 1421
1626490 1422
1626500 1421
1626510 1421
1626520 1419
1626530 1416
1626540 1416
1626550 1412
1626560 1409
1626570 1409
1626580 1407
1626590 1404
1626600 1404
1626610 1399
1626620 1393
1626630 1393
1626640 1387
1626650 1382
1626660 1382
1626670 1378
1626680 1377
1626690 1377
1626700 1377
1626710 1377
1626720 1378
1626730 1378
1626740 1377
1626750 1374
1626760 1374
1626770 1371
1626780 1366
1626790 1366
1626800 1361
1626810 1357
1626820 1357
1626830 1353
1626840 1350
1626850 1350
1626860 1351
1626870 1351
1626880 1351
1626890 1350
1626900 1348
1626910 1348
1626920 1343
1626930 1336
1626940 1336
1626950 1333
1626960 1329
1626970 1326
1626980 1326
1626990 1325
1627000 1328
1627010 1333
1627020 1336
1627030 1339
1627040 1339
1627050 1346
1627060 1350
1627070 1350
1627080 1354
1627090 1357
1627100 1357
1627110 1358
1627120 1357
1627130 1357
1627140 1354
1627150 1349
1627160 1349
1627170 1347
1627180 1346
1627190 1346
1627200 1346
1627210 1346
1627220 1346
1627230 1345
1627240 1344
1627250 1344
1627260 1344
1627270 1344
1627280 1346
1627290 1346
1627300 1347
1627310 1348
1627320 1348
1627330 1350
1627340 1356
1627350 1356
1627360 1359
1627370 1366
1627380 1366
1627390 1372
1627400 1378
1627410 1378
1627420 1383
1627430 1388
1627440 1388
1627450 1393
1627460 1398
1627470 1398
1627480 1402
1627490 1406
1627500 1411
1627510 1411
1627520 1415
1627530 1420
1627540 1420
1627550 1424
1627560 1428
1627570 1428
1627580 1433
1627590 1437
1627600 1437
1627610 1442
1627620 1445
1627630 1445
1627640 1448
1627650 1452
1627660 1452
1627670 1455
1627680 1457
1627690 1457
1627700 1459
1627710 1462
1627720 1462
1627730 1464
1627740 1467
1627750 1469
1627760 1469
1627770 1471
1627780 1473
1627790 1473
1627800 1476
1627810 1477
1627820 1477
1627830 1479
1627840 1480
1627850 1480
1627860 1481
1627870 1482
1627880 1482
1627890 1483
1627900 1485
1627910 1485
1627920 1486
1627930 1486
1627940 1486
1627950 1486
1627960 1485
1627970 1485
1627980 1484
1627990 1483
1628000 1482
1628010 1482
1628020 1480
1628030 1478
1628040 1478
1628050 1477
1628060 1475
1628070 1475
1628080 1474
1628090 1473
1628100 1473
1628110 1473
1628120 1472
1628130 1472
1628140 1472
1628150 1471
1628160 1471
1628170 1471
1628180 1470
1628190 1470
1628200 1469
1628210 1469
1628220 1469
1628230 1468
1628240 1468
1628250 1468
1628260 1468
1628270 1468
1628280 1468
1628290 1468
1628300 1468
1628310 1467
1628320 1467
1628330 1467
1628340 1467
1628350 1467
1628360 1467
1628370 1466
1628380 1466
1628390 1465
1628400 1464
1628410 1464
1628420 1463
1628430 1460
1628440 1460
1628450 1458
1628460 1455
1628470 1455
1628480 1454
1628490 1453
1628500 1453
1628510 1452
1628520 1451
1628530 1451
1628540 1451
1628550 1451
1628560 1453
1628570 1453
1628580 1453
1628590 1451
1628600 1451
1628610 1452
1628620 1452
1628630 1452
1628640 1453
1628650 1455
1628660 1455
1628670 1454
1628680 1451
1628690 1451
1628700 1450
1628710 1450
1628720 1450
1628730 1452
1628740 1454
1628750 1454
1628760 1453
1628770 1450
1628780 1449
1628790 1446
1628800 1446
1628810 1443
1628820 1443
1628830 1440
1628840 1438
1628850 1438
1628860 1439
1628870 1440
1628880 1440
1628890 1441
1628900 1441
1628910 1441
1628920 1441
1628930 1441
1628940 1441
1628950 1439
1628960 1435
1628970 1435
1628980 1431
1628990 1428
1629000 1428
1629010 1423
1629020 1418
1629030 1414
1629040 1414
1629050 1409
1629060 1406
1629070 1406
1629080 1404
1629090 1402
1629100 1402
1629110 1401
1629120 1399
1629130 1399
1629140 1395
1629150 1390
1629160 1390
1629170 1384
1629180 1379
1629190 1379
1629200 1376
1629210 1372
1629220 1372
1629230 1370
1629240 1372
1629250 1372
1629260 1375
1629270 1378
1629280 1378
1629290 1379
1629300 1381
1629310 1382
1629320 1382
1629330 1385
1629340 1389
1629350 1389
1629360 1392
1629370 1394
1629380 1394
1629390 1396
1629400 1398
1629410 1398
1629420 1397
1629430 1398
1629440 1398
1629450 1399
1629460 1397
1629470 1397
1629480 1397
1629490 1396
1629500 1396
1629510 1397
1629520 1399
1629530 1399
1629540 1402
1629550 1406
1629560 1412
1629570 1412
1629580 1416
1629590 1420
1629600 1420
1629610 1423
1629620 1428
1629630 1428
1629640 1433
1629650 1437
1629660 1437
1629670 1445
1629680 1449
1629690 1449
1629700 1452
1629710 1456
1629720 1456
1629730 1457
1629740 1458
1629750 1458
1629760 1458
1629770 1457
1629780 1457
1629790 1456
1629800 1454
1629810 1453
1629820 1453
1629830 1453
1629840 1453
1629850 1453
1629860 1453
1629870 1453
1629880 1453
1629890 1453
1629900 1452
1629910 1452
1629920 1451
1629930 1450
1629940 1450
1629950 1449
1629960 1448
1629970 1448
1629980 1449
1629990 1449
1630000 1449
1630010 1449
1630020 1448
1630030 1448
1630040 1447
1630050 1448
1630060 1450
1630070 1450
1630080 1452
1630090 1455
1630100 1455
1630110 1457
1630120 1460
1630130 1460
1630140 1463
1630150 1466
1630160 1466
1630170 1470
1630180 1473
1630190 1473
1630200 1476
1630210 1479
1630220 1479
1630230 1483
1630240 1487
1630250 1487
1630260 1490
1630270 1494
1630280 1494
1630290 1497
1630300 1500
1630310 1500
1630320 1502
1630330 1505
1630340 1509
1630350 1509
1630360 1513
1630370 1518
1630380 1518
1630390 1521
1630400 1521
1630410 1521
1630420 1519
1630430 1514
1630440 1514
1630450 1508
1630460 1503
1630470 1503
1630480 1498
1630490 1492
1630500 1492
1630510 1488
1630520 1484
1630530 1484
1630540 1477
1630550 1474
1630560 1474
1630570 1469
1630580 1463
1630590 1455
1630600 1455
1630610 1450
1630620 1442
1630630 1442
1630640 1438
1630650 1438
1630660 1438
1630670 1439
1630680 1439
1630690 1439
1630700 1437
1630710 1435
1630720 1435
1630730 1435
1630740 1434
1630750 1434
1630760 1427
1630770 1419
1630780 1419
1630790 1411
1630800 1405
1630810 1405
1630820 1399
1630830 1391
1630840 1385
1630850 1385
1630860 1380
1630870 1376
1630880 1376
1630890 1373
1630900 1373
1630910 1373
1630920 1373
1630930 1374
1630940 1374
1630950 1375
1630960 1376
1630970 1376
1630980 1376
1630990 1377
1631000 1377
1631010 1378
1631020 1380
1631030 1380
1631040 1381
1631050 1383
1631060 1383
1631070 1385
1631080 1386
1631090 1386
1631100 1386
1631110 1386
1631120 1385
1631130 1385
1631140 1383
1631150 1380
1631160 1380
1631170 1376
1631180 1372
1631190 1372
1631200 1368
1631210 1364
1631220 1364
1631230 1359
1631240 1352
1631250 1352
1631260 1346
1631270 1341
1631280 1341
1631290 1334
1631300 1328
1631310 1328
1631320 1321
1631330 1315
1631340 1315
1631350 1309
1631360 1303
1631370 1298
1631380 1298
1631390 1295
1631400 1296
1631410 1292
1631420 1295
1631430 1297
1631440 1297
1631450 1300
1631460 1302
1631470 1302
1631480 1306
1631490 1310
1631500 1310
1631510 1317
1631520 1323
1631530 1323
1631540 1327
1631550 1332
1631560 1332
1631570 1337
1631580 1343
1631590 1343
1631600 1349
1631610 1355
1631620 1360
1631630 1360
1631640 1365
1631650 1371
1631660 1371
1631670 1377
1631680 1382
1631690 1382
1631700 1388
1631710 1393
1631720 1393
1631730 1399
1631740 1404
1631750 1404
1631760 1409
1631770 1408
1631780 1408
1631790 1401
1631800 1394
1631810 1394
1631820 1388
1631830 1383
1631840 1383
1631850 1377
1631860 1373
1631870 1367
1631880 1367
1631890 1360
1631900 1354
1631910 1354
1631920 1348
1631930 1341
1631940 1341
1631950 1335
1631960 1328
1631970 1328
1631980 1323
1631990 1317
1632000 1317
1632010 1310
1632020 1305
1632030 1305
1632040 1298
1632050 1292
1632060 1292
1632070 1286
1632080 1283
1632090 1283
1632100 1281
1632110 1279
1632120 1278
1632130 1278
1632140 1276
1632150 1274
1632160 1274
1632170 1272
1632180 1270
1632190 1270
1632200 1268
1632210 1267
1632220 1267
1632230 1265
1632240 1262
1632250 1262
1632260 1261
1632270 1253
1632280 1253
1632290 1252
1632300 1249
1632310 1249
1632320 1247
1632330 1246
1632340 1246
1632350 1244
1632360 1242
1632370 1241
1632380 1241
1632390 1239
1632400 1239
1632410 1239
1632420 1240
1632430 1242
1632440 1242
1632450 1247
1632460 1251
1632470 1251
1632480 1256
1632490 1261
1632500 1261
1632510 1267
1632520 1272
1632530 1272
1632540 1278
1632550 1284
1632560 1284
1632570 1290
1632580 1295
1632590 1295
1632600 1302
1632610 1308
1632620 1308
1632630 1314
1632640 1320
1632650 1326
1632660 1326
1632670 1331
1632680 1337
1632690 1337
1632700 1343
1632710 1349
1632720 1349
1632730 1355
1632740 1360
1632750 1360
1632760 1366
1632770 1371
1632780 1371
1632790 1376
1632800 1380
1632810 1380
1632820 1385
1632830 1389
1632840 1389
1632850 1392
1632860 1394
1632870 1394
1632880 1392
1632890 1387
1632900 1380
1632910 1380
1632920 1374
1632930 1366
1632940 1366
1632950 1361
1632960 1353
1632970 1353
1632980 1345
1632990 1338
1633000 1338
1633010 1332
1633020 1325
1633030 1325
1633040 1317
1633050 1313
1633060 1313
1633070 1306
1633080 1299
1633090 1299
1633100 1293
1633110 1287
1633120 1287
1633130 1278
1633140 1272
1633150 1267
1633160 1267
1633170 1263
1633180 1261
1633190 1261
1633200 1259
1633210 1258
1633220 1258
1633230 1256
1633240 1254
1633250 1254
1633260 1249
1633270 1242
1633280 1242
1633290 1236
1633300 1231
1633310 1231
1633320 1231
1633330 1232
1633340 1232
1633350 1235
1633360 1238
1633370 1238
1633380 1242
1633390 1246
1633400 1246
1633410 1251
1633420 1255
1633430 1259
1633440 1259
1633450 1264
1633460 1268
1633470 1268
1633480 1272
1633490 1277
1633500 1277
1633510 1282
1633520 1287
1633530 1287
1633540 1291
1633550 1292
1633560 1292
1633570 1290
1633580 1288
1633590 1288
1633600 1288
1633610 1290
1633620 1290
1633630 1292
1633640 1295
1633650 1295
1633660 1295
1633670 1294
1633680 1291
1633690 1291
1633700 1288
1633710 1284
1633720 1284
1633730 1280
1633740 1276
1633750 1276
1633760 1273
1633770 1270
1633780 1270
1633790 1268
1633800 1265
1633810 1265
1633820 1263
1633830 1262
1633840 1262
1633850 1260
1633860 1260
1633870 1260
1633880 1258
1633890 1255
1633900 1255
1633910 1249
1633920 1243
1633930 1236
1633940 1236
1633950 1230
1633960 1225
1633970 1225
1633980 1220
1633990 1215
1634000 1215
1634010 1209
1634020 1205
1634030 1205
1634040 1199
1634050 1192
1634060 1192
1634070 1187
1634080 1181
1634090 1181
1634100 1176
1634110 1170
1634120 1170
1634130 1168
1634140 1162
1634150 1162
1634160 1157
1634170 1153
1634180 1149
1634190 1149
1634200 1146
1634210 1144
1634220 1144
1634230 1142
1634240 1139
1634250 1139
1634260 1137
1634270 1134
1634280 1134
1634290 1131
1634300 1129
1634310 1129
1634320 1127
1634330 1126
1634340 1126
1634350 1124
1634360 1121
1634370 1121
1634380 1117
1634390 1115
1634400 1115
1634410 1113
1634420 1113
1634430 1113
1634440 1112
1634450 1112
1634460 1111
1634470 1111
1634480 1108
1634490 1104
1634500 1104
1634510 1100
1634520 1096
1634530 1096
1634540 1091
1634550 1085
1634560 1085
1634570 1079
1634580 1072
1634590 1072
1634600 1066
1634610 1060
1634620 1060
1634630 1054
1634640 1047
1634650 1047
1634660 1041
1634670 1035
1634680 1035
1634690 1033
1634700 1031
1634710 1027
1634720 1027
1634730 1022
1634740 1016
1634750 1016
1634760 1009
1634770 1004
1634780 1004
1634790 1000
1634800 1000
1634810 1000
1634820 1006
1634830 1013
1634840 1009
1634850 1016
1634860 1022
1634870 1022
1634880 1028
1634890 1034
1634900 1034
1634910 1040
1634920 1046
1634930 1046
1634940 1052
1634950 1058
1634960 1064
1634970 1064
1634980 1068
1634990 1072
1635000 1072
1635010 1075
1635020 1079
1635030 1079
1635040 1082
1635050 1085
1635060 1085
1635070 1087
1635080 1089
1635090 1089
1635100 1089
1635110 1088
1635120 1088
1635130 1086
1635140 1084
1635150 1084
1635160 1082
1635170 1080
1635180 1080
1635190 1080
1635200 1078
1635210 1076
1635220 1076
1635230 1073
1635240 1068
1635250 1068
1635260 1063
1635270 1057
1635280 1057
1635290 1052
1635300 1047
1635310 1047
1635320 1042
1635330 1037
1635340 1037
1635350 1035
1635360 1035
1635370 1035
1635380 1035
1635390 1034
1635400 1034
1635410 1033
1635420 1034
1635430 1034
1635440 1035
1635450 1036
1635460 1036
1635470 1037
1635480 1038
1635490 1038
1635500 1038
1635510 1040
1635520 1041
1635530 1041
1635540 1043
1635550 1044
1635560 1044
1635570 1045
1635580 1045
1635590 1045
1635600 1046
1635610 1047
1635620 1047
1635630 1047
1635640 1047
1635650 1047
1635660 1047
1635670 1047
1635680 1041
1635690 1041
1635700 1040
1635710 1040
1635720 1039
1635730 1037
1635740 1034
1635750 1034
1635760 1032
1635770 1029
1635780 1029
1635790 1027
1635800 1025
1635810 1025
1635820 1023
1635830 1022
1635840 1022
1635850 1021
1635860 1020
1635870 1020
1635880 1020
1635890 1019
1635900 1019
1635910 1017
1635920 1015
1635930 1015
1635940 1013
1635950 1011
1635960 1011
1635970 1008
1635980 1004
1635990 1001
1636000 1001
1636010 998
1636020 995
1636030 995
1636040 992
1636050 986
1636060 986
1636070 979
1636080 971
1636090 971
1636100 963
1636110 956
1636120 956
1636130 947
1636140 941
1636150 941
1636160 935
1636170 934
1636180 934
1636190 932
1636200 932
1636210 932
1636220 934
1636230 937
1636240 939
1636250 939
1636260 941
1636270 944
1636280 944
1636290 946
1636300 949
1636310 949
1636320 951
1636330 954
1636340 954
1636350 957
1636360 960
1636370 960
1636380 962
1636390 964
1636400 964
1636410 966
1636420 969
1636430 969
1636440 971
1636450 974
1636460 974
1636470 975
1636480 976
1636490 976
1636500 977
1636510 977
1636520 970
1636530 970
1636540 968
1636550 965
1636560 965
1636570 960
1636580 954
1636590 954
1636600 950
1636610 945
1636620 945
1636630 942
1636640 938
1636650 938
1636660 936
1636670 935
1636680 935
1636690 934
1636700 934
1636710 934
1636720 932
1636730 931
1636740 931
1636750 933
1636760 937
1636770 942
1636780 942
1636790 947
1636800 952
1636810 952
1636820 957
1636830 961
1636840 961
1636850 965
1636860 967
1636870 967
1636880 967
1636890 967
1636900 967
1636910 966
1636920 964
1636930 964
1636940 963
1636950 963
1636960 963
1636970 962
1636980 961
1636990 961
1637000 958
1637010 954
1637020 948
1637030 948
1637040 945
1637050 942
1637060 942
1637070 938
1637080 935
1637090 935
1637100 933
1637110 932
1637120 932
1637130 929
1637140 928
1637150 928
1637160 929
1637170 930
1637180 930
1637190 931
1637200 932
1637210 932
1637220 934
1637230 936
1637240 936
1637250 934
1637260 931
1637270 928
1637280 928
1637290 926
1637300 924
1637310 924
1637320 923
1637330 922
1637340 922
1637350 922
1637360 916
1637370 916
1637380 915
1637390 914
1637400 914
1637410 913
1637420 912
1637430 912
1637440 911
1637450 910
1637460 910
1637470 909
1637480 910
1637490 910
1637500 911
1637510 911
1637520 911
1637530 911
1637540 912
1637550 912
1637560 912
1637570 913
1637580 913
1637590 913
1637600 912
1637610 912
1637620 912
1637630 911
1637640 910
1637650 910
1637660 909
1637670 907
1637680 907
1637690 906
1637700 905
1637710 905
1637720 905
1637730 904
1637740 904
1637750 904
1637760 903
1637770 903
1637780 902
1637790 900
1637800 898
1637810 898
1637820 897
1637830 898
1637840 898
1637850 898
1637860 897
1637870 897
1637880 895
1637890 894
1637900 894
1637910 894
1637920 895
1637930 895
1637940 895
1637950 894
1637960 894
1637970 893
1637980 891
1637990 891
1638000 887
1638010 882
1638020 882
1638030 879
1638040 877
1638050 876
1638060 876
1638070 872
1638080 867
1638090 867
1638100 866
1638110 866
1638120 866
1638130 863
1638140 862
1638150 862
1638160 862
1638170 864
1638180 864
1638190 866
1638200 869
1638210 869
1638220 873
1638230 877
1638240 877
1638250 881
1638260 886
1638270 886
1638280 891
1638290 896
1638300 898
1638310 898
1638320 902
1638330 904
1638340 904
1638350 904
1638360 905
1638370 905
1638380 904
1638390 903
1638400 903
1638410 902
1638420 901
1638430 901
1638440 900
1638450 900
1638460 900
1638470 900
1638480 900
1638490 900
1638500 900
1638510 900
1638520 900
1638530 899
1638540 898
1638550 898
1638560 897
1638570 895
1638580 894
1638590 894
1638600 892
1638610 890
1638620 890
1638630 888
1638640 888
1638650 888
1638660 888
1638670 888
1638680 888
1638690 887
1638700 886
1638710 886
1638720 884
1638730 880
1638740 880
1638750 875
1638760 870
1638770 870
1638780 867
1638790 866
1638800 866
1638810 865
1638820 864
1638830 863
1638840 863
1638850 863
1638860 863
1638870 863
1638880 863
1638890 863
1638900 863
1638910 864
1638920 865
1638930 865
1638940 866
1638950 866
1638960 866
1638970 865
1638980 862
1638990 862
1639000 860
1639010 852
1639020 852
1639030 851
1639040 849
1639050 849
1639060 848
1639070 848
1639080 847
1639090 847
1639100 846
1639110 844
1639120 844
1639130 841
1639140 840
1639150 840
1639160 837
1639170 837
1639180 837
1639190 838
1639200 838
1639210 838
1639220 839
1639230 841
1639240 841
1639250 842
1639260 841
1639270 841
1639280 840
1639290 838
1639300 838
1639310 837
1639320 836
1639330 836
1639340 836
1639350 835
1639360 833
1639370 833
1639380 831
1639390 830
1639400 830
1639410 829
1639420 828
1639430 828
1639440 828
1639450 827
1639460 827
1639470 826
1639480 825
1639490 825
1639500 824
1639510 822
1639520 822
1639530 821
1639540 820
1639550 820
1639560 820
1639570 820
1639580 820
1639590 820
1639600 819
1639610 816
1639620 816
1639630 815
1639640 814
1639650 814
1639660 813
1639670 812
1639680 812
1639690 811
1639700 810
1639710 810
1639720 809
1639730 808
1639740 808
1639750 808
1639760 809
1639770 809
1639780 810
1639790 809
1639800 809
1639810 807
1639820 805
1639830 805
1639840 796
1639850 793
1639860 790
1639870 790
1639880 789
1639890 790
1639900 790
1639910 792
1639920 793
1639930 793
1639940 795
1639950 801
1639960 801
1639970 808
1639980 809
1639990 809
