1620000 1210
1620010 1210
1620020 1204
1620030 1197
1620040 1197
1620050 1191
1620060 1184
1620070 1184
1620080 1177
1620090 1170
1620100 1164
1620110 1164
1620120 1156
1620130 1148
1620140 1148
1620150 1144
1620160 1140
1620170 1140
1620180 1134
1620190 1128
1620200 1128
1620210 1121
1620220 1119
1620230 1119
1620240 1113
1620250 1107
1620260 1107
1620270 1103
1620280 1098
1620290 1098
1620300 1092
1620310 1085
1620320 1085
1620330 1080
1620340 1075
1620350 1071
1620360 1071
1620370 1068
1620380 1064
1620390 1064
1620400 1060
1620410 1053
1620420 1053
1620430 1044
1620440 1038
1620450 1038
1620460 1039
1620470 1046
1620480 1046
1620490 1054
1620500 1061
1620510 1061
1620520 1068
1620530 1076
1620540 1076
1620550 1083
1620560 1088
1620570 1088
1620580 1089
1620590 1088
1620600 1085
1620610 1085
1620620 1081
1620630 1078
1620640 1078
1620650 1073
1620660 1069
1620670 1069
1620680 1065
1620690 1061
1620700 1061
1620710 1058
1620720 1054
1620730 1054
1620740 1050
1620750 1045
1620760 1045
1620770 1041
1620780 1035
1620790 1035
1620800 1034
1620810 1034
1620820 1034
1620830 1037
1620840 1041
1620850 1041
1620860 1044
1620870 1047
1620880 1050
1620890 1050
1620900 1053
1620910 1056
1620920 1056
1620930 1059
1620940 1062
1620950 1062
1620960 1066
1620970 1069
1620980 1069
1620990 1073
1621000 1076
1621010 1076
1621020 1080
1621030 1084
1621040 1084
1621050 1085
1621060 1087
1621070 1087
1621080 1085
1621090 1082
1621100 1082
1621110 1080
1621120 1078
1621130 1077
1621140 1077
1621150 1077
1621160 1079
1621170 1079
1621180 1083
1621190 1086
1621200 1086
1621210 1090
1621220 1091
1621230 1091
1621240 1090
1621250 1089
1621260 1089
1621270 1086
1621280 1083
1621290 1083
1621300 1083
1621310 1087
1621320 1087
1621330 1091
1621340 1094
1621350 1094
1621360 1099
1621370 1103
1621380 1107
1621390 1107
1621400 1110
1621410 1114
1621420 1114
1621430 1118
1621440 1122
1621450 1122
1621460 1125
1621470 1129
1621480 1129
1621490 1133
1621500 1136
1621510 1136
1621520 1139
1621530 1144
1621540 1144
1621550 1148
1621560 1152
1621570 1152
1621580 1157
1621590 1161
1621600 1161
1621610 1165
1621620 1170
1621630 1173
1621640 1173
1621650 1176
1621660 1178
1621670 1178
1621680 1179
1621690 1181
1621700 1181
1621710 1183
1621720 1185
1621730 1185
1621740 1189
1621750 1193
1621760 1193
1621770 1197
1621780 1201
1621790 1201
1621800 1206
1621810 1210
1621820 1210
1621830 1214
1621840 1219
1621850 1219
1621860 1223
1621870 1228
1621880 1228
1621890 1233
1621900 1239
1621910 1244
1621920 1244
1621930 1249
1621940 1255
1621950 1255
1621960 1262
1621970 1268
1621980 1268
1621990 1275
1622000 1280
1622010 1280
1622020 1286
1622030 1292
1622040 1292
1622050 1298
1622060 1303
1622070 1303
1622080 1309
1622090 1315
1622100 1315
1622110 1320
1622120 1324
1622130 1324
1622140 1329
1622150 1334
1622160 1338
1622170 1338
1622180 1342
1622190 1346
1622200 1346
1622210 1350
1622220 1354
1622230 1354
1622240 1358
1622250 1361
1622260 1361
1622270 1363
1622280 1365
1622290 1365
1622300 1366
1622310 1366
1622320 1366
1622330 1366
1622340 1368
1622350 1368
1622360 1370
1622370 1374
1622380 1374
1622390 1376
1622400 1379
1622410 1383
1622420 1383
1622430 1387
1622440 1390
1622450 1390
1622460 1391
1622470 1394
1622480 1394
1622490 1397
1622500 1398
1622510 1398
1622520 1401
1622530 1405
1622540 1405
1622550 1410
1622560 1415
1622570 1415
1622580 1419
1622590 1422
1622600 1422
1622610 1424
1622620 1426
1622630 1426
1622640 1428
1622650 1429
1622660 1429
1622670 1429
1622680 1428
1622690 1429
1622700 1429
1622710 1431
1622720 1434
1622730 1434
1622740 1436
1622750 1437
1622760 1437
1622770 1437
1622780 1435
1622790 1435
1622800 1432
1622810 1429
1622820 1429
1622830 1426
1622840 1422
1622850 1422
1622860 1419
1622870 1416
1622880 1416
1622890 1412
1622900 1409
1622910 1409
1622920 1406
1622930 1403
1622940 1401
1622950 1401
1622960 1398
1622970 1395
1622980 1395
1622990 1393
1623000 1390
1623010 1389
1623020 1386
1623030 1383
1623040 1383
1623050 1380
1623060 1376
1623070 1376
1623080 1373
1623090 1369
1623100 1369
1623110 1365
1623120 1360
1623130 1360
1623140 1358
1623150 1354
1623160 1354
1623170 1351
1623180 1348
1623190 1345
1623200 1345
1623210 1343
1623220 1342
1623230 1342
1623240 1341
1623250 1342
1623260 1342
1623270 1342
1623280 1343
1623290 1343
1623300 1342
1623310 1342
1623320 1342
1623330 1343
1623340 1345
1623350 1345
1623360 1346
1623370 1349
1623380 1349
1623390 1352
1623400 1354
1623410 1354
1623420 1357
1623430 1360
1623440 1363
1623450 1363
1623460 1365
1623470 1367
1623480 1367
1623490 1368
1623500 1369
1623510 1369
1623520 1370
1623530 1370
1623540 1370
1623550 1369
1623560 1369
1623570 1369
1623580 1368
1623590 1367
1623600 1367
1623610 1366
1623620 1364
1623630 1364
1623640 1364
1623650 1365
1623660 1365
1623670 1366
1623680 1366
1623690 1367
1623700 1367
1623710 1366
1623720 1365
1623730 1365
1623740 1362
1623750 1360
1623760 1360
1623770 1358
1623780 1356
1623790 1356
1623800 1354
1623810 1352
1623820 1352
1623830 1349
1623840 1346
1623850 1346
1623860 1342
1623870 1339
1623880 1339
1623890 1335
1623900 1332
1623910 1332
1623920 1330
1623930 1333
1623940 1333
1623950 1332
1623960 1329
1623970 1325
1623980 1325
1623990 1326
1624000 1332
1624010 1332
1624020 1337
1624030 1342
1624040 1342
1624050 1347
1624060 1351
1624070 1351
1624080 1355
1624090 1359
1624100 1359
1624110 1364
1624120 1367
1624130 1367
1624140 1371
1624150 1374
1624160 1374
1624170 1376
1624180 1379
1624190 1379
1624200 1381
1624210 1384
1624220 1385
1624230 1385
1624240 1387
1624250 1388
1624260 1388
1624270 1390
1624280 1390
1624290 1390
1624300 1391
1624310 1391
1624320 1391
1624330 1391
1624340 1391
1624350 1391
1624360 1390
1624370 1389
1624380 1389
1624390 1388
1624400 1388
1624410 1388
1624420 1387
1624430 1386
1624440 1386
1624450 1386
1624460 1385
1624470 1384
1624480 1384
1624490 1382
1624500 1380
1624510 1380
1624520 1377
1624530 1374
1624540 1374
1624550 1371
1624560 1367
1624570 1367
1624580 1363
1624590 1359
1624600 1359
1624610 1355
1624620 1351
1624630 1351
1624640 1347
1624650 1342
1624660 1342
1624670 1338
1624680 1332
1624690 1332
1624700 1326
1624710 1320
1624720 1313
1624730 1313
1624740 1307
1624750 1301
1624760 1301
1624770 1294
1624780 1290
1624790 1290
1624800 1283
1624810 1276
1624820 1276
1624830 1272
1624840 1266
1624850 1266
1624860 1266
1624870 1272
1624880 1272
1624890 1277
1624900 1281
1624910 1281
1624920 1284
1624930 1284
1624940 1284
1624950 1280
1624960 1274
1624970 1274
1624980 1269
1624990 1265
1625000 1262
1625010 1262
1625020 1261
1625030 1261
1625040 1261
1625050 1265
1625060 1271
1625070 1271
1625080 1274
1625090 1278
1625100 1278
1625110 1282
1625120 1286
1625130 1286
1625140 1290
1625150 1295
1625160 1295
1625170 1299
1625180 1304
1625190 1304
1625200 1308
1625210 1312
1625220 1312
1625230 1316
1625240 1320
1625250 1323
1625260 1323
1625270 1325
1625280 1327
1625290 1327
1625300 1329
1625310 1331
1625320 1331
1625330 1333
1625340 1335
1625350 1335
1625360 1336
1625370 1336
1625380 1336
1625390 1336
1625400 1336
1625410 1336
1625420 1336
1625430 1335
1625440 1335
1625450 1334
1625460 1332
1625470 1332
1625480 1331
1625490 1330
1625500 1329
1625510 1329
1625520 1328
1625530 1327
1625540 1327
1625550 1326
1625560 1323
1625570 1323
1625580 1318
1625590 1313
1625600 1313
1625610 1310
1625620 1310
1625630 1310
1625640 1310
1625650 1309
1625660 1309
1625670 1310
1625680 1309
1625690 1309
1625700 1310
1625710 1312
1625720 1312
1625730 1313
1625740 1321
1625750 1323
1625760 1323
1625770 1326
1625780 1330
1625790 1330
1625800 1335
1625810 1340
1625820 1340
1625830 1345
1625840 1350
1625850 1350
1625860 1354
1625870 1357
1625880 1357
1625890 1359
1625900 1362
1625910 1362
1625920 1362
1625930 1363
1625940 1363
1625950 1363
1625960 1364
1625970 1364
1625980 1364
1625990 1365
1626000 1365
1626010 1366
1626020 1367
1626030 1369
1626040 1369
1626050 1372
1626060 1376
1626070 1376
1626080 1379
1626090 1382
1626100 1382
1626110 1387
1626120 1392
1626130 1392
1626140 1397
1626150 1402
1626160 1402
1626170 1406
1626180 1410
1626190 1410
1626200 1413
1626210 1417
1626220 1417
1626230 1421
1626240 1424
1626250 1424
1626260 1427
1626270 1431
1626280 1433
1626290 1433
1626300 1434
1626310 1436
1626320 1436
1626330 1437
1626340 1438
1626350 1438
1626360 1439
1626370 1439
1626380 1439
1626390 1438
1626400 1437
1626410 1437
1626420 1437
1626430 1436
1626440 1436
1626450 1436
1626460 1436
1626470 1436
1626480 1436
1626490 1436
1626500 1436
1626510 1435
1626520 1433
1626530 1432
1626540 1432
1626550 1431
1626560 1430
1626570 1430
1626580 1429
1626590 1427
1626600 1427
1626610 1424
1626620 1421
1626630 1421
1626640 1425
1626650 1423
1626660 1423
1626670 1421
1626680 1420
1626690 1420
1626700 1419
1626710 1418
1626720 1418
1626730 1416
1626740 1414
1626750 1414
1626760 1414
1626770 1413
1626780 1412
1626790 1412
1626800 1408
1626810 1404
1626820 1404
1626830 1400
1626840 1396
1626850 1396
1626860 1393
1626870 1391
1626880 1391
1626890 1387
1626900 1381
1626910 1381
1626920 1376
1626930 1370
1626940 1370
1626950 1363
1626960 1356
1626970 1356
1626980 1352
1626990 1354
1627000 1354
1627010 1356
1627020 1359
1627030 1359
1627040 1364
1627050 1369
1627060 1374
1627070 1374
1627080 1378
1627090 1381
1627100 1381
1627110 1384
1627120 1385
1627130 1385
1627140 1384
1627150 1383
1627160 1383
1627170 1382
1627180 1381
1627190 1381
1627200 1380
1627210 1378
1627220 1378
1627230 1375
1627240 1373
1627250 1373
1627260 1370
1627270 1369
1627280 1369
1627290 1369
1627300 1370
1627310 1370
1627320 1370
1627330 1370
1627340 1370
1627350 1370
1627360 1372
1627370 1374
1627380 1374
1627390 1378
1627400 1383
1627410 1383
1627420 1387
1627430 1392
1627440 1392
1627450 1396
1627460 1399
1627470 1399
1627480 1403
1627490 1407
1627500 1407
1627510 1411
1627520 1416
1627530 1417
1627540 1420
1627550 1425
1627560 1429
1627570 1429
1627580 1433
1627590 1437
1627600 1437
1627610 1441
1627620 1446
1627630 1446
1627640 1450
1627650 1454
1627660 1454
1627670 1459
1627680 1463
1627690 1463
1627700 1467
1627710 1471
1627720 1471
1627730 1474
1627740 1478
1627750 1478
1627760 1481
1627770 1484
1627780 1484
1627790 1486
1627800 1488
1627810 1489
1627820 1489
1627830 1490
1627840 1491
1627850 1491
1627860 1491
1627870 1492
1627880 1492
1627890 1492
1627900 1492
1627910 1492
1627920 1492
1627930 1492
1627940 1492
1627950 1492
1627960 1492
1627970 1492
1627980 1491
1627990 1491
1628000 1491
1628010 1491
1628020 1490
1628030 1490
1628040 1490
1628050 1489
1628060 1489
1628070 1488
1628080 1488
1628090 1487
1628100 1487
1628110 1487
1628120 1486
1628130 1486
1628140 1484
1628150 1480
1628160 1480
1628170 1477
1628180 1475
1628190 1475
1628200 1474
1628210 1473
1628220 1473
1628230 1472
1628240 1471
1628250 1471
1628260 1470
1628270 1468
1628280 1468
1628290 1467
1628300 1466
1628310 1466
1628320 1464
1628330 1462
1628340 1460
1628350 1460
1628360 1459
1628370 1459
1628380 1459
1628390 1459
1628400 1459
1628410 1459
1628420 1455
1628430 1453
1628440 1453
1628450 1450
1628460 1447
1628470 1447
1628480 1444
1628490 1442
1628500 1442
1628510 1440
1628520 1436
1628530 1436
1628540 1431
1628550 1428
1628560 1428
1628570 1427
1628580 1426
1628590 1425
1628600 1425
1628610 1425
1628620 1426
1628630 1426
1628640 1427
1628650 1428
1628660 1428
1628670 1426
1628680 1425
1628690 1425
1628700 1423
1628710 1421
1628720 1421
1628730 1418
1628740 1416
1628750 1416
1628760 1416
1628770 1417
1628780 1417
1628790 1417
1628800 1416
1628810 1416
1628820 1416
1628830 1418
1628840 1422
1628850 1422
1628860 1426
1628870 1429
1628880 1429
1628890 1431
1628900 1435
1628910 1435
1628920 1438
1628930 1441
1628940 1441
1628950 1444
1628960 1444
1628970 1444
1628980 1442
1628990 1439
1629000 1439
1629010 1436
1629020 1434
1629030 1434
1629040 1432
1629050 1431
1629060 1431
1629070 1429
1629080 1427
1629090 1427
1629100 1425
1629110 1422
1629120 1418
1629130 1418
1629140 1413
1629150 1409
1629160 1409
1629170 1407
1629180 1404
1629190 1404
1629200 1401
1629210 1398
1629220 1398
1629230 1398
1629240 1398
1629250 1398
1629260 1400
1629270 1403
1629280 1403
1629290 1406
1629300 1414
1629310 1414
1629320 1417
1629330 1418
1629340 1418
1629350 1421
1629360 1424
1629370 1426
1629380 1426
1629390 1428
1629400 1429
1629410 1429
1629420 1430
1629430 1429
1629440 1429
1629450 1428
1629460 1429
1629470 1429
1629480 1431
1629490 1432
1629500 1432
1629510 1432
1629520 1433
1629530 1433
1629540 1434
1629550 1437
1629560 1437
1629570 1440
1629580 1443
1629590 1443
1629600 1446
1629610 1450
1629620 1453
1629630 1453
1629640 1457
1629650 1461
1629660 1461
1629670 1463
1629680 1467
1629690 1467
1629700 1468
1629710 1467
1629720 1467
1629730 1466
1629740 1464
1629750 1464
1629760 1461
1629770 1459
1629780 1459
1629790 1457
1629800 1454
1629810 1454
1629820 1451
1629830 1448
1629840 1448
1629850 1446
1629860 1444
1629870 1442
1629880 1442
1629890 1440
1629900 1438
1629910 1438
1629920 1436
1629930 1434
1629940 1434
1629950 1432
1629960 1431
1629970 1431
1629980 1430
1629990 1428
1630000 1428
1630010 1427
1630020 1428
1630030 1428
1630040 1428
1630050 1429
1630060 1429
1630070 1430
1630080 1433
1630090 1433
1630100 1435
1630110 1438
1630120 1438
1630130 1442
1630140 1445
1630150 1448
1630160 1448
1630170 1452
1630180 1452
1630190 1452
1630200 1456
1630210 1460
1630220 1460
1630230 1464
1630240 1467
1630250 1467
1630260 1472
1630270 1475
1630280 1475
1630290 1478
1630300 1481
1630310 1481
1630320 1484
1630330 1486
1630340 1486
1630350 1488
1630360 1490
1630370 1490
1630380 1489
1630390 1487
1630400 1486
1630410 1486
1630420 1486
1630430 1487
1630440 1487
1630450 1486
1630460 1484
1630470 1484
1630480 1483
1630490 1481
1630500 1481
1630510 1476
1630520 1469
1630530 1469
1630540 1463
1630550 1456
1630560 1456
1630570 1448
1630580 1442
1630590 1442
1630600 1434
1630610 1427
1630620 1427
1630630 1422
1630640 1417
1630650 1412
1630660 1412
1630670 1410
1630680 1410
1630690 1410
1630700 1409
1630710 1407
1630720 1407
1630730 1405
1630740 1401
1630750 1401
1630760 1397
1630770 1394
1630780 1394
1630790 1390
1630800 1387
1630810 1387
1630820 1384
1630830 1380
1630840 1380
1630850 1374
1630860 1368
1630870 1368
1630880 1362
1630890 1357
1630900 1351
1630910 1351
1630920 1346
1630930 1344
1630940 1344
1630950 1343
1630960 1342
1630970 1342
1630980 1342
1630990 1343
1631000 1343
1631010 1344
1631020 1345
1631030 1345
1631040 1347
1631050 1342
1631060 1342
1631070 1344
1631080 1345
1631090 1345
1631100 1346
1631110 1347
1631120 1347
1631130 1347
1631140 1347
1631150 1347
1631160 1346
1631170 1343
1631180 1340
1631190 1340
1631200 1336
1631210 1331
1631220 1331
1631230 1328
1631240 1325
1631250 1325
1631260 1322
1631270 1319
1631280 1319
1631290 1315
1631300 1310
1631310 1310
1631320 1304
1631330 1299
1631340 1299
1631350 1293
1631360 1287
1631370 1287
1631380 1281
1631390 1276
1631400 1276
1631410 1272
1631420 1274
1631430 1277
1631440 1277
1631450 1282
1631460 1286
1631470 1286
1631480 1291
1631490 1296
1631500 1296
1631510 1300
1631520 1305
1631530 1305
1631540 1311
1631550 1316
1631560 1316
1631570 1322
1631580 1327
1631590 1327
1631600 1333
1631610 1339
1631620 1339
1631630 1344
1631640 1351
1631650 1351
1631660 1357
1631670 1363
1631680 1369
1631690 1369
1631700 1375
1631710 1381
1631720 1381
1631730 1386
1631740 1391
1631750 1391
1631760 1395
1631770 1397
1631780 1397
1631790 1395
1631800 1389
1631810 1389
1631820 1382
1631830 1375
1631840 1375
1631850 1369
1631860 1362
1631870 1362
1631880 1355
1631890 1349
1631900 1349
1631910 1342
1631920 1336
1631930 1329
1631940 1329
1631950 1322
1631960 1316
1631970 1316
1631980 1309
1631990 1304
1632000 1304
1632010 1297
1632020 1291
1632030 1291
1632040 1286
1632050 1281
1632060 1281
1632070 1275
1632080 1270
1632090 1270
1632100 1265
1632110 1260
1632120 1260
1632130 1256
1632140 1252
1632150 1252
1632160 1247
1632170 1242
1632180 1242
1632190 1241
1632200 1240
1632210 1238
1632220 1238
1632230 1236
1632240 1232
1632250 1232
1632260 1229
1632270 1228
1632280 1228
1632290 1227
1632300 1227
1632310 1227
1632320 1229
1632330 1233
1632340 1233
1632350 1238
1632360 1243
1632370 1243
1632380 1248
1632390 1252
1632400 1252
1632410 1256
1632420 1261
1632430 1261
1632440 1266
1632450 1272
1632460 1277
1632470 1277
1632480 1280
1632490 1284
1632500 1284
1632510 1288
1632520 1292
1632530 1292
1632540 1297
1632550 1301
1632560 1301
1632570 1306
1632580 1312
1632590 1312
1632600 1317
1632610 1321
1632620 1321
1632630 1327
1632640 1332
1632650 1332
1632660 1338
1632670 1344
1632680 1344
1632690 1349
1632700 1355
1632710 1361
1632720 1361
1632730 1366
1632740 1372
1632750 1372
1632760 1377
1632770 1381
1632780 1381
1632790 1384
1632800 1388
1632810 1388
1632820 1391
1632830 1394
1632840 1394
1632850 1395
1632860 1392
1632870 1392
1632880 1388
1632890 1383
1632900 1383
1632910 1378
1632920 1373
1632930 1373
1632940 1367
1632950 1361
1632960 1357
1632970 1357
1632980 1349
1632990 1343
1633000 1343
1633010 1336
1633020 1328
1633030 1328
1633040 1321
1633050 1313
1633060 1313
1633070 1307
1633080 1299
1633090 1299
1633100 1292
1633110 1285
1633120 1285
1633130 1277
1633140 1270
1633150 1270
1633160 1263
1633170 1256
1633180 1256
1633190 1250
1633200 1244
1633210 1244
1633220 1238
1633230 1234
1633240 1229
1633250 1229
1633260 1225
1633270 1221
1633280 1221
1633290 1218
1633300 1214
1633310 1214
1633320 1210
1633330 1208
1633340 1208
1633350 1209
1633360 1214
1633370 1214
1633380 1218
1633390 1221
1633400 1221
1633410 1225
1633420 1230
1633430 1230
1633440 1235
1633450 1239
1633460 1239
1633470 1243
1633480 1247
1633490 1251
1633500 1251
1633510 1254
1633520 1257
1633530 1257
1633540 1256
1633550 1255
1633560 1255
1633570 1254
1633580 1254
1633590 1254
1633600 1255
1633610 1259
1633620 1259
1633630 1257
1633640 1259
1633650 1259
1633660 1262
1633670 1264
1633680 1264
1633690 1261
1633700 1258
1633710 1258
1633720 1254
1633730 1250
1633740 1247
1633750 1247
1633760 1243
1633770 1240
1633780 1240
1633790 1236
1633800 1234
1633810 1234
1633820 1232
1633830 1231
1633840 1231
1633850 1230
1633860 1229
1633870 1229
1633880 1228
1633890 1227
1633900 1227
1633910 1228
1633920 1230
1633930 1230
1633940 1231
1633950 1231
1633960 1231
1633970 1229
1633980 1224
1633990 1217
1634000 1217
1634010 1211
1634020 1208
1634030 1208
1634040 1200
1634050 1195
1634060 1195
1634070 1189
1634080 1183
1634090 1183
1634100 1178
1634110 1172
1634120 1172
1634130 1165
1634140 1161
1634150 1161
1634160 1155
1634170 1148
1634180 1148
1634190 1143
1634200 1137
1634210 1137
1634220 1132
1634230 1128
1634240 1128
1634250 1123
1634260 1120
1634270 1117
1634280 1117
1634290 1115
1634300 1113
1634310 1113
1634320 1111
1634330 1109
1634340 1109
1634350 1106
1634360 1103
1634370 1103
1634380 1100
1634390 1097
1634400 1097
1634410 1095
1634420 1093
1634430 1093
1634440 1092
1634450 1091
1634460 1091
1634470 1090
1634480 1084
1634490 1084
1634500 1083
1634510 1081
1634520 1079
1634530 1079
1634540 1077
1634550 1073
1634560 1073
1634570 1070
1634580 1067
1634590 1067
1634600 1063
1634610 1060
1634620 1060
1634630 1053
1634640 1048
1634650 1048
1634660 1042
1634670 1033
1634680 1033
1634690 1025
1634700 1020
1634710 1020
1634720 1014
1634730 1009
1634740 1009
1634750 1002
1634760 996
1634770 992
1634780 992
1634790 989
1634800 988
1634810 988
1634820 993
1634830 999
1634840 999
1634850 1005
1634860 1011
1634870 1011
1634880 1017
1634890 1023
1634900 1023
1634910 1029
1634920 1036
1634930 1036
1634940 1041
1634950 1044
1634960 1044
1634970 1047
1634980 1051
1634990 1051
1635000 1054
1635010 1057
1635020 1061
1635030 1061
1635040 1064
1635050 1067
1635060 1067
1635070 1070
1635080 1072
1635090 1072
1635100 1074
1635110 1073
1635120 1073
1635130 1071
1635140 1067
1635150 1067
1635160 1063
1635170 1060
1635180 1060
1635190 1058
1635200 1055
1635210 1055
1635220 1054
1635230 1051
1635240 1051
1635250 1049
1635260 1047
1635270 1047
1635280 1043
1635290 1040
1635300 1036
1635310 1036
1635320 1032
1635330 1025
1635340 1025
1635350 1019
1635360 1014
1635370 1014
1635380 1011
1635390 1012
1635400 1012
1635410 1012
1635420 1012
1635430 1012
1635440 1011
1635450 1012
1635460 1012
1635470 1012
1635480 1012
1635490 1012
1635500 1012
1635510 1013
1635520 1013
1635530 1014
1635540 1015
1635550 1016
1635560 1016
1635570 1017
1635580 1017
1635590 1017
1635600 1018
1635610 1018
1635620 1018
1635630 1017
1635640 1017
1635650 1017
1635660 1015
1635670 1015
1635680 1015
1635690 1015
1635700 1014
1635710 1014
1635720 1014
1635730 1012
1635740 1012
1635750 1010
1635760 1009
1635770 1009
1635780 1007
1635790 1007
1635800 1007
1635810 1007
1635820 1007
1635830 1007
1635840 1007
1635850 1007
1635860 1006
1635870 1006
1635880 1004
1635890 1001
1635900 1001
1635910 998
1635920 995
1635930 995
1635940 993
1635950 990
1635960 990
1635970 988
1635980 985
1635990 985
1636000 983
1636010 981
1636020 981
1636030 978
1636040 976
1636050 976
1636060 973
1636070 970
1636080 966
1636090 966
1636100 960
1636110 954
1636120 954
1636130 949
1636140 942
1636150 942
1636160 935
1636170 929
1636180 929
1636190 926
1636200 926
1636210 926
1636220 925
1636230 923
1636240 923
1636250 923
1636260 924
1636270 924
1636280 926
1636290 928
1636300 928
1636310 930
1636320 932
1636330 933
1636340 933
1636350 935
1636360 937
1636370 937
1636380 938
1636390 940
1636400 940
1636410 941
1636420 943
1636430 943
1636440 944
1636450 946
1636460 946
1636470 947
1636480 948
1636490 948
1636500 949
1636510 950
1636520 950
1636530 950
1636540 950
1636550 950
1636560 949
1636570 947
1636580 944
1636590 944
1636600 939
1636610 934
1636620 934
1636630 931
1636640 929
1636650 929
1636660 927
1636670 926
1636680 926
1636690 926
1636700 926
1636710 926
1636720 925
1636730 923
1636740 923
1636750 922
1636760 922
1636770 922
1636780 924
1636790 928
1636800 928
1636810 933
1636820 937
1636830 939
1636840 939
1636850 941
1636860 942
1636870 942
1636880 942
1636890 942
1636900 942
1636910 940
1636920 938
1636930 938
1636940 936
1636950 934
1636960 934
1636970 934
1636980 934
1636990 934
1637000 934
1637010 927
1637020 927
1637030 926
1637040 924
1637050 924
1637060 920
1637070 916
1637080 916
1637090 913
1637100 911
1637110 911
1637120 911
1637130 910
1637140 910
1637150 910
1637160 909
1637170 908
1637180 908
1637190 908
1637200 907
1637210 907
1637220 907
1637230 906
1637240 906
1637250 905
1637260 904
1637270 904
1637280 903
1637290 902
1637300 902
1637310 902
1637320 902
1637330 902
1637340 902
1637350 901
1637360 899
1637370 899
1637380 897
1637390 895
1637400 895
1637410 894
1637420 894
1637430 894
1637440 893
1637450 893
1637460 893
1637470 892
1637480 891
1637490 891
1637500 891
1637510 891
1637520 891
1637530 889
1637540 888
1637550 888
1637560 888
1637570 887
1637580 887
1637590 886
1637600 886
1637610 886
1637620 886
1637630 885
1637640 885
1637650 885
1637660 883
1637670 883
1637680 883
1637690 882
1637700 883
1637710 883
1637720 882
1637730 882
1637740 882
1637750 881
1637760 879
1637770 879
1637780 878
1637790 877
1637800 877
1637810 876
1637820 876
1637830 876
1637840 872
1637850 872
1637860 873
1637870 873
1637880 873
1637890 873
1637900 873
1637910 872
1637920 872
1637930 872
1637940 871
1637950 871
1637960 871
1637970 871
1637980 870
1637990 870
1638000 870
1638010 869
1638020 869
1638030 868
1638040 867
1638050 867
1638060 867
1638070 866
1638080 866
1638090 864
1638100 861
1638110 861
1638120 858
1638130 857
1638140 854
1638150 854
1638160 853
1638170 854
1638180 854
1638190 855
1638200 857
1638210 857
1638220 859
1638230 861
1638240 861
1638250 865
1638260 868
1638270 868
1638280 870
1638290 872
1638300 872
1638310 874
1638320 876
1638330 876
1638340 876
1638350 877
1638360 877
1638370 877
1638380 877
1638390 877
1638400 877
1638410 876
1638420 876
1638430 876
1638440 877
1638450 876
1638460 876
1638470 876
1638480 875
1638490 875
1638500 875
1638510 874
1638520 874
1638530 872
1638540 870
1638550 870
1638560 869
1638570 867
1638580 867
1638590 865
1638600 862
1638610 862
1638620 861
1638630 859
1638640 859
1638650 859
1638660 858
1638670 854
1638680 854
1638690 853
1638700 851
1638710 851
1638720 850
1638730 849
1638740 849
1638750 847
1638760 846
1638770 846
1638780 845
1638790 845
1638800 845
1638810 844
1638820 843
1638830 843
1638840 841
1638850 839
1638860 839
1638870 837
1638880 836
1638890 835
1638900 835
1638910 834
1638920 833
1638930 833
1638940 830
1638950 827
1638960 827
1638970 826
1638980 825
1638990 825
1639000 825
1639010 825
1639020 825
1639030 825
1639040 825
1639050 825
1639060 825
1639070 825
1639080 825
1639090 825
1639100 826
1639110 826
1639120 827
1639130 828
1639140 828
1639150 828
1639160 827
1639170 825
1639180 825
1639190 824
1639200 823
1639210 823
1639220 822
1639230 820
1639240 820
1639250 818
1639260 817
1639270 817
1639280 816
1639290 815
1639300 815
1639310 814
1639320 813
1639330 813
1639340 811
1639350 810
1639360 810
1639370 808
1639380 806
1639390 806
1639400 808
1639410 808
1639420 809
1639430 809
1639440 808
1639450 807
1639460 807
1639470 807
1639480 806
1639490 801
1639500 800
1639510 798
1639520 798
1639530 796
1639540 795
1639550 795
1639560 793
1639570 792
1639580 792
1639590 791
1639600 791
1639610 791
1639620 791
1639630 790
1639640 790
1639650 789
1639660 789
1639670 788
1639680 788
1639690 788
1639700 788
1639710 788
1639720 788
1639730 787
1639740 787
1639750 787
1639760 786
1639770 786
1639780 786
1639790 786
1639800 786
1639810 786
1639820 786
1639830 786
1639840 786
1639850 786
1639860 786
1639870 785
1639880 785
1639890 785
1639900 785
1639910 785
1639920 785
1639930 784
1639940 784
1639950 784
1639960 784
1639970 784
1639980 784
1639990 784
