1620000 1432
1620010 1426
1620020 1428
1620030 1428
1620040 1431
1620050 1434
1620060 1434
1620070 1435
1620080 1435
1620090 1435
1620100 1434
1620110 1436
1620120 1436
1620130 1438
1620140 1440
1620150 1440
1620160 1442
1620170 1443
1620180 1443
1620190 1444
1620200 1444
1620210 1444
1620220 1443
1620230 1439
1620240 1439
1620250 1435
1620260 1431
1620270 1426
1620280 1426
1620290 1422
1620300 1416
1620310 1416
1620320 1412
1620330 1407
1620340 1407
1620350 1403
1620360 1400
1620370 1400
1620380 1398
1620390 1397
1620400 1397
1620410 1398
1620420 1397
1620430 1397
1620440 1398
1620450 1399
1620460 1399
1620470 1400
1620480 1400
1620490 1400
1620500 1400
1620510 1400
1620520 1402
1620530 1402
1620540 1402
1620550 1403
1620560 1403
1620570 1403
1620580 1404
1620590 1404
1620600 1403
1620610 1401
1620620 1406
1620630 1404
1620640 1401
1620650 1401
1620660 1399
1620670 1396
1620680 1396
1620690 1393
1620700 1389
1620710 1389
1620720 1386
1620730 1383
1620740 1383
1620750 1380
1620760 1378
1620770 1378
1620780 1376
1620790 1377
1620800 1380
1620810 1380
1620820 1384
1620830 1389
1620840 1389
1620850 1393
1620860 1396
1620870 1396
1620880 1399
1620890 1403
1620900 1403
1620910 1407
1620920 1411
1620930 1411
1620940 1415
1620950 1418
1620960 1418
1620970 1422
1620980 1425
1620990 1425
1621000 1429
1621010 1432
1621020 1432
1621030 1437
1621040 1441
1621050 1445
1621060 1445
1621070 1449
1621080 1454
1621090 1454
1621100 1458
1621110 1462
1621120 1462
1621130 1467
1621140 1471
1621150 1471
1621160 1476
1621170 1480
1621180 1480
1621190 1485
1621200 1490
1621210 1490
1621220 1495
1621230 1500
1621240 1500
1621250 1506
1621260 1511
1621270 1511
1621280 1517
1621290 1522
1621300 1528
1621310 1528
1621320 1533
1621330 1538
1621340 1538
1621350 1543
1621360 1548
1621370 1548
1621380 1554
1621390 1559
1621400 1559
1621410 1564
1621420 1568
1621430 1568
1621440 1571
1621450 1575
1621460 1575
1621470 1580
1621480 1585
1621490 1585
1621500 1589
1621510 1594
1621520 1594
1621530 1598
1621540 1601
1621550 1606
1621560 1610
1621570 1614
1621580 1618
1621590 1618
1621600 1623
1621610 1627
1621620 1627
1621630 1631
1621640 1633
1621650 1633
1621660 1634
1621670 1633
1621680 1633
1621690 1632
1621700 1631
1621710 1631
1621720 1630
1621730 1629
1621740 1629
1621750 1627
1621760 1625
1621770 1625
1621780 1622
1621790 1620
1621800 1620
1621810 1616
1621820 1613
1621830 1609
1621840 1609
1621850 1604
1621860 1598
1621870 1598
1621880 1593
1621890 1589
1621900 1589
1621910 1585
1621920 1582
1621930 1582
1621940 1579
1621950 1577
1621960 1577
1621970 1574
1621980 1573
1621990 1573
1622000 1571
1622010 1569
1622020 1569
1622030 1568
1622040 1567
1622050 1567
1622060 1565
1622070 1564
1622080 1563
1622090 1563
1622100 1562
1622110 1561
1622120 1561
1622130 1560
1622140 1559
1622150 1559
1622160 1558
1622170 1557
1622180 1557
1622190 1556
1622200 1555
1622210 1555
1622220 1553
1622230 1552
1622240 1552
1622250 1551
1622260 1550
1622270 1550
1622280 1549
1622290 1549
1622300 1549
1622310 1548
1622320 1547
1622330 1547
1622340 1547
1622350 1547
1622360 1547
1622370 1547
1622380 1547
1622390 1547
1622400 1547
1622410 1548
1622420 1548
1622430 1548
1622440 1549
1622450 1550
1622460 1550
1622470 1546
1622480 1547
1622490 1547
1622500 1548
1622510 1549
1622520 1549
1622530 1550
1622540 1551
1622550 1551
1622560 1552
1622570 1553
1622580 1553
1622590 1554
1622600 1556
1622610 1557
1622620 1557
1622630 1560
1622640 1563
1622650 1563
1622660 1565
1622670 1568
1622680 1568
1622690 1570
1622700 1571
1622710 1571
1622720 1573
1622730 1575
1622740 1575
1622750 1576
1622760 1577
1622770 1577
1622780 1578
1622790 1579
1622800 1579
1622810 1581
1622820 1582
1622830 1582
1622840 1583
1622850 1584
1622860 1584
1622870 1584
1622880 1584
1622890 1584
1622900 1584
1622910 1584
1622920 1583
1622930 1583
1622940 1583
1622950 1582
1622960 1582
1622970 1582
1622980 1580
1622990 1580
1623000 1579
1623010 1578
1623020 1578
1623030 1576
1623040 1574
1623050 1574
1623060 1571
1623070 1569
1623080 1569
1623090 1566
1623100 1563
1623110 1563
1623120 1560
1623130 1556
1623140 1552
1623150 1552
1623160 1548
1623170 1545
1623180 1545
1623190 1542
1623200 1539
1623210 1539
1623220 1536
1623230 1532
1623240 1532
1623250 1529
1623260 1525
1623270 1525
1623280 1522
1623290 1518
1623300 1518
1623310 1515
1623320 1512
1623330 1512
1623340 1509
1623350 1506
1623360 1506
1623370 1503
1623380 1498
1623390 1502
1623400 1502
1623410 1498
1623420 1493
1623430 1493
1623440 1489
1623450 1486
1623460 1486
1623470 1482
1623480 1478
1623490 1478
1623500 1474
1623510 1470
1623520 1470
1623530 1466
1623540 1463
1623550 1463
1623560 1458
1623570 1454
1623580 1454
1623590 1449
1623600 1445
1623610 1445
1623620 1440
1623630 1435
1623640 1435
1623650 1430
1623660 1426
1623670 1421
1623680 1421
1623690 1417
1623700 1413
1623710 1413
1623720 1409
1623730 1406
1623740 1406
1623750 1403
1623760 1400
1623770 1400
1623780 1396
1623790 1392
1623800 1392
1623810 1388
1623820 1384
1623830 1384
1623840 1381
1623850 1377
1623860 1377
1623870 1373
1623880 1367
1623890 1367
1623900 1360
1623910 1358
1623920 1357
1623930 1357
1623940 1356
1623950 1355
1623960 1355
1623970 1353
1623980 1351
1623990 1351
1624000 1348
1624010 1344
1624020 1344
1624030 1340
1624040 1336
1624050 1336
1624060 1331
1624070 1327
1624080 1327
1624090 1321
1624100 1317
1624110 1317
1624120 1311
1624130 1306
1624140 1306
1624150 1301
1624160 1296
1624170 1292
1624180 1292
1624190 1286
1624200 1282
1624210 1282
1624220 1279
1624230 1276
1624240 1276
1624250 1272
1624260 1269
1624270 1269
1624280 1265
1624290 1262
1624300 1262
1624310 1260
1624320 1258
1624330 1258
1624340 1255
1624350 1253
1624360 1253
1624370 1251
1624380 1250
1624390 1250
1624400 1248
1624410 1247
1624420 1247
1624430 1246
1624440 1245
1624450 1244
1624460 1244
1624470 1243
1624480 1242
1624490 1242
1624500 1240
1624510 1239
1624520 1239
1624530 1239
1624540 1238
1624550 1238
1624560 1237
1624570 1237
1624580 1237
1624590 1236
1624600 1235
1624610 1235
1624620 1234
1624630 1233
1624640 1233
1624650 1232
1624660 1231
1624670 1231
1624680 1231
1624690 1230
1624700 1230
1624710 1230
1624720 1229
1624730 1228
1624740 1228
1624750 1227
1624760 1227
1624770 1227
1624780 1226
1624790 1225
1624800 1225
1624810 1224
1624820 1223
1624830 1223
1624840 1222
1624850 1222
1624860 1222
1624870 1221
1624880 1220
1624890 1220
1624900 1221
1624910 1222
1624920 1222
1624930 1224
1624940 1228
1624950 1228
1624960 1231
1624970 1232
1624980 1232
1624990 1232
1625000 1232
1625010 1231
1625020 1231
1625030 1230
1625040 1229
1625050 1229
1625060 1228
1625070 1226
1625080 1226
1625090 1224
1625100 1222
1625110 1222
1625120 1221
1625130 1221
1625140 1221
1625150 1220
1625160 1220
1625170 1220
1625180 1219
1625190 1219
1625200 1219
1625210 1218
1625220 1215
1625230 1214
1625240 1214
1625250 1213
1625260 1212
1625270 1212
1625280 1211
1625290 1210
1625300 1210
1625310 1210
1625320 1208
1625330 1208
1625340 1205
1625350 1201
1625360 1201
1625370 1198
1625380 1196
1625390 1196
1625400 1194
1625410 1192
1625420 1192
1625430 1193
1625440 1193
1625450 1193
1625460 1192
1625470 1191
1625480 1189
1625490 1189
1625500 1186
1625510 1183
1625520 1183
1625530 1180
1625540 1177
1625550 1177
1625560 1175
1625570 1174
1625580 1174
1625590 1172
1625600 1170
1625610 1170
1625620 1168
1625630 1166
1625640 1166
1625650 1164
1625660 1163
1625670 1163
1625680 1162
1625690 1159
1625700 1159
1625710 1156
1625720 1155
1625730 1155
1625740 1153
1625750 1151
1625760 1149
1625770 1149
1625780 1148
1625790 1148
1625800 1148
1625810 1148
1625820 1147
1625830 1147
1625840 1144
1625850 1141
1625860 1141
1625870 1137
1625880 1134
1625890 1134
1625900 1131
1625910 1130
1625920 1130
1625930 1128
1625940 1126
1625950 1126
1625960 1125
1625970 1124
1625980 1124
1625990 1123
1626000 1121
1626010 1121
1626020 1121
1626030 1120
1626040 1120
1626050 1120
1626060 1119
1626070 1118
1626080 1118
1626090 1118
1626100 1117
1626110 1117
1626120 1115
1626130 1114
1626140 1114
1626150 1113
1626160 1112
1626170 1112
1626180 1111
1626190 1110
1626200 1110
1626210 1108
1626220 1107
1626230 1107
1626240 1106
1626250 1105
1626260 1104
1626270 1104
1626280 1103
1626290 1103
1626300 1103
1626310 1101
1626320 1100
1626330 1100
1626340 1099
1626350 1098
1626360 1098
1626370 1096
1626380 1095
1626390 1095
1626400 1091
1626410 1089
1626420 1089
1626430 1085
1626440 1083
1626450 1083
1626460 1082
1626470 1080
1626480 1080
1626490 1079
1626500 1079
1626510 1079
1626520 1077
1626530 1076
1626540 1075
1626550 1075
1626560 1075
1626570 1074
1626580 1074
1626590 1073
1626600 1073
1626610 1073
1626620 1072
1626630 1073
1626640 1073
1626650 1073
1626660 1073
1626670 1073
1626680 1073
1626690 1073
1626700 1073
1626710 1072
1626720 1072
1626730 1072
1626740 1071
1626750 1070
1626760 1070
1626770 1069
1626780 1067
1626790 1066
1626800 1066
1626810 1065
1626820 1065
1626830 1065
1626840 1063
1626850 1063
1626860 1063
1626870 1063
1626880 1064
1626890 1064
1626900 1064
1626910 1063
1626920 1063
1626930 1063
1626940 1063
1626950 1063
1626960 1063
1626970 1064
1626980 1064
1626990 1064
1627000 1064
1627010 1065
1627020 1065
1627030 1064
1627040 1063
1627050 1063
1627060 1063
1627070 1062
1627080 1062
1627090 1061
1627100 1061
1627110 1061
1627120 1060
1627130 1060
1627140 1060
1627150 1059
1627160 1059
1627170 1059
1627180 1058
1627190 1058
1627200 1058
1627210 1057
1627220 1057
1627230 1057
1627240 1057
1627250 1056
1627260 1056
1627270 1056
1627280 1055
1627290 1055
1627300 1054
1627310 1054
1627320 1053
1627330 1053
1627340 1053
1627350 1053
1627360 1053
1627370 1053
1627380 1052
1627390 1052
1627400 1052
1627410 1051
1627420 1051
1627430 1052
1627440 1051
1627450 1051
1627460 1051
1627470 1051
1627480 1051
1627490 1052
1627500 1053
1627510 1053
1627520 1054
1627530 1056
1627540 1056
1627550 1057
1627560 1058
1627570 1059
1627580 1059
1627590 1060
1627600 1061
1627610 1061
1627620 1062
1627630 1062
1627640 1062
1627650 1063
1627660 1064
1627670 1064
1627680 1065
1627690 1066
1627700 1066
1627710 1067
1627720 1068
1627730 1068
1627740 1070
1627750 1071
1627760 1071
1627770 1071
1627780 1072
1627790 1072
1627800 1072
1627810 1072
1627820 1072
1627830 1073
1627840 1074
1627850 1074
1627860 1074
1627870 1075
1627880 1076
1627890 1076
1627900 1077
1627910 1077
1627920 1077
1627930 1076
1627940 1076
1627950 1076
1627960 1075
1627970 1074
1627980 1074
1627990 1072
1628000 1070
1628010 1070
1628020 1067
1628030 1064
1628040 1064
1628050 1061
1628060 1056
1628070 1056
1628080 1052
1628090 1050
1628100 1050
1628110 1050
1628120 1050
1628130 1049
1628140 1049
1628150 1048
1628160 1048
1628170 1048
1628180 1050
1628190 1053
1628200 1053
1628210 1055
1628220 1057
1628230 1057
1628240 1060
1628250 1062
1628260 1062
1628270 1062
1628280 1063
1628290 1063
1628300 1064
1628310 1064
1628320 1064
1628330 1065
1628340 1065
1628350 1065
1628360 1065
1628370 1065
1628380 1064
1628390 1064
1628400 1063
1628410 1061
1628420 1061
1628430 1060
1628440 1059
1628450 1059
1628460 1058
1628470 1057
1628480 1057
1628490 1055
1628500 1053
1628510 1053
1628520 1051
1628530 1048
1628540 1048
1628550 1046
1628560 1044
1628570 1044
1628580 1042
1628590 1040
1628600 1040
1628610 1039
1628620 1039
1628630 1038
1628640 1038
1628650 1037
1628660 1035
1628670 1035
1628680 1035
1628690 1034
1628700 1034
1628710 1033
1628720 1033
1628730 1033
1628740 1032
1628750 1030
1628760 1030
1628770 1029
1628780 1027
1628790 1029
1628800 1025
1628810 1023
1628820 1023
1628830 1021
1628840 1020
1628850 1020
1628860 1018
1628870 1016
1628880 1015
1628890 1015
1628900 1012
1628910 1009
1628920 1009
1628930 1007
1628940 1004
1628950 1004
1628960 1002
1628970 1001
1628980 1001
1628990 999
1629000 998
1629010 998
1629020 997
1629030 997
1629040 997
1629050 996
1629060 996
1629070 996
1629080 995
1629090 995
1629100 995
1629110 994
1629120 994
1629130 994
1629140 994
1629150 993
1629160 992
1629170 992
1629180 994
1629190 995
1629200 995
1629210 996
1629220 997
1629230 997
1629240 999
1629250 1000
1629260 1000
1629270 1001
1629280 1003
1629290 1003
1629300 1004
1629310 1006
1629320 1006
1629330 1009
1629340 1012
1629350 1012
1629360 1015
1629370 1019
1629380 1019
1629390 1023
1629400 1027
1629410 1031
1629420 1031
1629430 1035
1629440 1038
1629450 1038
1629460 1043
1629470 1048
1629480 1048
1629490 1053
1629500 1059
1629510 1059
1629520 1065
1629530 1072
1629540 1072
1629550 1078
1629560 1085
1629570 1085
1629580 1089
1629590 1094
1629600 1094
1629610 1099
1629620 1104
1629630 1104
1629640 1109
1629650 1113
1629660 1113
1629670 1105
1629680 1105
1629690 1104
1629700 1104
1629710 1104
1629720 1105
1629730 1105
1629740 1110
1629750 1116
1629760 1116
1629770 1121
1629780 1127
1629790 1127
1629800 1132
1629810 1138
1629820 1138
1629830 1145
1629840 1153
1629850 1153
1629860 1157
1629870 1155
1629880 1155
1629890 1153
1629900 1152
1629910 1152
1629920 1152
1629930 1154
1629940 1156
1629950 1156
1629960 1160
1629970 1162
1629980 1162
1629990 1165
1630000 1167
1630010 1167
1630020 1167
1630030 1167
1630040 1167
1630050 1166
1630060 1165
1630070 1165
1630080 1164
1630090 1163
1630100 1163
1630110 1163
1630120 1163
1630130 1163
1630140 1164
1630150 1164
1630160 1164
1630170 1164
1630180 1163
1630190 1164
1630200 1164
1630210 1164
1630220 1163
1630230 1163
1630240 1162
1630250 1159
1630260 1159
1630270 1156
1630280 1152
1630290 1152
1630300 1148
1630310 1144
1630320 1144
1630330 1141
1630340 1138
1630350 1138
1630360 1137
1630370 1135
1630380 1135
1630390 1133
1630400 1131
1630410 1131
1630420 1131
1630430 1128
1630440 1126
1630450 1126
1630460 1124
1630470 1118
1630480 1118
1630490 1116
1630500 1113
1630510 1113
1630520 1109
1630530 1104
1630540 1105
1630550 1100
1630560 1093
1630570 1093
1630580 1086
1630590 1077
1630600 1077
1630610 1068
1630620 1062
1630630 1062
1630640 1054
1630650 1048
1630660 1048
1630670 1043
1630680 1034
1630690 1034
1630700 1026
1630710 1018
1630720 1010
1630730 1010
1630740 1004
1630750 997
1630760 997
1630770 998
1630780 1003
1630790 1003
1630800 1006
1630810 1009
1630820 1009
1630830 1012
1630840 1016
1630850 1016
1630860 1019
1630870 1022
1630880 1022
1630890 1024
1630900 1027
1630910 1027
1630920 1031
1630930 1034
1630940 1034
1630950 1037
1630960 1040
1630970 1042
1630980 1042
1630990 1041
1631000 1039
1631010 1039
1631020 1036
1631030 1033
1631040 1033
1631050 1029
1631060 1024
1631070 1024
1631080 1019
1631090 1014
1631100 1014
1631110 1010
1631120 1005
1631130 1005
1631140 1001
1631150 997
1631160 997
1631170 995
1631180 995
1631190 995
1631200 994
1631210 994
1631220 994
1631230 994
1631240 993
1631250 991
1631260 991
1631270 990
1631280 988
1631290 988
1631300 987
1631310 986
1631320 986
1631330 985
1631340 984
1631350 984
1631360 984
1631370 984
1631380 984
1631390 984
1631400 984
1631410 977
1631420 977
1631430 977
1631440 977
1631450 977
1631460 976
1631470 976
1631480 976
1631490 974
1631500 970
1631510 970
1631520 964
1631530 958
1631540 958
1631550 952
1631560 951
1631570 951
1631580 952
1631590 953
1631600 953
1631610 954
1631620 957
1631630 957
1631640 960
1631650 963
1631660 963
1631670 964
1631680 963
1631690 963
1631700 962
1631710 961
1631720 961
1631730 962
1631740 962
1631750 961
1631760 961
1631770 959
1631780 958
1631790 958
1631800 957
1631810 957
1631820 957
1631830 957
1631840 956
1631850 956
1631860 956
1631870 955
1631880 955
1631890 955
1631900 955
1631910 955
1631920 954
1631930 953
1631940 953
1631950 953
1631960 951
1631970 951
1631980 950
1631990 948
1632000 948
1632010 946
1632020 944
1632030 943
1632040 943
1632050 941
1632060 939
1632070 939
1632080 937
1632090 936
1632100 936
1632110 936
1632120 935
1632130 935
1632140 934
1632150 933
1632160 933
1632170 931
1632180 930
1632190 930
1632200 929
1632210 928
1632220 928
1632230 927
1632240 926
1632250 926
1632260 926
1632270 926
1632280 922
1632290 922
1632300 921
1632310 919
1632320 919
1632330 918
1632340 916
1632350 916
1632360 914
1632370 913
1632380 913
1632390 912
1632400 912
1632410 912
1632420 912
1632430 911
1632440 911
1632450 911
1632460 911
1632470 911
1632480 910
1632490 909
1632500 909
1632510 909
1632520 909
1632530 909
1632540 909
1632550 909
1632560 909
1632570 909
1632580 908
1632590 908
1632600 908
1632610 907
1632620 907
1632630 907
1632640 907
1632650 907
1632660 907
1632670 906
1632680 906
1632690 906
1632700 906
1632710 906
1632720 906
1632730 906
1632740 906
1632750 906
1632760 906
1632770 906
1632780 906
1632790 906
1632800 905
1632810 905
1632820 905
1632830 904
1632840 904
1632850 904
1632860 903
1632870 903
1632880 903
1632890 902
1632900 902
1632910 902
1632920 901
1632930 901
1632940 901
1632950 900
1632960 900
1632970 900
1632980 900
1632990 900
1633000 900
1633010 900
1633020 900
1633030 900
1633040 899
1633050 900
1633060 900
1633070 900
1633080 901
1633090 901
1633100 901
1633110 902
1633120 903
1633130 903
1633140 907
1633150 908
1633160 908
1633170 911
1633180 913
1633190 913
1633200 915
1633210 917
1633220 917
1633230 918
1633240 919
1633250 919
1633260 921
1633270 922
1633280 922
1633290 923
1633300 924
1633310 924
1633320 925
1633330 927
1633340 929
1633350 929
1633360 930
1633370 932
1633380 932
1633390 933
1633400 935
1633410 935
1633420 936
1633430 938
1633440 938
1633450 939
1633460 940
1633470 940
1633480 942
1633490 943
1633500 943
1633510 944
1633520 945
1633530 945
1633540 945
1633550 946
1633560 946
1633570 947
1633580 948
1633590 947
1633600 947
1633610 944
1633620 950
1633630 950
1633640 955
1633650 958
1633660 958
1633670 961
1633680 964
1633690 964
1633700 965
1633710 967
1633720 967
1633730 969
1633740 971
1633750 971
1633760 972
1633770 974
1633780 974
1633790 976
1633800 978
1633810 978
1633820 980
1633830 982
1633840 984
1633850 984
1633860 985
1633870 986
1633880 986
1633890 985
1633900 985
1633910 985
1633920 986
1633930 988
1633940 988
1633950 991
1633960 993
1633970 993
1633980 995
1633990 1004
1634000 1004
1634010 1005
1634020 1007
1634030 1007
1634040 1008
1634050 1008
1634060 1008
1634070 1008
1634080 1007
1634090 1007
1634100 1006
1634110 1007
1634120 1009
1634130 1009
1634140 1010
1634150 1011
1634160 1011
1634170 1008
1634180 1003
1634190 1003
1634200 998
1634210 995
1634220 995
1634230 991
1634240 986
1634250 986
1634260 984
1634270 990
1634280 990
1634290 996
1634300 1002
1634310 1002
1634320 1007
1634330 1011
1634340 1011
1634350 1013
1634360 1014
1634370 1013
1634380 1013
1634390 1010
1634400 1007
1634410 1007
1634420 1004
1634430 1001
1634440 1001
1634450 998
1634460 996
1634470 996
1634480 994
1634490 992
1634500 992
1634510 990
1634520 988
1634530 988
1634540 985
1634550 982
1634560 982
1634570 979
1634580 976
1634590 976
1634600 973
1634610 968
1634620 968
1634630 963
1634640 959
1634650 954
1634660 954
1634670 949
1634680 945
1634690 945
1634700 940
1634710 935
1634720 935
1634730 931
1634740 928
1634750 928
1634760 924
1634770 921
1634780 921
1634790 918
1634800 915
1634810 915
1634820 910
1634830 907
1634840 908
1634850 904
1634860 900
1634870 900
1634880 896
1634890 889
1634900 884
1634910 884
1634920 882
1634930 881
1634940 881
1634950 880
1634960 880
1634970 880
1634980 879
1634990 879
1635000 879
1635010 878
1635020 878
1635030 878
1635040 878
1635050 878
1635060 878
1635070 878
1635080 878
1635090 878
1635100 878
1635110 876
1635120 876
1635130 878
1635140 880
1635150 884
1635160 884
1635170 889
1635180 895
1635190 895
1635200 902
1635210 909
1635220 909
1635230 912
1635240 917
1635250 917
1635260 920
1635270 925
1635280 925
1635290 929
1635300 934
1635310 934
1635320 939
1635330 944
1635340 944
1635350 948
1635360 952
1635370 952
1635380 956
1635390 960
1635400 960
1635410 964
1635420 968
1635430 971
1635440 971
1635450 973
1635460 973
1635470 973
1635480 974
1635490 975
1635500 975
1635510 975
1635520 976
1635530 976
1635540 977
1635550 977
1635560 977
1635570 977
1635580 977
1635590 977
1635600 976
1635610 976
1635620 976
1635630 975
1635640 974
1635650 974
1635660 973
1635670 971
1635680 970
1635690 974
1635700 972
1635710 971
1635720 971
1635730 969
1635740 968
1635750 968
1635760 967
1635770 966
1635780 966
1635790 966
1635800 966
1635810 966
1635820 965
1635830 965
1635840 965
1635850 965
1635860 964
1635870 964
1635880 963
1635890 962
1635900 962
1635910 960
1635920 958
1635930 958
1635940 956
1635950 955
1635960 952
1635970 952
1635980 950
1635990 947
1636000 947
1636010 946
1636020 946
1636030 946
1636040 947
1636050 947
1636060 947
1636070 948
1636080 950
1636090 950
1636100 953
1636110 955
1636120 955
1636130 956
1636140 956
1636150 956
1636160 954
1636170 952
1636180 952
1636190 950
1636200 948
1636210 944
1636220 944
1636230 940
1636240 939
1636250 939
1636260 941
1636270 943
1636280 943
1636290 944
1636300 945
1636310 945
1636320 944
1636330 943
1636340 943
1636350 939
1636360 934
1636370 934
1636380 929
1636390 924
1636400 924
1636410 926
1636420 930
1636430 930
1636440 934
1636450 937
1636460 939
1636470 939
1636480 941
1636490 942
1636500 942
1636510 942
1636520 942
1636530 943
1636540 942
1636550 941
1636560 941
1636570 939
1636580 937
1636590 937
1636600 935
1636610 933
1636620 933
1636630 931
1636640 929
1636650 929
1636660 926
1636670 922
1636680 922
1636690 919
1636700 914
1636710 914
1636720 908
1636730 903
1636740 897
1636750 897
1636760 892
1636770 889
1636780 889
1636790 886
1636800 883
1636810 883
1636820 880
1636830 876
1636840 876
1636850 873
1636860 873
1636870 873
1636880 872
1636890 872
1636900 872
1636910 872
1636920 870
1636930 870
1636940 871
1636950 871
1636960 871
1636970 872
1636980 872
1636990 872
1637000 872
1637010 871
1637020 872
1637030 872
1637040 872
1637050 872
1637060 872
1637070 872
1637080 872
1637090 872
1637100 872
1637110 872
1637120 872
1637130 872
1637140 871
1637150 871
1637160 871
1637170 871
1637180 871
1637190 871
1637200 871
1637210 871
1637220 871
1637230 871
1637240 871
1637250 871
1637260 871
1637270 871
1637280 871
1637290 871
1637300 871
1637310 871
1637320 870
1637330 870
1637340 870
1637350 870
1637360 871
1637370 871
1637380 871
1637390 871
1637400 871
1637410 870
1637420 870
1637430 870
1637440 870
1637450 870
1637460 870
1637470 870
1637480 870
1637490 870
1637500 870
1637510 870
1637520 870
1637530 870
1637540 870
1637550 870
1637560 870
1637570 870
1637580 870
1637590 870
1637600 870
1637610 870
1637620 870
1637630 869
1637640 870
1637650 870
1637660 870
1637670 869
1637680 869
1637690 870
1637700 869
1637710 869
1637720 869
1637730 869
1637740 869
1637750 869
1637760 870
1637770 870
1637780 870
1637790 871
1637800 871
1637810 871
1637820 872
1637830 873
1637840 873
1637850 874
1637860 874
1637870 874
1637880 875
1637890 876
1637900 876
1637910 876
1637920 876
1637930 876
1637940 877
1637950 877
1637960 877
1637970 877
1637980 877
1637990 877
1638000 879
1638010 881
1638020 881
1638030 881
1638040 881
1638050 880
1638060 880
1638070 880
1638080 880
1638090 880
1638100 880
1638110 880
1638120 880
1638130 879
1638140 879
1638150 879
1638160 879
1638170 878
1638180 878
1638190 878
1638200 878
1638210 878
1638220 877
1638230 877
1638240 877
1638250 876
1638260 875
1638270 875
1638280 874
1638290 873
1638300 873
1638310 873
1638320 872
1638330 872
1638340 872
1638350 871
1638360 871
1638370 871
1638380 871
1638390 872
1638400 872
1638410 872
1638420 873
1638430 873
1638440 874
1638450 874
1638460 874
1638470 875
1638480 875
1638490 875
1638500 875
1638510 876
1638520 876
1638530 876
1638540 876
1638550 877
1638560 877
1638570 877
1638580 877
1638590 877
1638600 878
1638610 878
1638620 878
1638630 878
1638640 878
1638650 878
1638660 878
1638670 878
1638680 878
1638690 878
1638700 878
1638710 878
1638720 878
1638730 878
1638740 878
1638750 878
1638760 878
1638770 878
1638780 878
1638790 877
1638800 877
1638810 877
1638820 876
1638830 876
1638840 876
1638850 875
1638860 875
1638870 875
1638880 876
1638890 876
1638900 876
1638910 877
1638920 877
1638930 877
1638940 877
1638950 877
1638960 877
1638970 877
1638980 877
1638990 877
1639000 877
1639010 877
1639020 878
1639030 878
1639040 878
1639050 878
1639060 878
1639070 877
1639080 877
1639090 877
1639100 877
1639110 876
1639120 876
1639130 876
1639140 878
1639150 878
1639160 879
1639170 880
1639180 880
1639190 881
1639200 882
1639210 882
1639220 883
1639230 883
1639240 883
1639250 884
1639260 884
1639270 884
1639280 883
1639290 883
1639300 883
1639310 883
1639320 882
1639330 882
1639340 882
1639350 881
1639360 881
1639370 881
1639380 881
1639390 881
1639400 881
1639410 881
1639420 881
1639430 881
1639440 881
1639450 881
1639460 881
1639470 882
1639480 883
1639490 883
1639500 883
1639510 884
1639520 884
1639530 884
1639540 884
1639550 884
1639560 886
1639570 887
1639580 887
1639590 889
1639600 890
1639610 891
1639620 891
1639630 892
1639640 893
1639650 893
1639660 895
1639670 897
1639680 897
1639690 899
1639700 901
1639710 901
1639720 903
1639730 905
1639740 905
1639750 907
1639760 908
1639770 908
1639780 910
1639790 911
1639800 911
1639810 911
1639820 912
1639830 912
1639840 913
1639850 913
1639860 913
1639870 913
1639880 913
1639890 912
1639900 912
1639910 912
1639920 912
1639930 912
1639940 912
1639950 911
1639960 911
1639970 910
1639980 909
1639990 909
