1620000 1636
1620010 1634
1620020 1631
1620030 1631
1620040 1628
1620050 1625
1620060 1625
1620070 1622
1620080 1619
1620090 1619
1620100 1616
1620110 1612
1620120 1612
1620130 1610
1620140 1607
1620150 1607
1620160 1604
1620170 1602
1620180 1602
1620190 1598
1620200 1595
1620210 1595
1620220 1593
1620230 1590
1620240 1590
1620250 1587
1620260 1584
1620270 1584
1620280 1582
1620290 1579
1620300 1576
1620310 1576
1620320 1573
1620330 1570
1620340 1570
1620350 1567
1620360 1564
1620370 1564
1620380 1561
1620390 1558
1620400 1558
1620410 1554
1620420 1551
1620430 1551
1620440 1547
1620450 1544
1620460 1544
1620470 1539
1620480 1534
1620490 1534
1620500 1527
1620510 1521
1620520 1521
1620530 1513
1620540 1506
1620550 1499
1620560 1499
1620570 1492
1620580 1486
1620590 1488
1620600 1485
1620610 1491
1620620 1491
1620630 1496
1620640 1499
1620650 1499
1620660 1499
1620670 1499
1620680 1499
1620690 1498
1620700 1496
1620710 1496
1620720 1493
1620730 1490
1620740 1490
1620750 1489
1620760 1484
1620770 1484
1620780 1477
1620790 1473
1620800 1473
1620810 1468
1620820 1463
1620830 1458
1620840 1458
1620850 1453
1620860 1449
1620870 1449
1620880 1443
1620890 1438
1620900 1438
1620910 1436
1620920 1435
1620930 1435
1620940 1433
1620950 1431
1620960 1431
1620970 1429
1620980 1427
1620990 1427
1621000 1425
1621010 1423
1621020 1423
1621030 1421
1621040 1420
1621050 1420
1621060 1420
1621070 1418
1621080 1417
1621090 1417
1621100 1416
1621110 1416
1621120 1416
1621130 1416
1621140 1417
1621150 1417
1621160 1418
1621170 1419
1621180 1419
1621190 1421
1621200 1423
1621210 1423
1621220 1424
1621230 1425
1621240 1425
1621250 1426
1621260 1428
1621270 1428
1621280 1429
1621290 1430
1621300 1430
1621310 1431
1621320 1432
1621330 1432
1621340 1433
1621350 1434
1621360 1434
1621370 1434
1621380 1434
1621390 1434
1621400 1434
1621410 1434
1621420 1433
1621430 1433
1621440 1432
1621450 1431
1621460 1431
1621470 1431
1621480 1431
1621490 1431
1621500 1430
1621510 1429
1621520 1434
1621530 1432
1621540 1431
1621550 1431
1621560 1428
1621570 1426
1621580 1426
1621590 1423
1621600 1420
1621610 1417
1621620 1417
1621630 1413
1621640 1409
1621650 1409
1621660 1404
1621670 1401
1621680 1401
1621690 1396
1621700 1392
1621710 1392
1621720 1387
1621730 1382
1621740 1382
1621750 1377
1621760 1372
1621770 1372
1621780 1367
1621790 1362
1621800 1362
1621810 1356
1621820 1351
1621830 1351
1621840 1344
1621850 1340
1621860 1340
1621870 1338
1621880 1340
1621890 1344
1621900 1344
1621910 1348
1621920 1352
1621930 1352
1621940 1356
1621950 1360
1621960 1360
1621970 1364
1621980 1369
1621990 1369
1622000 1372
1622010 1374
1622020 1374
1622030 1371
1622040 1368
1622050 1368
1622060 1365
1622070 1362
1622080 1362
1622090 1358
1622100 1355
1622110 1355
1622120 1354
1622130 1355
1622140 1357
1622150 1357
1622160 1361
1622170 1366
1622180 1366
1622190 1371
1622200 1376
1622210 1376
1622220 1380
1622230 1383
1622240 1383
1622250 1386
1622260 1389
1622270 1389
1622280 1390
1622290 1391
1622300 1391
1622310 1392
1622320 1392
1622330 1392
1622340 1392
1622350 1391
1622360 1391
1622370 1389
1622380 1387
1622390 1387
1622400 1385
1622410 1382
1622420 1378
1622430 1378
1622440 1375
1622450 1376
1622460 1376
1622470 1375
1622480 1374
1622490 1374
1622500 1373
1622510 1372
1622520 1372
1622530 1370
1622540 1369
1622550 1369
1622560 1367
1622570 1365
1622580 1365
1622590 1363
1622600 1362
1622610 1362
1622620 1361
1622630 1360
1622640 1360
1622650 1360
1622660 1360
1622670 1361
1622680 1361
1622690 1361
1622700 1362
1622710 1362
1622720 1363
1622730 1364
1622740 1364
1622750 1365
1622760 1366
1622770 1366
1622780 1366
1622790 1366
1622800 1366
1622810 1366
1622820 1364
1622830 1364
1622840 1361
1622850 1357
1622860 1357
1622870 1354
1622880 1351
1622890 1351
1622900 1348
1622910 1344
1622920 1344
1622930 1341
1622940 1338
1622950 1338
1622960 1338
1622970 1338
1622980 1338
1622990 1338
1623000 1342
1623010 1345
1623020 1345
1623030 1350
1623040 1353
1623050 1353
1623060 1357
1623070 1360
1623080 1360
1623090 1363
1623100 1366
1623110 1366
1623120 1369
1623130 1372
1623140 1372
1623150 1375
1623160 1377
1623170 1377
1623180 1379
1623190 1381
1623200 1383
1623210 1383
1623220 1384
1623230 1386
1623240 1386
1623250 1387
1623260 1388
1623270 1388
1623280 1390
1623290 1390
1623300 1390
1623310 1391
1623320 1391
1623330 1391
1623340 1392
1623350 1392
1623360 1392
1623370 1396
1623380 1396
1623390 1396
1623400 1395
1623410 1395
1623420 1395
1623430 1394
1623440 1394
1623450 1394
1623460 1393
1623470 1393
1623480 1393
1623490 1393
1623500 1393
1623510 1394
1623520 1394
1623530 1394
1623540 1394
1623550 1394
1623560 1395
1623570 1395
1623580 1395
1623590 1395
1623600 1395
1623610 1395
1623620 1396
1623630 1396
1623640 1396
1623650 1396
1623660 1396
1623670 1396
1623680 1396
1623690 1397
1623700 1397
1623710 1397
1623720 1397
1623730 1398
1623740 1398
1623750 1399
1623760 1400
1623770 1400
1623780 1401
1623790 1402
1623800 1402
1623810 1402
1623820 1403
1623830 1403
1623840 1403
1623850 1403
1623860 1403
1623870 1402
1623880 1401
1623890 1401
1623900 1398
1623910 1393
1623920 1393
1623930 1387
1623940 1380
1623950 1380
1623960 1372
1623970 1365
1623980 1365
1623990 1357
1624000 1349
1624010 1341
1624020 1341
1624030 1333
1624040 1325
1624050 1325
1624060 1317
1624070 1310
1624080 1310
1624090 1302
1624100 1294
1624110 1294
1624120 1287
1624130 1279
1624140 1279
1624150 1270
1624160 1260
1624170 1260
1624180 1253
1624190 1245
1624200 1245
1624210 1237
1624220 1231
1624230 1231
1624240 1225
1624250 1219
1624260 1215
1624270 1215
1624280 1210
1624290 1207
1624300 1207
1624310 1204
1624320 1200
1624330 1200
1624340 1196
1624350 1192
1624360 1192
1624370 1188
1624380 1185
1624390 1185
1624400 1183
1624410 1181
1624420 1181
1624430 1176
1624440 1170
1624450 1170
1624460 1164
1624470 1160
1624480 1160
1624490 1159
1624500 1157
1624510 1157
1624520 1157
1624530 1157
1624540 1157
1624550 1157
1624560 1157
1624570 1157
1624580 1157
1624590 1157
1624600 1156
1624610 1156
1624620 1156
1624630 1156
1624640 1156
1624650 1156
1624660 1156
1624670 1156
1624680 1155
1624690 1154
1624700 1154
1624710 1155
1624720 1155
1624730 1155
1624740 1155
1624750 1155
1624760 1155
1624770 1155
1624780 1155
1624790 1155
1624800 1155
1624810 1155
1624820 1154
1624830 1154
1624840 1154
1624850 1155
1624860 1155
1624870 1155
1624880 1156
1624890 1156
1624900 1156
1624910 1157
1624920 1157
1624930 1158
1624940 1162
1624950 1162
1624960 1166
1624970 1170
1624980 1170
1624990 1175
1625000 1178
1625010 1178
1625020 1180
1625030 1183
1625040 1187
1625050 1187
1625060 1192
1625070 1198
1625080 1198
1625090 1205
1625100 1212
1625110 1212
1625120 1219
1625130 1228
1625140 1228
1625150 1238
1625160 1247
1625170 1247
1625180 1255
1625190 1263
1625200 1263
1625210 1271
1625220 1280
1625230 1280
1625240 1289
1625250 1298
1625260 1298
1625270 1306
1625280 1313
1625290 1313
1625300 1320
1625310 1328
1625320 1337
1625330 1337
1625340 1347
1625350 1355
1625360 1355
1625370 1362
1625380 1370
1625390 1370
1625400 1377
1625410 1384
1625420 1384
1625430 1390
1625440 1396
1625450 1396
1625460 1402
1625470 1407
1625480 1407
1625490 1413
1625500 1419
1625510 1419
1625520 1424
1625530 1430
1625540 1430
1625550 1435
1625560 1440
1625570 1445
1625580 1445
1625590 1449
1625600 1453
1625610 1453
1625620 1457
1625630 1461
1625640 1461
1625650 1466
1625660 1470
1625670 1470
1625680 1475
1625690 1479
1625700 1479
1625710 1481
1625720 1486
1625730 1486
1625740 1490
1625750 1493
1625760 1493
1625770 1497
1625780 1500
1625790 1500
1625800 1502
1625810 1504
1625820 1504
1625830 1505
1625840 1504
1625850 1504
1625860 1504
1625870 1504
1625880 1505
1625890 1505
1625900 1506
1625910 1507
1625920 1507
1625930 1508
1625940 1508
1625950 1508
1625960 1509
1625970 1509
1625980 1509
1625990 1507
1626000 1503
1626010 1503
1626020 1499
1626030 1495
1626040 1495
1626050 1490
1626060 1485
1626070 1485
1626080 1482
1626090 1475
1626100 1470
1626110 1470
1626120 1465
1626130 1460
1626140 1460
1626150 1455
1626160 1449
1626170 1449
1626180 1443
1626190 1438
1626200 1438
1626210 1432
1626220 1426
1626230 1426
1626240 1421
1626250 1415
1626260 1415
1626270 1408
1626280 1401
1626290 1401
1626300 1394
1626310 1388
1626320 1388
1626330 1382
1626340 1377
1626350 1377
1626360 1371
1626370 1366
1626380 1360
1626390 1360
1626400 1355
1626410 1349
1626420 1349
1626430 1343
1626440 1337
1626450 1337
1626460 1330
1626470 1324
1626480 1324
1626490 1318
1626500 1312
1626510 1312
1626520 1307
1626530 1301
1626540 1301
1626550 1296
1626560 1292
1626570 1292
1626580 1287
1626590 1283
1626600 1283
1626610 1279
1626620 1275
1626630 1271
1626640 1271
1626650 1270
1626660 1267
1626670 1267
1626680 1264
1626690 1261
1626700 1261
1626710 1258
1626720 1256
1626730 1256
1626740 1253
1626750 1250
1626760 1250
1626770 1247
1626780 1244
1626790 1244
1626800 1244
1626810 1244
1626820 1244
1626830 1244
1626840 1242
1626850 1242
1626860 1241
1626870 1241
1626880 1241
1626890 1240
1626900 1241
1626910 1244
1626920 1244
1626930 1246
1626940 1249
1626950 1249
1626960 1251
1626970 1252
1626980 1252
1626990 1256
1627000 1256
1627010 1256
1627020 1256
1627030 1256
1627040 1256
1627050 1255
1627060 1256
1627070 1256
1627080 1256
1627090 1257
1627100 1257
1627110 1257
1627120 1257
1627130 1257
1627140 1257
1627150 1257
1627160 1257
1627170 1257
1627180 1258
1627190 1258
1627200 1258
1627210 1258
1627220 1258
1627230 1258
1627240 1257
1627250 1257
1627260 1257
1627270 1257
1627280 1258
1627290 1258
1627300 1258
1627310 1259
1627320 1259
1627330 1260
1627340 1261
1627350 1261
1627360 1263
1627370 1264
1627380 1264
1627390 1265
1627400 1266
1627410 1266
1627420 1268
1627430 1267
1627440 1268
1627450 1268
1627460 1268
1627470 1269
1627480 1269
1627490 1270
1627500 1272
1627510 1272
1627520 1273
1627530 1274
1627540 1274
1627550 1275
1627560 1276
1627570 1276
1627580 1277
1627590 1278
1627600 1278
1627610 1280
1627620 1281
1627630 1281
1627640 1283
1627650 1285
1627660 1285
1627670 1287
1627680 1288
1627690 1289
1627700 1289
1627710 1291
1627720 1293
1627730 1293
1627740 1293
1627750 1294
1627760 1294
1627770 1295
1627780 1296
1627790 1296
1627800 1297
1627810 1298
1627820 1298
1627830 1299
1627840 1300
1627850 1300
1627860 1301
1627870 1301
1627880 1304
1627890 1305
1627900 1307
1627910 1307
1627920 1308
1627930 1309
1627940 1309
1627950 1311
1627960 1312
1627970 1313
1627980 1313
1627990 1315
1628000 1316
1628010 1316
1628020 1317
1628030 1319
1628040 1319
1628050 1320
1628060 1321
1628070 1321
1628080 1321
1628090 1322
1628100 1322
1628110 1322
1628120 1322
1628130 1322
1628140 1321
1628150 1321
1628160 1321
1628170 1320
1628180 1319
1628190 1319
1628200 1316
1628210 1313
1628220 1311
1628230 1311
1628240 1309
1628250 1308
1628260 1308
1628270 1308
1628280 1309
1628290 1309
1628300 1311
1628310 1312
1628320 1312
1628330 1314
1628340 1317
1628350 1317
1628360 1319
1628370 1321
1628380 1321
1628390 1323
1628400 1326
1628410 1326
1628420 1328
1628430 1330
1628440 1330
1628450 1331
1628460 1333
1628470 1333
1628480 1335
1628490 1337
1628500 1337
1628510 1337
1628520 1337
1628530 1336
1628540 1336
1628550 1334
1628560 1331
1628570 1331
1628580 1328
1628590 1324
1628600 1324
1628610 1320
1628620 1315
1628630 1315
1628640 1310
1628650 1305
1628660 1305
1628670 1299
1628680 1294
1628690 1294
1628700 1289
1628710 1284
1628720 1284
1628730 1279
1628740 1273
1628750 1269
1628760 1269
1628770 1264
1628780 1257
1628790 1257
1628800 1253
1628810 1252
1628820 1252
1628830 1254
1628840 1257
1628850 1257
1628860 1262
1628870 1268
1628880 1268
1628890 1270
1628900 1270
1628910 1270
1628920 1269
1628930 1266
1628940 1266
1628950 1263
1628960 1261
1628970 1261
1628980 1260
1628990 1262
1629000 1262
1629010 1263
1629020 1264
1629030 1266
1629040 1266
1629050 1269
1629060 1273
1629070 1273
1629080 1277
1629090 1281
1629100 1281
1629110 1285
1629120 1289
1629130 1289
1629140 1293
1629150 1298
1629160 1298
1629170 1302
1629180 1307
1629190 1307
1629200 1312
1629210 1316
1629220 1316
1629230 1320
1629240 1325
1629250 1325
1629260 1329
1629270 1333
1629280 1337
1629290 1337
1629300 1341
1629310 1345
1629320 1345
1629330 1349
1629340 1353
1629350 1353
1629360 1357
1629370 1360
1629380 1360
1629390 1364
1629400 1367
1629410 1367
1629420 1370
1629430 1373
1629440 1373
1629450 1376
1629460 1380
1629470 1380
1629480 1383
1629490 1386
1629500 1386
1629510 1389
1629520 1392
1629530 1392
1629540 1394
1629550 1397
1629560 1400
1629570 1400
1629580 1402
1629590 1404
1629600 1404
1629610 1406
1629620 1408
1629630 1408
1629640 1410
1629650 1412
1629660 1412
1629670 1414
1629680 1416
1629690 1416
1629700 1417
1629710 1419
1629720 1419
1629730 1420
1629740 1421
1629750 1421
1629760 1422
1629770 1423
1629780 1423
1629790 1423
1629800 1423
1629810 1423
1629820 1423
1629830 1422
1629840 1420
1629850 1420
1629860 1419
1629870 1417
1629880 1417
1629890 1416
1629900 1414
1629910 1414
1629920 1412
1629930 1409
1629940 1409
1629950 1406
1629960 1403
1629970 1403
1629980 1399
1629990 1396
1630000 1396
1630010 1392
1630020 1388
1630030 1388
1630040 1384
1630050 1381
1630060 1381
1630070 1377
1630080 1373
1630090 1369
1630100 1369
1630110 1365
1630120 1361
1630130 1361
1630140 1356
1630150 1353
1630160 1353
1630170 1349
1630180 1345
1630190 1345
1630200 1341
1630210 1337
1630220 1337
1630230 1333
1630240 1329
1630250 1329
1630260 1324
1630270 1320
1630280 1320
1630290 1314
1630300 1309
1630310 1309
1630320 1302
1630330 1297
1630340 1290
1630350 1290
1630360 1283
1630370 1277
1630380 1277
1630390 1270
1630400 1265
1630410 1265
1630420 1259
1630430 1253
1630440 1253
1630450 1248
1630460 1247
1630470 1247
1630480 1246
1630490 1245
1630500 1245
1630510 1244
1630520 1250
1630530 1250
1630540 1249
1630550 1248
1630560 1248
1630570 1248
1630580 1248
1630590 1248
1630600 1249
1630610 1249
1630620 1250
1630630 1250
1630640 1250
1630650 1248
1630660 1248
1630670 1242
1630680 1235
1630690 1235
1630700 1229
1630710 1223
1630720 1223
1630730 1218
1630740 1212
1630750 1212
1630760 1206
1630770 1202
1630780 1202
1630790 1198
1630800 1197
1630810 1197
1630820 1198
1630830 1200
1630840 1200
1630850 1205
1630860 1210
1630870 1214
1630880 1214
1630890 1219
1630900 1224
1630910 1224
1630920 1229
1630930 1235
1630940 1235
1630950 1240
1630960 1246
1630970 1246
1630980 1252
1630990 1257
1631000 1257
1631010 1262
1631020 1268
1631030 1268
1631040 1273
1631050 1278
1631060 1278
1631070 1283
1631080 1288
1631090 1288
1631100 1292
1631110 1297
1631120 1301
1631130 1301
1631140 1305
1631150 1309
1631160 1309
1631170 1313
1631180 1319
1631190 1319
1631200 1324
1631210 1329
1631220 1329
1631230 1334
1631240 1339
1631250 1339
1631260 1344
1631270 1349
1631280 1349
1631290 1355
1631300 1360
1631310 1360
1631320 1365
1631330 1370
1631340 1370
1631350 1375
1631360 1380
1631370 1380
1631380 1386
1631390 1391
1631400 1397
1631410 1397
1631420 1403
1631430 1409
1631440 1409
1631450 1416
1631460 1423
1631470 1423
1631480 1428
1631490 1434
1631500 1434
1631510 1439
1631520 1443
1631530 1443
1631540 1449
1631550 1455
1631560 1455
1631570 1459
1631580 1463
1631590 1463
1631600 1467
1631610 1471
1631620 1471
1631630 1474
1631640 1475
1631650 1475
1631660 1475
1631670 1475
1631680 1473
1631690 1473
1631700 1471
1631710 1470
1631720 1470
1631730 1468
1631740 1466
1631750 1466
1631760 1464
1631770 1461
1631780 1461
1631790 1458
1631800 1455
1631810 1455
1631820 1453
1631830 1450
1631840 1450
1631850 1448
1631860 1445
1631870 1445
1631880 1442
1631890 1439
1631900 1439
1631910 1435
1631920 1431
1631930 1427
1631940 1427
1631950 1423
1631960 1419
1631970 1419
1631980 1416
1631990 1412
1632000 1412
1632010 1409
1632020 1405
1632030 1405
1632040 1402
1632050 1399
1632060 1399
1632070 1396
1632080 1393
1632090 1393
1632100 1390
1632110 1387
1632120 1387
1632130 1384
1632140 1383
1632150 1383
1632160 1382
1632170 1381
1632180 1381
1632190 1381
1632200 1383
1632210 1384
1632220 1384
1632230 1384
1632240 1386
1632250 1390
1632260 1391
1632270 1393
1632280 1393
1632290 1395
1632300 1396
1632310 1396
1632320 1398
1632330 1400
1632340 1400
1632350 1401
1632360 1403
1632370 1403
1632380 1404
1632390 1405
1632400 1405
1632410 1406
1632420 1407
1632430 1407
1632440 1408
1632450 1408
1632460 1409
1632470 1409
1632480 1409
1632490 1409
1632500 1409
1632510 1408
1632520 1408
1632530 1408
1632540 1406
1632550 1405
1632560 1405
1632570 1403
1632580 1401
1632590 1401
1632600 1399
1632610 1397
1632620 1397
1632630 1395
1632640 1392
1632650 1392
1632660 1389
1632670 1386
1632680 1386
1632690 1384
1632700 1382
1632710 1380
1632720 1380
1632730 1378
1632740 1376
1632750 1376
1632760 1374
1632770 1372
1632780 1372
1632790 1369
1632800 1366
1632810 1366
1632820 1363
1632830 1360
1632840 1360
1632850 1357
1632860 1354
1632870 1354
1632880 1351
1632890 1349
1632900 1349
1632910 1346
1632920 1342
1632930 1342
1632940 1338
1632950 1334
1632960 1334
1632970 1328
1632980 1323
1632990 1317
1633000 1317
1633010 1311
1633020 1306
1633030 1306
1633040 1302
1633050 1297
1633060 1297
1633070 1292
1633080 1288
1633090 1288
1633100 1284
1633110 1274
1633120 1274
1633130 1270
1633140 1266
1633150 1266
1633160 1263
1633170 1258
1633180 1258
1633190 1254
1633200 1253
1633210 1253
1633220 1248
1633230 1240
1633240 1234
1633250 1234
1633260 1228
1633270 1222
1633280 1222
1633290 1216
1633300 1210
1633310 1210
1633320 1203
1633330 1196
1633340 1196
1633350 1190
1633360 1183
1633370 1183
1633380 1176
1633390 1169
1633400 1169
1633410 1159
1633420 1153
1633430 1153
1633440 1146
1633450 1139
1633460 1139
1633470 1133
1633480 1126
1633490 1126
1633500 1119
1633510 1112
1633520 1106
1633530 1106
1633540 1101
1633550 1096
1633560 1096
1633570 1092
1633580 1089
1633590 1089
1633600 1088
1633610 1087
1633620 1087
1633630 1083
1633640 1077
1633650 1077
1633660 1070
1633670 1064
1633680 1064
1633690 1058
1633700 1052
1633710 1052
1633720 1046
1633730 1041
1633740 1041
1633750 1035
1633760 1031
1633770 1026
1633780 1026
1633790 1020
1633800 1015
1633810 1015
1633820 1011
1633830 1009
1633840 1009
1633850 1007
1633860 1005
1633870 1005
1633880 1002
1633890 1000
1633900 1000
1633910 998
1633920 996
1633930 996
1633940 993
1633950 991
1633960 991
1633970 988
1633980 986
1633990 986
1634000 983
1634010 980
1634020 980
1634030 977
1634040 974
1634050 972
1634060 972
1634070 968
1634080 964
1634090 964
1634100 961
1634110 957
1634120 957
1634130 954
1634140 954
1634150 954
1634160 955
1634170 955
1634180 955
1634190 955
1634200 955
1634210 955
1634220 954
1634230 953
1634240 953
1634250 954
1634260 960
1634270 960
1634280 967
1634290 973
1634300 979
1634310 979
1634320 986
1634330 993
1634340 993
1634350 998
1634360 1004
1634370 1004
1634380 1009
1634390 1015
1634400 1015
1634410 1020
1634420 1024
1634430 1024
1634440 1028
1634450 1032
1634460 1032
1634470 1036
1634480 1041
1634490 1041
1634500 1046
1634510 1051
1634520 1051
1634530 1056
1634540 1062
1634550 1062
1634560 1068
1634570 1074
1634580 1081
1634590 1081
1634600 1087
1634610 1091
1634620 1091
1634630 1096
1634640 1100
1634650 1100
1634660 1104
1634670 1106
1634680 1106
1634690 1109
1634700 1113
1634710 1113
1634720 1117
1634730 1122
1634740 1122
1634750 1126
1634760 1131
1634770 1131
1634780 1136
1634790 1141
1634800 1141
1634810 1145
1634820 1153
1634830 1159
1634840 1159
1634850 1162
1634860 1165
1634870 1165
1634880 1169
1634890 1173
1634900 1173
1634910 1176
1634920 1180
1634930 1180
1634940 1184
1634950 1189
1634960 1189
1634970 1193
1634980 1198
1634990 1198
1635000 1203
1635010 1206
1635020 1206
1635030 1210
1635040 1214
1635050 1214
1635060 1217
1635070 1222
1635080 1222
1635090 1227
1635100 1233
1635110 1239
1635120 1239
1635130 1244
1635140 1250
1635150 1250
1635160 1251
1635170 1251
1635180 1251
1635190 1251
1635200 1249
1635210 1249
1635220 1247
1635230 1246
1635240 1246
1635250 1244
1635260 1242
1635270 1242
1635280 1239
1635290 1238
1635300 1238
1635310 1237
1635320 1236
1635330 1236
1635340 1235
1635350 1234
1635360 1232
1635370 1232
1635380 1231
1635390 1228
1635400 1228
1635410 1226
1635420 1224
1635430 1224
1635440 1222
1635450 1219
1635460 1219
1635470 1217
1635480 1215
1635490 1215
1635500 1214
1635510 1214
1635520 1214
1635530 1213
1635540 1212
1635550 1212
1635560 1212
1635570 1212
1635580 1212
1635590 1211
1635600 1211
1635610 1211
1635620 1211
1635630 1211
1635640 1211
1635650 1211
1635660 1214
1635670 1213
1635680 1213
1635690 1212
1635700 1211
1635710 1211
1635720 1208
1635730 1206
1635740 1206
1635750 1203
1635760 1200
1635770 1200
1635780 1197
1635790 1191
1635800 1191
1635810 1186
1635820 1181
1635830 1181
1635840 1176
1635850 1171
1635860 1171
1635870 1166
1635880 1163
1635890 1159
1635900 1159
1635910 1156
1635920 1153
1635930 1153
1635940 1151
1635950 1147
1635960 1147
1635970 1144
1635980 1141
1635990 1141
1636000 1139
1636010 1136
1636020 1136
1636030 1133
1636040 1130
1636050 1130
1636060 1127
1636070 1123
1636080 1123
1636090 1120
1636100 1116
1636110 1116
1636120 1113
1636130 1109
1636140 1109
1636150 1105
1636160 1102
1636170 1099
1636180 1099
1636190 1096
1636200 1093
1636210 1093
1636220 1090
1636230 1087
1636240 1087
1636250 1084
1636260 1080
1636270 1080
1636280 1077
1636290 1073
1636300 1073
1636310 1069
1636320 1066
1636330 1066
1636340 1063
1636350 1059
1636360 1059
1636370 1056
1636380 1053
1636390 1053
1636400 1050
1636410 1048
1636420 1045
1636430 1045
1636440 1042
1636450 1038
1636460 1038
1636470 1036
1636480 1031
1636490 1031
1636500 1029
1636510 1024
1636520 1024
1636530 1020
1636540 1015
1636550 1015
1636560 1011
1636570 1009
1636580 1009
1636590 1007
1636600 1005
1636610 1005
1636620 1002
1636630 999
1636640 999
1636650 996
1636660 994
1636670 994
1636680 992
1636690 989
1636700 986
1636710 986
1636720 984
1636730 981
1636740 981
1636750 979
1636760 976
1636770 976
1636780 972
1636790 969
1636800 969
1636810 967
1636820 965
1636830 965
1636840 964
1636850 964
1636860 964
1636870 963
1636880 963
1636890 963
1636900 963
1636910 963
1636920 963
1636930 963
1636940 963
1636950 964
1636960 964
1636970 963
1636980 963
1636990 963
1637000 963
1637010 963
1637020 963
1637030 966
1637040 969
1637050 969
1637060 973
1637070 975
1637080 975
1637090 977
1637100 979
1637110 979
1637120 981
1637130 983
1637140 983
1637150 984
1637160 985
1637170 985
1637180 985
1637190 985
1637200 985
1637210 986
1637220 986
1637230 987
1637240 987
1637250 987
1637260 988
1637270 988
1637280 989
1637290 989
1637300 989
1637310 990
1637320 990
1637330 990
1637340 992
1637350 992
1637360 992
1637370 992
1637380 992
1637390 992
1637400 992
1637410 992
1637420 992
1637430 992
1637440 992
1637450 992
1637460 992
1637470 992
1637480 992
1637490 992
1637500 992
1637510 992
1637520 992
1637530 992
1637540 991
1637550 991
1637560 991
1637570 992
1637580 992
1637590 992
1637600 992
1637610 992
1637620 992
1637630 992
1637640 992
1637650 992
1637660 992
1637670 992
1637680 992
1637690 993
1637700 993
1637710 996
1637720 999
1637730 999
1637740 1002
1637750 1005
1637760 1007
1637770 1007
1637780 1011
1637790 1013
1637800 1013
1637810 1017
1637820 1019
1637830 1019
1637840 1021
1637850 1023
1637860 1023
1637870 1024
1637880 1026
1637890 1026
1637900 1027
1637910 1028
1637920 1028
1637930 1029
1637940 1028
1637950 1028
1637960 1026
1637970 1023
1637980 1023
1637990 1019
1638000 1016
1638010 1013
1638020 1013
1638030 1011
1638040 1010
1638050 1010
1638060 1008
1638070 1007
1638080 1007
1638090 1005
1638100 1002
1638110 1002
1638120 1000
1638130 1001
1638140 1001
1638150 1002
1638160 1005
1638170 1009
1638180 1011
1638190 1012
1638200 1012
1638210 1014
1638220 1016
1638230 1016
1638240 1018
1638250 1020
1638260 1020
1638270 1021
1638280 1023
1638290 1024
1638300 1024
1638310 1025
1638320 1026
1638330 1026
1638340 1026
1638350 1027
1638360 1027
1638370 1026
1638380 1026
1638390 1026
1638400 1026
1638410 1025
1638420 1025
1638430 1025
1638440 1024
1638450 1024
1638460 1024
1638470 1023
1638480 1023
1638490 1021
1638500 1020
1638510 1020
1638520 1018
1638530 1018
1638540 1018
1638550 1018
1638560 1018
1638570 1017
1638580 1017
1638590 1016
1638600 1016
1638610 1016
1638620 1016
1638630 1017
1638640 1017
1638650 1016
1638660 1016
1638670 1016
1638680 1017
1638690 1016
1638700 1016
1638710 1016
1638720 1015
1638730 1015
1638740 1015
1638750 1014
1638760 1014
1638770 1014
1638780 1014
1638790 1014
1638800 1013
1638810 1012
1638820 1010
1638830 1010
1638840 1009
1638850 1005
1638860 1005
1638870 998
1638880 999
1638890 999
1638900 1000
1638910 1000
1638920 1000
1638930 1000
1638940 1000
1638950 1000
1638960 1001
1638970 1002
1638980 1002
1638990 1004
1639000 1007
1639010 1007
1639020 1010
1639030 1013
1639040 1013
1639050 1016
1639060 1019
1639070 1023
1639080 1023
1639090 1027
1639100 1030
1639110 1030
1639120 1033
1639130 1037
1639140 1037
1639150 1041
1639160 1045
1639170 1045
1639180 1048
1639190 1051
1639200 1051
1639210 1054
1639220 1056
1639230 1056
1639240 1059
1639250 1061
1639260 1061
1639270 1064
1639280 1066
1639290 1066
1639300 1068
1639310 1070
1639320 1070
1639330 1072
1639340 1073
1639350 1073
1639360 1073
1639370 1075
1639380 1077
1639390 1077
1639400 1079
1639410 1080
1639420 1080
1639430 1081
1639440 1082
1639450 1082
1639460 1083
1639470 1084
1639480 1084
1639490 1085
1639500 1086
1639510 1086
1639520 1088
1639530 1089
1639540 1089
1639550 1089
1639560 1090
1639570 1090
1639580 1090
1639590 1091
1639600 1091
1639610 1091
1639620 1092
1639630 1093
1639640 1093
1639650 1094
1639660 1094
1639670 1094
1639680 1095
1639690 1096
1639700 1096
1639710 1097
1639720 1098
1639730 1098
1639740 1099
1639750 1100
1639760 1100
1639770 1101
1639780 1101
1639790 1101
1639800 1102
1639810 1103
1639820 1106
1639830 1107
1639840 1107
1639850 1107
1639860 1106
1639870 1106
1639880 1105
1639890 1105
1639900 1104
1639910 1103
1639920 1103
1639930 1102
1639940 1099
1639950 1099
1639960 1094
1639970 1090
1639980 1090
1639990 1085
