1620000 1628
1620010 1628
1620020 1624
1620030 1621
1620040 1621
1620050 1619
1620060 1615
1620070 1615
1620080 1612
1620090 1608
1620100 1608
1620110 1604
1620120 1600
1620130 1600
1620140 1598
1620150 1595
1620160 1593
1620170 1593
1620180 1591
1620190 1589
1620200 1589
1620210 1589
1620220 1588
1620230 1588
1620240 1587
1620250 1585
1620260 1585
1620270 1584
1620280 1583
1620290 1583
1620300 1581
1620310 1579
1620320 1579
1620330 1577
1620340 1575
1620350 1575
1620360 1573
1620370 1571
1620380 1571
1620390 1568
1620400 1565
1620410 1562
1620420 1562
1620430 1559
1620440 1558
1620450 1558
1620460 1558
1620470 1559
1620480 1559
1620490 1559
1620500 1557
1620510 1557
1620520 1553
1620530 1551
1620540 1551
1620550 1550
1620560 1550
1620570 1550
1620580 1550
1620590 1549
1620600 1549
1620610 1549
1620620 1549
1620630 1549
1620640 1548
1620650 1547
1620660 1547
1620670 1545
1620680 1543
1620690 1542
1620700 1542
1620710 1541
1620720 1540
1620730 1540
1620740 1538
1620750 1537
1620760 1537
1620770 1536
1620780 1534
1620790 1534
1620800 1533
1620810 1530
1620820 1530
1620830 1527
1620840 1524
1620850 1524
1620860 1522
1620870 1519
1620880 1519
1620890 1516
1620900 1515
1620910 1515
1620920 1515
1620930 1515
1620940 1515
1620950 1514
1620960 1514
1620970 1513
1620980 1513
1620990 1511
1621000 1509
1621010 1509
1621020 1508
1621030 1506
1621040 1506
1621050 1505
1621060 1503
1621070 1503
1621080 1503
1621090 1502
1621100 1502
1621110 1502
1621120 1500
1621130 1500
1621140 1498
1621150 1497
1621160 1497
1621170 1495
1621180 1492
1621190 1492
1621200 1490
1621210 1489
1621220 1488
1621230 1488
1621240 1487
1621250 1486
1621260 1486
1621270 1486
1621280 1485
1621290 1485
1621300 1485
1621310 1484
1621320 1484
1621330 1485
1621340 1485
1621350 1485
1621360 1485
1621370 1484
1621380 1484
1621390 1484
1621400 1485
1621410 1485
1621420 1485
1621430 1486
1621440 1486
1621450 1482
1621460 1481
1621470 1481
1621480 1482
1621490 1483
1621500 1483
1621510 1483
1621520 1483
1621530 1482
1621540 1482
1621550 1482
1621560 1482
1621570 1482
1621580 1482
1621590 1481
1621600 1481
1621610 1479
1621620 1477
1621630 1477
1621640 1477
1621650 1477
1621660 1477
1621670 1476
1621680 1476
1621690 1476
1621700 1475
1621710 1474
1621720 1474
1621730 1474
1621740 1474
1621750 1474
1621760 1475
1621770 1475
1621780 1475
1621790 1475
1621800 1476
1621810 1478
1621820 1478
1621830 1478
1621840 1479
1621850 1479
1621860 1479
1621870 1478
1621880 1478
1621890 1478
1621900 1477
1621910 1477
1621920 1476
1621930 1475
1621940 1475
1621950 1473
1621960 1473
1621970 1473
1621980 1473
1621990 1474
1622000 1474
1622010 1474
1622020 1475
1622030 1476
1622040 1476
1622050 1477
1622060 1477
1622070 1477
1622080 1475
1622090 1474
1622100 1474
1622110 1473
1622120 1471
1622130 1471
1622140 1470
1622150 1469
1622160 1469
1622170 1467
1622180 1467
1622190 1467
1622200 1469
1622210 1471
1622220 1471
1622230 1472
1622240 1474
1622250 1474
1622260 1477
1622270 1478
1622280 1478
1622290 1479
1622300 1480
1622310 1483
1622320 1483
1622330 1486
1622340 1488
1622350 1488
1622360 1488
1622370 1487
1622380 1487
1622390 1486
1622400 1484
1622410 1484
1622420 1484
1622430 1484
1622440 1484
1622450 1483
1622460 1480
1622470 1480
1622480 1478
1622490 1475
1622500 1475
1622510 1471
1622520 1468
1622530 1468
1622540 1465
1622550 1462
1622560 1462
1622570 1457
1622580 1452
1622590 1446
1622600 1446
1622610 1440
1622620 1434
1622630 1434
1622640 1428
1622650 1423
1622660 1423
1622670 1417
1622680 1410
1622690 1410
1622700 1404
1622710 1399
1622720 1399
1622730 1394
1622740 1389
1622750 1389
1622760 1384
1622770 1379
1622780 1379
1622790 1374
1622800 1369
1622810 1369
1622820 1365
1622830 1360
1622840 1356
1622850 1356
1622860 1352
1622870 1347
1622880 1347
1622890 1342
1622900 1337
1622910 1337
1622920 1333
1622930 1329
1622940 1329
1622950 1325
1622960 1320
1622970 1320
1622980 1315
1622990 1310
1623000 1310
1623010 1306
1623020 1301
1623030 1301
1623040 1296
1623050 1292
1623060 1292
1623070 1287
1623080 1284
1623090 1284
1623100 1281
1623110 1277
1623120 1273
1623130 1273
1623140 1269
1623150 1265
1623160 1265
1623170 1261
1623180 1257
1623190 1257
1623200 1253
1623210 1247
1623220 1247
1623230 1241
1623240 1236
1623250 1236
1623260 1231
1623270 1227
1623280 1227
1623290 1223
1623300 1215
1623310 1215
1623320 1211
1623330 1208
1623340 1208
1623350 1206
1623360 1205
1623370 1205
1623380 1204
1623390 1204
1623400 1204
1623410 1204
1623420 1204
1623430 1204
1623440 1204
1623450 1204
1623460 1203
1623470 1203
1623480 1203
1623490 1203
1623500 1203
1623510 1204
1623520 1203
1623530 1203
1623540 1203
1623550 1202
1623560 1202
1623570 1202
1623580 1202
1623590 1202
1623600 1202
1623610 1202
1623620 1202
1623630 1202
1623640 1202
1623650 1201
1623660 1201
1623670 1201
1623680 1201
1623690 1201
1623700 1201
1623710 1201
1623720 1201
1623730 1201
1623740 1203
1623750 1203
1623760 1204
1623770 1206
1623780 1206
1623790 1208
1623800 1209
1623810 1209
1623820 1211
1623830 1214
1623840 1214
1623850 1218
1623860 1222
1623870 1222
1623880 1225
1623890 1229
1623900 1229
1623910 1233
1623920 1238
1623930 1243
1623940 1243
1623950 1249
1623960 1254
1623970 1254
1623980 1259
1623990 1264
1624000 1264
1624010 1270
1624020 1276
1624030 1276
1624040 1281
1624050 1287
1624060 1287
1624070 1293
1624080 1298
1624090 1298
1624100 1304
1624110 1309
1624120 1309
1624130 1314
1624140 1318
1624150 1318
1624160 1324
1624170 1330
1624180 1330
1624190 1338
1624200 1343
1624210 1351
1624220 1352
1624230 1359
1624240 1366
1624250 1366
1624260 1373
1624270 1381
1624280 1381
1624290 1388
1624300 1394
1624310 1394
1624320 1399
1624330 1405
1624340 1405
1624350 1411
1624360 1416
1624370 1416
1624380 1420
1624390 1423
1624400 1423
1624410 1425
1624420 1425
1624430 1425
1624440 1428
1624450 1433
1624460 1438
1624470 1438
1624480 1443
1624490 1447
1624500 1447
1624510 1450
1624520 1454
1624530 1454
1624540 1457
1624550 1461
1624560 1461
1624570 1463
1624580 1465
1624590 1465
1624600 1469
1624610 1474
1624620 1474
1624630 1479
1624640 1481
1624650 1481
1624660 1485
1624670 1489
1624680 1489
1624690 1494
1624700 1499
1624710 1499
1624720 1504
1624730 1509
1624740 1514
1624750 1514
1624760 1519
1624770 1524
1624780 1524
1624790 1530
1624800 1535
1624810 1535
1624820 1540
1624830 1545
1624840 1545
1624850 1551
1624860 1556
1624870 1556
1624880 1561
1624890 1567
1624900 1567
1624910 1572
1624920 1578
1624930 1578
1624940 1584
1624950 1590
1624960 1590
1624970 1597
1624980 1605
1624990 1605
1625000 1609
1625010 1615
1625020 1621
1625030 1621
1625040 1627
1625050 1632
1625060 1632
1625070 1637
1625080 1643
1625090 1643
1625100 1647
1625110 1651
1625120 1655
1625130 1659
1625140 1662
1625150 1662
1625160 1666
1625170 1670
1625180 1670
1625190 1673
1625200 1676
1625210 1676
1625220 1679
1625230 1681
1625240 1681
1625250 1683
1625260 1684
1625270 1685
1625280 1685
1625290 1686
1625300 1687
1625310 1687
1625320 1688
1625330 1689
1625340 1689
1625350 1690
1625360 1691
1625370 1691
1625380 1692
1625390 1693
1625400 1693
1625410 1693
1625420 1694
1625430 1694
1625440 1694
1625450 1695
1625460 1695
1625470 1697
1625480 1700
1625490 1700
1625500 1705
1625510 1710
1625520 1710
1625530 1716
1625540 1722
1625550 1728
1625560 1728
1625570 1734
1625580 1741
1625590 1741
1625600 1748
1625610 1754
1625620 1754
1625630 1759
1625640 1763
1625650 1763
1625660 1768
1625670 1773
1625680 1773
1625690 1779
1625700 1784
1625710 1784
1625720 1789
1625730 1794
1625740 1794
1625750 1799
1625760 1805
1625770 1805
1625780 1810
1625790 1815
1625800 1821
1625810 1821
1625820 1826
1625830 1830
1625840 1830
1625850 1833
1625860 1836
1625870 1836
1625880 1838
1625890 1841
1625900 1841
1625910 1844
1625920 1848
1625930 1848
1625940 1852
1625950 1856
1625960 1856
1625970 1860
1625980 1863
1625990 1863
1626000 1866
1626010 1868
1626020 1868
1626030 1872
1626040 1873
1626050 1873
1626060 1874
1626070 1874
1626080 1875
1626090 1875
1626100 1876
1626110 1876
1626120 1876
1626130 1876
1626140 1875
1626150 1875
1626160 1874
1626170 1872
1626180 1872
1626190 1870
1626200 1868
1626210 1868
1626220 1865
1626230 1863
1626240 1863
1626250 1864
1626260 1862
1626270 1862
1626280 1859
1626290 1855
1626300 1855
1626310 1853
1626320 1851
1626330 1851
1626340 1848
1626350 1845
1626360 1841
1626370 1841
1626380 1838
1626390 1834
1626400 1834
1626410 1831
1626420 1828
1626430 1828
1626440 1825
1626450 1822
1626460 1822
1626470 1820
1626480 1818
1626490 1818
1626500 1816
1626510 1815
1626520 1815
1626530 1814
1626540 1813
1626550 1813
1626560 1811
1626570 1810
1626580 1810
1626590 1808
1626600 1807
1626610 1806
1626620 1806
1626630 1805
1626640 1804
1626650 1804
1626660 1804
1626670 1803
1626680 1803
1626690 1802
1626700 1801
1626710 1801
1626720 1799
1626730 1799
1626740 1799
1626750 1799
1626760 1798
1626770 1798
1626780 1797
1626790 1796
1626800 1796
1626810 1795
1626820 1793
1626830 1793
1626840 1791
1626850 1789
1626860 1789
1626870 1787
1626880 1784
1626890 1781
1626900 1781
1626910 1777
1626920 1773
1626930 1773
1626940 1766
1626950 1760
1626960 1760
1626970 1754
1626980 1749
1626990 1749
1627000 1747
1627010 1746
1627020 1746
1627030 1746
1627040 1748
1627050 1748
1627060 1748
1627070 1749
1627080 1749
1627090 1750
1627100 1750
1627110 1750
1627120 1750
1627130 1749
1627140 1749
1627150 1750
1627160 1750
1627170 1749
1627180 1749
1627190 1750
1627200 1751
1627210 1751
1627220 1751
1627230 1752
1627240 1752
1627250 1751
1627260 1748
1627270 1748
1627280 1747
1627290 1745
1627300 1745
1627310 1747
1627320 1750
1627330 1750
1627340 1750
1627350 1749
1627360 1749
1627370 1748
1627380 1747
1627390 1747
1627400 1747
1627410 1747
1627420 1747
1627430 1747
1627440 1746
1627450 1744
1627460 1744
1627470 1744
1627480 1744
1627490 1744
1627500 1744
1627510 1744
1627520 1744
1627530 1745
1627540 1747
1627550 1747
1627560 1749
1627570 1751
1627580 1751
1627590 1751
1627600 1753
1627610 1753
1627620 1756
1627630 1758
1627640 1758
1627650 1760
1627660 1761
1627670 1761
1627680 1762
1627690 1764
1627700 1765
1627710 1765
1627720 1764
1627730 1763
1627740 1763
1627750 1760
1627760 1759
1627770 1759
1627780 1760
1627790 1761
1627800 1761
1627810 1763
1627820 1767
1627830 1767
1627840 1768
1627850 1770
1627860 1770
1627870 1772
1627880 1773
1627890 1773
1627900 1776
1627910 1779
1627920 1779
1627930 1783
1627940 1787
1627950 1787
1627960 1791
1627970 1794
1627980 1795
1627990 1795
1628000 1797
1628010 1799
1628020 1799
1628030 1801
1628040 1804
1628050 1804
1628060 1808
1628070 1813
1628080 1813
1628090 1818
1628100 1825
1628110 1825
1628120 1830
1628130 1836
1628140 1836
1628150 1840
1628160 1845
1628170 1845
1628180 1851
1628190 1855
1628200 1855
1628210 1859
1628220 1864
1628230 1870
1628240 1870
1628250 1876
1628260 1880
1628270 1880
1628280 1885
1628290 1889
1628300 1889
1628310 1893
1628320 1897
1628330 1897
1628340 1902
1628350 1906
1628360 1906
1628370 1910
1628380 1914
1628390 1914
1628400 1916
1628410 1919
1628420 1919
1628430 1922
1628440 1924
1628450 1924
1628460 1927
1628470 1929
1628480 1929
1628490 1932
1628500 1934
1628510 1937
1628520 1937
1628530 1939
1628540 1941
1628550 1941
1628560 1943
1628570 1944
1628580 1944
1628590 1946
1628600 1947
1628610 1947
1628620 1948
1628630 1949
1628640 1949
1628650 1950
1628660 1951
1628670 1951
1628680 1952
1628690 1952
1628700 1952
1628710 1952
1628720 1952
1628730 1952
1628740 1952
1628750 1951
1628760 1951
1628770 1951
1628780 1950
1628790 1949
1628800 1949
1628810 1948
1628820 1947
1628830 1947
1628840 1946
1628850 1944
1628860 1944
1628870 1943
1628880 1941
1628890 1941
1628900 1939
1628910 1938
1628920 1938
1628930 1936
1628940 1934
1628950 1934
1628960 1932
1628970 1929
1628980 1929
1628990 1926
1629000 1924
1629010 1924
1629020 1921
1629030 1918
1629040 1916
1629050 1916
1629060 1913
1629070 1909
1629080 1909
1629090 1905
1629100 1901
1629110 1901
1629120 1897
1629130 1894
1629140 1894
1629150 1890
1629160 1886
1629170 1886
1629180 1883
1629190 1879
1629200 1879
1629210 1876
1629220 1872
1629230 1872
1629240 1868
1629250 1864
1629260 1864
1629270 1860
1629280 1857
1629290 1857
1629300 1854
1629310 1850
1629320 1845
1629330 1845
1629340 1841
1629350 1838
1629360 1838
1629370 1835
1629380 1830
1629390 1830
1629400 1826
1629410 1822
1629420 1822
1629430 1819
1629440 1816
1629450 1816
1629460 1813
1629470 1810
1629480 1810
1629490 1808
1629500 1803
1629510 1803
1629520 1800
1629530 1796
1629540 1796
1629550 1790
1629560 1782
1629570 1782
1629580 1782
1629590 1777
1629600 1772
1629610 1772
1629620 1765
1629630 1756
1629640 1756
1629650 1747
1629660 1742
1629670 1742
1629680 1739
1629690 1741
1629700 1741
1629710 1739
1629720 1737
1629730 1737
1629740 1734
1629750 1731
1629760 1731
1629770 1726
1629780 1717
1629790 1717
1629800 1710
1629810 1702
1629820 1702
1629830 1700
1629840 1699
1629850 1693
1629860 1693
1629870 1689
1629880 1689
1629890 1689
1629900 1681
1629910 1678
1629920 1678
1629930 1679
1629940 1684
1629950 1684
1629960 1682
1629970 1673
1629980 1673
1629990 1672
1630000 1673
1630010 1673
1630020 1673
1630030 1677
1630040 1677
1630050 1678
1630060 1674
1630070 1674
1630080 1675
1630090 1677
1630100 1677
1630110 1678
1630120 1678
1630130 1680
1630140 1680
1630150 1680
1630160 1679
1630170 1679
1630180 1674
1630190 1670
1630200 1670
1630210 1664
1630220 1656
1630230 1656
1630240 1646
1630250 1638
1630260 1638
1630270 1629
1630280 1625
1630290 1625
1630300 1623
1630310 1620
1630320 1620
1630330 1616
1630340 1612
1630350 1612
1630360 1607
1630370 1599
1630380 1599
1630390 1594
1630400 1591
1630410 1588
1630420 1588
1630430 1585
1630440 1583
1630450 1583
1630460 1581
1630470 1576
1630480 1576
1630490 1572
1630500 1567
1630510 1567
1630520 1563
1630530 1559
1630540 1559
1630550 1552
1630560 1547
1630570 1547
1630580 1542
1630590 1537
1630600 1537
1630610 1531
1630620 1526
1630630 1526
1630640 1520
1630650 1515
1630660 1510
1630670 1510
1630680 1504
1630690 1498
1630700 1498
1630710 1492
1630720 1486
1630730 1486
1630740 1480
1630750 1474
1630760 1474
1630770 1470
1630780 1468
1630790 1468
1630800 1466
1630810 1466
1630820 1466
1630830 1468
1630840 1469
1630850 1469
1630860 1471
1630870 1472
1630880 1472
1630890 1474
1630900 1475
1630910 1475
1630920 1476
1630930 1477
1630940 1478
1630950 1478
1630960 1478
1630970 1478
1630980 1478
1630990 1479
1631000 1479
1631010 1479
1631020 1479
1631030 1479
1631040 1479
1631050 1478
1631060 1478
1631070 1478
1631080 1477
1631090 1477
1631100 1477
1631110 1477
1631120 1476
1631130 1476
1631140 1475
1631150 1474
1631160 1474
1631170 1474
1631180 1474
1631190 1474
1631200 1474
1631210 1474
1631220 1474
1631230 1474
1631240 1473
1631250 1473
1631260 1473
1631270 1473
1631280 1472
1631290 1472
1631300 1472
1631310 1470
1631320 1470
1631330 1474
1631340 1473
1631350 1473
1631360 1471
1631370 1470
1631380 1470
1631390 1468
1631400 1466
1631410 1466
1631420 1464
1631430 1462
1631440 1462
1631450 1460
1631460 1458
1631470 1455
1631480 1455
1631490 1453
1631500 1450
1631510 1450
1631520 1447
1631530 1446
1631540 1446
1631550 1445
1631560 1443
1631570 1443
1631580 1441
1631590 1440
1631600 1440
1631610 1438
1631620 1437
1631630 1437
1631640 1436
1631650 1434
1631660 1434
1631670 1432
1631680 1431
1631690 1431
1631700 1430
1631710 1428
1631720 1428
1631730 1425
1631740 1423
1631750 1420
1631760 1420
1631770 1419
1631780 1418
1631790 1418
1631800 1416
1631810 1415
1631820 1415
1631830 1415
1631840 1414
1631850 1414
1631860 1414
1631870 1413
1631880 1413
1631890 1412
1631900 1411
1631910 1411
1631920 1411
1631930 1411
1631940 1411
1631950 1412
1631960 1413
1631970 1413
1631980 1414
1631990 1414
1632000 1414
1632010 1415
1632020 1417
1632030 1419
1632040 1419
1632050 1420
1632060 1422
1632070 1422
1632080 1423
1632090 1425
1632100 1425
1632110 1426
1632120 1427
1632130 1427
1632140 1428
1632150 1429
1632160 1429
1632170 1430
1632180 1430
1632190 1433
1632200 1431
1632210 1427
1632220 1427
1632230 1424
1632240 1419
1632250 1419
1632260 1414
1632270 1408
1632280 1403
1632290 1403
1632300 1397
1632310 1391
1632320 1391
1632330 1385
1632340 1379
1632350 1379
1632360 1373
1632370 1368
1632380 1368
1632390 1362
1632400 1357
1632410 1357
1632420 1350
1632430 1345
1632440 1345
1632450 1338
1632460 1332
1632470 1332
1632480 1327
1632490 1321
1632500 1321
1632510 1315
1632520 1309
1632530 1309
1632540 1303
1632550 1297
1632560 1291
1632570 1291
1632580 1284
1632590 1279
1632600 1279
1632610 1272
1632620 1267
1632630 1267
1632640 1261
1632650 1255
1632660 1255
1632670 1250
1632680 1244
1632690 1244
1632700 1237
1632710 1231
1632720 1231
1632730 1223
1632740 1215
1632750 1215
1632760 1208
1632770 1201
1632780 1201
1632790 1195
1632800 1190
1632810 1190
1632820 1186
1632830 1181
1632840 1176
1632850 1176
1632860 1171
1632870 1166
1632880 1166
1632890 1162
1632900 1157
1632910 1157
1632920 1155
1632930 1152
1632940 1152
1632950 1149
1632960 1145
1632970 1145
1632980 1145
1632990 1144
1633000 1144
1633010 1140
1633020 1134
1633030 1134
1633040 1128
1633050 1119
1633060 1116
1633070 1109
1633080 1107
1633090 1107
1633100 1105
1633110 1103
1633120 1098
1633130 1098
1633140 1093
1633150 1089
1633160 1089
1633170 1086
1633180 1081
1633190 1081
1633200 1077
1633210 1074
1633220 1074
1633230 1073
1633240 1071
1633250 1071
1633260 1070
1633270 1069
1633280 1069
1633290 1068
1633300 1066
1633310 1066
1633320 1064
1633330 1063
1633340 1063
1633350 1064
1633360 1064
1633370 1066
1633380 1066
1633390 1067
1633400 1069
1633410 1069
1633420 1072
1633430 1073
1633440 1073
1633450 1075
1633460 1079
1633470 1079
1633480 1083
1633490 1087
1633500 1087
1633510 1091
1633520 1096
1633530 1096
1633540 1101
1633550 1107
1633560 1107
1633570 1113
1633580 1120
1633590 1120
1633600 1127
1633610 1134
1633620 1134
1633630 1141
1633640 1147
1633650 1153
1633660 1153
1633670 1159
1633680 1164
1633690 1164
1633700 1170
1633710 1176
1633720 1176
1633730 1183
1633740 1189
1633750 1189
1633760 1197
1633770 1205
1633780 1205
1633790 1214
1633800 1221
1633810 1221
1633820 1229
1633830 1237
1633840 1237
1633850 1245
1633860 1253
1633870 1253
1633880 1261
1633890 1270
1633900 1270
1633910 1281
1633920 1286
1633930 1292
1633940 1292
1633950 1299
1633960 1306
1633970 1306
1633980 1312
1633990 1318
1634000 1318
1634010 1325
1634020 1331
1634030 1331
1634040 1338
1634050 1345
1634060 1345
1634070 1352
1634080 1360
1634090 1360
1634100 1367
1634110 1375
1634120 1375
1634130 1381
1634140 1383
1634150 1383
1634160 1387
1634170 1392
1634180 1399
1634190 1399
1634200 1406
1634210 1414
1634220 1414
1634230 1422
1634240 1428
1634250 1428
1634260 1436
1634270 1444
1634280 1444
1634290 1452
1634300 1458
1634310 1458
1634320 1463
1634330 1468
1634340 1468
1634350 1472
1634360 1477
1634370 1477
1634380 1483
1634390 1491
1634400 1491
1634410 1498
1634420 1506
1634430 1506
1634440 1513
1634450 1519
1634460 1526
1634470 1526
1634480 1533
1634490 1539
1634500 1539
1634510 1545
1634520 1552
1634530 1552
1634540 1558
1634550 1564
1634560 1564
1634570 1570
1634580 1576
1634590 1576
1634600 1582
1634610 1587
1634620 1587
1634630 1594
1634640 1599
1634650 1599
1634660 1603
1634670 1607
1634680 1607
1634690 1609
1634700 1610
1634710 1610
1634720 1611
1634730 1611
1634740 1610
1634750 1610
1634760 1611
1634770 1607
1634780 1607
1634790 1603
1634800 1599
1634810 1599
1634820 1594
1634830 1589
1634840 1589
1634850 1585
1634860 1581
1634870 1581
1634880 1577
1634890 1572
1634900 1572
1634910 1568
1634920 1563
1634930 1563
1634940 1559
1634950 1556
1634960 1556
1634970 1552
1634980 1549
1634990 1544
1635000 1544
1635010 1541
1635020 1537
1635030 1537
1635040 1533
1635050 1529
1635060 1529
1635070 1525
1635080 1521
1635090 1521
1635100 1515
1635110 1509
1635120 1509
1635130 1504
1635140 1498
1635150 1498
1635160 1492
1635170 1486
1635180 1486
1635190 1480
1635200 1474
1635210 1474
1635220 1469
1635230 1463
1635240 1463
1635250 1457
1635260 1451
1635270 1445
1635280 1445
1635290 1440
1635300 1435
1635310 1435
1635320 1429
1635330 1423
1635340 1423
1635350 1418
1635360 1414
1635370 1414
1635380 1410
1635390 1405
1635400 1405
1635410 1401
1635420 1396
1635430 1396
1635440 1392
1635450 1387
1635460 1387
1635470 1382
1635480 1377
1635490 1377
1635500 1371
1635510 1367
1635520 1367
1635530 1362
1635540 1357
1635550 1352
1635560 1352
1635570 1347
1635580 1343
1635590 1343
1635600 1338
1635610 1331
1635620 1331
1635630 1325
1635640 1319
1635650 1319
1635660 1313
1635670 1307
1635680 1307
1635690 1300
1635700 1296
1635710 1296
1635720 1290
1635730 1285
1635740 1285
1635750 1279
1635760 1276
1635770 1276
1635780 1274
1635790 1272
1635800 1270
1635810 1270
1635820 1267
1635830 1263
1635840 1263
1635850 1259
1635860 1255
1635870 1255
1635880 1251
1635890 1248
1635900 1248
1635910 1245
1635920 1241
1635930 1241
1635940 1238
1635950 1234
1635960 1234
1635970 1230
1635980 1227
1635990 1227
1636000 1222
1636010 1218
1636020 1218
1636030 1216
1636040 1212
1636050 1212
1636060 1208
1636070 1206
1636080 1204
1636090 1204
1636100 1202
1636110 1199
1636120 1199
1636130 1198
1636140 1199
1636150 1199
1636160 1199
1636170 1204
1636180 1204
1636190 1211
1636200 1217
1636210 1217
1636220 1224
1636230 1230
1636240 1230
1636250 1237
1636260 1243
1636270 1243
1636280 1250
1636290 1257
1636300 1257
1636310 1264
1636320 1271
1636330 1271
1636340 1279
1636350 1286
1636360 1293
1636370 1293
1636380 1303
1636390 1313
1636400 1313
1636410 1318
1636420 1323
1636430 1323
1636440 1329
1636450 1334
1636460 1334
1636470 1340
1636480 1344
1636490 1344
1636500 1349
1636510 1355
1636520 1355
1636530 1361
1636540 1366
1636550 1366
1636560 1372
1636570 1377
1636580 1377
1636590 1383
1636600 1388
1636610 1393
1636620 1393
1636630 1399
1636640 1404
1636650 1404
1636660 1409
1636670 1414
1636680 1414
1636690 1419
1636700 1424
1636710 1424
1636720 1428
1636730 1433
1636740 1433
1636750 1437
1636760 1442
1636770 1442
1636780 1447
1636790 1451
1636800 1451
1636810 1456
1636820 1461
1636830 1461
1636840 1465
1636850 1469
1636860 1469
1636870 1473
1636880 1477
1636890 1480
1636900 1480
1636910 1484
1636920 1487
1636930 1487
1636940 1490
1636950 1494
1636960 1494
1636970 1496
1636980 1499
1636990 1499
1637000 1502
1637010 1504
1637020 1504
1637030 1506
1637040 1508
1637050 1508
1637060 1510
1637070 1512
1637080 1512
1637090 1514
1637100 1517
1637110 1517
1637120 1519
1637130 1521
1637140 1521
1637150 1523
1637160 1525
1637170 1528
1637180 1528
1637190 1530
1637200 1533
1637210 1533
1637220 1535
1637230 1538
1637240 1538
1637250 1541
1637260 1544
1637270 1544
1637280 1548
1637290 1555
1637300 1555
1637310 1558
1637320 1561
1637330 1561
1637340 1565
1637350 1568
1637360 1568
1637370 1573
1637380 1577
1637390 1577
1637400 1582
1637410 1586
1637420 1590
1637430 1590
1637440 1594
1637450 1598
1637460 1598
1637470 1603
1637480 1606
1637490 1606
1637500 1610
1637510 1614
1637520 1614
1637530 1618
1637540 1621
1637550 1621
1637560 1624
1637570 1627
1637580 1627
1637590 1630
1637600 1634
1637610 1634
1637620 1636
1637630 1639
1637640 1639
1637650 1642
1637660 1644
1637670 1644
1637680 1645
1637690 1647
1637700 1648
1637710 1648
1637720 1649
1637730 1648
1637740 1648
1637750 1647
1637760 1645
1637770 1645
1637780 1643
1637790 1641
1637800 1641
1637810 1638
1637820 1636
1637830 1636
1637840 1633
1637850 1630
1637860 1630
1637870 1627
1637880 1625
1637890 1625
1637900 1622
1637910 1620
1637920 1620
1637930 1617
1637940 1614
1637950 1614
1637960 1611
1637970 1608
1637980 1606
1637990 1606
1638000 1603
1638010 1601
1638020 1601
1638030 1597
1638040 1594
1638050 1594
1638060 1590
1638070 1589
1638080 1589
1638090 1587
1638100 1585
1638110 1585
1638120 1588
1638130 1585
1638140 1585
1638150 1582
1638160 1580
1638170 1580
1638180 1578
1638190 1576
1638200 1576
1638210 1575
1638220 1573
1638230 1572
1638240 1572
1638250 1570
1638260 1569
1638270 1569
1638280 1567
1638290 1566
1638300 1566
1638310 1565
1638320 1564
1638330 1564
1638340 1562
1638350 1559
1638360 1559
1638370 1556
1638380 1553
1638390 1553
1638400 1552
1638410 1551
1638420 1551
1638430 1549
1638440 1547
1638450 1547
1638460 1545
1638470 1542
1638480 1542
1638490 1541
1638500 1541
1638510 1541
1638520 1541
1638530 1540
1638540 1540
1638550 1540
1638560 1540
1638570 1540
1638580 1540
1638590 1539
1638600 1539
1638610 1539
1638620 1538
1638630 1537
1638640 1537
1638650 1535
1638660 1534
1638670 1534
1638680 1532
1638690 1529
1638700 1529
1638710 1525
1638720 1522
1638730 1522
1638740 1518
1638750 1515
1638760 1515
1638770 1511
1638780 1508
1638790 1506
1638800 1506
1638810 1504
1638820 1502
1638830 1502
1638840 1500
1638850 1499
1638860 1499
1638870 1498
1638880 1498
1638890 1498
1638900 1496
1638910 1494
1638920 1494
1638930 1491
1638940 1489
1638950 1492
1638960 1491
1638970 1493
1638980 1493
1638990 1498
1639000 1502
1639010 1502
1639020 1507
1639030 1512
1639040 1516
1639050 1516
1639060 1521
1639070 1526
1639080 1526
1639090 1530
1639100 1535
1639110 1535
1639120 1539
1639130 1543
1639140 1543
1639150 1547
1639160 1550
1639170 1550
1639180 1554
1639190 1558
1639200 1558
1639210 1561
1639220 1564
1639230 1564
1639240 1566
1639250 1568
1639260 1568
1639270 1568
1639280 1567
1639290 1567
1639300 1566
1639310 1565
1639320 1564
1639330 1564
1639340 1562
1639350 1560
1639360 1560
1639370 1558
1639380 1556
1639390 1556
1639400 1554
1639410 1552
1639420 1552
1639430 1549
1639440 1546
1639450 1546
1639460 1543
1639470 1540
1639480 1540
1639490 1538
1639500 1536
1639510 1536
1639520 1533
1639530 1530
1639540 1530
1639550 1528
1639560 1526
1639570 1526
1639580 1524
1639590 1522
1639600 1519
1639610 1519
1639620 1516
1639630 1512
1639640 1512
1639650 1508
1639660 1503
1639670 1503
1639680 1500
1639690 1497
1639700 1497
1639710 1494
1639720 1492
1639730 1492
1639740 1492
1639750 1492
1639760 1492
1639770 1496
1639780 1497
1639790 1497
1639800 1501
1639810 1505
1639820 1505
1639830 1508
1639840 1510
1639850 1513
1639860 1513
1639870 1515
1639880 1519
1639890 1519
1639900 1523
1639910 1527
1639920 1527
1639930 1530
1639940 1534
1639950 1534
1639960 1538
1639970 1542
1639980 1542
1639990 1547
