1620000 1990
1620010 1990
1620020 1984
1620030 1977
1620040 1977
1620050 1968
1620060 1960
1620070 1960
1620080 1953
1620090 1948
1620100 1948
1620110 1943
1620120 1937
1620130 1937
1620140 1931
1620150 1926
1620160 1926
1620170 1921
1620180 1916
1620190 1916
1620200 1912
1620210 1908
1620220 1904
1620230 1904
1620240 1899
1620250 1895
1620260 1895
1620270 1891
1620280 1888
1620290 1888
1620300 1886
1620310 1883
1620320 1883
1620330 1880
1620340 1877
1620350 1877
1620360 1874
1620370 1871
1620380 1871
1620390 1867
1620400 1863
1620410 1863
1620420 1859
1620430 1855
1620440 1855
1620450 1851
1620460 1848
1620470 1848
1620480 1844
1620490 1840
1620500 1836
1620510 1836
1620520 1832
1620530 1830
1620540 1830
1620550 1828
1620560 1826
1620570 1826
1620580 1824
1620590 1822
1620600 1822
1620610 1819
1620620 1814
1620630 1814
1620640 1810
1620650 1807
1620660 1807
1620670 1804
1620680 1801
1620690 1801
1620700 1798
1620710 1794
1620720 1794
1620730 1790
1620740 1786
1620750 1786
1620760 1782
1620770 1777
1620780 1773
1620790 1773
1620800 1770
1620810 1767
1620820 1767
1620830 1763
1620840 1760
1620850 1760
1620860 1756
1620870 1752
1620880 1752
1620890 1749
1620900 1748
1620910 1748
1620920 1746
1620930 1742
1620940 1742
1620950 1740
1620960 1739
1620970 1739
1620980 1736
1620990 1731
1621000 1731
1621010 1725
1621020 1718
1621030 1718
1621040 1711
1621050 1706
1621060 1700
1621070 1700
1621080 1695
1621090 1690
1621100 1690
1621110 1685
1621120 1681
1621130 1681
1621140 1677
1621150 1672
1621160 1672
1621170 1667
1621180 1663
1621190 1663
1621200 1658
1621210 1653
1621220 1653
1621230 1649
1621240 1645
1621250 1645
1621260 1642
1621270 1639
1621280 1639
1621290 1636
1621300 1633
1621310 1630
1621320 1630
1621330 1628
1621340 1625
1621350 1625
1621360 1623
1621370 1622
1621380 1622
1621390 1620
1621400 1618
1621410 1618
1621420 1616
1621430 1613
1621440 1613
1621450 1611
1621460 1608
1621470 1608
1621480 1605
1621490 1602
1621500 1602
1621510 1600
1621520 1598
1621530 1598
1621540 1596
1621550 1594
1621560 1594
1621570 1593
1621580 1592
1621590 1592
1621600 1592
1621610 1590
1621620 1586
1621630 1586
1621640 1581
1621650 1574
1621660 1574
1621670 1567
1621680 1560
1621690 1560
1621700 1553
1621710 1547
1621720 1547
1621730 1540
1621740 1534
1621750 1534
1621760 1529
1621770 1525
1621780 1525
1621790 1521
1621800 1519
1621810 1519
1621820 1515
1621830 1512
1621840 1512
1621850 1508
1621860 1505
1621870 1501
1621880 1501
1621890 1497
1621900 1492
1621910 1492
1621920 1487
1621930 1481
1621940 1481
1621950 1475
1621960 1469
1621970 1469
1621980 1463
1621990 1458
1622000 1458
1622010 1452
1622020 1446
1622030 1446
1622040 1441
1622050 1436
1622060 1436
1622070 1432
1622080 1429
1622090 1429
1622100 1423
1622110 1418
1622120 1418
1622130 1412
1622140 1407
1622150 1401
1622160 1401
1622170 1395
1622180 1389
1622190 1389
1622200 1384
1622210 1381
1622220 1381
1622230 1377
1622240 1373
1622250 1373
1622260 1370
1622270 1367
1622280 1367
1622290 1364
1622300 1362
1622310 1362
1622320 1359
1622330 1357
1622340 1357
1622350 1353
1622360 1350
1622370 1350
1622380 1347
1622390 1346
1622400 1346
1622410 1346
1622420 1343
1622430 1340
1622440 1340
1622450 1341
1622460 1341
1622470 1341
1622480 1341
1622490 1342
1622500 1342
1622510 1342
1622520 1343
1622530 1343
1622540 1344
1622550 1346
1622560 1346
1622570 1348
1622580 1350
1622590 1350
1622600 1351
1622610 1353
1622620 1353
1622630 1354
1622640 1357
1622650 1357
1622660 1360
1622670 1362
1622680 1362
1622690 1364
1622700 1366
1622710 1368
1622720 1368
1622730 1371
1622740 1374
1622750 1374
1622760 1377
1622770 1380
1622780 1380
1622790 1383
1622800 1387
1622810 1387
1622820 1391
1622830 1394
1622840 1394
1622850 1394
1622860 1396
1622870 1396
1622880 1401
1622890 1406
1622900 1406
1622910 1412
1622920 1418
1622930 1418
1622940 1424
1622950 1430
1622960 1430
1622970 1433
1622980 1436
1622990 1443
1623000 1443
1623010 1448
1623020 1451
1623030 1451
1623040 1457
1623050 1464
1623060 1464
1623070 1470
1623080 1478
1623090 1478
1623100 1485
1623110 1493
1623120 1493
1623130 1499
1623140 1506
1623150 1506
1623160 1513
1623170 1521
1623180 1521
1623190 1528
1623200 1535
1623210 1535
1623220 1541
1623230 1549
1623240 1549
1623250 1555
1623260 1562
1623270 1570
1623280 1570
1623290 1576
1623300 1583
1623310 1583
1623320 1590
1623330 1596
1623340 1596
1623350 1600
1623360 1606
1623370 1606
1623380 1608
1623390 1611
1623400 1611
1623410 1616
1623420 1621
1623430 1621
1623440 1628
1623450 1638
1623460 1638
1623470 1647
1623480 1656
1623490 1656
1623500 1662
1623510 1668
1623520 1668
1623530 1674
1623540 1679
1623550 1685
1623560 1685
1623570 1691
1623580 1697
1623590 1697
1623600 1703
1623610 1710
1623620 1710
1623630 1715
1623640 1721
1623650 1721
1623660 1726
1623670 1732
1623680 1732
1623690 1739
1623700 1745
1623710 1744
1623720 1751
1623730 1757
1623740 1757
1623750 1763
1623760 1770
1623770 1770
1623780 1776
1623790 1783
1623800 1790
1623810 1790
1623820 1796
1623830 1803
1623840 1803
1623850 1810
1623860 1817
1623870 1817
1623880 1823
1623890 1829
1623900 1829
1623910 1836
1623920 1843
1623930 1843
1623940 1850
1623950 1857
1623960 1857
1623970 1864
1623980 1871
1623990 1871
1624000 1878
1624010 1885
1624020 1885
1624030 1892
1624040 1898
1624050 1898
1624060 1905
1624070 1912
1624080 1919
1624090 1919
1624100 1926
1624110 1933
1624120 1933
1624130 1941
1624140 1948
1624150 1948
1624160 1954
1624170 1961
1624180 1961
1624190 1967
1624200 1973
1624210 1973
1624220 1979
1624230 1985
1624240 1985
1624250 1989
1624260 1993
1624270 1993
1624280 1995
1624290 1996
1624300 1996
1624310 1996
1624320 1995
1624330 1995
1624340 1992
1624350 1988
1624360 1984
1624370 1984
1624380 1979
1624390 1974
1624400 1974
1624410 1969
1624420 1964
1624430 1964
1624440 1959
1624450 1953
1624460 1953
1624470 1946
1624480 1938
1624490 1938
1624500 1930
1624510 1923
1624520 1923
1624530 1915
1624540 1909
1624550 1909
1624560 1906
1624570 1902
1624580 1902
1624590 1896
1624600 1889
1624610 1889
1624620 1886
1624630 1880
1624640 1874
1624650 1874
1624660 1870
1624670 1866
1624680 1866
1624690 1863
1624700 1860
1624710 1860
1624720 1857
1624730 1853
1624740 1853
1624750 1850
1624760 1849
1624770 1849
1624780 1851
1624790 1854
1624800 1854
1624810 1855
1624820 1855
1624830 1855
1624840 1854
1624850 1853
1624860 1853
1624870 1851
1624880 1849
1624890 1849
1624900 1848
1624910 1846
1624920 1845
1624930 1845
1624940 1847
1624950 1849
1624960 1849
1624970 1848
1624980 1846
1624990 1846
1625000 1844
1625010 1841
1625020 1841
1625030 1837
1625040 1833
1625050 1833
1625060 1828
1625070 1828
1625080 1828
1625090 1831
1625100 1834
1625110 1834
1625120 1835
1625130 1835
1625140 1835
1625150 1834
1625160 1833
1625170 1833
1625180 1832
1625190 1831
1625200 1829
1625210 1829
1625220 1828
1625230 1828
1625240 1828
1625250 1829
1625260 1832
1625270 1832
1625280 1838
1625290 1842
1625300 1842
1625310 1845
1625320 1847
1625330 1847
1625340 1849
1625350 1853
1625360 1853
1625370 1858
1625380 1863
1625390 1863
1625400 1866
1625410 1869
1625420 1869
1625430 1871
1625440 1873
1625450 1873
1625460 1875
1625470 1877
1625480 1880
1625490 1880
1625500 1883
1625510 1889
1625520 1889
1625530 1894
1625540 1900
1625550 1900
1625560 1907
1625570 1913
1625580 1913
1625590 1918
1625600 1925
1625610 1925
1625620 1933
1625630 1940
1625640 1940
1625650 1947
1625660 1954
1625670 1954
1625680 1960
1625690 1967
1625700 1967
1625710 1975
1625720 1983
1625730 1983
1625740 1990
1625750 1997
1625760 2002
1625770 2002
1625780 2007
1625790 2012
1625800 2012
1625810 2019
1625820 2026
1625830 2026
1625840 2033
1625850 2040
1625860 2040
1625870 2047
1625880 2052
1625890 2052
1625900 2058
1625910 2065
1625920 2065
1625930 2072
1625940 2079
1625950 2079
1625960 2082
1625970 2089
1625980 2089
1625990 2094
1626000 2099
1626010 2099
1626020 2104
1626030 2108
1626040 2112
1626050 2112
1626060 2117
1626070 2122
1626080 2122
1626090 2126
1626100 2132
1626110 2132
1626120 2137
1626130 2142
1626140 2142
1626150 2147
1626160 2152
1626170 2152
1626180 2157
1626190 2162
1626200 2162
1626210 2167
1626220 2170
1626230 2170
1626240 2174
1626250 2178
1626260 2178
1626270 2181
1626280 2184
1626290 2184
1626300 2186
1626310 2189
1626320 2191
1626330 2191
1626340 2194
1626350 2196
1626360 2196
1626370 2198
1626380 2200
1626390 2200
1626400 2202
1626410 2204
1626420 2204
1626430 2204
1626440 2206
1626450 2206
1626460 2208
1626470 2210
1626480 2210
1626490 2211
1626500 2212
1626510 2212
1626520 2212
1626530 2212
1626540 2212
1626550 2210
1626560 2205
1626570 2202
1626580 2202
1626590 2197
1626600 2192
1626610 2192
1626620 2186
1626630 2182
1626640 2182
1626650 2176
1626660 2171
1626670 2171
1626680 2168
1626690 2165
1626700 2165
1626710 2162
1626720 2159
1626730 2159
1626740 2156
1626750 2151
1626760 2151
1626770 2147
1626780 2141
1626790 2141
1626800 2136
1626810 2132
1626820 2132
1626830 2127
1626840 2124
1626850 2122
1626860 2122
1626870 2122
1626880 2123
1626890 2123
1626900 2125
1626910 2127
1626920 2127
1626930 2128
1626940 2129
1626950 2129
1626960 2129
1626970 2130
1626980 2130
1626990 2130
1627000 2130
1627010 2130
1627020 2131
1627030 2134
1627040 2134
1627050 2137
1627060 2141
1627070 2141
1627080 2145
1627090 2149
1627100 2149
1627110 2153
1627120 2157
1627130 2162
1627140 2162
1627150 2167
1627160 2171
1627170 2171
1627180 2175
1627190 2180
1627200 2180
1627210 2184
1627220 2188
1627230 2188
1627240 2192
1627250 2195
1627260 2195
1627270 2199
1627280 2203
1627290 2203
1627300 2205
1627310 2207
1627320 2209
1627330 2209
1627340 2204
1627350 2204
1627360 2196
1627370 2188
1627380 2188
1627390 2182
1627400 2174
1627410 2167
1627420 2167
1627430 2159
1627440 2152
1627450 2152
1627460 2145
1627470 2138
1627480 2138
1627490 2131
1627500 2124
1627510 2124
1627520 2118
1627530 2111
1627540 2111
1627550 2105
1627560 2100
1627570 2100
1627580 2095
1627590 2092
1627600 2092
1627610 2088
1627620 2085
1627630 2085
1627640 2081
1627650 2080
1627660 2080
1627670 2077
1627680 2074
1627690 2071
1627700 2071
1627710 2070
1627720 2069
1627730 2069
1627740 2069
1627750 2069
1627760 2069
1627770 2069
1627780 2067
1627790 2067
1627800 2062
1627810 2059
1627820 2059
1627830 2054
1627840 2049
1627850 2049
1627860 2045
1627870 2041
1627880 2041
1627890 2040
1627900 2039
1627910 2039
1627920 2039
1627930 2038
1627940 2038
1627950 2037
1627960 2036
1627970 2035
1627980 2035
1627990 2034
1628000 2033
1628010 2033
1628020 2032
1628030 2031
1628040 2031
1628050 2030
1628060 2029
1628070 2029
1628080 2027
1628090 2027
1628100 2027
1628110 2026
1628120 2025
1628130 2025
1628140 2024
1628150 2022
1628160 2022
1628170 2019
1628180 2017
1628190 2017
1628200 2017
1628210 2020
1628220 2020
1628230 2018
1628240 2018
1628250 2017
1628260 2017
1628270 2016
1628280 2015
1628290 2015
1628300 2013
1628310 2009
1628320 2009
1628330 2006
1628340 2004
1628350 2004
1628360 2002
1628370 1999
1628380 1999
1628390 1997
1628400 1994
1628410 1994
1628420 1992
1628430 1991
1628440 1991
1628450 1988
1628460 1986
1628470 1986
1628480 1986
1628490 1985
1628500 1985
1628510 1984
1628520 1980
1628530 1976
1628540 1976
1628550 1972
1628560 1971
1628570 1971
1628580 1968
1628590 1967
1628600 1967
1628610 1967
1628620 1966
1628630 1966
1628640 1964
1628650 1964
1628660 1964
1628670 1963
1628680 1961
1628690 1961
1628700 1960
1628710 1959
1628720 1959
1628730 1959
1628740 1957
1628750 1957
1628760 1956
1628770 1956
1628780 1956
1628790 1956
1628800 1956
1628810 1956
1628820 1956
1628830 1958
1628840 1961
1628850 1961
1628860 1965
1628870 1968
1628880 1968
1628890 1970
1628900 1973
1628910 1973
1628920 1976
1628930 1979
1628940 1979
1628950 1982
1628960 1986
1628970 1986
1628980 1989
1628990 1992
1629000 1992
1629010 1996
1629020 1999
1629030 1999
1629040 2003
1629050 2008
1629060 2013
1629070 2013
1629080 2017
1629090 2020
1629100 2025
1629110 2027
1629120 2030
1629130 2030
1629140 2032
1629150 2032
1629160 2032
1629170 2031
1629180 2031
1629190 2031
1629200 2032
1629210 2033
1629220 2033
1629230 2033
1629240 2033
1629250 2033
1629260 2032
1629270 2031
1629280 2031
1629290 2031
1629300 2030
1629310 2030
1629320 2030
1629330 2031
1629340 2032
1629350 2032
1629360 2033
1629370 2034
1629380 2034
1629390 2035
1629400 2036
1629410 2036
1629420 2037
1629430 2038
1629440 2038
1629450 2038
1629460 2038
1629470 2038
1629480 2039
1629490 2039
1629500 2039
1629510 2039
1629520 2040
1629530 2040
1629540 2040
1629550 2041
1629560 2041
1629570 2041
1629580 2041
1629590 2041
1629600 2040
1629610 2038
1629620 2035
1629630 2035
1629640 2031
1629650 2026
1629660 2026
1629670 2019
1629680 2012
1629690 2012
1629700 2005
1629710 1997
1629720 1997
1629730 1990
1629740 1982
1629750 1982
1629760 1975
1629770 1968
1629780 1968
1629790 1960
1629800 1952
1629810 1952
1629820 1945
1629830 1939
1629840 1939
1629850 1934
1629860 1929
1629870 1929
1629880 1922
1629890 1916
1629900 1909
1629910 1909
1629920 1903
1629930 1899
1629940 1899
1629950 1894
1629960 1889
1629970 1892
1629980 1886
1629990 1882
1630000 1882
1630010 1877
1630020 1873
1630030 1873
1630040 1868
1630050 1862
1630060 1862
1630070 1858
1630080 1855
1630090 1855
1630100 1852
1630110 1850
1630120 1850
1630130 1848
1630140 1846
1630150 1846
1630160 1844
1630170 1843
1630180 1841
1630190 1841
1630200 1839
1630210 1837
1630220 1837
1630230 1836
1630240 1836
1630250 1836
1630260 1837
1630270 1837
1630280 1837
1630290 1836
1630300 1838
1630310 1838
1630320 1838
1630330 1837
1630340 1837
1630350 1839
1630360 1839
1630370 1839
1630380 1838
1630390 1838
1630400 1838
1630410 1837
1630420 1838
1630430 1838
1630440 1839
1630450 1842
1630460 1845
1630470 1845
1630480 1848
1630490 1850
1630500 1850
1630510 1852
1630520 1853
1630530 1853
1630540 1853
1630550 1853
1630560 1853
1630570 1852
1630580 1851
1630590 1851
1630600 1851
1630610 1851
1630620 1851
1630630 1851
1630640 1851
1630650 1851
1630660 1849
1630670 1847
1630680 1847
1630690 1847
1630700 1847
1630710 1847
1630720 1846
1630730 1846
1630740 1845
1630750 1845
1630760 1842
1630770 1838
1630780 1838
1630790 1832
1630800 1825
1630810 1825
1630820 1820
1630830 1814
1630840 1814
1630850 1813
1630860 1809
1630870 1809
1630880 1805
1630890 1802
1630900 1802
1630910 1799
1630920 1794
1630930 1794
1630940 1790
1630950 1790
1630960 1790
1630970 1787
1630980 1784
1630990 1784
1631000 1782
1631010 1780
1631020 1777
1631030 1777
1631040 1774
1631050 1772
1631060 1772
1631070 1771
1631080 1768
1631090 1768
1631100 1764
1631110 1761
1631120 1761
1631130 1758
1631140 1757
1631150 1757
1631160 1757
1631170 1757
1631180 1757
1631190 1757
1631200 1758
1631210 1758
1631220 1760
1631230 1761
1631240 1761
1631250 1764
1631260 1765
1631270 1765
1631280 1766
1631290 1765
1631300 1764
1631310 1764
1631320 1763
1631330 1762
1631340 1762
1631350 1761
1631360 1760
1631370 1760
1631380 1757
1631390 1755
1631400 1755
1631410 1752
1631420 1749
1631430 1749
1631440 1747
1631450 1744
1631460 1744
1631470 1741
1631480 1738
1631490 1738
1631500 1736
1631510 1734
1631520 1734
1631530 1731
1631540 1729
1631550 1727
1631560 1727
1631570 1725
1631580 1721
1631590 1721
1631600 1719
1631610 1722
1631620 1722
1631630 1723
1631640 1722
1631650 1722
1631660 1720
1631670 1715
1631680 1715
1631690 1711
1631700 1710
1631710 1710
1631720 1715
1631730 1712
1631740 1712
1631750 1709
1631760 1705
1631770 1705
1631780 1703
1631790 1698
1631800 1698
1631810 1691
1631820 1686
1631830 1684
1631840 1684
1631850 1682
1631860 1680
1631870 1680
1631880 1678
1631890 1678
1631900 1678
1631910 1678
1631920 1672
1631930 1672
1631940 1666
1631950 1662
1631960 1662
1631970 1654
1631980 1646
1631990 1646
1632000 1644
1632010 1644
1632020 1644
1632030 1644
1632040 1645
1632050 1645
1632060 1647
1632070 1639
1632080 1639
1632090 1629
1632100 1617
1632110 1607
1632120 1607
1632130 1598
1632140 1588
1632150 1588
1632160 1582
1632170 1576
1632180 1576
1632190 1570
1632200 1564
1632210 1564
1632220 1556
1632230 1551
1632240 1551
1632250 1547
1632260 1542
1632270 1542
1632280 1539
1632290 1536
1632300 1536
1632310 1532
1632320 1527
1632330 1527
1632340 1522
1632350 1518
1632360 1518
1632370 1515
1632380 1511
1632390 1507
1632400 1507
1632410 1503
1632420 1500
1632430 1500
1632440 1497
1632450 1494
1632460 1494
1632470 1492
1632480 1489
1632490 1489
1632500 1489
1632510 1489
1632520 1489
1632530 1488
1632540 1485
1632550 1485
1632560 1481
1632570 1479
1632580 1482
1632590 1479
1632600 1476
1632610 1476
1632620 1471
1632630 1466
1632640 1466
1632650 1462
1632660 1457
1632670 1452
1632680 1452
1632690 1447
1632700 1440
1632710 1440
1632720 1436
1632730 1432
1632740 1432
1632750 1428
1632760 1423
1632770 1423
1632780 1419
1632790 1416
1632800 1416
1632810 1411
1632820 1407
1632830 1407
1632840 1401
1632850 1394
1632860 1394
1632870 1386
1632880 1378
1632890 1378
1632900 1371
1632910 1367
1632920 1367
1632930 1362
1632940 1356
1632950 1352
1632960 1352
1632970 1349
1632980 1344
1632990 1344
1633000 1337
1633010 1333
1633020 1333
1633030 1327
1633040 1322
1633050 1322
1633060 1318
1633070 1314
1633080 1314
1633090 1308
1633100 1299
1633110 1299
1633120 1291
1633130 1287
1633140 1287
1633150 1285
1633160 1281
1633170 1281
1633180 1278
1633190 1274
1633200 1274
1633210 1271
1633220 1268
1633230 1265
1633240 1265
1633250 1261
1633260 1258
1633270 1258
1633280 1254
1633290 1250
1633300 1250
1633310 1245
1633320 1240
1633330 1240
1633340 1236
1633350 1232
1633360 1232
1633370 1228
1633380 1224
1633390 1224
1633400 1219
1633410 1216
1633420 1216
1633430 1212
1633440 1208
1633450 1208
1633460 1204
1633470 1201
1633480 1201
1633490 1198
1633500 1194
1633510 1191
1633520 1191
1633530 1188
1633540 1185
1633550 1185
1633560 1182
1633570 1179
1633580 1179
1633590 1176
1633600 1174
1633610 1174
1633620 1171
1633630 1168
1633640 1168
1633650 1165
1633660 1162
1633670 1162
1633680 1159
1633690 1157
1633700 1157
1633710 1154
1633720 1151
1633730 1151
1633740 1150
1633750 1150
1633760 1150
1633770 1149
1633780 1148
1633790 1146
1633800 1146
1633810 1147
1633820 1148
1633830 1148
1633840 1148
1633850 1149
1633860 1149
1633870 1149
1633880 1149
1633890 1149
1633900 1149
1633910 1148
1633920 1148
1633930 1148
1633940 1148
1633950 1148
1633960 1149
1633970 1149
1633980 1149
1633990 1148
1634000 1149
1634010 1149
1634020 1149
1634030 1150
1634040 1150
1634050 1150
1634060 1151
1634070 1152
1634080 1152
1634090 1154
1634100 1155
1634110 1155
1634120 1157
1634130 1159
1634140 1159
1634150 1160
1634160 1162
1634170 1162
1634180 1164
1634190 1166
1634200 1166
1634210 1168
1634220 1170
1634230 1170
1634240 1173
1634250 1175
1634260 1175
1634270 1177
1634280 1180
1634290 1181
1634300 1183
1634310 1186
1634320 1189
1634330 1189
1634340 1191
1634350 1193
1634360 1193
1634370 1196
1634380 1199
1634390 1199
1634400 1200
1634410 1203
1634420 1203
1634430 1205
1634440 1208
1634450 1208
1634460 1211
1634470 1215
1634480 1215
1634490 1221
1634500 1227
1634510 1227
1634520 1234
1634530 1241
1634540 1241
1634550 1248
1634560 1255
1634570 1255
1634580 1262
1634590 1269
1634600 1275
1634610 1275
1634620 1279
1634630 1282
1634640 1282
1634650 1285
1634660 1289
1634670 1289
1634680 1293
1634690 1298
1634700 1298
1634710 1303
1634720 1309
1634730 1309
1634740 1315
1634750 1322
1634760 1322
1634770 1329
1634780 1337
1634790 1337
1634800 1345
1634810 1353
1634820 1353
1634830 1362
1634840 1369
1634850 1369
1634860 1376
1634870 1382
1634880 1388
1634890 1388
1634900 1394
1634910 1399
1634920 1399
1634930 1405
1634940 1411
1634950 1411
1634960 1415
1634970 1420
1634980 1420
1634990 1427
1635000 1436
1635010 1436
1635020 1444
1635030 1449
1635040 1449
1635050 1455
1635060 1461
1635070 1461
1635080 1466
1635090 1472
1635100 1472
1635110 1478
1635120 1483
1635130 1483
1635140 1489
1635150 1495
1635160 1499
1635170 1499
1635180 1503
1635190 1506
1635200 1506
1635210 1509
1635220 1512
1635230 1512
1635240 1516
1635250 1519
1635260 1519
1635270 1522
1635280 1525
1635290 1525
1635300 1528
1635310 1531
1635320 1531
1635330 1534
1635340 1537
1635350 1537
1635360 1540
1635370 1543
1635380 1543
1635390 1545
1635400 1548
1635410 1548
1635420 1552
1635430 1555
1635440 1558
1635450 1558
1635460 1561
1635470 1563
1635480 1563
1635490 1566
1635500 1571
1635510 1571
1635520 1574
1635530 1576
1635540 1576
1635550 1578
1635560 1581
1635570 1581
1635580 1583
1635590 1585
1635600 1585
1635610 1587
1635620 1589
1635630 1589
1635640 1592
1635650 1594
1635660 1594
1635670 1597
1635680 1600
1635690 1600
1635700 1603
1635710 1605
1635720 1608
1635730 1608
1635740 1611
1635750 1615
1635760 1615
1635770 1619
1635780 1623
1635790 1623
1635800 1628
1635810 1633
1635820 1633
1635830 1638
1635840 1642
1635850 1642
1635860 1646
1635870 1651
1635880 1651
1635890 1654
1635900 1657
1635910 1657
1635920 1660
1635930 1661
1635940 1661
1635950 1662
1635960 1662
1635970 1662
1635980 1661
1635990 1662
1636000 1659
1636010 1659
1636020 1655
1636030 1651
1636040 1651
1636050 1647
1636060 1642
1636070 1642
1636080 1637
1636090 1631
1636100 1631
1636110 1627
1636120 1621
1636130 1621
1636140 1616
1636150 1611
1636160 1611
1636170 1605
1636180 1600
1636190 1600
1636200 1594
1636210 1588
1636220 1588
1636230 1583
1636240 1578
1636250 1578
1636260 1574
1636270 1568
1636280 1562
1636290 1562
1636300 1557
1636310 1552
1636320 1552
1636330 1547
1636340 1543
1636350 1543
1636360 1543
1636370 1543
1636380 1543
1636390 1542
1636400 1543
1636410 1543
1636420 1547
1636430 1551
1636440 1551
1636450 1555
1636460 1560
1636470 1560
1636480 1564
1636490 1570
1636500 1570
1636510 1575
1636520 1580
1636530 1580
1636540 1585
1636550 1590
1636560 1594
1636570 1594
1636580 1600
1636590 1605
1636600 1605
1636610 1610
1636620 1615
1636630 1615
1636640 1621
1636650 1626
1636660 1626
1636670 1631
1636680 1636
1636690 1636
1636700 1641
1636710 1645
1636720 1645
1636730 1649
1636740 1653
1636750 1653
1636760 1654
1636770 1651
1636780 1651
1636790 1646
1636800 1640
1636810 1635
1636820 1635
1636830 1631
1636840 1626
1636850 1626
1636860 1620
1636870 1613
1636880 1613
1636890 1607
1636900 1601
1636910 1601
1636920 1595
1636930 1590
1636940 1590
1636950 1584
1636960 1577
1636970 1577
1636980 1571
1636990 1563
1637000 1563
1637010 1555
1637020 1546
1637030 1546
1637040 1542
1637050 1544
1637060 1544
1637070 1544
1637080 1546
1637090 1553
1637100 1553
1637110 1557
1637120 1559
1637130 1559
1637140 1562
1637150 1564
1637160 1564
1637170 1564
1637180 1566
1637190 1566
1637200 1570
1637210 1573
1637220 1573
1637230 1576
1637240 1579
1637250 1579
1637260 1582
1637270 1585
1637280 1585
1637290 1590
1637300 1594
1637310 1594
1637320 1597
1637330 1601
1637340 1601
1637350 1604
1637360 1607
1637370 1610
1637380 1610
1637390 1613
1637400 1617
1637410 1617
1637420 1621
1637430 1626
1637440 1626
1637450 1630
1637460 1634
1637470 1634
1637480 1637
1637490 1641
1637500 1641
1637510 1645
1637520 1649
1637530 1649
1637540 1653
1637550 1657
1637560 1657
1637570 1662
1637580 1667
1637590 1667
1637600 1671
1637610 1675
1637620 1675
1637630 1679
1637640 1683
1637650 1687
1637660 1690
1637670 1695
1637680 1700
1637690 1700
1637700 1705
1637710 1710
1637720 1710
1637730 1714
1637740 1718
1637750 1718
1637760 1722
1637770 1725
1637780 1725
1637790 1730
1637800 1735
1637810 1735
1637820 1739
1637830 1744
1637840 1744
1637850 1748
1637860 1753
1637870 1753
1637880 1757
1637890 1763
1637900 1763
1637910 1767
1637920 1772
1637930 1777
1637940 1777
1637950 1782
1637960 1787
1637970 1787
1637980 1792
1637990 1798
1638000 1798
1638010 1803
1638020 1808
1638030 1808
1638040 1813
1638050 1817
1638060 1817
1638070 1821
1638080 1826
1638090 1826
1638100 1831
1638110 1836
1638120 1836
1638130 1840
1638140 1845
1638150 1845
1638160 1849
1638170 1853
1638180 1853
1638190 1857
1638200 1862
1638210 1867
1638220 1867
1638230 1873
1638240 1878
1638250 1878
1638260 1882
1638270 1887
1638280 1887
1638290 1892
1638300 1896
1638310 1896
1638320 1901
1638330 1905
1638340 1905
1638350 1908
1638360 1912
1638370 1912
1638380 1915
1638390 1919
1638400 1919
1638410 1922
1638420 1924
1638430 1924
1638440 1927
1638450 1931
1638460 1931
1638470 1934
1638480 1936
1638490 1942
1638500 1942
1638510 1945
1638520 1947
1638530 1947
1638540 1948
1638550 1949
1638560 1949
1638570 1949
1638580 1949
1638590 1949
1638600 1949
1638610 1948
1638620 1948
1638630 1947
1638640 1944
1638650 1944
1638660 1942
1638670 1938
1638680 1938
1638690 1934
1638700 1929
1638710 1929
1638720 1925
1638730 1920
1638740 1920
1638750 1916
1638760 1912
1638770 1907
1638780 1907
1638790 1903
1638800 1898
1638810 1898
1638820 1894
1638830 1889
1638840 1889
1638850 1885
1638860 1879
1638870 1879
1638880 1874
1638890 1867
1638900 1867
1638910 1861
1638920 1855
1638930 1855
1638940 1850
1638950 1844
1638960 1844
1638970 1837
1638980 1832
1638990 1832
1639000 1828
1639010 1823
1639020 1823
1639030 1819
1639040 1815
1639050 1811
1639060 1811
1639070 1809
1639080 1808
1639090 1808
1639100 1805
1639110 1803
1639120 1803
1639130 1801
1639140 1800
1639150 1800
1639160 1800
1639170 1801
1639180 1801
1639190 1802
1639200 1807
1639210 1807
1639220 1813
1639230 1819
1639240 1819
1639250 1823
1639260 1828
1639270 1828
1639280 1833
1639290 1839
1639300 1839
1639310 1846
1639320 1851
1639330 1857
1639340 1857
1639350 1863
1639360 1871
1639370 1871
1639380 1878
1639390 1886
1639400 1886
1639410 1892
1639420 1902
1639430 1902
1639440 1909
1639450 1915
1639460 1915
1639470 1922
1639480 1928
1639490 1928
1639500 1932
1639510 1936
1639520 1936
1639530 1940
1639540 1943
1639550 1943
1639560 1948
1639570 1954
1639580 1960
1639590 1960
1639600 1965
1639610 1970
1639620 1970
1639630 1972
1639640 1974
1639650 1974
1639660 1975
1639670 1977
1639680 1977
1639690 1979
1639700 1980
1639710 1980
1639720 1981
1639730 1982
1639740 1982
1639750 1982
1639760 1982
1639770 1982
1639780 1982
1639790 1982
1639800 1982
1639810 1982
1639820 1983
1639830 1983
1639840 1983
1639850 1984
1639860 1984
1639870 1984
1639880 1984
1639890 1984
1639900 1984
1639910 1984
1639920 1984
1639930 1984
1639940 1983
1639950 1982
1639960 1982
1639970 1982
1639980 1982
1639990 1982
