1620000 2113
1620010 2108
1620020 2102
1620030 2102
1620040 2095
1620050 2089
1620060 2089
1620070 2082
1620080 2075
1620090 2075
1620100 2067
1620110 2058
1620120 2058
1620130 2047
1620140 2039
1620150 2039
1620160 2029
1620170 2015
1620180 2015
1620190 2001
1620200 1991
1620210 1991
1620220 1980
1620230 1970
1620240 1970
1620250 1961
1620260 1951
1620270 1951
1620280 1942
1620290 1935
1620300 1927
1620310 1927
1620320 1920
1620330 1913
1620340 1913
1620350 1906
1620360 1899
1620370 1899
1620380 1892
1620390 1886
1620400 1886
1620410 1880
1620420 1874
1620430 1874
1620440 1868
1620450 1862
1620460 1862
1620470 1856
1620480 1851
1620490 1851
1620500 1845
1620510 1840
1620520 1840
1620530 1834
1620540 1830
1620550 1830
1620560 1825
1620570 1821
1620580 1816
1620590 1816
1620600 1812
1620610 1807
1620620 1807
1620630 1804
1620640 1800
1620650 1800
1620660 1796
1620670 1793
1620680 1793
1620690 1790
1620700 1787
1620710 1787
1620720 1786
1620730 1784
1620740 1784
1620750 1783
1620760 1783
1620770 1783
1620780 1784
1620790 1786
1620800 1791
1620810 1791
1620820 1788
1620830 1788
1620840 1783
1620850 1776
1620860 1769
1620870 1769
1620880 1761
1620890 1750
1620900 1750
1620910 1741
1620920 1733
1620930 1733
1620940 1727
1620950 1720
1620960 1720
1620970 1714
1620980 1707
1620990 1707
1621000 1703
1621010 1701
1621020 1701
1621030 1700
1621040 1698
1621050 1698
1621060 1696
1621070 1693
1621080 1693
1621090 1691
1621100 1688
1621110 1688
1621120 1684
1621130 1680
1621140 1676
1621150 1676
1621160 1671
1621170 1666
1621180 1666
1621190 1662
1621200 1658
1621210 1658
1621220 1656
1621230 1655
1621240 1655
1621250 1654
1621260 1653
1621270 1653
1621280 1652
1621290 1650
1621300 1650
1621310 1648
1621320 1646
1621330 1646
1621340 1643
1621350 1642
1621360 1642
1621370 1641
1621380 1638
1621390 1638
1621400 1634
1621410 1631
1621420 1629
1621430 1629
1621440 1627
1621450 1625
1621460 1625
1621470 1624
1621480 1623
1621490 1623
1621500 1622
1621510 1621
1621520 1621
1621530 1619
1621540 1617
1621550 1617
1621560 1614
1621570 1611
1621580 1611
1621590 1608
1621600 1604
1621610 1604
1621620 1599
1621630 1593
1621640 1593
1621650 1586
1621660 1579
1621670 1573
1621680 1573
1621690 1568
1621700 1564
1621710 1564
1621720 1559
1621730 1557
1621740 1557
1621750 1555
1621760 1551
1621770 1551
1621780 1547
1621790 1542
1621800 1542
1621810 1537
1621820 1532
1621830 1532
1621840 1526
1621850 1520
1621860 1520
1621870 1515
1621880 1511
1621890 1511
1621900 1506
1621910 1500
1621920 1500
1621930 1495
1621940 1489
1621950 1482
1621960 1482
1621970 1475
1621980 1466
1621990 1466
1622000 1457
1622010 1448
1622020 1448
1622030 1441
1622040 1434
1622050 1434
1622060 1427
1622070 1421
1622080 1421
1622090 1415
1622100 1410
1622110 1410
1622120 1403
1622130 1397
1622140 1397
1622150 1391
1622160 1385
1622170 1385
1622180 1380
1622190 1375
1622200 1375
1622210 1371
1622220 1368
1622230 1364
1622240 1364
1622250 1360
1622260 1357
1622270 1357
1622280 1353
1622290 1350
1622300 1350
1622310 1347
1622320 1345
1622330 1345
1622340 1342
1622350 1339
1622360 1339
1622370 1336
1622380 1333
1622390 1333
1622400 1331
1622410 1330
1622420 1330
1622430 1328
1622440 1326
1622450 1326
1622460 1324
1622470 1323
1622480 1323
1622490 1320
1622500 1320
1622510 1319
1622520 1319
1622530 1318
1622540 1319
1622550 1319
1622560 1320
1622570 1321
1622580 1321
1622590 1321
1622600 1323
1622610 1323
1622620 1324
1622630 1324
1622640 1324
1622650 1323
1622660 1324
1622670 1324
1622680 1325
1622690 1326
1622700 1326
1622710 1326
1622720 1326
1622730 1326
1622740 1326
1622750 1326
1622760 1326
1622770 1330
1622780 1335
1622790 1340
1622800 1340
1622810 1345
1622820 1351
1622830 1351
1622840 1357
1622850 1364
1622860 1364
1622870 1371
1622880 1377
1622890 1377
1622900 1383
1622910 1388
1622920 1388
1622930 1393
1622940 1397
1622950 1397
1622960 1400
1622970 1407
1622980 1407
1622990 1416
1623000 1422
1623010 1422
1623020 1428
1623030 1434
1623040 1434
1623050 1440
1623060 1446
1623070 1452
1623080 1452
1623090 1458
1623100 1464
1623110 1464
1623120 1471
1623130 1476
1623140 1476
1623150 1481
1623160 1486
1623170 1486
1623180 1491
1623190 1497
1623200 1497
1623210 1500
1623220 1504
1623230 1504
1623240 1507
1623250 1510
1623260 1510
1623270 1512
1623280 1516
1623290 1516
1623300 1521
1623310 1527
1623320 1527
1623330 1532
1623340 1538
1623350 1545
1623360 1545
1623370 1553
1623380 1560
1623390 1560
1623400 1568
1623410 1575
1623420 1575
1623430 1582
1623440 1589
1623450 1589
1623460 1596
1623470 1604
1623480 1604
1623490 1612
1623500 1620
1623510 1620
1623520 1629
1623530 1637
1623540 1637
1623550 1645
1623560 1653
1623570 1653
1623580 1662
1623590 1669
1623600 1676
1623610 1676
1623620 1682
1623630 1689
1623640 1689
1623650 1695
1623660 1701
1623670 1701
1623680 1707
1623690 1714
1623700 1714
1623710 1719
1623720 1724
1623730 1724
1623740 1728
1623750 1732
1623760 1732
1623770 1734
1623780 1735
1623790 1735
1623800 1737
1623810 1739
1623820 1739
1623830 1741
1623840 1743
1623850 1743
1623860 1744
1623870 1747
1623880 1752
1623890 1752
1623900 1756
1623910 1759
1623920 1759
1623930 1763
1623940 1771
1623950 1771
1623960 1779
1623970 1788
1623980 1788
1623990 1797
1624000 1804
1624010 1804
1624020 1810
1624030 1817
1624040 1817
1624050 1823
1624060 1830
1624070 1830
1624080 1836
1624090 1839
1624100 1839
1624110 1836
1624120 1834
1624130 1834
1624140 1830
1624150 1824
1624160 1819
1624170 1819
1624180 1813
1624190 1807
1624200 1807
1624210 1801
1624220 1795
1624230 1795
1624240 1789
1624250 1783
1624260 1783
1624270 1773
1624280 1767
1624290 1767
1624300 1763
1624310 1760
1624320 1760
1624330 1756
1624340 1754
1624350 1754
1624360 1751
1624370 1746
1624380 1746
1624390 1743
1624400 1740
1624410 1740
1624420 1740
1624430 1738
1624440 1737
1624450 1737
1624460 1736
1624470 1735
1624480 1735
1624490 1736
1624500 1741
1624510 1741
1624520 1740
1624530 1741
1624540 1741
1624550 1741
1624560 1741
1624570 1741
1624580 1742
1624590 1743
1624600 1743
1624610 1744
1624620 1745
1624630 1745
1624640 1744
1624650 1743
1624660 1743
1624670 1742
1624680 1744
1624690 1744
1624700 1748
1624710 1752
1624720 1755
1624730 1755
1624740 1755
1624750 1753
1624760 1753
1624770 1750
1624780 1747
1624790 1747
1624800 1744
1624810 1743
1624820 1743
1624830 1742
1624840 1742
1624850 1742
1624860 1742
1624870 1743
1624880 1743
1624890 1743
1624900 1745
1624910 1745
1624920 1747
1624930 1748
1624940 1748
1624950 1750
1624960 1755
1624970 1755
1624980 1761
1624990 1766
1625000 1772
1625010 1772
1625020 1777
1625030 1781
1625040 1781
1625050 1785
1625060 1788
1625070 1788
1625080 1791
1625090 1793
1625100 1793
1625110 1797
1625120 1800
1625130 1800
1625140 1803
1625150 1807
1625160 1807
1625170 1813
1625180 1819
1625190 1819
1625200 1823
1625210 1828
1625220 1828
1625230 1835
1625240 1842
1625250 1842
1625260 1849
1625270 1857
1625280 1865
1625290 1865
1625300 1872
1625310 1878
1625320 1878
1625330 1884
1625340 1891
1625350 1891
1625360 1898
1625370 1904
1625380 1904
1625390 1912
1625400 1918
1625410 1918
1625420 1925
1625430 1932
1625440 1932
1625450 1939
1625460 1946
1625470 1946
1625480 1953
1625490 1961
1625500 1961
1625510 1968
1625520 1975
1625530 1982
1625540 1982
1625550 1989
1625560 1996
1625570 1996
1625580 2003
1625590 2009
1625600 2009
1625610 2014
1625620 2020
1625630 2020
1625640 2026
1625650 2033
1625660 2033
1625670 2040
1625680 2047
1625690 2047
1625700 2053
1625710 2060
1625720 2060
1625730 2067
1625740 2074
1625750 2074
1625760 2082
1625770 2090
1625780 2090
1625790 2096
1625800 2103
1625810 2110
1625820 2110
1625830 2117
1625840 2122
1625850 2122
1625860 2125
1625870 2127
1625880 2127
1625890 2130
1625900 2133
1625910 2133
1625920 2136
1625930 2140
1625940 2140
1625950 2146
1625960 2150
1625970 2150
1625980 2154
1625990 2157
1626000 2157
1626010 2159
1626020 2162
1626030 2162
1626040 2166
1626050 2170
1626060 2170
1626070 2172
1626080 2174
1626090 2176
1626100 2176
1626110 2178
1626120 2179
1626130 2179
1626140 2180
1626150 2180
1626160 2180
1626170 2179
1626180 2177
1626190 2177
1626200 2173
1626210 2170
1626220 2170
1626230 2166
1626240 2162
1626250 2162
1626260 2159
1626270 2155
1626280 2155
1626290 2153
1626300 2155
1626310 2155
1626320 2152
1626330 2149
1626340 2149
1626350 2146
1626360 2142
1626370 2139
1626380 2139
1626390 2135
1626400 2132
1626410 2132
1626420 2128
1626430 2125
1626440 2125
1626450 2121
1626460 2118
1626470 2118
1626480 2114
1626490 2111
1626500 2111
1626510 2107
1626520 2103
1626530 2103
1626540 2099
1626550 2096
1626560 2096
1626570 2092
1626580 2090
1626590 2090
1626600 2086
1626610 2083
1626620 2083
1626630 2080
1626640 2077
1626650 2076
1626660 2076
1626670 2075
1626680 2073
1626690 2073
1626700 2071
1626710 2069
1626720 2069
1626730 2068
1626740 2068
1626750 2068
1626760 2068
1626770 2069
1626780 2069
1626790 2069
1626800 2069
1626810 2069
1626820 2069
1626830 2069
1626840 2069
1626850 2070
1626860 2070
1626870 2070
1626880 2071
1626890 2071
1626900 2071
1626910 2071
1626920 2071
1626930 2072
1626940 2072
1626950 2072
1626960 2072
1626970 2072
1626980 2073
1626990 2075
1627000 2075
1627010 2074
1627020 2076
1627030 2076
1627040 2078
1627050 2081
1627060 2081
1627070 2082
1627080 2084
1627090 2084
1627100 2087
1627110 2092
1627120 2092
1627130 2099
1627140 2106
1627150 2106
1627160 2114
1627170 2122
1627180 2122
1627190 2131
1627200 2139
1627210 2148
1627220 2148
1627230 2156
1627240 2162
1627250 2162
1627260 2168
1627270 2172
1627280 2172
1627290 2176
1627300 2181
1627310 2181
1627320 2185
1627330 2190
1627340 2190
1627350 2194
1627360 2198
1627370 2198
1627380 2202
1627390 2207
1627400 2207
1627410 2212
1627420 2216
1627430 2216
1627440 2219
1627450 2222
1627460 2224
1627470 2224
1627480 2225
1627490 2224
1627500 2224
1627510 2224
1627520 2224
1627530 2224
1627540 2224
1627550 2223
1627560 2223
1627570 2220
1627580 2214
1627590 2214
1627600 2208
1627610 2201
1627620 2201
1627630 2194
1627640 2188
1627650 2188
1627660 2184
1627670 2181
1627680 2181
1627690 2178
1627700 2172
1627710 2172
1627720 2165
1627730 2160
1627740 2155
1627750 2155
1627760 2149
1627770 2147
1627780 2147
1627790 2143
1627800 2138
1627810 2138
1627820 2134
1627830 2130
1627840 2130
1627850 2128
1627860 2127
1627870 2127
1627880 2126
1627890 2126
1627900 2126
1627910 2121
1627920 2118
1627930 2118
1627940 2114
1627950 2110
1627960 2110
1627970 2107
1627980 2104
1627990 2104
1628000 2104
1628010 2104
1628020 2095
1628030 2095
1628040 2087
1628050 2083
1628060 2083
1628070 2078
1628080 2073
1628090 2068
1628100 2063
1628110 2056
1628120 2056
1628130 2050
1628140 2042
1628150 2042
1628160 2034
1628170 2028
1628180 2028
1628190 2021
1628200 2015
1628210 2015
1628220 2011
1628230 2008
1628240 2008
1628250 2004
1628260 2001
1628270 2001
1628280 1998
1628290 1996
1628300 1995
1628310 1995
1628320 1993
1628330 1992
1628340 1992
1628350 1992
1628360 1991
1628370 1991
1628380 1989
1628390 1990
1628400 1990
1628410 1990
1628420 1985
1628430 1985
1628440 1981
1628450 1979
1628460 1979
1628470 1979
1628480 1979
1628490 1979
1628500 1978
1628510 1975
1628520 1975
1628530 1969
1628540 1962
1628550 1962
1628560 1956
1628570 1952
1628580 1949
1628590 1949
1628600 1947
1628610 1944
1628620 1944
1628630 1938
1628640 1933
1628650 1933
1628660 1929
1628670 1927
1628680 1927
1628690 1927
1628700 1926
1628710 1926
1628720 1927
1628730 1927
1628740 1927
1628750 1928
1628760 1928
1628770 1928
1628780 1928
1628790 1928
1628800 1928
1628810 1928
1628820 1927
1628830 1927
1628840 1926
1628850 1926
1628860 1925
1628870 1925
1628880 1924
1628890 1924
1628900 1924
1628910 1923
1628920 1921
1628930 1921
1628940 1920
1628950 1918
1628960 1918
1628970 1918
1628980 1916
1628990 1916
1629000 1916
1629010 1915
1629020 1915
1629030 1915
1629040 1915
1629050 1915
1629060 1914
1629070 1914
1629080 1914
1629090 1915
1629100 1914
1629110 1914
1629120 1913
1629130 1911
1629140 1910
1629150 1910
1629160 1908
1629170 1906
1629180 1906
1629190 1903
1629200 1901
1629210 1901
1629220 1899
1629230 1897
1629240 1897
1629250 1895
1629260 1894
1629270 1894
1629280 1893
1629290 1893
1629300 1893
1629310 1893
1629320 1893
1629330 1893
1629340 1891
1629350 1889
1629360 1889
1629370 1888
1629380 1886
1629390 1884
1629400 1884
1629410 1882
1629420 1880
1629430 1880
1629440 1877
1629450 1872
1629460 1872
1629470 1865
1629480 1860
1629490 1860
1629500 1859
1629510 1859
1629520 1859
1629530 1858
1629540 1856
1629550 1856
1629560 1854
1629570 1853
1629580 1853
1629590 1852
1629600 1852
1629610 1852
1629620 1853
1629630 1853
1629640 1853
1629650 1854
1629660 1854
1629670 1856
1629680 1856
1629690 1858
1629700 1859
1629710 1859
1629720 1860
1629730 1863
1629740 1863
1629750 1866
1629760 1870
1629770 1870
1629780 1873
1629790 1876
1629800 1876
1629810 1880
1629820 1883
1629830 1883
1629840 1886
1629850 1896
1629860 1896
1629870 1900
1629880 1905
1629890 1905
1629900 1910
1629910 1913
1629920 1913
1629930 1916
1629940 1918
1629950 1921
1629960 1921
1629970 1924
1629980 1927
1629990 1927
1630000 1929
1630010 1930
1630020 1930
1630030 1931
1630040 1932
1630050 1932
1630060 1932
1630070 1932
1630080 1932
1630090 1932
1630100 1932
1630110 1932
1630120 1931
1630130 1930
1630140 1930
1630150 1928
1630160 1926
1630170 1926
1630180 1923
1630190 1921
1630200 1921
1630210 1918
1630220 1915
1630230 1911
1630240 1911
1630250 1907
1630260 1903
1630270 1903
1630280 1900
1630290 1897
1630300 1897
1630310 1894
1630320 1892
1630330 1892
1630340 1889
1630350 1886
1630360 1886
1630370 1883
1630380 1881
1630390 1881
1630400 1878
1630410 1875
1630420 1875
1630430 1873
1630440 1871
1630450 1871
1630460 1869
1630470 1867
1630480 1867
1630490 1864
1630500 1862
1630510 1859
1630520 1859
1630530 1856
1630540 1853
1630550 1853
1630560 1850
1630570 1848
1630580 1848
1630590 1845
1630600 1843
1630610 1843
1630620 1841
1630630 1838
1630640 1838
1630650 1836
1630660 1834
1630670 1834
1630680 1831
1630690 1828
1630700 1828
1630710 1824
1630720 1820
1630730 1814
1630740 1810
1630750 1805
1630760 1805
1630770 1800
1630780 1796
1630790 1792
1630800 1792
1630810 1788
1630820 1784
1630830 1784
1630840 1781
1630850 1778
1630860 1778
1630870 1774
1630880 1772
1630890 1772
1630900 1769
1630910 1767
1630920 1767
1630930 1764
1630940 1759
1630950 1759
1630960 1756
1630970 1754
1630980 1754
1630990 1753
1631000 1752
1631010 1752
1631020 1751
1631030 1749
1631040 1749
1631050 1747
1631060 1744
1631070 1742
1631080 1742
1631090 1740
1631100 1737
1631110 1737
1631120 1734
1631130 1732
1631140 1732
1631150 1730
1631160 1726
1631170 1726
1631180 1722
1631190 1718
1631200 1718
1631210 1714
1631220 1710
1631230 1710
1631240 1708
1631250 1706
1631260 1706
1631270 1704
1631280 1700
1631290 1700
1631300 1697
1631310 1694
1631320 1690
1631330 1690
1631340 1688
1631350 1685
1631360 1685
1631370 1681
1631380 1677
1631390 1677
1631400 1674
1631410 1672
1631420 1672
1631430 1670
1631440 1669
1631450 1669
1631460 1668
1631470 1665
1631480 1665
1631490 1662
1631500 1660
1631510 1660
1631520 1656
1631530 1652
1631540 1652
1631550 1647
1631560 1643
1631570 1643
1631580 1640
1631590 1637
1631600 1634
1631610 1634
1631620 1633
1631630 1633
1631640 1633
1631650 1631
1631660 1628
1631670 1628
1631680 1626
1631690 1624
1631700 1624
1631710 1621
1631720 1619
1631730 1619
1631740 1616
1631750 1613
1631760 1613
1631770 1609
1631780 1606
1631790 1606
1631800 1603
1631810 1601
1631820 1601
1631830 1599
1631840 1598
1631850 1598
1631860 1596
1631870 1595
1631880 1593
1631890 1593
1631900 1590
1631910 1588
1631920 1588
1631930 1587
1631940 1587
1631950 1587
1631960 1586
1631970 1586
1631980 1586
1631990 1586
1632000 1587
1632010 1587
1632020 1587
1632030 1588
1632040 1588
1632050 1589
1632060 1589
1632070 1589
1632080 1589
1632090 1588
1632100 1588
1632110 1588
1632120 1587
1632130 1587
1632140 1585
1632150 1583
1632160 1581
1632170 1581
1632180 1583
1632190 1581
1632200 1581
1632210 1581
1632220 1581
1632230 1581
1632240 1579
1632250 1577
1632260 1577
1632270 1577
1632280 1576
1632290 1576
1632300 1573
1632310 1572
1632320 1572
1632330 1571
1632340 1569
1632350 1569
1632360 1565
1632370 1563
1632380 1563
1632390 1562
1632400 1559
1632410 1559
1632420 1558
1632430 1558
1632440 1556
1632450 1556
1632460 1546
1632470 1543
1632480 1543
1632490 1542
1632500 1540
1632510 1540
1632520 1538
1632530 1534
1632540 1534
1632550 1531
1632560 1528
1632570 1528
1632580 1525
1632590 1523
1632600 1523
1632610 1521
1632620 1519
1632630 1519
1632640 1521
1632650 1524
1632660 1524
1632670 1526
1632680 1528
1632690 1528
1632700 1530
1632710 1532
1632720 1534
1632730 1534
1632740 1536
1632750 1536
1632760 1536
1632770 1536
1632780 1535
1632790 1535
1632800 1534
1632810 1532
1632820 1532
1632830 1530
1632840 1529
1632850 1529
1632860 1527
1632870 1525
1632880 1525
1632890 1524
1632900 1524
1632910 1524
1632920 1523
1632930 1523
1632940 1523
1632950 1522
1632960 1521
1632970 1521
1632980 1519
1632990 1516
1633000 1511
1633010 1511
1633020 1505
1633030 1498
1633040 1498
1633050 1492
1633060 1483
1633070 1483
1633080 1474
1633090 1467
1633100 1467
1633110 1460
1633120 1452
1633130 1452
1633140 1444
1633150 1437
1633160 1437
1633170 1429
1633180 1421
1633190 1421
1633200 1413
1633210 1404
1633220 1404
1633230 1395
1633240 1384
1633250 1372
1633260 1372
1633270 1360
1633280 1350
1633290 1350
1633300 1340
1633310 1327
1633320 1327
1633330 1316
1633340 1310
1633350 1310
1633360 1300
1633370 1292
1633380 1292
1633390 1283
1633400 1274
1633410 1274
1633420 1265
1633430 1257
1633440 1257
1633450 1251
1633460 1243
1633470 1243
1633480 1235
1633490 1227
1633500 1227
1633510 1219
1633520 1211
1633530 1203
1633540 1203
1633550 1195
1633560 1187
1633570 1187
1633580 1180
1633590 1173
1633600 1173
1633610 1166
1633620 1160
1633630 1160
1633640 1155
1633650 1151
1633660 1151
1633670 1147
1633680 1144
1633690 1144
1633700 1142
1633710 1138
1633720 1138
1633730 1133
1633740 1132
1633750 1132
1633760 1132
1633770 1131
1633780 1131
1633790 1131
1633800 1131
1633810 1131
1633820 1131
1633830 1131
1633840 1131
1633850 1131
1633860 1130
1633870 1130
1633880 1130
1633890 1130
1633900 1130
1633910 1130
1633920 1130
1633930 1130
1633940 1130
1633950 1130
1633960 1130
1633970 1130
1633980 1130
1633990 1131
1634000 1131
1634010 1132
1634020 1132
1634030 1132
1634040 1133
1634050 1133
1634060 1133
1634070 1134
1634080 1135
1634090 1137
1634100 1137
1634110 1138
1634120 1139
1634130 1139
1634140 1140
1634150 1141
1634160 1141
1634170 1143
1634180 1145
1634190 1145
1634200 1146
1634210 1147
1634220 1147
1634230 1149
1634240 1151
1634250 1151
1634260 1152
1634270 1154
1634280 1154
1634290 1156
1634300 1159
1634310 1159
1634320 1162
1634330 1164
1634340 1164
1634350 1167
1634360 1169
1634370 1172
1634380 1172
1634390 1174
1634400 1176
1634410 1176
1634420 1179
1634430 1182
1634440 1182
1634450 1184
1634460 1186
1634470 1186
1634480 1189
1634490 1193
1634500 1193
1634510 1200
1634520 1206
1634530 1206
1634540 1213
1634550 1221
1634560 1221
1634570 1228
1634580 1236
1634590 1236
1634600 1241
1634610 1249
1634620 1249
1634630 1256
1634640 1264
1634650 1273
1634660 1273
1634670 1280
1634680 1285
1634690 1285
1634700 1290
1634710 1296
1634720 1296
1634730 1301
1634740 1304
1634750 1304
1634760 1306
1634770 1311
1634780 1311
1634790 1318
1634800 1323
1634810 1323
1634820 1328
1634830 1332
1634840 1332
1634850 1338
1634860 1344
1634870 1344
1634880 1351
1634890 1358
1634900 1358
1634910 1363
1634920 1368
1634930 1375
1634940 1375
1634950 1383
1634960 1390
1634970 1390
1634980 1397
1634990 1407
1635000 1407
1635010 1413
1635020 1410
1635030 1410
1635040 1413
1635050 1415
1635060 1415
1635070 1417
1635080 1419
1635090 1419
1635100 1420
1635110 1423
1635120 1423
1635130 1427
1635140 1433
1635150 1433
1635160 1440
1635170 1448
1635180 1448
1635190 1456
1635200 1460
1635210 1468
1635220 1468
1635230 1475
1635240 1481
1635250 1481
1635260 1488
1635270 1495
1635280 1495
1635290 1502
1635300 1509
1635310 1509
1635320 1515
1635330 1522
1635340 1522
1635350 1528
1635360 1535
1635370 1535
1635380 1541
1635390 1547
1635400 1547
1635410 1554
1635420 1560
1635430 1560
1635440 1566
1635450 1572
1635460 1577
1635470 1577
1635480 1584
1635490 1590
1635500 1590
1635510 1596
1635520 1602
1635530 1602
1635540 1608
1635550 1614
1635560 1614
1635570 1620
1635580 1626
1635590 1626
1635600 1632
1635610 1638
1635620 1638
1635630 1644
1635640 1649
1635650 1649
1635660 1652
1635670 1653
1635680 1653
1635690 1650
1635700 1648
1635710 1648
1635720 1645
1635730 1642
1635740 1639
1635750 1639
1635760 1636
1635770 1632
1635780 1632
1635790 1629
1635800 1625
1635810 1625
1635820 1623
1635830 1619
1635840 1619
1635850 1616
1635860 1612
1635870 1614
1635880 1610
1635890 1605
1635900 1605
1635910 1601
1635920 1597
1635930 1597
1635940 1593
1635950 1589
1635960 1589
1635970 1585
1635980 1581
1635990 1581
1636000 1577
1636010 1572
1636020 1567
1636030 1567
1636040 1562
1636050 1556
1636060 1556
1636070 1550
1636080 1544
1636090 1544
1636100 1539
1636110 1532
1636120 1532
1636130 1526
1636140 1520
1636150 1520
1636160 1513
1636170 1507
1636180 1507
1636190 1502
1636200 1497
1636210 1497
1636220 1492
1636230 1488
1636240 1488
1636250 1483
1636260 1480
1636270 1480
1636280 1477
1636290 1476
1636300 1476
1636310 1476
1636320 1477
1636330 1480
1636340 1480
1636350 1484
1636360 1490
1636370 1490
1636380 1495
1636390 1500
1636400 1500
1636410 1505
1636420 1510
1636430 1510
1636440 1515
1636450 1520
1636460 1520
1636470 1525
1636480 1530
1636490 1530
1636500 1536
1636510 1540
1636520 1540
1636530 1545
1636540 1549
1636550 1549
1636560 1553
1636570 1558
1636580 1563
1636590 1563
1636600 1567
1636610 1571
1636620 1571
1636630 1575
1636640 1578
1636650 1578
1636660 1580
1636670 1581
1636680 1581
1636690 1582
1636700 1580
1636710 1584
1636720 1581
1636730 1577
1636740 1577
1636750 1573
1636760 1567
1636770 1567
1636780 1562
1636790 1556
1636800 1556
1636810 1549
1636820 1542
1636830 1542
1636840 1534
1636850 1526
1636860 1517
1636870 1517
1636880 1510
1636890 1504
1636900 1504
1636910 1497
1636920 1492
1636930 1492
1636940 1490
1636950 1492
1636960 1492
1636970 1493
1636980 1494
1636990 1494
1637000 1497
1637010 1501
1637020 1501
1637030 1504
1637040 1507
1637050 1507
1637060 1510
1637070 1513
1637080 1513
1637090 1515
1637100 1518
1637110 1518
1637120 1521
1637130 1524
1637140 1528
1637150 1528
1637160 1532
1637170 1534
1637180 1534
1637190 1537
1637200 1540
1637210 1540
1637220 1545
1637230 1548
1637240 1548
1637250 1553
1637260 1557
1637270 1557
1637280 1562
1637290 1567
1637300 1567
1637310 1571
1637320 1576
1637330 1576
1637340 1580
1637350 1584
1637360 1584
1637370 1589
1637380 1594
1637390 1600
1637400 1600
1637410 1606
1637420 1610
1637430 1610
1637440 1616
1637450 1621
1637460 1621
1637470 1626
1637480 1630
1637490 1630
1637500 1634
1637510 1638
1637520 1638
1637530 1643
1637540 1647
1637550 1646
1637560 1649
1637570 1653
1637580 1653
1637590 1657
1637600 1660
1637610 1660
1637620 1664
1637630 1667
1637640 1667
1637650 1670
1637660 1673
1637670 1676
1637680 1676
1637690 1679
1637700 1682
1637710 1682
1637720 1685
1637730 1687
1637740 1687
1637750 1689
1637760 1691
1637770 1691
1637780 1694
1637790 1696
1637800 1696
1637810 1697
1637820 1699
1637830 1699
1637840 1702
1637850 1704
1637860 1704
1637870 1706
1637880 1708
1637890 1708
1637900 1711
1637910 1715
1637920 1715
1637930 1718
1637940 1721
1637950 1725
1637960 1725
1637970 1729
1637980 1732
1637990 1732
1638000 1736
1638010 1739
1638020 1739
1638030 1743
1638040 1746
1638050 1746
1638060 1749
1638070 1752
1638080 1752
1638090 1756
1638100 1760
1638110 1760
1638120 1764
1638130 1767
1638140 1767
1638150 1771
1638160 1774
1638170 1774
1638180 1778
1638190 1782
1638200 1782
1638210 1785
1638220 1789
1638230 1792
1638240 1792
1638250 1796
1638260 1799
1638270 1799
1638280 1802
1638290 1805
1638300 1805
1638310 1808
1638320 1811
1638330 1811
1638340 1814
1638350 1817
1638360 1817
1638370 1820
1638380 1821
1638390 1821
1638400 1824
1638410 1827
1638420 1827
1638430 1830
1638440 1833
1638450 1833
1638460 1836
1638470 1839
1638480 1839
1638490 1841
1638500 1843
1638510 1844
1638520 1844
1638530 1846
1638540 1846
1638550 1846
1638560 1846
1638570 1846
1638580 1846
1638590 1845
1638600 1841
1638610 1841
1638620 1836
1638630 1831
1638640 1831
1638650 1826
1638660 1821
1638670 1821
1638680 1816
1638690 1811
1638700 1811
1638710 1807
1638720 1802
1638730 1802
1638740 1797
1638750 1792
1638760 1792
1638770 1788
1638780 1784
1638790 1780
1638800 1780
1638810 1775
1638820 1770
1638830 1770
1638840 1766
1638850 1761
1638860 1761
1638870 1756
1638880 1752
1638890 1752
1638900 1747
1638910 1743
1638920 1743
1638930 1742
1638940 1742
1638950 1742
1638960 1742
1638970 1739
1638980 1739
1638990 1737
1639000 1736
1639010 1736
1639020 1738
1639030 1743
1639040 1743
1639050 1747
1639060 1747
1639070 1746
1639080 1746
1639090 1748
1639100 1750
1639110 1750
1639120 1753
1639130 1755
1639140 1755
1639150 1757
1639160 1758
1639170 1758
1639180 1761
1639190 1764
1639200 1764
1639210 1771
1639220 1773
1639230 1773
1639240 1775
1639250 1778
1639260 1778
1639270 1781
1639280 1785
1639290 1785
1639300 1789
1639310 1792
1639320 1792
1639330 1796
1639340 1799
1639350 1802
1639360 1802
1639370 1805
1639380 1806
1639390 1806
1639400 1808
1639410 1810
1639420 1810
1639430 1812
1639440 1813
1639450 1813
1639460 1815
1639470 1817
1639480 1817
1639490 1818
1639500 1818
1639510 1818
1639520 1818
1639530 1818
1639540 1818
1639550 1818
1639560 1818
1639570 1818
1639580 1818
1639590 1818
1639600 1818
1639610 1818
1639620 1818
1639630 1817
1639640 1817
1639650 1816
1639660 1816
1639670 1816
1639680 1815
1639690 1815
1639700 1815
1639710 1815
1639720 1814
1639730 1814
1639740 1813
1639750 1812
1639760 1812
1639770 1811
1639780 1810
1639790 1810
1639800 1809
1639810 1808
1639820 1808
1639830 1807
1639840 1805
1639850 1805
1639860 1804
1639870 1802
1639880 1801
1639890 1801
1639900 1800
1639910 1799
1639920 1799
1639930 1799
1639940 1797
1639950 1797
1639960 1797
1639970 1795
1639980 1795
1639990 1794
