1620000 1939
1620010 1933
1620020 1933
1620030 1931
1620040 1925
1620050 1925
1620060 1920
1620070 1912
1620080 1912
1620090 1904
1620100 1896
1620110 1896
1620120 1887
1620130 1878
1620140 1866
1620150 1866
1620160 1859
1620170 1854
1620180 1854
1620190 1849
1620200 1844
1620210 1844
1620220 1838
1620230 1833
1620240 1833
1620250 1829
1620260 1824
1620270 1824
1620280 1821
1620290 1819
1620300 1819
1620310 1816
1620320 1812
1620330 1812
1620340 1808
1620350 1805
1620360 1805
1620370 1802
1620380 1799
1620390 1799
1620400 1797
1620410 1795
1620420 1792
1620430 1792
1620440 1789
1620450 1787
1620460 1787
1620470 1784
1620480 1781
1620490 1781
1620500 1778
1620510 1776
1620520 1776
1620530 1774
1620540 1771
1620550 1771
1620560 1769
1620570 1767
1620580 1767
1620590 1765
1620600 1763
1620610 1763
1620620 1760
1620630 1758
1620640 1758
1620650 1757
1620660 1756
1620670 1756
1620680 1754
1620690 1753
1620700 1751
1620710 1751
1620720 1749
1620730 1748
1620740 1748
1620750 1746
1620760 1744
1620770 1744
1620780 1744
1620790 1741
1620800 1741
1620810 1735
1620820 1728
1620830 1728
1620840 1722
1620850 1718
1620860 1718
1620870 1715
1620880 1712
1620890 1712
1620900 1710
1620910 1708
1620920 1708
1620930 1706
1620940 1705
1620950 1705
1620960 1703
1620970 1701
1620980 1700
1620990 1700
1621000 1698
1621010 1697
1621020 1697
1621030 1695
1621040 1695
1621050 1695
1621060 1693
1621070 1692
1621080 1692
1621090 1691
1621100 1689
1621110 1689
1621120 1688
1621130 1687
1621140 1687
1621150 1686
1621160 1686
1621170 1686
1621180 1685
1621190 1684
1621200 1684
1621210 1683
1621220 1681
1621230 1681
1621240 1679
1621250 1678
1621260 1677
1621270 1677
1621280 1676
1621290 1675
1621300 1675
1621310 1673
1621320 1672
1621330 1672
1621340 1671
1621350 1671
1621360 1671
1621370 1670
1621380 1670
1621390 1670
1621400 1669
1621410 1671
1621420 1671
1621430 1671
1621440 1670
1621450 1670
1621460 1670
1621470 1670
1621480 1670
1621490 1669
1621500 1668
1621510 1668
1621520 1667
1621530 1666
1621540 1665
1621550 1665
1621560 1663
1621570 1661
1621580 1661
1621590 1660
1621600 1658
1621610 1658
1621620 1655
1621630 1649
1621640 1649
1621650 1643
1621660 1637
1621670 1637
1621680 1631
1621690 1625
1621700 1625
1621710 1619
1621720 1614
1621730 1614
1621740 1608
1621750 1602
1621760 1602
1621770 1596
1621780 1590
1621790 1590
1621800 1583
1621810 1577
1621820 1572
1621830 1572
1621840 1569
1621850 1565
1621860 1565
1621870 1560
1621880 1556
1621890 1556
1621900 1552
1621910 1547
1621920 1547
1621930 1540
1621940 1534
1621950 1534
1621960 1528
1621970 1523
1621980 1523
1621990 1518
1622000 1513
1622010 1513
1622020 1508
1622030 1503
1622040 1503
1622050 1498
1622060 1494
1622070 1494
1622080 1490
1622090 1486
1622100 1482
1622110 1482
1622120 1478
1622130 1474
1622140 1474
1622150 1471
1622160 1467
1622170 1467
1622180 1464
1622190 1461
1622200 1461
1622210 1458
1622220 1455
1622230 1455
1622240 1452
1622250 1450
1622260 1450
1622270 1447
1622280 1444
1622290 1444
1622300 1440
1622310 1437
1622320 1437
1622330 1435
1622340 1431
1622350 1431
1622360 1428
1622370 1426
1622380 1423
1622390 1423
1622400 1420
1622410 1418
1622420 1418
1622430 1416
1622440 1414
1622450 1414
1622460 1412
1622470 1409
1622480 1409
1622490 1407
1622500 1405
1622510 1405
1622520 1402
1622530 1398
1622540 1398
1622550 1396
1622560 1396
1622570 1396
1622580 1396
1622590 1396
1622600 1396
1622610 1397
1622620 1398
1622630 1398
1622640 1400
1622650 1402
1622660 1404
1622670 1404
1622680 1405
1622690 1405
1622700 1405
1622710 1406
1622720 1407
1622730 1407
1622740 1408
1622750 1409
1622760 1409
1622770 1412
1622780 1414
1622790 1414
1622800 1416
1622810 1418
1622820 1418
1622830 1421
1622840 1423
1622850 1423
1622860 1426
1622870 1429
1622880 1429
1622890 1431
1622900 1434
1622910 1434
1622920 1438
1622930 1443
1622940 1449
1622950 1449
1622960 1456
1622970 1462
1622980 1462
1622990 1469
1623000 1477
1623010 1477
1623020 1485
1623030 1492
1623040 1492
1623050 1499
1623060 1505
1623070 1505
1623080 1513
1623090 1522
1623100 1522
1623110 1531
1623120 1540
1623130 1540
1623140 1548
1623150 1556
1623160 1556
1623170 1566
1623180 1573
1623190 1573
1623200 1581
1623210 1588
1623220 1596
1623230 1596
1623240 1602
1623250 1608
1623260 1601
1623270 1606
1623280 1614
1623290 1614
1623300 1622
1623310 1631
1623320 1631
1623330 1639
1623340 1645
1623350 1645
1623360 1650
1623370 1657
1623380 1657
1623390 1664
1623400 1670
1623410 1670
1623420 1676
1623430 1682
1623440 1682
1623450 1691
1623460 1701
1623470 1701
1623480 1714
1623490 1722
1623500 1727
1623510 1727
1623520 1734
1623530 1743
1623540 1743
1623550 1751
1623560 1756
1623570 1756
1623580 1758
1623590 1762
1623600 1762
1623610 1766
1623620 1772
1623630 1772
1623640 1777
1623650 1784
1623660 1784
1623670 1793
1623680 1801
1623690 1801
1623700 1809
1623710 1817
1623720 1817
1623730 1825
1623740 1833
1623750 1833
1623760 1840
1623770 1847
1623780 1855
1623790 1855
1623800 1861
1623810 1866
1623820 1866
1623830 1870
1623840 1874
1623850 1874
1623860 1877
1623870 1880
1623880 1880
1623890 1883
1623900 1886
1623910 1886
1623920 1889
1623930 1891
1623940 1891
1623950 1893
1623960 1896
1623970 1896
1623980 1901
1623990 1907
1624000 1907
1624010 1912
1624020 1919
1624030 1919
1624040 1925
1624050 1931
1624060 1937
1624070 1937
1624080 1944
1624090 1951
1624100 1951
1624110 1958
1624120 1964
1624130 1964
1624140 1970
1624150 1977
1624160 1977
1624170 1983
1624180 1989
1624190 1989
1624200 1996
1624210 2003
1624220 2003
1624230 2010
1624240 2017
1624250 2017
1624260 2025
1624270 2033
1624280 2033
1624290 2040
1624300 2047
1624310 2047
1624320 2055
1624330 2061
1624340 2068
1624350 2068
1624360 2074
1624370 2080
1624380 2080
1624390 2086
1624400 2093
1624410 2093
1624420 2099
1624430 2105
1624440 2105
1624450 2110
1624460 2114
1624470 2114
1624480 2119
1624490 2123
1624500 2123
1624510 2127
1624520 2131
1624530 2131
1624540 2136
1624550 2141
1624560 2141
1624570 2146
1624580 2151
1624590 2151
1624600 2155
1624610 2161
1624620 2166
1624630 2166
1624640 2170
1624650 2175
1624660 2175
1624670 2178
1624680 2180
1624690 2180
1624700 2183
1624710 2185
1624720 2185
1624730 2186
1624740 2183
1624750 2183
1624760 2178
1624770 2172
1624780 2172
1624790 2167
1624800 2160
1624810 2160
1624820 2153
1624830 2147
1624840 2147
1624850 2141
1624860 2137
1624870 2137
1624880 2132
1624890 2129
1624900 2125
1624910 2125
1624920 2122
1624930 2118
1624940 2118
1624950 2115
1624960 2113
1624970 2113
1624980 2112
1624990 2112
1625000 2112
1625010 2113
1625020 2115
1625030 2115
1625040 2117
1625050 2118
1625060 2118
1625070 2120
1625080 2122
1625090 2128
1625100 2131
1625110 2133
1625120 2133
1625130 2135
1625140 2139
1625150 2139
1625160 2143
1625170 2147
1625180 2151
1625190 2151
1625200 2155
1625210 2158
1625220 2158
1625230 2161
1625240 2165
1625250 2165
1625260 2169
1625270 2173
1625280 2173
1625290 2177
1625300 2182
1625310 2182
1625320 2186
1625330 2190
1625340 2190
1625350 2194
1625360 2197
1625370 2197
1625380 2199
1625390 2204
1625400 2204
1625410 2208
1625420 2211
1625430 2211
1625440 2213
1625450 2213
1625460 2212
1625470 2212
1625480 2211
1625490 2210
1625500 2210
1625510 2209
1625520 2209
1625530 2209
1625540 2209
1625550 2209
1625560 2209
1625570 2210
1625580 2211
1625590 2211
1625600 2211
1625610 2210
1625620 2210
1625630 2210
1625640 2210
1625650 2210
1625660 2209
1625670 2208
1625680 2208
1625690 2206
1625700 2203
1625710 2203
1625720 2201
1625730 2200
1625740 2200
1625750 2200
1625760 2200
1625770 2191
1625780 2191
1625790 2184
1625800 2181
1625810 2181
1625820 2167
1625830 2161
1625840 2161
1625850 2148
1625860 2138
1625870 2138
1625880 2130
1625890 2128
1625900 2128
1625910 2130
1625920 2129
1625930 2129
1625940 2124
1625950 2117
1625960 2117
1625970 2108
1625980 2098
1625990 2093
1626000 2085
1626010 2076
1626020 2071
1626030 2071
1626040 2068
1626050 2064
1626060 2064
1626070 2061
1626080 2056
1626090 2056
1626100 2052
1626110 2050
1626120 2050
1626130 2050
1626140 2050
1626150 2050
1626160 2051
1626170 2051
1626180 2051
1626190 2052
1626200 2053
1626210 2053
1626220 2054
1626230 2056
1626240 2056
1626250 2058
1626260 2053
1626270 2053
1626280 2044
1626290 2037
1626300 2030
1626310 2030
1626320 2022
1626330 2015
1626340 2015
1626350 2014
1626360 2014
1626370 2014
1626380 2012
1626390 2009
1626400 2009
1626410 2008
1626420 2005
1626430 2005
1626440 2003
1626450 2001
1626460 2001
1626470 1998
1626480 1997
1626490 1997
1626500 1997
1626510 1996
1626520 1996
1626530 1995
1626540 1994
1626550 1994
1626560 1993
1626570 1994
1626580 1994
1626590 1994
1626600 1995
1626610 1994
1626620 1994
1626630 1993
1626640 1991
1626650 1991
1626660 1989
1626670 1986
1626680 1986
1626690 1985
1626700 1984
1626710 1984
1626720 1985
1626730 1986
1626740 1986
1626750 1986
1626760 1988
1626770 1988
1626780 1990
1626790 1992
1626800 1992
1626810 1995
1626820 1997
1626830 1997
1626840 2000
1626850 2003
1626860 2005
1626870 2005
1626880 2005
1626890 1999
1626900 1999
1626910 2000
1626920 2000
1626930 2000
1626940 1997
1626950 1995
1626960 1995
1626970 1995
1626980 1997
1626990 1997
1627000 1999
1627010 1999
1627020 1999
1627030 2002
1627040 2011
1627050 2011
1627060 2015
1627070 2018
1627080 2018
1627090 2022
1627100 2026
1627110 2026
1627120 2029
1627130 2030
1627140 2032
1627150 2032
1627160 2032
1627170 2032
1627180 2032
1627190 2033
1627200 2035
1627210 2035
1627220 2039
1627230 2042
1627240 2042
1627250 2046
1627260 2052
1627270 2052
1627280 2060
1627290 2069
1627300 2069
1627310 2078
1627320 2085
1627330 2085
1627340 2092
1627350 2099
1627360 2099
1627370 2107
1627380 2113
1627390 2113
1627400 2112
1627410 2112
1627420 2118
1627430 2118
1627440 2121
1627450 2121
1627460 2121
1627470 2124
1627480 2130
1627490 2130
1627500 2137
1627510 2145
1627520 2145
1627530 2155
1627540 2161
1627550 2161
1627560 2165
1627570 2170
1627580 2170
1627590 2176
1627600 2180
1627610 2180
1627620 2185
1627630 2191
1627640 2191
1627650 2194
1627660 2196
1627670 2196
1627680 2195
1627690 2189
1627700 2178
1627710 2178
1627720 2169
1627730 2159
1627740 2159
1627750 2148
1627760 2128
1627770 2128
1627780 2129
1627790 2136
1627800 2136
1627810 2140
1627820 2130
1627830 2130
1627840 2117
1627850 2105
1627860 2105
1627870 2092
1627880 2080
1627890 2080
1627900 2032
1627910 2004
1627920 2004
1627930 1996
1627940 1990
1627950 1990
1627960 1984
1627970 1977
1627980 1970
1627990 1970
1628000 1965
1628010 1958
1628020 1958
1628030 1952
1628040 1948
1628050 1948
1628060 1944
1628070 1941
1628080 1941
1628090 1937
1628100 1934
1628110 1934
1628120 1930
1628130 1927
1628140 1927
1628150 1924
1628160 1921
1628170 1921
1628180 1918
1628190 1915
1628200 1915
1628210 1908
1628220 1902
1628230 1902
1628240 1900
1628250 1901
1628260 1902
1628270 1902
1628280 1903
1628290 1903
1628300 1903
1628310 1904
1628320 1905
1628330 1905
1628340 1905
1628350 1906
1628360 1906
1628370 1906
1628380 1904
1628390 1904
1628400 1906
1628410 1911
1628420 1911
1628430 1914
1628440 1915
1628450 1915
1628460 1914
1628470 1914
1628480 1914
1628490 1915
1628500 1914
1628510 1914
1628520 1914
1628530 1916
1628540 1919
1628550 1919
1628560 1920
1628570 1921
1628580 1921
1628590 1922
1628600 1922
1628610 1922
1628620 1923
1628630 1925
1628640 1925
1628650 1926
1628660 1926
1628670 1919
1628680 1920
1628690 1921
1628700 1921
1628710 1923
1628720 1924
1628730 1924
1628740 1926
1628750 1929
1628760 1929
1628770 1932
1628780 1935
1628790 1935
1628800 1938
1628810 1943
1628820 1948
1628830 1948
1628840 1950
1628850 1952
1628860 1952
1628870 1955
1628880 1957
1628890 1957
1628900 1959
1628910 1960
1628920 1960
1628930 1959
1628940 1958
1628950 1958
1628960 1957
1628970 1959
1628980 1959
1628990 1964
1629000 1967
1629010 1967
1629020 1968
1629030 1969
1629040 1969
1629050 1969
1629060 1969
1629070 1969
1629080 1969
1629090 1968
1629100 1967
1629110 1967
1629120 1966
1629130 1966
1629140 1966
1629150 1964
1629160 1963
1629170 1963
1629180 1961
1629190 1960
1629200 1960
1629210 1959
1629220 1958
1629230 1958
1629240 1956
1629250 1955
1629260 1955
1629270 1953
1629280 1951
1629290 1951
1629300 1948
1629310 1945
1629320 1945
1629330 1942
1629340 1937
1629350 1937
1629360 1932
1629370 1927
1629380 1921
1629390 1921
1629400 1914
1629410 1908
1629420 1908
1629430 1906
1629440 1905
1629450 1905
1629460 1906
1629470 1906
1629480 1906
1629490 1906
1629500 1904
1629510 1904
1629520 1902
1629530 1899
1629540 1899
1629550 1889
1629560 1894
1629570 1894
1629580 1903
1629590 1911
1629600 1911
1629610 1906
1629620 1905
1629630 1905
1629640 1909
1629650 1915
1629660 1920
1629670 1920
1629680 1923
1629690 1924
1629700 1924
1629710 1921
1629720 1928
1629730 1928
1629740 1932
1629750 1934
1629760 1934
1629770 1938
1629780 1943
1629790 1943
1629800 1946
1629810 1950
1629820 1950
1629830 1953
1629840 1956
1629850 1956
1629860 1958
1629870 1955
1629880 1955
1629890 1950
1629900 1950
1629910 1950
1629920 1955
1629930 1960
1629940 1964
1629950 1964
1629960 1964
1629970 1969
1629980 1969
1629990 1974
1630000 1977
1630010 1977
1630020 1978
1630030 1976
1630040 1976
1630050 1978
1630060 1985
1630070 1985
1630080 1993
1630090 1997
1630100 1997
1630110 1987
1630120 1975
1630130 1975
1630140 1967
1630150 1961
1630160 1961
1630170 1955
1630180 1949
1630190 1949
1630200 1943
1630210 1938
1630220 1936
1630230 1936
1630240 1938
1630250 1937
1630260 1937
1630270 1936
1630280 1946
1630290 1946
1630300 1947
1630310 1942
1630320 1942
1630330 1934
1630340 1919
1630350 1919
1630360 1905
1630370 1888
1630380 1888
1630390 1871
1630400 1854
1630410 1854
1630420 1839
1630430 1837
1630440 1837
1630450 1828
1630460 1821
1630470 1821
1630480 1814
1630490 1807
1630500 1800
1630510 1800
1630520 1793
1630530 1786
1630540 1786
1630550 1779
1630560 1773
1630570 1773
1630580 1765
1630590 1758
1630600 1758
1630610 1751
1630620 1746
1630630 1746
1630640 1741
1630650 1736
1630660 1736
1630670 1733
1630680 1729
1630690 1729
1630700 1724
1630710 1720
1630720 1720
1630730 1716
1630740 1712
1630750 1712
1630760 1707
1630770 1703
1630780 1698
1630790 1698
1630800 1694
1630810 1689
1630820 1689
1630830 1685
1630840 1682
1630850 1682
1630860 1679
1630870 1676
1630880 1676
1630890 1672
1630900 1668
1630910 1668
1630920 1664
1630930 1661
1630940 1661
1630950 1658
1630960 1654
1630970 1654
1630980 1651
1630990 1647
1631000 1647
1631010 1644
1631020 1640
1631030 1640
1631040 1637
1631050 1635
1631060 1632
1631070 1632
1631080 1629
1631090 1626
1631100 1626
1631110 1623
1631120 1620
1631130 1620
1631140 1617
1631150 1614
1631160 1614
1631170 1607
1631180 1607
1631190 1607
1631200 1607
1631210 1605
1631220 1605
1631230 1602
1631240 1599
1631250 1599
1631260 1595
1631270 1592
1631280 1592
1631290 1590
1631300 1584
1631310 1584
1631320 1582
1631330 1579
1631340 1577
1631350 1577
1631360 1575
1631370 1572
1631380 1572
1631390 1570
1631400 1567
1631410 1567
1631420 1565
1631430 1562
1631440 1562
1631450 1561
1631460 1557
1631470 1557
1631480 1556
1631490 1555
1631500 1555
1631510 1552
1631520 1550
1631530 1550
1631540 1547
1631550 1543
1631560 1543
1631570 1540
1631580 1537
1631590 1537
1631600 1534
1631610 1531
1631620 1529
1631630 1529
1631640 1529
1631650 1528
1631660 1528
1631670 1526
1631680 1528
1631690 1528
1631700 1533
1631710 1536
1631720 1536
1631730 1540
1631740 1544
1631750 1544
1631760 1548
1631770 1550
1631780 1550
1631790 1548
1631800 1547
1631810 1547
1631820 1545
1631830 1531
1631840 1531
1631850 1519
1631860 1504
1631870 1504
1631880 1493
1631890 1485
1631900 1482
1631910 1482
1631920 1483
1631930 1483
1631940 1483
1631950 1483
1631960 1485
1631970 1485
1631980 1476
1631990 1468
1632000 1468
1632010 1465
1632020 1470
1632030 1470
1632040 1476
1632050 1475
1632060 1475
1632070 1468
1632080 1460
1632090 1460
1632100 1438
1632110 1414
1632120 1414
1632130 1409
1632140 1411
1632150 1411
1632160 1407
1632170 1416
1632180 1417
1632190 1417
1632200 1407
1632210 1403
1632220 1403
1632230 1389
1632240 1370
1632250 1370
1632260 1360
1632270 1340
1632280 1340
1632290 1328
1632300 1321
1632310 1321
1632320 1316
1632330 1311
1632340 1311
1632350 1306
1632360 1301
1632370 1301
1632380 1296
1632390 1290
1632400 1290
1632410 1284
1632420 1280
1632430 1280
1632440 1275
1632450 1270
1632460 1265
1632470 1265
1632480 1259
1632490 1253
1632500 1253
1632510 1248
1632520 1242
1632530 1242
1632540 1237
1632550 1231
1632560 1231
1632570 1224
1632580 1216
1632590 1216
1632600 1211
1632610 1206
1632620 1206
1632630 1201
1632640 1197
1632650 1197
1632660 1195
1632670 1194
1632680 1194
1632690 1193
1632700 1193
1632710 1193
1632720 1193
1632730 1192
1632740 1192
1632750 1192
1632760 1190
1632770 1190
1632780 1190
1632790 1189
1632800 1188
1632810 1188
1632820 1187
1632830 1186
1632840 1186
1632850 1185
1632860 1185
1632870 1185
1632880 1184
1632890 1183
1632900 1183
1632910 1182
1632920 1181
1632930 1181
1632940 1180
1632950 1180
1632960 1180
1632970 1179
1632980 1178
1632990 1178
1633000 1177
1633010 1176
1633020 1176
1633030 1177
1633040 1177
1633050 1177
1633060 1177
1633070 1177
1633080 1176
1633090 1176
1633100 1176
1633110 1176
1633120 1176
1633130 1176
1633140 1176
1633150 1176
1633160 1177
1633170 1178
1633180 1178
1633190 1179
1633200 1180
1633210 1180
1633220 1181
1633230 1183
1633240 1183
1633250 1185
1633260 1188
1633270 1188
1633280 1191
1633290 1194
1633300 1199
1633310 1199
1633320 1203
1633330 1208
1633340 1208
1633350 1212
1633360 1215
1633370 1215
1633380 1218
1633390 1220
1633400 1220
1633410 1221
1633420 1222
1633430 1222
1633440 1224
1633450 1226
1633460 1226
1633470 1230
1633480 1235
1633490 1235
1633500 1240
1633510 1245
1633520 1245
1633530 1249
1633540 1253
1633550 1253
1633560 1256
1633570 1260
1633580 1263
1633590 1263
1633600 1265
1633610 1267
1633620 1267
1633630 1269
1633640 1273
1633650 1273
1633660 1277
1633670 1281
1633680 1281
1633690 1285
1633700 1289
1633710 1289
1633720 1292
1633730 1297
1633740 1297
1633750 1302
1633760 1307
1633770 1307
1633780 1311
1633790 1315
1633800 1315
1633810 1319
1633820 1322
1633830 1322
1633840 1325
1633850 1327
1633860 1330
1633870 1330
1633880 1337
1633890 1341
1633900 1341
1633910 1346
1633920 1350
1633930 1350
1633940 1354
1633950 1356
1633960 1356
1633970 1359
1633980 1362
1633990 1362
1634000 1364
1634010 1365
1634020 1365
1634030 1365
1634040 1366
1634050 1366
1634060 1367
1634070 1367
1634080 1367
1634090 1364
1634100 1358
1634110 1358
1634120 1352
1634130 1345
1634140 1338
1634150 1338
1634160 1332
1634170 1326
1634180 1326
1634190 1320
1634200 1311
1634210 1311
1634220 1304
1634230 1299
1634240 1299
1634250 1294
1634260 1293
1634270 1293
1634280 1293
1634290 1296
1634300 1296
1634310 1303
1634320 1313
1634330 1313
1634340 1323
1634350 1332
1634360 1332
1634370 1340
1634380 1347
1634390 1347
1634400 1354
1634410 1361
1634420 1368
1634430 1368
1634440 1374
1634450 1380
1634460 1380
1634470 1386
1634480 1391
1634490 1391
1634500 1395
1634510 1398
1634520 1398
1634530 1402
1634540 1407
1634550 1407
1634560 1413
1634570 1420
1634580 1420
1634590 1426
1634600 1432
1634610 1432
1634620 1437
1634630 1441
1634640 1441
1634650 1446
1634660 1451
1634670 1451
1634680 1456
1634690 1461
1634700 1466
1634710 1466
1634720 1471
1634730 1478
1634740 1478
1634750 1483
1634760 1488
1634770 1488
1634780 1494
1634790 1499
1634800 1499
1634810 1505
1634820 1510
1634830 1510
1634840 1516
1634850 1521
1634860 1521
1634870 1526
1634880 1531
1634890 1531
1634900 1536
1634910 1542
1634920 1542
1634930 1547
1634940 1553
1634950 1553
1634960 1558
1634970 1563
1634980 1569
1634990 1569
1635000 1575
1635010 1580
1635020 1580
1635030 1586
1635040 1592
1635050 1592
1635060 1598
1635070 1604
1635080 1604
1635090 1609
1635100 1615
1635110 1615
1635120 1621
1635130 1627
1635140 1627
1635150 1632
1635160 1638
1635170 1638
1635180 1644
1635190 1650
1635200 1650
1635210 1655
1635220 1662
1635230 1662
1635240 1667
1635250 1673
1635260 1679
1635270 1679
1635280 1684
1635290 1690
1635300 1690
1635310 1695
1635320 1701
1635330 1701
1635340 1708
1635350 1715
1635360 1715
1635370 1721
1635380 1728
1635390 1728
1635400 1735
1635410 1742
1635420 1742
1635430 1748
1635440 1755
1635450 1755
1635460 1762
1635470 1769
1635480 1769
1635490 1776
1635500 1782
1635510 1788
1635520 1788
1635530 1793
1635540 1799
1635550 1799
1635560 1804
1635570 1808
1635580 1813
1635590 1817
1635600 1820
1635610 1820
1635620 1823
1635630 1826
1635640 1826
1635650 1828
1635660 1831
1635670 1831
1635680 1835
1635690 1839
1635700 1839
1635710 1842
1635720 1844
1635730 1844
1635740 1843
1635750 1843
1635760 1843
1635770 1844
1635780 1845
1635790 1847
1635800 1847
1635810 1848
1635820 1851
1635830 1851
1635840 1854
1635850 1856
1635860 1856
1635870 1859
1635880 1862
1635890 1862
1635900 1865
1635910 1870
1635920 1870
1635930 1874
1635940 1879
1635950 1879
1635960 1882
1635970 1886
1635980 1886
1635990 1890
1636000 1893
1636010 1893
1636020 1898
1636030 1903
1636040 1903
1636050 1909
1636060 1915
1636070 1922
1636080 1922
1636090 1929
1636100 1935
1636110 1935
1636120 1941
1636130 1945
1636140 1945
1636150 1950
1636160 1953
1636170 1953
1636180 1957
1636190 1961
1636200 1961
1636210 1965
1636220 1970
1636230 1970
1636240 1975
1636250 1982
1636260 1982
1636270 1988
1636280 1995
1636290 1995
1636300 2001
1636310 2009
1636320 2009
1636330 2016
1636340 2023
1636350 2027
1636360 2027
1636370 2028
1636380 2028
1636390 2028
1636400 2029
1636410 2029
1636420 2034
1636430 2034
1636440 2034
1636450 2034
1636460 2033
1636470 2032
1636480 2032
1636490 2031
1636500 2031
1636510 2031
1636520 2032
1636530 2032
1636540 2032
1636550 2033
1636560 2033
1636570 2033
1636580 2033
1636590 2034
1636600 2034
1636610 2035
1636620 2036
1636630 2038
1636640 2038
1636650 2039
1636660 2041
1636670 2041
1636680 2043
1636690 2046
1636700 2046
1636710 2049
1636720 2052
1636730 2052
1636740 2054
1636750 2056
1636760 2056
1636770 2058
1636780 2061
1636790 2061
1636800 2064
1636810 2067
1636820 2067
1636830 2069
1636840 2072
1636850 2072
1636860 2075
1636870 2077
1636880 2077
1636890 2078
1636900 2076
1636910 2072
1636920 2072
1636930 2067
1636940 2062
1636950 2062
1636960 2056
1636970 2051
1636980 2051
1636990 2045
1637000 2039
1637010 2039
1637020 2033
1637030 2027
1637040 2027
1637050 2021
1637060 2016
1637070 2016
1637080 2010
1637090 2005
1637100 2005
1637110 2001
1637120 1995
1637130 1995
1637140 1989
1637150 1987
1637160 1987
1637170 1988
1637180 1988
1637190 1987
1637200 1987
1637210 1985
1637220 1982
1637230 1982
1637240 1979
1637250 1976
1637260 1981
1637270 1977
1637280 1972
1637290 1972
1637300 1967
1637310 1962
1637320 1962
1637330 1956
1637340 1950
1637350 1950
1637360 1948
1637370 1948
1637380 1948
1637390 1947
1637400 1947
1637410 1947
1637420 1945
1637430 1944
1637440 1944
1637450 1942
1637460 1940
1637470 1937
1637480 1937
1637490 1935
1637500 1933
1637510 1933
1637520 1929
1637530 1924
1637540 1924
1637550 1920
1637560 1916
1637570 1916
1637580 1912
1637590 1906
1637600 1906
1637610 1901
1637620 1893
1637630 1893
1637640 1893
1637650 1891
1637660 1891
1637670 1887
1637680 1885
1637690 1885
1637700 1883
1637710 1880
1637720 1880
1637730 1876
1637740 1873
1637750 1869
1637760 1869
1637770 1867
1637780 1864
1637790 1864
1637800 1861
1637810 1857
1637820 1857
1637830 1853
1637840 1850
1637850 1850
1637860 1845
1637870 1842
1637880 1842
1637890 1839
1637900 1835
1637910 1835
1637920 1832
1637930 1828
1637940 1828
1637950 1825
1637960 1822
1637970 1822
1637980 1821
1637990 1817
1638000 1817
1638010 1814
1638020 1813
1638030 1811
1638040 1811
1638050 1808
1638060 1805
1638070 1805
1638080 1805
1638090 1802
1638100 1805
1638110 1804
1638120 1802
1638130 1802
1638140 1799
1638150 1795
1638160 1795
1638170 1792
1638180 1791
1638190 1791
1638200 1790
1638210 1795
1638220 1795
1638230 1800
1638240 1803
1638250 1803
1638260 1805
1638270 1808
1638280 1808
1638290 1810
1638300 1813
1638310 1816
1638320 1816
1638330 1819
1638340 1822
1638350 1822
1638360 1825
1638370 1828
1638380 1828
1638390 1832
1638400 1835
1638410 1835
1638420 1838
1638430 1842
1638440 1842
1638450 1845
1638460 1849
1638470 1849
1638480 1853
1638490 1857
1638500 1857
1638510 1860
1638520 1864
1638530 1864
1638540 1868
1638550 1872
1638560 1872
1638570 1876
1638580 1879
1638590 1883
1638600 1883
1638610 1887
1638620 1891
1638630 1891
1638640 1896
1638650 1901
1638660 1901
1638670 1905
1638680 1910
1638690 1910
1638700 1913
1638710 1917
1638720 1917
1638730 1919
1638740 1920
1638750 1920
1638760 1925
1638770 1933
1638780 1933
1638790 1939
1638800 1944
1638810 1944
1638820 1950
1638830 1956
1638840 1956
1638850 1961
1638860 1966
1638870 1971
1638880 1971
1638890 1976
1638900 1980
1638910 1980
1638920 1988
1638930 1992
1638940 1992
1638950 1995
1638960 1997
1638970 1997
1638980 1999
1638990 2001
1639000 2001
1639010 2008
1639020 2016
1639030 2016
1639040 2022
1639050 2028
1639060 2028
1639070 2034
1639080 2042
1639090 2042
1639100 2050
1639110 2058
1639120 2058
1639130 2065
1639140 2072
1639150 2080
1639160 2080
1639170 2088
1639180 2095
1639190 2095
1639200 2103
1639210 2110
1639220 2110
1639230 2117
1639240 2124
1639250 2124
1639260 2131
1639270 2138
1639280 2138
1639290 2145
1639300 2152
1639310 2152
1639320 2159
1639330 2166
1639340 2166
1639350 2173
1639360 2180
1639370 2180
1639380 2186
1639390 2192
1639400 2192
1639410 2199
1639420 2205
1639430 2211
1639440 2211
1639450 2215
1639460 2220
1639470 2220
1639480 2225
1639490 2228
1639500 2228
1639510 2231
1639520 2233
1639530 2233
1639540 2234
1639550 2233
1639560 2233
1639570 2230
1639580 2229
1639590 2229
1639600 2228
1639610 2227
1639620 2227
1639630 2226
1639640 2224
1639650 2224
1639660 2222
1639670 2220
1639680 2220
1639690 2218
1639700 2215
1639710 2212
1639720 2212
1639730 2210
1639740 2208
1639750 2214
1639760 2211
1639770 2208
1639780 2208
1639790 2205
1639800 2202
1639810 2202
1639820 2198
1639830 2195
1639840 2195
1639850 2192
1639860 2189
1639870 2189
1639880 2187
1639890 2186
1639900 2186
1639910 2187
1639920 2189
1639930 2189
1639940 2192
1639950 2197
1639960 2197
1639970 2201
1639980 2205
1639990 2211
