1620000 2223
1620010 2223
1620020 2223
1620030 2215
1620040 2200
1620050 2200
1620060 2186
1620070 2172
1620080 2172
1620090 2164
1620100 2153
1620110 2153
1620120 2144
1620130 2139
1620140 2144
1620150 2144
1620160 2171
1620170 2168
1620180 2168
1620190 2166
1620200 2172
1620210 2172
1620220 2181
1620230 2176
1620240 2176
1620250 2185
1620260 2194
1620270 2194
1620280 2199
1620290 2191
1620300 2191
1620310 2184
1620320 2172
1620330 2172
1620340 2162
1620350 2150
1620360 2150
1620370 2141
1620380 2140
1620390 2140
1620400 2131
1620410 2115
1620420 2101
1620430 2101
1620440 2104
1620450 2108
1620460 2108
1620470 2121
1620480 2140
1620490 2140
1620500 2154
1620510 2165
1620520 2165
1620530 2172
1620540 2175
1620550 2175
1620560 2176
1620570 2174
1620580 2174
1620590 2167
1620600 2152
1620610 2152
1620620 2151
1620630 2149
1620640 2149
1620650 2135
1620660 2122
1620670 2122
1620680 2104
1620690 2082
1620700 2076
1620710 2076
1620720 2068
1620730 2061
1620740 2061
1620750 2055
1620760 2049
1620770 2049
1620780 2043
1620790 2036
1620800 2036
1620810 2032
1620820 2028
1620830 2028
1620840 2024
1620850 2018
1620860 2018
1620870 2014
1620880 2012
1620890 2012
1620900 2010
1620910 2009
1620920 2009
1620930 2008
1620940 2007
1620950 2007
1620960 2006
1620970 2007
1620980 2007
1620990 2007
1621000 2007
1621010 2008
1621020 2008
1621030 2011
1621040 2012
1621050 2012
1621060 2013
1621070 2016
1621080 2016
1621090 2018
1621100 2021
1621110 2021
1621120 2027
1621130 2031
1621140 2031
1621150 2033
1621160 2033
1621170 2033
1621180 2041
1621190 2054
1621200 2054
1621210 2062
1621220 2063
1621230 2080
1621240 2076
1621250 2069
1621260 2069
1621270 2062
1621280 2054
1621290 2044
1621300 2044
1621310 2035
1621320 2026
1621330 2026
1621340 2018
1621350 2011
1621360 2011
1621370 2003
1621380 1996
1621390 1996
1621400 1990
1621410 1985
1621420 1985
1621430 1983
1621440 1982
1621450 1982
1621460 1981
1621470 1978
1621480 1978
1621490 1972
1621500 1967
1621510 1967
1621520 1961
1621530 1957
1621540 1957
1621550 1954
1621560 1950
1621570 1937
1621580 1937
1621590 1931
1621600 1927
1621610 1927
1621620 1923
1621630 1919
1621640 1919
1621650 1916
1621660 1900
1621670 1900
1621680 1890
1621690 1885
1621700 1885
1621710 1879
1621720 1872
1621730 1872
1621740 1871
1621750 1871
1621760 1871
1621770 1869
1621780 1867
1621790 1867
1621800 1864
1621810 1860
1621820 1860
1621830 1857
1621840 1855
1621850 1851
1621860 1851
1621870 1845
1621880 1840
1621890 1840
1621900 1838
1621910 1834
1621920 1834
1621930 1830
1621940 1828
1621950 1828
1621960 1827
1621970 1827
1621980 1827
1621990 1826
1622000 1825
1622010 1825
1622020 1824
1622030 1823
1622040 1823
1622050 1822
1622060 1821
1622070 1821
1622080 1820
1622090 1820
1622100 1820
1622110 1820
1622120 1820
1622130 1820
1622140 1821
1622150 1821
1622160 1820
1622170 1820
1622180 1821
1622190 1821
1622200 1821
1622210 1822
1622220 1822
1622230 1822
1622240 1821
1622250 1821
1622260 1821
1622270 1821
1622280 1824
1622290 1824
1622300 1825
1622310 1825
1622320 1825
1622330 1827
1622340 1829
1622350 1829
1622360 1830
1622370 1831
1622380 1831
1622390 1831
1622400 1830
1622410 1830
1622420 1830
1622430 1830
1622440 1832
1622450 1832
1622460 1832
1622470 1832
1622480 1832
1622490 1831
1622500 1833
1622510 1833
1622520 1835
1622530 1836
1622540 1836
1622550 1839
1622560 1842
1622570 1842
1622580 1845
1622590 1848
1622600 1848
1622610 1852
1622620 1856
1622630 1856
1622640 1859
1622650 1863
1622660 1863
1622670 1867
1622680 1871
1622690 1871
1622700 1875
1622710 1880
1622720 1886
1622730 1886
1622740 1892
1622750 1897
1622760 1897
1622770 1903
1622780 1911
1622790 1911
1622800 1918
1622810 1927
1622820 1927
1622830 1935
1622840 1943
1622850 1943
1622860 1951
1622870 1959
1622880 1959
1622890 1968
1622900 1977
1622910 1977
1622920 1984
1622930 1992
1622940 1992
1622950 2000
1622960 2008
1622970 2008
1622980 2017
1622990 2026
1623000 2031
1623010 2031
1623020 2036
1623030 2044
1623040 2044
1623050 2051
1623060 2058
1623070 2058
1623080 2070
1623090 2078
1623100 2078
1623110 2085
1623120 2091
1623130 2091
1623140 2097
1623150 2102
1623160 2102
1623170 2101
1623180 2091
1623190 2091
1623200 2082
1623210 2075
1623220 2075
1623230 2069
1623240 2063
1623250 2063
1623260 2058
1623270 2053
1623280 2053
1623290 2049
1623300 2046
1623310 2043
1623320 2043
1623330 2036
1623340 2026
1623350 2026
1623360 2013
1623370 2004
1623380 2004
1623390 1996
1623400 1989
1623410 1989
1623420 1983
1623430 1978
1623440 1978
1623450 1970
1623460 1962
1623470 1962
1623480 1956
1623490 1950
1623500 1950
1623510 1946
1623520 1940
1623530 1940
1623540 1934
1623550 1927
1623560 1927
1623570 1921
1623580 1915
1623590 1909
1623600 1909
1623610 1905
1623620 1902
1623630 1902
1623640 1899
1623650 1896
1623660 1896
1623670 1893
1623680 1890
1623690 1890
1623700 1887
1623710 1884
1623720 1884
1623730 1881
1623740 1878
1623750 1878
1623760 1876
1623770 1874
1623780 1874
1623790 1871
1623800 1867
1623810 1867
1623820 1863
1623830 1860
1623840 1860
1623850 1858
1623860 1856
1623870 1854
1623880 1854
1623890 1851
1623900 1849
1623910 1849
1623920 1845
1623930 1843
1623940 1843
1623950 1840
1623960 1837
1623970 1837
1623980 1834
1623990 1830
1624000 1829
1624010 1826
1624020 1825
1624030 1825
1624040 1824
1624050 1822
1624060 1822
1624070 1820
1624080 1818
1624090 1818
1624100 1816
1624110 1814
1624120 1814
1624130 1813
1624140 1811
1624150 1811
1624160 1808
1624170 1807
1624180 1806
1624190 1806
1624200 1806
1624210 1808
1624220 1808
1624230 1809
1624240 1809
1624250 1809
1624260 1808
1624270 1806
1624280 1806
1624290 1806
1624300 1806
1624310 1806
1624320 1807
1624330 1807
1624340 1807
1624350 1806
1624360 1806
1624370 1806
1624380 1805
1624390 1804
1624400 1804
1624410 1803
1624420 1803
1624430 1803
1624440 1802
1624450 1801
1624460 1801
1624470 1801
1624480 1801
1624490 1801
1624500 1801
1624510 1802
1624520 1802
1624530 1802
1624540 1801
1624550 1799
1624560 1799
1624570 1797
1624580 1795
1624590 1795
1624600 1793
1624610 1792
1624620 1792
1624630 1791
1624640 1789
1624650 1789
1624660 1787
1624670 1784
1624680 1784
1624690 1778
1624700 1773
1624710 1773
1624720 1771
1624730 1772
1624740 1773
1624750 1773
1624760 1771
1624770 1767
1624780 1767
1624790 1765
1624800 1760
1624810 1760
1624820 1756
1624830 1755
1624840 1755
1624850 1755
1624860 1753
1624870 1753
1624880 1750
1624890 1748
1624900 1748
1624910 1738
1624920 1733
1624930 1733
1624940 1731
1624950 1728
1624960 1728
1624970 1723
1624980 1719
1624990 1719
1625000 1719
1625010 1717
1625020 1716
1625030 1716
1625040 1714
1625050 1711
1625060 1711
1625070 1707
1625080 1707
1625090 1707
1625100 1705
1625110 1704
1625120 1704
1625130 1700
1625140 1699
1625150 1699
1625160 1697
1625170 1695
1625180 1695
1625190 1691
1625200 1688
1625210 1688
1625220 1687
1625230 1685
1625240 1685
1625250 1682
1625260 1679
1625270 1679
1625280 1675
1625290 1671
1625300 1671
1625310 1668
1625320 1665
1625330 1662
1625340 1662
1625350 1659
1625360 1657
1625370 1657
1625380 1654
1625390 1651
1625400 1651
1625410 1648
1625420 1643
1625430 1643
1625440 1640
1625450 1636
1625460 1636
1625470 1634
1625480 1631
1625490 1631
1625500 1627
1625510 1624
1625520 1624
1625530 1620
1625540 1617
1625550 1617
1625560 1615
1625570 1612
1625580 1612
1625590 1610
1625600 1607
1625610 1606
1625620 1606
1625630 1603
1625640 1601
1625650 1601
1625660 1598
1625670 1597
1625680 1597
1625690 1595
1625700 1592
1625710 1592
1625720 1589
1625730 1586
1625740 1586
1625750 1584
1625760 1581
1625770 1581
1625780 1578
1625790 1575
1625800 1575
1625810 1572
1625820 1568
1625830 1568
1625840 1566
1625850 1564
1625860 1564
1625870 1562
1625880 1560
1625890 1558
1625900 1558
1625910 1556
1625920 1554
1625930 1554
1625940 1553
1625950 1551
1625960 1551
1625970 1550
1625980 1548
1625990 1548
1626000 1547
1626010 1546
1626020 1546
1626030 1545
1626040 1544
1626050 1544
1626060 1544
1626070 1544
1626080 1544
1626090 1545
1626100 1546
1626110 1546
1626120 1546
1626130 1545
1626140 1545
1626150 1543
1626160 1541
1626170 1542
1626180 1542
1626190 1543
1626200 1542
1626210 1542
1626220 1540
1626230 1541
1626240 1541
1626250 1544
1626260 1548
1626270 1548
1626280 1551
1626290 1553
1626300 1553
1626310 1554
1626320 1554
1626330 1554
1626340 1555
1626350 1556
1626360 1556
1626370 1557
1626380 1558
1626390 1558
1626400 1558
1626410 1558
1626420 1558
1626430 1559
1626440 1562
1626450 1562
1626460 1564
1626470 1567
1626480 1568
1626490 1568
1626500 1570
1626510 1573
1626520 1573
1626530 1575
1626540 1577
1626550 1577
1626560 1579
1626570 1582
1626580 1582
1626590 1584
1626600 1585
1626610 1585
1626620 1584
1626630 1583
1626640 1583
1626650 1582
1626660 1580
1626670 1580
1626680 1578
1626690 1577
1626700 1577
1626710 1576
1626720 1577
1626730 1577
1626740 1576
1626750 1574
1626760 1573
1626770 1573
1626780 1572
1626790 1570
1626800 1570
1626810 1569
1626820 1568
1626830 1568
1626840 1567
1626850 1565
1626860 1565
1626870 1562
1626880 1559
1626890 1559
1626900 1556
1626910 1553
1626920 1553
1626930 1554
1626940 1558
1626950 1558
1626960 1562
1626970 1567
1626980 1567
1626990 1569
1627000 1571
1627010 1571
1627020 1573
1627030 1575
1627040 1577
1627050 1577
1627060 1580
1627070 1584
1627080 1584
1627090 1587
1627100 1591
1627110 1591
1627120 1595
1627130 1598
1627140 1598
1627150 1601
1627160 1604
1627170 1604
1627180 1607
1627190 1606
1627200 1606
1627210 1601
1627220 1598
1627230 1598
1627240 1600
1627250 1604
1627260 1604
1627270 1609
1627280 1615
1627290 1615
1627300 1622
1627310 1628
1627320 1628
1627330 1633
1627340 1637
1627350 1640
1627360 1640
1627370 1643
1627380 1645
1627390 1645
1627400 1647
1627410 1650
1627420 1650
1627430 1654
1627440 1658
1627450 1658
1627460 1661
1627470 1664
1627480 1664
1627490 1668
1627500 1671
1627510 1671
1627520 1674
1627530 1678
1627540 1678
1627550 1681
1627560 1683
1627570 1683
1627580 1687
1627590 1690
1627600 1690
1627610 1698
1627620 1702
1627630 1706
1627640 1706
1627650 1710
1627660 1713
1627670 1713
1627680 1718
1627690 1722
1627700 1722
1627710 1727
1627720 1732
1627730 1732
1627740 1737
1627750 1742
1627760 1742
1627770 1747
1627780 1753
1627790 1753
1627800 1759
1627810 1765
1627820 1765
1627830 1771
1627840 1776
1627850 1776
1627860 1783
1627870 1789
1627880 1789
1627890 1794
1627900 1799
1627910 1803
1627920 1803
1627930 1807
1627940 1812
1627950 1812
1627960 1817
1627970 1821
1627980 1821
1627990 1824
1628000 1828
1628010 1828
1628020 1833
1628030 1837
1628040 1837
1628050 1842
1628060 1847
1628070 1847
1628080 1851
1628090 1855
1628100 1855
1628110 1858
1628120 1863
1628130 1863
1628140 1867
1628150 1872
1628160 1872
1628170 1876
1628180 1880
1628190 1884
1628200 1884
1628210 1888
1628220 1893
1628230 1893
1628240 1896
1628250 1898
1628260 1898
1628270 1901
1628280 1903
1628290 1903
1628300 1904
1628310 1905
1628320 1905
1628330 1903
1628340 1900
1628350 1900
1628360 1897
1628370 1894
1628380 1894
1628390 1893
1628400 1894
1628410 1894
1628420 1899
1628430 1904
1628440 1904
1628450 1908
1628460 1909
1628470 1909
1628480 1911
1628490 1914
1628500 1924
1628510 1924
1628520 1932
1628530 1936
1628540 1936
1628550 1940
1628560 1942
1628570 1942
1628580 1944
1628590 1945
1628600 1945
1628610 1944
1628620 1947
1628630 1947
1628640 1950
1628650 1953
1628660 1953
1628670 1958
1628680 1965
1628690 1965
1628700 1971
1628710 1977
1628720 1977
1628730 1983
1628740 1988
1628750 1988
1628760 1990
1628770 1985
1628780 1983
1628790 1983
1628800 1983
1628810 1984
1628820 1984
1628830 1985
1628840 1980
1628850 1980
1628860 1972
1628870 1963
1628880 1963
1628890 1955
1628900 1948
1628910 1948
1628920 1947
1628930 1950
1628940 1950
1628950 1955
1628960 1958
1628970 1958
1628980 1957
1628990 1953
1629000 1953
1629010 1947
1629020 1939
1629030 1939
1629040 1934
1629050 1933
1629060 1933
1629070 1933
1629080 1936
1629090 1939
1629100 1939
1629110 1942
1629120 1946
1629130 1946
1629140 1953
1629150 1957
1629160 1957
1629170 1959
1629180 1956
1629190 1956
1629200 1950
1629210 1942
1629220 1942
1629230 1940
1629240 1940
1629250 1940
1629260 1940
1629270 1943
1629280 1943
1629290 1946
1629300 1949
1629310 1949
1629320 1949
1629330 1951
1629340 1955
1629350 1955
1629360 1962
1629370 1970
1629380 1974
1629390 1980
1629400 1984
1629410 1984
1629420 1982
1629430 1978
1629440 1978
1629450 1976
1629460 1978
1629470 1978
1629480 1982
1629490 1989
1629500 1989
1629510 1997
1629520 2006
1629530 2006
1629540 2013
1629550 2014
1629560 2014
1629570 2008
1629580 2008
1629590 2008
1629600 2013
1629610 2017
1629620 2017
1629630 2021
1629640 2026
1629650 2031
1629660 2031
1629670 2037
1629680 2043
1629690 2043
1629700 2050
1629710 2054
1629720 2054
1629730 2055
1629740 2054
1629750 2054
1629760 2055
1629770 2059
1629780 2059
1629790 2062
1629800 2066
1629810 2066
1629820 2071
1629830 2078
1629840 2078
1629850 2085
1629860 2091
1629870 2091
1629880 2096
1629890 2103
1629900 2103
1629910 2112
1629920 2119
1629930 2119
1629940 2119
1629950 2117
1629960 2115
1629970 2115
1629980 2113
1629990 2111
1630000 2111
1630010 2109
1630020 2107
1630030 2107
1630040 2106
1630050 2106
1630060 2106
1630070 2106
1630080 2107
1630090 2107
1630100 2109
1630110 2111
1630120 2111
1630130 2112
1630140 2114
1630150 2114
1630160 2116
1630170 2120
1630180 2120
1630190 2125
1630200 2131
1630210 2134
1630220 2134
1630230 2137
1630240 2138
1630250 2138
1630260 2144
1630270 2142
1630280 2142
1630290 2140
1630300 2137
1630310 2137
1630320 2135
1630330 2131
1630340 2131
1630350 2127
1630360 2123
1630370 2123
1630380 2119
1630390 2116
1630400 2116
1630410 2112
1630420 2108
1630430 2108
1630440 2105
1630450 2102
1630460 2102
1630470 2097
1630480 2092
1630490 2092
1630500 2087
1630510 2081
1630520 2074
1630530 2074
1630540 2063
1630550 2052
1630560 2052
1630570 2039
1630580 2026
1630590 2026
1630600 2014
1630610 2005
1630620 2005
1630630 1995
1630640 1984
1630650 1984
1630660 1973
1630670 1962
1630680 1962
1630690 1954
1630700 1946
1630710 1946
1630720 1938
1630730 1930
1630740 1930
1630750 1923
1630760 1917
1630770 1917
1630780 1911
1630790 1906
1630800 1902
1630810 1902
1630820 1899
1630830 1896
1630840 1896
1630850 1893
1630860 1890
1630870 1890
1630880 1887
1630890 1883
1630900 1883
1630910 1880
1630920 1878
1630930 1878
1630940 1877
1630950 1876
1630960 1876
1630970 1874
1630980 1871
1630990 1871
1631000 1868
1631010 1863
1631020 1863
1631030 1860
1631040 1856
1631050 1856
1631060 1853
1631070 1851
1631080 1849
1631090 1849
1631100 1848
1631110 1847
1631120 1847
1631130 1846
1631140 1844
1631150 1844
1631160 1843
1631170 1842
1631180 1842
1631190 1839
1631200 1837
1631210 1837
1631220 1836
1631230 1835
1631240 1835
1631250 1834
1631260 1832
1631270 1832
1631280 1831
1631290 1829
1631300 1829
1631310 1827
1631320 1826
1631330 1826
1631340 1824
1631350 1824
1631360 1823
1631370 1823
1631380 1822
1631390 1821
1631400 1821
1631410 1821
1631420 1821
1631430 1821
1631440 1821
1631450 1822
1631460 1822
1631470 1822
1631480 1823
1631490 1823
1631500 1823
1631510 1823
1631520 1823
1631530 1824
1631540 1826
1631550 1826
1631560 1829
1631570 1830
1631580 1830
1631590 1832
1631600 1833
1631610 1833
1631620 1835
1631630 1842
1631640 1842
1631650 1847
1631660 1850
1631670 1853
1631680 1853
1631690 1858
1631700 1863
1631710 1863
1631720 1869
1631730 1875
1631740 1875
1631750 1881
1631760 1887
1631770 1887
1631780 1894
1631790 1900
1631800 1900
1631810 1907
1631820 1915
1631830 1915
1631840 1925
1631850 1934
1631860 1934
1631870 1943
1631880 1951
1631890 1951
1631900 1959
1631910 1967
1631920 1967
1631930 1974
1631940 1981
1631950 1989
1631960 1989
1631970 1997
1631980 2004
1631990 2004
1632000 2012
1632010 2019
1632020 2019
1632030 2026
1632040 2032
1632050 2032
1632060 2038
1632070 2044
1632080 2044
1632090 2050
1632100 2056
1632110 2056
1632120 2062
1632130 2067
1632140 2067
1632150 2073
1632160 2079
1632170 2079
1632180 2084
1632190 2090
1632200 2090
1632210 2097
1632220 2102
1632230 2108
1632240 2108
1632250 2113
1632260 2117
1632270 2117
1632280 2121
1632290 2125
1632300 2125
1632310 2129
1632320 2132
1632330 2132
1632340 2134
1632350 2135
1632360 2135
1632370 2137
1632380 2136
1632390 2136
1632400 2135
1632410 2132
1632420 2132
1632430 2128
1632440 2124
1632450 2124
1632460 2120
1632470 2116
1632480 2116
1632490 2111
1632500 2105
1632510 2105
1632520 2100
1632530 2097
1632540 2092
1632550 2092
1632560 2087
1632570 2085
1632580 2085
1632590 2084
1632600 2084
1632610 2084
1632620 2082
1632630 2083
1632640 2083
1632650 2084
1632660 2086
1632670 2086
1632680 2089
1632690 2092
1632700 2092
1632710 2096
1632720 2100
1632730 2100
1632740 2103
1632750 2106
1632760 2106
1632770 2108
1632780 2111
1632790 2111
1632800 2114
1632810 2117
1632820 2120
1632830 2120
1632840 2124
1632850 2128
1632860 2132
1632870 2136
1632880 2141
1632890 2141
1632900 2146
1632910 2150
1632920 2150
1632930 2155
1632940 2161
1632950 2161
1632960 2167
1632970 2173
1632980 2173
1632990 2179
1633000 2184
1633010 2184
1633020 2189
1633030 2194
1633040 2194
1633050 2201
1633060 2208
1633070 2208
1633080 2215
1633090 2222
1633100 2228
1633110 2228
1633120 2234
1633130 2239
1633140 2239
1633150 2244
1633160 2240
1633170 2240
1633180 2234
1633190 2228
1633200 2228
1633210 2217
1633220 2207
1633230 2207
1633240 2197
1633250 2189
1633260 2189
1633270 2181
1633280 2172
1633290 2172
1633300 2163
1633310 2155
1633320 2155
1633330 2145
1633340 2136
1633350 2136
1633360 2130
1633370 2125
1633380 2119
1633390 2119
1633400 2114
1633410 2109
1633420 2109
1633430 2104
1633440 2100
1633450 2100
1633460 2097
1633470 2093
1633480 2093
1633490 2089
1633500 2084
1633510 2084
1633520 2080
1633530 2075
1633540 2075
1633550 2070
1633560 2066
1633570 2066
1633580 2066
1633590 2066
1633600 2066
1633610 2065
1633620 2064
1633630 2064
1633640 2064
1633650 2064
1633660 2064
1633670 2064
1633680 2065
1633690 2068
1633700 2068
1633710 2073
1633720 2082
1633730 2082
1633740 2088
1633750 2094
1633760 2094
1633770 2100
1633780 2110
1633790 2110
1633800 2123
1633810 2138
1633820 2138
1633830 2149
1633840 2159
1633850 2159
1633860 2168
1633870 2179
1633880 2179
1633890 2195
1633900 2203
1633910 2203
1633920 2210
1633930 2218
1633940 2218
1633950 2226
1633960 2235
1633970 2243
1633980 2243
1633990 2251
1634000 2258
1634010 2258
1634020 2265
1634030 2272
1634040 2272
1634050 2279
1634060 2286
1634070 2286
1634080 2294
1634090 2300
1634100 2300
1634110 2306
1634120 2311
1634130 2311
1634140 2317
1634150 2324
1634160 2324
1634170 2328
1634180 2324
1634190 2324
1634200 2320
1634210 2323
1634220 2323
1634230 2317
1634240 2307
1634250 2290
1634260 2290
1634270 2277
1634280 2266
1634290 2266
1634300 2263
1634310 2259
1634320 2259
1634330 2252
1634340 2245
1634350 2245
1634360 2238
1634370 2233
1634380 2233
1634390 2230
1634400 2228
1634410 2228
1634420 2229
1634430 2224
1634440 2224
1634450 2216
1634460 2209
1634470 2209
1634480 2199
1634490 2193
1634500 2193
1634510 2189
1634520 2186
1634530 2186
1634540 2184
1634550 2180
1634560 2177
1634570 2177
1634580 2169
1634590 2169
1634600 2169
1634610 2172
1634620 2177
1634630 2177
1634640 2186
1634650 2195
1634660 2195
1634670 2193
1634680 2185
1634690 2185
1634700 2177
1634710 2170
1634720 2170
1634730 2164
1634740 2159
1634750 2159
1634760 2160
1634770 2160
1634780 2160
1634790 2158
1634800 2155
1634810 2155
1634820 2154
1634830 2153
1634840 2152
1634850 2152
1634860 2150
1634870 2147
1634880 2147
1634890 2143
1634900 2138
1634910 2138
1634920 2133
1634930 2128
1634940 2128
1634950 2124
1634960 2119
1634970 2119
1634980 2115
1634990 2110
1635000 2110
1635010 2105
1635020 2101
1635030 2101
1635040 2097
1635050 2094
1635060 2094
1635070 2089
1635080 2084
1635090 2084
1635100 2077
1635110 2071
1635120 2064
1635130 2064
1635140 2057
1635150 2050
1635160 2050
1635170 2042
1635180 2036
1635190 2036
1635200 2029
1635210 2022
1635220 2022
1635230 2014
1635240 2006
1635250 2006
1635260 1998
1635270 1992
1635280 1992
1635290 1983
1635300 1973
1635310 1973
1635320 1964
1635330 1956
1635340 1956
1635350 1948
1635360 1941
1635370 1941
1635380 1934
1635390 1929
1635400 1924
1635410 1924
1635420 1922
1635430 1917
1635440 1917
1635450 1911
1635460 1906
1635470 1906
1635480 1901
1635490 1896
1635500 1896
1635510 1892
1635520 1888
1635530 1888
1635540 1885
1635550 1881
1635560 1881
1635570 1877
1635580 1878
1635590 1878
1635600 1879
1635610 1879
1635620 1879
1635630 1878
1635640 1876
1635650 1876
1635660 1875
1635670 1874
1635680 1874
1635690 1873
1635700 1872
1635710 1869
1635720 1869
1635730 1865
1635740 1862
1635750 1862
1635760 1860
1635770 1858
1635780 1858
1635790 1857
1635800 1855
1635810 1855
1635820 1851
1635830 1848
1635840 1848
1635850 1846
1635860 1843
1635870 1843
1635880 1838
1635890 1832
1635900 1832
1635910 1826
1635920 1823
1635930 1823
1635940 1822
1635950 1819
1635960 1819
1635970 1816
1635980 1811
1635990 1810
1636000 1810
1636010 1808
1636020 1804
1636030 1804
1636040 1801
1636050 1798
1636060 1798
1636070 1794
1636080 1791
1636090 1791
1636100 1789
1636110 1785
1636120 1785
1636130 1783
1636140 1782
1636150 1782
1636160 1780
1636170 1779
1636180 1779
1636190 1778
1636200 1778
1636210 1778
1636220 1777
1636230 1776
1636240 1776
1636250 1775
1636260 1774
1636270 1774
1636280 1774
1636290 1774
1636300 1774
1636310 1774
1636320 1774
1636330 1773
1636340 1773
1636350 1774
1636360 1774
1636370 1774
1636380 1775
1636390 1774
1636400 1774
1636410 1775
1636420 1776
1636430 1776
1636440 1776
1636450 1776
1636460 1776
1636470 1776
1636480 1774
1636490 1774
1636500 1772
1636510 1769
1636520 1769
1636530 1768
1636540 1766
1636550 1766
1636560 1764
1636570 1761
1636580 1760
1636590 1760
1636600 1758
1636610 1755
1636620 1755
1636630 1755
1636640 1755
1636650 1755
1636660 1751
1636670 1750
1636680 1750
1636690 1750
1636700 1749
1636710 1749
1636720 1750
1636730 1751
1636740 1751
1636750 1751
1636760 1752
1636770 1752
1636780 1755
1636790 1754
1636800 1754
1636810 1751
1636820 1748
1636830 1748
1636840 1749
1636850 1748
1636860 1745
1636870 1745
1636880 1742
1636890 1741
1636900 1741
1636910 1740
1636920 1740
1636930 1740
1636940 1739
1636950 1737
1636960 1737
1636970 1737
1636980 1740
1636990 1740
1637000 1740
1637010 1736
1637020 1736
1637030 1735
1637040 1737
1637050 1737
1637060 1736
1637070 1735
1637080 1735
1637090 1731
1637100 1726
1637110 1728
1637120 1723
1637130 1724
1637140 1725
1637150 1725
1637160 1725
1637170 1724
1637180 1724
1637190 1722
1637200 1720
1637210 1720
1637220 1719
1637230 1717
1637240 1717
1637250 1716
1637260 1716
1637270 1716
1637280 1716
1637290 1716
1637300 1716
1637310 1720
1637320 1721
1637330 1721
1637340 1719
1637350 1713
1637360 1713
1637370 1717
1637380 1721
1637390 1721
1637400 1724
1637410 1723
1637420 1723
1637430 1721
1637440 1721
1637450 1719
1637460 1719
1637470 1716
1637480 1713
1637490 1713
1637500 1710
1637510 1708
1637520 1708
1637530 1708
1637540 1708
1637550 1708
1637560 1708
1637570 1708
1637580 1708
1637590 1707
1637600 1705
1637610 1705
1637620 1705
1637630 1703
1637640 1703
1637650 1699
1637660 1692
1637670 1692
1637680 1685
1637690 1680
1637700 1680
1637710 1679
1637720 1677
1637730 1675
1637740 1675
1637750 1674
1637760 1672
1637770 1672
1637780 1671
1637790 1670
1637800 1670
1637810 1668
1637820 1667
1637830 1667
1637840 1666
1637850 1666
1637860 1666
1637870 1665
1637880 1666
1637890 1666
1637900 1667
1637910 1668
1637920 1668
1637930 1669
1637940 1666
1637950 1666
1637960 1665
1637970 1663
1637980 1663
1637990 1662
1638000 1661
1638010 1660
1638020 1660
1638030 1659
1638040 1659
1638050 1659
1638060 1661
1638070 1663
1638080 1663
1638090 1667
1638100 1669
1638110 1669
1638120 1671
1638130 1672
1638140 1672
1638150 1672
1638160 1672
1638170 1672
1638180 1671
1638190 1671
1638200 1671
1638210 1673
1638220 1672
1638230 1672
1638240 1670
1638250 1668
1638260 1668
1638270 1667
1638280 1667
1638290 1666
1638300 1666
1638310 1665
1638320 1664
1638330 1664
1638340 1663
1638350 1663
1638360 1663
1638370 1663
1638380 1664
1638390 1664
1638400 1664
1638410 1664
1638420 1664
1638430 1665
1638440 1667
1638450 1667
1638460 1669
1638470 1670
1638480 1670
1638490 1672
1638500 1675
1638510 1675
1638520 1681
1638530 1686
1638540 1686
1638550 1690
1638560 1691
1638570 1691
1638580 1691
1638590 1693
1638600 1697
1638610 1697
1638620 1705
1638630 1713
1638640 1713
1638650 1722
1638660 1729
1638670 1729
1638680 1737
1638690 1744
1638700 1744
1638710 1751
1638720 1759
1638730 1759
1638740 1767
1638750 1774
1638760 1774
1638770 1782
1638780 1788
1638790 1788
1638800 1795
1638810 1801
1638820 1801
1638830 1807
1638840 1813
1638850 1813
1638860 1819
1638870 1823
1638880 1828
1638890 1828
1638900 1833
1638910 1839
1638920 1839
1638930 1845
1638940 1852
1638950 1852
1638960 1859
1638970 1866
1638980 1866
1638990 1875
1639000 1884
1639010 1884
1639020 1892
1639030 1900
1639040 1900
1639050 1905
1639060 1911
1639070 1911
1639080 1916
1639090 1922
1639100 1922
1639110 1929
1639120 1934
1639130 1934
1639140 1937
1639150 1942
1639160 1949
1639170 1949
1639180 1956
1639190 1963
1639200 1963
1639210 1969
1639220 1975
1639230 1975
1639240 1979
1639250 1984
1639260 1984
1639270 1990
1639280 1995
1639290 1995
1639300 2000
1639310 2007
1639320 2007
1639330 2009
1639340 2008
1639350 2008
1639360 2009
1639370 2009
1639380 2009
1639390 2008
1639400 2006
1639410 2006
1639420 2008
1639430 2009
1639440 2009
1639450 2005
1639460 1998
1639470 1991
1639480 1991
1639490 1984
1639500 1977
1639510 1977
1639520 1971
1639530 1964
1639540 1964
1639550 1957
1639560 1949
1639570 1949
1639580 1942
1639590 1934
1639600 1934
1639610 1927
1639620 1921
1639630 1921
1639640 1913
1639650 1907
1639660 1907
1639670 1902
1639680 1896
1639690 1896
1639700 1890
1639710 1883
1639720 1883
1639730 1876
1639740 1869
1639750 1861
1639760 1861
1639770 1855
1639780 1848
1639790 1848
1639800 1841
1639810 1834
1639820 1834
1639830 1827
1639840 1820
1639850 1820
1639860 1812
1639870 1805
1639880 1805
1639890 1799
1639900 1794
1639910 1794
1639920 1789
1639930 1784
1639940 1784
1639950 1779
1639960 1774
1639970 1774
1639980 1768
1639990 1763
