1620000 1766
1620010 1763
1620020 1761
1620030 1761
1620040 1758
1620050 1756
1620060 1756
1620070 1754
1620080 1752
1620090 1752
1620100 1750
1620110 1747
1620120 1747
1620130 1746
1620140 1744
1620150 1744
1620160 1742
1620170 1741
1620180 1741
1620190 1740
1620200 1739
1620210 1738
1620220 1738
1620230 1738
1620240 1738
1620250 1738
1620260 1738
1620270 1737
1620280 1737
1620290 1735
1620300 1736
1620310 1736
1620320 1740
1620330 1743
1620340 1743
1620350 1748
1620360 1753
1620370 1753
1620380 1756
1620390 1760
1620400 1760
1620410 1763
1620420 1767
1620430 1767
1620440 1770
1620450 1769
1620460 1769
1620470 1760
1620480 1749
1620490 1738
1620500 1738
1620510 1729
1620520 1721
1620530 1721
1620540 1714
1620550 1708
1620560 1708
1620570 1701
1620580 1692
1620590 1692
1620600 1683
1620610 1676
1620620 1676
1620630 1669
1620640 1662
1620650 1662
1620660 1654
1620670 1646
1620680 1646
1620690 1638
1620700 1631
1620710 1631
1620720 1622
1620730 1613
1620740 1613
1620750 1605
1620760 1598
1620770 1598
1620780 1591
1620790 1585
1620800 1579
1620810 1579
1620820 1571
1620830 1564
1620840 1564
1620850 1558
1620860 1552
1620870 1552
1620880 1547
1620890 1541
1620900 1541
1620910 1536
1620920 1530
1620930 1530
1620940 1528
1620950 1523
1620960 1523
1620970 1520
1620980 1517
1620990 1517
1621000 1513
1621010 1510
1621020 1510
1621030 1506
1621040 1502
1621050 1502
1621060 1495
1621070 1488
1621080 1480
1621090 1480
1621100 1472
1621110 1464
1621120 1464
1621130 1457
1621140 1450
1621150 1450
1621160 1445
1621170 1441
1621180 1441
1621190 1437
1621200 1433
1621210 1433
1621220 1429
1621230 1426
1621240 1426
1621250 1421
1621260 1417
1621270 1417
1621280 1412
1621290 1408
1621300 1408
1621310 1403
1621320 1399
1621330 1399
1621340 1395
1621350 1392
1621360 1392
1621370 1388
1621380 1385
1621390 1382
1621400 1382
1621410 1378
1621420 1374
1621430 1374
1621440 1371
1621450 1368
1621460 1368
1621470 1365
1621480 1363
1621490 1363
1621500 1360
1621510 1357
1621520 1357
1621530 1355
1621540 1352
1621550 1352
1621560 1349
1621570 1346
1621580 1346
1621590 1344
1621600 1341
1621610 1341
1621620 1338
1621630 1336
1621640 1336
1621650 1333
1621660 1331
1621670 1328
1621680 1328
1621690 1326
1621700 1323
1621710 1323
1621720 1321
1621730 1318
1621740 1318
1621750 1316
1621760 1314
1621770 1314
1621780 1311
1621790 1309
1621800 1309
1621810 1307
1621820 1304
1621830 1304
1621840 1302
1621850 1299
1621860 1299
1621870 1295
1621880 1294
1621890 1294
1621900 1293
1621910 1294
1621920 1294
1621930 1294
1621940 1296
1621950 1296
1621960 1297
1621970 1297
1621980 1298
1621990 1298
1622000 1299
1622010 1299
1622020 1299
1622030 1300
1622040 1301
1622050 1301
1622060 1302
1622070 1303
1622080 1303
1622090 1304
1622100 1305
1622110 1305
1622120 1306
1622130 1308
1622140 1308
1622150 1309
1622160 1309
1622170 1309
1622180 1310
1622190 1311
1622200 1311
1622210 1314
1622220 1317
1622230 1317
1622240 1319
1622250 1323
1622260 1326
1622270 1326
1622280 1332
1622290 1339
1622300 1339
1622310 1347
1622320 1355
1622330 1355
1622340 1363
1622350 1370
1622360 1370
1622370 1377
1622380 1382
1622390 1382
1622400 1386
1622410 1389
1622420 1389
1622430 1396
1622440 1404
1622450 1404
1622460 1409
1622470 1415
1622480 1415
1622490 1421
1622500 1426
1622510 1426
1622520 1432
1622530 1438
1622540 1438
1622550 1442
1622560 1445
1622570 1449
1622580 1449
1622590 1450
1622600 1446
1622610 1446
1622620 1442
1622630 1445
1622640 1445
1622650 1445
1622660 1440
1622670 1440
1622680 1436
1622690 1441
1622700 1441
1622710 1444
1622720 1446
1622730 1446
1622740 1449
1622750 1446
1622760 1446
1622770 1440
1622780 1442
1622790 1442
1622800 1446
1622810 1453
1622820 1453
1622830 1457
1622840 1455
1622850 1454
1622860 1454
1622870 1451
1622880 1449
1622890 1449
1622900 1447
1622910 1441
1622920 1441
1622930 1434
1622940 1428
1622950 1428
1622960 1429
1622970 1432
1622980 1432
1622990 1433
1623000 1435
1623010 1435
1623020 1436
1623030 1438
1623040 1438
1623050 1444
1623060 1451
1623070 1451
1623080 1458
1623090 1466
1623100 1466
1623110 1473
1623120 1481
1623130 1481
1623140 1488
1623150 1496
1623160 1503
1623170 1503
1623180 1512
1623190 1520
1623200 1520
1623210 1528
1623220 1536
1623230 1536
1623240 1547
1623250 1559
1623260 1559
1623270 1575
1623280 1593
1623290 1593
1623300 1607
1623310 1617
1623320 1617
1623330 1627
1623340 1634
1623350 1634
1623360 1637
1623370 1641
1623380 1641
1623390 1645
1623400 1649
1623410 1649
1623420 1653
1623430 1657
1623440 1661
1623450 1661
1623460 1665
1623470 1669
1623480 1669
1623490 1672
1623500 1675
1623510 1675
1623520 1678
1623530 1676
1623540 1676
1623550 1670
1623560 1669
1623570 1669
1623580 1669
1623590 1665
1623600 1665
1623610 1648
1623620 1653
1623630 1653
1623640 1665
1623650 1671
1623660 1671
1623670 1662
1623680 1638
1623690 1638
1623700 1647
1623710 1656
1623720 1635
1623730 1642
1623740 1651
1623750 1658
1623760 1658
1623770 1663
1623780 1670
1623790 1670
1623800 1676
1623810 1681
1623820 1681
1623830 1677
1623840 1657
1623850 1657
1623860 1620
1623870 1627
1623880 1627
1623890 1638
1623900 1653
1623910 1653
1623920 1655
1623930 1660
1623940 1660
1623950 1664
1623960 1651
1623970 1651
1623980 1636
1623990 1609
1624000 1609
1624010 1594
1624020 1594
1624030 1596
1624040 1596
1624050 1599
1624060 1607
1624070 1607
1624080 1625
1624090 1640
1624100 1640
1624110 1650
1624120 1654
1624130 1654
1624140 1656
1624150 1655
1624160 1655
1624170 1654
1624180 1653
1624190 1653
1624200 1652
1624210 1648
1624220 1648
1624230 1643
1624240 1639
1624250 1639
1624260 1632
1624270 1607
1624280 1607
1624290 1599
1624300 1597
1624310 1597
1624320 1596
1624330 1594
1624340 1590
1624350 1590
1624360 1586
1624370 1582
1624380 1582
1624390 1578
1624400 1575
1624410 1575
1624420 1575
1624430 1577
1624440 1577
1624450 1579
1624460 1580
1624470 1580
1624480 1580
1624490 1580
1624500 1580
1624510 1581
1624520 1581
1624530 1581
1624540 1581
1624550 1580
1624560 1580
1624570 1578
1624580 1576
1624590 1576
1624600 1575
1624610 1574
1624620 1574
1624630 1566
1624640 1563
1624650 1562
1624660 1562
1624670 1561
1624680 1557
1624690 1557
1624700 1554
1624710 1553
1624720 1553
1624730 1553
1624740 1551
1624750 1551
1624760 1551
1624770 1550
1624780 1550
1624790 1549
1624800 1548
1624810 1548
1624820 1548
1624830 1547
1624840 1547
1624850 1548
1624860 1548
1624870 1548
1624880 1549
1624890 1551
1624900 1551
1624910 1553
1624920 1554
1624930 1556
1624940 1556
1624950 1557
1624960 1558
1624970 1558
1624980 1560
1624990 1562
1625000 1562
1625010 1565
1625020 1567
1625030 1567
1625040 1571
1625050 1575
1625060 1575
1625070 1579
1625080 1582
1625090 1582
1625100 1585
1625110 1590
1625120 1590
1625130 1594
1625140 1597
1625150 1597
1625160 1599
1625170 1602
1625180 1602
1625190 1607
1625200 1614
1625210 1614
1625220 1620
1625230 1623
1625240 1623
1625250 1623
1625260 1623
1625270 1625
1625280 1625
1625290 1629
1625300 1632
1625310 1632
1625320 1637
1625330 1644
1625340 1644
1625350 1651
1625360 1657
1625370 1657
1625380 1663
1625390 1670
1625400 1670
1625410 1675
1625420 1678
1625430 1678
1625440 1681
1625450 1684
1625460 1684
1625470 1688
1625480 1691
1625490 1691
1625500 1694
1625510 1698
1625520 1704
1625530 1704
1625540 1713
1625550 1720
1625560 1720
1625570 1726
1625580 1733
1625590 1733
1625600 1739
1625610 1745
1625620 1745
1625630 1752
1625640 1760
1625650 1760
1625660 1769
1625670 1776
1625680 1776
1625690 1783
1625700 1789
1625710 1789
1625720 1793
1625730 1799
1625740 1799
1625750 1806
1625760 1812
1625770 1812
1625780 1819
1625790 1827
1625800 1827
1625810 1834
1625820 1840
1625830 1845
1625840 1845
1625850 1851
1625860 1855
1625870 1855
1625880 1859
1625890 1863
1625900 1863
1625910 1867
1625920 1872
1625930 1872
1625940 1878
1625950 1885
1625960 1885
1625970 1892
1625980 1898
1625990 1898
1626000 1905
1626010 1912
1626020 1912
1626030 1918
1626040 1923
1626050 1923
1626060 1928
1626070 1931
1626080 1931
1626090 1936
1626100 1939
1626110 1940
1626120 1940
1626130 1942
1626140 1945
1626150 1945
1626160 1948
1626170 1952
1626180 1952
1626190 1955
1626200 1960
1626210 1960
1626220 1966
1626230 1973
1626240 1973
1626250 1980
1626260 1986
1626270 1986
1626280 1991
1626290 1997
1626300 1997
1626310 2004
1626320 2011
1626330 2011
1626340 2019
1626350 2027
1626360 2027
1626370 2034
1626380 2040
1626390 2040
1626400 2048
1626410 2057
1626420 2066
1626430 2066
1626440 2070
1626450 2078
1626460 2078
1626470 2086
1626480 2093
1626490 2093
1626500 2099
1626510 2104
1626520 2104
1626530 2111
1626540 2119
1626550 2119
1626560 2126
1626570 2134
1626580 2134
1626590 2141
1626600 2147
1626610 2147
1626620 2152
1626630 2159
1626640 2159
1626650 2165
1626660 2170
1626670 2170
1626680 2176
1626690 2183
1626700 2190
1626710 2190
1626720 2197
1626730 2204
1626740 2204
1626750 2209
1626760 2211
1626770 2211
1626780 2212
1626790 2210
1626800 2210
1626810 2206
1626820 2203
1626830 2203
1626840 2201
1626850 2196
1626860 2196
1626870 2183
1626880 2173
1626890 2173
1626900 2168
1626910 2166
1626920 2166
1626930 2164
1626940 2162
1626950 2162
1626960 2156
1626970 2149
1626980 2149
1626990 2144
1627000 2140
1627010 2137
1627020 2137
1627030 2135
1627040 2133
1627050 2133
1627060 2129
1627070 2123
1627080 2123
1627090 2112
1627100 2106
1627110 2106
1627120 2104
1627130 2109
1627140 2109
1627150 2114
1627160 2110
1627170 2110
1627180 2112
1627190 2116
1627200 2116
1627210 2119
1627220 2116
1627230 2116
1627240 2118
1627250 2120
1627260 2120
1627270 2122
1627280 2123
1627290 2122
1627300 2122
1627310 2120
1627320 2119
1627330 2119
1627340 2124
1627350 2123
1627360 2123
1627370 2122
1627380 2122
1627390 2122
1627400 2121
1627410 2121
1627420 2121
1627430 2121
1627440 2121
1627450 2121
1627460 2121
1627470 2122
1627480 2122
1627490 2122
1627500 2121
1627510 2121
1627520 2121
1627530 2121
1627540 2121
1627550 2120
1627560 2119
1627570 2119
1627580 2119
1627590 2118
1627600 2117
1627610 2117
1627620 2115
1627630 2112
1627640 2112
1627650 2110
1627660 2107
1627670 2107
1627680 2105
1627690 2102
1627700 2102
1627710 2099
1627720 2096
1627730 2096
1627740 2093
1627750 2090
1627760 2090
1627770 2086
1627780 2082
1627790 2082
1627800 2078
1627810 2073
1627820 2073
1627830 2068
1627840 2063
1627850 2063
1627860 2056
1627870 2049
1627880 2042
1627890 2042
1627900 2037
1627910 2034
1627920 2034
1627930 2030
1627940 2027
1627950 2027
1627960 2019
1627970 2009
1627980 2009
1627990 2004
1628000 2004
1628010 2004
1628020 2000
1628030 1994
1628040 1994
1628050 1989
1628060 1987
1628070 1987
1628080 1979
1628090 1966
1628100 1966
1628110 1956
1628120 1948
1628130 1948
1628140 1940
1628150 1935
1628160 1935
1628170 1933
1628180 1929
1628190 1917
1628200 1917
1628210 1908
1628220 1900
1628230 1906
1628240 1895
1628250 1888
1628260 1888
1628270 1883
1628280 1871
1628290 1871
1628300 1853
1628310 1833
1628320 1833
1628330 1819
1628340 1811
1628350 1811
1628360 1803
1628370 1794
1628380 1794
1628390 1785
1628400 1777
1628410 1777
1628420 1768
1628430 1757
1628440 1757
1628450 1749
1628460 1740
1628470 1732
1628480 1732
1628490 1724
1628500 1716
1628510 1716
1628520 1708
1628530 1700
1628540 1700
1628550 1692
1628560 1684
1628570 1684
1628580 1677
1628590 1671
1628600 1671
1628610 1664
1628620 1659
1628630 1659
1628640 1654
1628650 1651
1628660 1651
1628670 1647
1628680 1644
1628690 1644
1628700 1644
1628710 1644
1628720 1644
1628730 1645
1628740 1646
1628750 1646
1628760 1645
1628770 1644
1628780 1643
1628790 1643
1628800 1641
1628810 1638
1628820 1638
1628830 1634
1628840 1632
1628850 1632
1628860 1630
1628870 1627
1628880 1627
1628890 1625
1628900 1622
1628910 1622
1628920 1619
1628930 1616
1628940 1616
1628950 1614
1628960 1614
1628970 1614
1628980 1613
1628990 1610
1629000 1610
1629010 1608
1629020 1608
1629030 1608
1629040 1607
1629050 1608
1629060 1607
1629070 1607
1629080 1606
1629090 1606
1629100 1606
1629110 1605
1629120 1603
1629130 1603
1629140 1602
1629150 1601
1629160 1601
1629170 1600
1629180 1596
1629190 1596
1629200 1589
1629210 1584
1629220 1584
1629230 1585
1629240 1587
1629250 1587
1629260 1588
1629270 1588
1629280 1588
1629290 1588
1629300 1589
1629310 1589
1629320 1588
1629330 1588
1629340 1588
1629350 1586
1629360 1586
1629370 1587
1629380 1587
1629390 1584
1629400 1583
1629410 1583
1629420 1585
1629430 1588
1629440 1588
1629450 1593
1629460 1597
1629470 1597
1629480 1599
1629490 1602
1629500 1602
1629510 1604
1629520 1606
1629530 1606
1629540 1607
1629550 1609
1629560 1609
1629570 1611
1629580 1612
1629590 1612
1629600 1611
1629610 1613
1629620 1613
1629630 1617
1629640 1621
1629650 1625
1629660 1625
1629670 1629
1629680 1634
1629690 1634
1629700 1640
1629710 1646
1629720 1646
1629730 1652
1629740 1653
1629750 1653
1629760 1657
1629770 1660
1629780 1660
1629790 1662
1629800 1664
1629810 1664
1629820 1666
1629830 1669
1629840 1669
1629850 1670
1629860 1672
1629870 1672
1629880 1673
1629890 1675
1629900 1675
1629910 1673
1629920 1667
1629930 1667
1629940 1667
1629950 1671
1629960 1672
1629970 1672
1629980 1670
1629990 1664
1630000 1658
1630010 1653
1630020 1648
1630030 1648
1630040 1648
1630050 1652
1630060 1652
1630070 1655
1630080 1658
1630090 1658
1630100 1662
1630110 1667
1630120 1667
1630130 1672
1630140 1677
1630150 1677
1630160 1682
1630170 1686
1630180 1686
1630190 1690
1630200 1692
1630210 1692
1630220 1692
1630230 1690
1630240 1688
1630250 1688
1630260 1686
1630270 1686
1630280 1686
1630290 1684
1630300 1687
1630310 1687
1630320 1687
1630330 1687
1630340 1687
1630350 1687
1630360 1685
1630370 1685
1630380 1681
1630390 1677
1630400 1677
1630410 1679
1630420 1682
1630430 1682
1630440 1684
1630450 1686
1630460 1686
1630470 1687
1630480 1687
1630490 1687
1630500 1686
1630510 1688
1630520 1688
1630530 1692
1630540 1694
1630550 1696
1630560 1696
1630570 1698
1630580 1700
1630590 1700
1630600 1703
1630610 1706
1630620 1706
1630630 1710
1630640 1714
1630650 1714
1630660 1718
1630670 1722
1630680 1722
1630690 1726
1630700 1729
1630710 1729
1630720 1733
1630730 1738
1630740 1738
1630750 1742
1630760 1746
1630770 1746
1630780 1750
1630790 1755
1630800 1755
1630810 1759
1630820 1764
1630830 1769
1630840 1769
1630850 1774
1630860 1779
1630870 1776
1630880 1781
1630890 1786
1630900 1786
1630910 1791
1630920 1797
1630930 1797
1630940 1802
1630950 1806
1630960 1806
1630970 1810
1630980 1812
1630990 1812
1631000 1815
1631010 1817
1631020 1817
1631030 1819
1631040 1820
1631050 1820
1631060 1823
1631070 1824
1631080 1824
1631090 1826
1631100 1829
1631110 1829
1631120 1831
1631130 1834
1631140 1833
1631150 1833
1631160 1830
1631170 1829
1631180 1829
1631190 1828
1631200 1827
1631210 1827
1631220 1827
1631230 1826
1631240 1826
1631250 1824
1631260 1823
1631270 1823
1631280 1822
1631290 1820
1631300 1820
1631310 1818
1631320 1815
1631330 1815
1631340 1812
1631350 1809
1631360 1809
1631370 1806
1631380 1802
1631390 1802
1631400 1798
1631410 1795
1631420 1792
1631430 1792
1631440 1789
1631450 1787
1631460 1787
1631470 1784
1631480 1781
1631490 1781
1631500 1776
1631510 1773
1631520 1773
1631530 1771
1631540 1767
1631550 1767
1631560 1765
1631570 1761
1631580 1761
1631590 1760
1631600 1758
1631610 1758
1631620 1757
1631630 1756
1631640 1756
1631650 1754
1631660 1752
1631670 1752
1631680 1743
1631690 1733
1631700 1733
1631710 1725
1631720 1719
1631730 1712
1631740 1716
1631750 1708
1631760 1701
1631770 1701
1631780 1697
1631790 1696
1631800 1696
1631810 1687
1631820 1678
1631830 1678
1631840 1667
1631850 1661
1631860 1661
1631870 1655
1631880 1651
1631890 1651
1631900 1647
1631910 1644
1631920 1644
1631930 1641
1631940 1639
1631950 1639
1631960 1636
1631970 1631
1631980 1631
1631990 1626
1632000 1621
1632010 1616
1632020 1616
1632030 1612
1632040 1606
1632050 1606
1632060 1604
1632070 1602
1632080 1602
1632090 1601
1632100 1600
1632110 1600
1632120 1600
1632130 1601
1632140 1601
1632150 1600
1632160 1599
1632170 1599
1632180 1596
1632190 1595
1632200 1595
1632210 1594
1632220 1593
1632230 1593
1632240 1593
1632250 1593
1632260 1593
1632270 1596
1632280 1595
1632290 1595
1632300 1592
1632310 1589
1632320 1586
1632330 1586
1632340 1582
1632350 1579
1632360 1579
1632370 1574
1632380 1569
1632390 1569
1632400 1565
1632410 1562
1632420 1562
1632430 1559
1632440 1556
1632450 1556
1632460 1555
1632470 1555
1632480 1555
1632490 1555
1632500 1554
1632510 1554
1632520 1551
1632530 1546
1632540 1546
1632550 1541
1632560 1536
1632570 1536
1632580 1532
1632590 1528
1632600 1527
1632610 1524
1632620 1521
1632630 1519
1632640 1519
1632650 1519
1632660 1518
1632670 1518
1632680 1519
1632690 1518
1632700 1518
1632710 1516
1632720 1516
1632730 1516
1632740 1517
1632750 1518
1632760 1518
1632770 1521
1632780 1524
1632790 1524
1632800 1526
1632810 1526
1632820 1526
1632830 1524
1632840 1521
1632850 1521
1632860 1519
1632870 1516
1632880 1516
1632890 1515
1632900 1513
1632910 1510
1632920 1510
1632930 1507
1632940 1504
1632950 1504
1632960 1500
1632970 1498
1632980 1498
1632990 1495
1633000 1491
1633010 1491
1633020 1487
1633030 1485
1633040 1485
1633050 1482
1633060 1480
1633070 1480
1633080 1481
1633090 1481
1633100 1481
1633110 1481
1633120 1480
1633130 1480
1633140 1476
1633150 1470
1633160 1470
1633170 1465
1633180 1459
1633190 1452
1633200 1452
1633210 1447
1633220 1447
1633230 1447
1633240 1450
1633250 1456
1633260 1456
1633270 1459
1633280 1454
1633290 1454
1633300 1450
1633310 1449
1633320 1449
1633330 1452
1633340 1452
1633350 1452
1633360 1451
1633370 1450
1633380 1450
1633390 1448
1633400 1446
1633410 1446
1633420 1444
1633430 1442
1633440 1442
1633450 1440
1633460 1437
1633470 1432
1633480 1429
1633490 1427
1633500 1424
1633510 1424
1633520 1420
1633530 1418
1633540 1418
1633550 1414
1633560 1410
1633570 1410
1633580 1406
1633590 1402
1633600 1402
1633610 1403
1633620 1404
1633630 1404
1633640 1405
1633650 1405
1633660 1405
1633670 1406
1633680 1408
1633690 1408
1633700 1409
1633710 1413
1633720 1413
1633730 1417
1633740 1420
1633750 1420
1633760 1421
1633770 1424
1633780 1426
1633790 1426
1633800 1428
1633810 1429
1633820 1429
1633830 1432
1633840 1435
1633850 1435
1633860 1437
1633870 1439
1633880 1439
1633890 1443
1633900 1450
1633910 1450
1633920 1456
1633930 1464
1633940 1464
1633950 1471
1633960 1478
1633970 1478
1633980 1485
1633990 1492
1634000 1492
1634010 1499
1634020 1507
1634030 1507
1634040 1515
1634050 1525
1634060 1525
1634070 1539
1634080 1552
1634090 1562
1634100 1562
1634110 1570
1634120 1571
1634130 1571
1634140 1569
1634150 1567
1634160 1567
1634170 1565
1634180 1563
1634190 1563
1634200 1560
1634210 1560
1634220 1560
1634230 1561
1634240 1560
1634250 1560
1634260 1558
1634270 1556
1634280 1556
1634290 1553
1634300 1550
1634310 1550
1634320 1539
1634330 1540
1634340 1540
1634350 1545
1634360 1551
1634370 1551
1634380 1558
1634390 1564
1634400 1570
1634410 1570
1634420 1575
1634430 1579
1634440 1579
1634450 1585
1634460 1593
1634470 1593
1634480 1600
1634490 1607
1634500 1607
1634510 1613
1634520 1619
1634530 1619
1634540 1625
1634550 1631
1634560 1631
1634570 1636
1634580 1642
1634590 1642
1634600 1646
1634610 1651
1634620 1651
1634630 1656
1634640 1661
1634650 1661
1634660 1667
1634670 1672
1634680 1678
1634690 1678
1634700 1683
1634710 1689
1634720 1689
1634730 1694
1634740 1700
1634750 1700
1634760 1706
1634770 1712
1634780 1712
1634790 1717
1634800 1723
1634810 1723
1634820 1728
1634830 1733
1634840 1733
1634850 1739
1634860 1745
1634870 1745
1634880 1750
1634890 1756
1634900 1756
1634910 1761
1634920 1765
1634930 1765
1634940 1769
1634950 1772
1634960 1772
1634970 1774
1634980 1776
1634990 1777
1635000 1777
1635010 1778
1635020 1780
1635030 1780
1635040 1781
1635050 1787
1635060 1787
1635070 1792
1635080 1798
1635090 1798
1635100 1803
1635110 1808
1635120 1808
1635130 1814
1635140 1819
1635150 1819
1635160 1825
1635170 1832
1635180 1832
1635190 1838
1635200 1844
1635210 1844
1635220 1850
1635230 1856
1635240 1856
1635250 1861
1635260 1867
1635270 1872
1635280 1872
1635290 1877
1635300 1881
1635310 1881
1635320 1885
1635330 1889
1635340 1889
1635350 1893
1635360 1890
1635370 1890
1635380 1885
1635390 1881
1635400 1881
1635410 1877
1635420 1874
1635430 1874
1635440 1871
1635450 1870
1635460 1870
1635470 1870
1635480 1869
1635490 1869
1635500 1868
1635510 1866
1635520 1866
1635530 1863
1635540 1858
1635550 1858
1635560 1853
1635570 1848
1635580 1843
1635590 1843
1635600 1840
1635610 1837
1635620 1837
1635630 1835
1635640 1833
1635650 1833
1635660 1830
1635670 1826
1635680 1826
1635690 1822
1635700 1821
1635710 1821
1635720 1821
1635730 1823
1635740 1823
1635750 1822
1635760 1821
1635770 1821
1635780 1819
1635790 1817
1635800 1817
1635810 1817
1635820 1819
1635830 1819
1635840 1823
1635850 1829
1635860 1835
1635870 1835
1635880 1840
1635890 1844
1635900 1844
1635910 1847
1635920 1851
1635930 1851
1635940 1854
1635950 1856
1635960 1856
1635970 1858
1635980 1859
1635990 1859
1636000 1861
1636010 1863
1636020 1858
1636030 1859
1636040 1860
1636050 1860
1636060 1862
1636070 1865
1636080 1865
1636090 1868
1636100 1872
1636110 1872
1636120 1875
1636130 1879
1636140 1879
1636150 1883
1636160 1887
1636170 1890
1636180 1890
1636190 1894
1636200 1898
1636210 1898
1636220 1902
1636230 1906
1636240 1906
1636250 1910
1636260 1915
1636270 1915
1636280 1919
1636290 1923
1636300 1923
1636310 1928
1636320 1932
1636330 1932
1636340 1937
1636350 1942
1636360 1942
1636370 1946
1636380 1951
1636390 1951
1636400 1955
1636410 1959
1636420 1959
1636430 1963
1636440 1966
1636450 1968
1636460 1968
1636470 1970
1636480 1972
1636490 1972
1636500 1974
1636510 1976
1636520 1976
1636530 1977
1636540 1979
1636550 1979
1636560 1980
1636570 1982
1636580 1982
1636590 1983
1636600 1983
1636610 1983
1636620 1985
1636630 1986
1636640 1986
1636650 1986
1636660 1988
1636670 1988
1636680 1989
1636690 1985
1636700 1985
1636710 1983
1636720 1985
1636730 1985
1636740 1981
1636750 1975
1636760 1966
1636770 1966
1636780 1957
1636790 1948
1636800 1948
1636810 1937
1636820 1928
1636830 1928
1636840 1921
1636850 1916
1636860 1917
1636870 1912
1636880 1909
1636890 1909
1636900 1906
1636910 1901
1636920 1901
1636930 1897
1636940 1892
1636950 1892
1636960 1886
1636970 1879
1636980 1879
1636990 1872
1637000 1871
1637010 1871
1637020 1870
1637030 1866
1637040 1862
1637050 1862
1637060 1858
1637070 1854
1637080 1854
1637090 1849
1637100 1843
1637110 1843
1637120 1838
1637130 1832
1637140 1832
1637150 1826
1637160 1823
1637170 1823
1637180 1819
1637190 1813
1637200 1813
1637210 1807
1637220 1801
1637230 1801
1637240 1794
1637250 1787
1637260 1787
1637270 1781
1637280 1776
1637290 1776
1637300 1772
1637310 1767
1637320 1767
1637330 1762
1637340 1756
1637350 1750
1637360 1750
1637370 1743
1637380 1737
1637390 1737
1637400 1731
1637410 1726
1637420 1726
1637430 1722
1637440 1717
1637450 1717
1637460 1710
1637470 1702
1637480 1702
1637490 1696
1637500 1693
1637510 1693
1637520 1691
1637530 1689
1637540 1689
1637550 1685
1637560 1683
1637570 1683
1637580 1681
1637590 1678
1637600 1678
1637610 1676
1637620 1673
1637630 1669
1637640 1669
1637650 1664
1637660 1659
1637670 1659
1637680 1656
1637690 1655
1637700 1655
1637710 1652
1637720 1650
1637730 1650
1637740 1649
1637750 1648
1637760 1648
1637770 1646
1637780 1643
1637790 1643
1637800 1641
1637810 1641
1637820 1641
1637830 1640
1637840 1639
1637850 1639
1637860 1638
1637870 1636
1637880 1636
1637890 1633
1637900 1631
1637910 1631
1637920 1629
1637930 1628
1637940 1627
1637950 1627
1637960 1627
1637970 1626
1637980 1626
1637990 1626
1638000 1627
1638010 1627
1638020 1628
1638030 1630
1638040 1630
1638050 1630
1638060 1630
1638070 1630
1638080 1628
1638090 1626
1638100 1626
1638110 1623
1638120 1620
1638130 1620
1638140 1616
1638150 1613
1638160 1613
1638170 1611
1638180 1609
1638190 1609
1638200 1607
1638210 1605
1638220 1602
1638230 1602
1638240 1598
1638250 1595
1638260 1595
1638270 1593
1638280 1591
1638290 1591
1638300 1589
1638310 1585
1638320 1585
1638330 1582
1638340 1578
1638350 1578
1638360 1575
1638370 1574
1638380 1574
1638390 1572
1638400 1571
1638410 1571
1638420 1569
1638430 1568
1638440 1568
1638450 1567
1638460 1565
1638470 1565
1638480 1564
1638490 1562
1638500 1562
1638510 1559
1638520 1557
1638530 1552
1638540 1552
1638550 1550
1638560 1549
1638570 1549
1638580 1548
1638590 1546
1638600 1546
1638610 1544
1638620 1541
1638630 1541
1638640 1538
1638650 1536
1638660 1536
1638670 1533
1638680 1532
1638690 1532
1638700 1531
1638710 1530
1638720 1530
1638730 1529
1638740 1528
1638750 1528
1638760 1528
1638770 1528
1638780 1528
1638790 1528
1638800 1527
1638810 1527
1638820 1527
1638830 1527
1638840 1526
1638850 1526
1638860 1525
1638870 1524
1638880 1524
1638890 1522
1638900 1521
1638910 1521
1638920 1520
1638930 1518
1638940 1518
1638950 1518
1638960 1517
1638970 1517
1638980 1515
1638990 1513
1639000 1513
1639010 1512
1639020 1510
1639030 1510
1639040 1510
1639050 1511
1639060 1511
1639070 1510
1639080 1509
1639090 1509
1639100 1509
1639110 1508
1639120 1507
1639130 1507
1639140 1507
1639150 1505
1639160 1505
1639170 1504
1639180 1505
1639190 1505
1639200 1508
1639210 1509
1639220 1509
1639230 1509
1639240 1510
1639250 1510
1639260 1509
1639270 1510
1639280 1510
1639290 1512
1639300 1513
1639310 1513
1639320 1516
1639330 1519
1639340 1519
1639350 1517
1639360 1520
1639370 1520
1639380 1524
1639390 1528
1639400 1532
1639410 1532
1639420 1536
1639430 1541
1639440 1541
1639450 1546
1639460 1550
1639470 1550
1639480 1554
1639490 1558
1639500 1558
1639510 1562
1639520 1566
1639530 1566
1639540 1569
1639550 1571
1639560 1571
1639570 1571
1639580 1570
1639590 1570
1639600 1569
1639610 1567
1639620 1567
1639630 1566
1639640 1564
1639650 1564
1639660 1563
1639670 1561
1639680 1561
1639690 1560
1639700 1558
1639710 1557
1639720 1557
1639730 1555
1639740 1553
1639750 1553
1639760 1552
1639770 1551
1639780 1551
1639790 1550
1639800 1548
1639810 1548
1639820 1546
1639830 1545
1639840 1545
1639850 1543
1639860 1541
1639870 1541
1639880 1540
1639890 1538
1639900 1538
1639910 1537
1639920 1535
1639930 1535
1639940 1534
1639950 1532
1639960 1532
1639970 1529
1639980 1526
1639990 1526
