1620000 1722
1620010 1717
1620020 1711
1620030 1711
1620040 1705
1620050 1700
1620060 1700
1620070 1696
1620080 1691
1620090 1691
1620100 1686
1620110 1682
1620120 1682
1620130 1677
1620140 1673
1620150 1673
1620160 1668
1620170 1664
1620180 1664
1620190 1660
1620200 1656
1620210 1652
1620220 1652
1620230 1648
1620240 1645
1620250 1645
1620260 1641
1620270 1638
1620280 1638
1620290 1635
1620300 1632
1620310 1632
1620320 1629
1620330 1627
1620340 1627
1620350 1625
1620360 1623
1620370 1623
1620380 1622
1620390 1620
1620400 1620
1620410 1620
1620420 1619
1620430 1619
1620440 1618
1620450 1618
1620460 1618
1620470 1617
1620480 1614
1620490 1614
1620500 1607
1620510 1602
1620520 1600
1620530 1600
1620540 1600
1620550 1601
1620560 1601
1620570 1601
1620580 1601
1620590 1601
1620600 1599
1620610 1599
1620620 1599
1620630 1596
1620640 1594
1620650 1594
1620660 1594
1620670 1594
1620680 1594
1620690 1594
1620700 1595
1620710 1595
1620720 1595
1620730 1595
1620740 1595
1620750 1590
1620760 1588
1620770 1588
1620780 1587
1620790 1587
1620800 1589
1620810 1589
1620820 1595
1620830 1599
1620840 1599
1620850 1600
1620860 1602
1620870 1602
1620880 1602
1620890 1602
1620900 1602
1620910 1601
1620920 1599
1620930 1599
1620940 1597
1620950 1596
1620960 1596
1620970 1595
1620980 1594
1620990 1594
1621000 1592
1621010 1589
1621020 1589
1621030 1585
1621040 1583
1621050 1583
1621060 1586
1621070 1590
1621080 1590
1621090 1594
1621100 1598
1621110 1603
1621120 1603
1621130 1607
1621140 1612
1621150 1612
1621160 1617
1621170 1622
1621180 1622
1621190 1626
1621200 1628
1621210 1628
1621220 1623
1621230 1614
1621240 1614
1621250 1607
1621260 1599
1621270 1599
1621280 1592
1621290 1587
1621300 1587
1621310 1579
1621320 1571
1621330 1571
1621340 1559
1621350 1548
1621360 1548
1621370 1538
1621380 1526
1621390 1503
1621400 1503
1621410 1482
1621420 1473
1621430 1473
1621440 1465
1621450 1457
1621460 1457
1621470 1448
1621480 1440
1621490 1440
1621500 1432
1621510 1424
1621520 1424
1621530 1418
1621540 1412
1621550 1412
1621560 1405
1621570 1398
1621580 1398
1621590 1391
1621600 1384
1621610 1384
1621620 1376
1621630 1370
1621640 1370
1621650 1361
1621660 1353
1621670 1353
1621680 1344
1621690 1335
1621700 1325
1621710 1325
1621720 1316
1621730 1309
1621740 1309
1621750 1300
1621760 1293
1621770 1293
1621780 1286
1621790 1279
1621800 1279
1621810 1272
1621820 1265
1621830 1265
1621840 1260
1621850 1254
1621860 1254
1621870 1249
1621880 1248
1621890 1248
1621900 1247
1621910 1246
1621920 1246
1621930 1245
1621940 1248
1621950 1248
1621960 1249
1621970 1249
1621980 1250
1621990 1250
1622000 1251
1622010 1252
1622020 1252
1622030 1252
1622040 1253
1622050 1253
1622060 1254
1622070 1254
1622080 1254
1622090 1253
1622100 1253
1622110 1253
1622120 1253
1622130 1254
1622140 1254
1622150 1255
1622160 1255
1622170 1255
1622180 1256
1622190 1256
1622200 1256
1622210 1256
1622220 1257
1622230 1257
1622240 1258
1622250 1258
1622260 1258
1622270 1258
1622280 1258
1622290 1259
1622300 1259
1622310 1259
1622320 1260
1622330 1260
1622340 1261
1622350 1262
1622360 1262
1622370 1262
1622380 1263
1622390 1263
1622400 1264
1622410 1265
1622420 1265
1622430 1265
1622440 1267
1622450 1267
1622460 1268
1622470 1271
1622480 1271
1622490 1273
1622500 1275
1622510 1275
1622520 1279
1622530 1282
1622540 1282
1622550 1287
1622560 1292
1622570 1292
1622580 1296
1622590 1297
1622600 1297
1622610 1293
1622620 1295
1622630 1298
1622640 1298
1622650 1300
1622660 1302
1622670 1302
1622680 1304
1622690 1306
1622700 1306
1622710 1309
1622720 1311
1622730 1311
1622740 1313
1622750 1316
1622760 1316
1622770 1317
1622780 1318
1622790 1318
1622800 1320
1622810 1323
1622820 1323
1622830 1325
1622840 1328
1622850 1328
1622860 1334
1622870 1340
1622880 1345
1622890 1345
1622900 1351
1622910 1356
1622920 1356
1622930 1361
1622940 1364
1622950 1364
1622960 1368
1622970 1373
1622980 1373
1622990 1378
1623000 1384
1623010 1384
1623020 1390
1623030 1397
1623040 1397
1623050 1404
1623060 1411
1623070 1411
1623080 1418
1623090 1425
1623100 1425
1623110 1432
1623120 1439
1623130 1439
1623140 1445
1623150 1452
1623160 1452
1623170 1455
1623180 1453
1623190 1449
1623200 1449
1623210 1446
1623220 1442
1623230 1442
1623240 1439
1623250 1436
1623260 1436
1623270 1433
1623280 1429
1623290 1429
1623300 1424
1623310 1422
1623320 1422
1623330 1420
1623340 1417
1623350 1417
1623360 1415
1623370 1413
1623380 1413
1623390 1409
1623400 1405
1623410 1405
1623420 1401
1623430 1398
1623440 1398
1623450 1394
1623460 1394
1623470 1397
1623480 1397
1623490 1398
1623500 1396
1623510 1396
1623520 1395
1623530 1392
1623540 1392
1623550 1394
1623560 1394
1623570 1394
1623580 1395
1623590 1397
1623600 1397
1623610 1397
1623620 1398
1623630 1398
1623640 1397
1623650 1395
1623660 1395
1623670 1395
1623680 1394
1623690 1394
1623700 1394
1623710 1395
1623720 1395
1623730 1398
1623740 1401
1623750 1401
1623760 1406
1623770 1409
1623780 1409
1623790 1409
1623800 1411
1623810 1416
1623820 1416
1623830 1423
1623840 1429
1623850 1429
1623860 1436
1623870 1442
1623880 1442
1623890 1449
1623900 1456
1623910 1456
1623920 1463
1623930 1470
1623940 1470
1623950 1477
1623960 1485
1623970 1485
1623980 1492
1623990 1499
1624000 1499
1624010 1507
1624020 1514
1624030 1514
1624040 1521
1624050 1529
1624060 1529
1624070 1536
1624080 1543
1624090 1550
1624100 1550
1624110 1557
1624120 1565
1624130 1565
1624140 1572
1624150 1580
1624160 1580
1624170 1587
1624180 1594
1624190 1594
1624200 1602
1624210 1610
1624220 1610
1624230 1618
1624240 1625
1624250 1625
1624260 1634
1624270 1648
1624280 1648
1624290 1654
1624300 1662
1624310 1662
1624320 1666
1624330 1669
1624340 1669
1624350 1676
1624360 1685
1624370 1696
1624380 1696
1624390 1708
1624400 1720
1624410 1720
1624420 1728
1624430 1734
1624440 1734
1624450 1749
1624460 1753
1624470 1753
1624480 1758
1624490 1768
1624500 1768
1624510 1775
1624520 1775
1624530 1775
1624540 1778
1624550 1784
1624560 1784
1624570 1790
1624580 1798
1624590 1798
1624600 1803
1624610 1805
1624620 1805
1624630 1806
1624640 1810
1624650 1810
1624660 1817
1624670 1824
1624680 1829
1624690 1829
1624700 1828
1624710 1832
1624720 1832
1624730 1837
1624740 1840
1624750 1840
1624760 1838
1624770 1836
1624780 1836
1624790 1835
1624800 1841
1624810 1841
1624820 1850
1624830 1856
1624840 1856
1624850 1847
1624860 1837
1624870 1837
1624880 1832
1624890 1831
1624900 1831
1624910 1832
1624920 1833
1624930 1833
1624940 1835
1624950 1837
1624960 1839
1624970 1839
1624980 1844
1624990 1850
1625000 1850
1625010 1855
1625020 1860
1625030 1860
1625040 1860
1625050 1858
1625060 1858
1625070 1857
1625080 1859
1625090 1859
1625100 1861
1625110 1864
1625120 1864
1625130 1868
1625140 1872
1625150 1872
1625160 1876
1625170 1883
1625180 1883
1625190 1889
1625200 1895
1625210 1895
1625220 1899
1625230 1904
1625240 1904
1625250 1908
1625260 1909
1625270 1912
1625280 1912
1625290 1915
1625300 1916
1625310 1916
1625320 1920
1625330 1925
1625340 1925
1625350 1929
1625360 1938
1625370 1938
1625380 1942
1625390 1944
1625400 1944
1625410 1946
1625420 1952
1625430 1952
1625440 1959
1625450 1965
1625460 1965
1625470 1970
1625480 1974
1625490 1974
1625500 1977
1625510 1981
1625520 1981
1625530 1983
1625540 1982
1625550 1983
1625560 1983
1625570 1983
1625580 1984
1625590 1984
1625600 1987
1625610 1990
1625620 1990
1625630 1993
1625640 1996
1625650 1996
1625660 1996
1625670 1993
1625680 1993
1625690 1991
1625700 1989
1625710 1989
1625720 1990
1625730 1993
1625740 1993
1625750 1993
1625760 1990
1625770 1990
1625780 1987
1625790 1988
1625800 1988
1625810 1987
1625820 1988
1625830 1988
1625840 1992
1625850 1993
1625860 1992
1625870 1992
1625880 1988
1625890 1986
1625900 1986
1625910 1988
1625920 1993
1625930 1993
1625940 1997
1625950 2002
1625960 2002
1625970 2006
1625980 2010
1625990 2010
1626000 2013
1626010 2017
1626020 2017
1626030 2022
1626040 2027
1626050 2027
1626060 2032
1626070 2037
1626080 2037
1626090 2043
1626100 2048
1626110 2048
1626120 2053
1626130 2059
1626140 2059
1626150 2064
1626160 2069
1626170 2074
1626180 2074
1626190 2079
1626200 2085
1626210 2085
1626220 2091
1626230 2096
1626240 2096
1626250 2101
1626260 2109
1626270 2109
1626280 2114
1626290 2117
1626300 2117
1626310 2117
1626320 2107
1626330 2107
1626340 2095
1626350 2080
1626360 2080
1626370 2067
1626380 2064
1626390 2064
1626400 2064
1626410 2064
1626420 2064
1626430 2065
1626440 2056
1626450 2041
1626460 2041
1626470 2021
1626480 1992
1626490 1992
1626500 1976
1626510 1969
1626520 1969
1626530 1963
1626540 1951
1626550 1951
1626560 1932
1626570 1924
1626580 1924
1626590 1916
1626600 1908
1626610 1908
1626620 1901
1626630 1894
1626640 1894
1626650 1887
1626660 1881
1626670 1881
1626680 1875
1626690 1870
1626700 1870
1626710 1866
1626720 1862
1626730 1862
1626740 1858
1626750 1855
1626760 1852
1626770 1852
1626780 1850
1626790 1849
1626800 1849
1626810 1847
1626820 1847
1626830 1847
1626840 1849
1626850 1850
1626860 1850
1626870 1848
1626880 1846
1626890 1846
1626900 1841
1626910 1838
1626920 1838
1626930 1836
1626940 1836
1626950 1836
1626960 1837
1626970 1839
1626980 1839
1626990 1840
1627000 1843
1627010 1843
1627020 1846
1627030 1847
1627040 1848
1627050 1848
1627060 1848
1627070 1848
1627080 1848
1627090 1849
1627100 1850
1627110 1850
1627120 1851
1627130 1850
1627140 1850
1627150 1848
1627160 1845
1627170 1845
1627180 1845
1627190 1846
1627200 1846
1627210 1847
1627220 1847
1627230 1847
1627240 1845
1627250 1846
1627260 1846
1627270 1844
1627280 1843
1627290 1843
1627300 1843
1627310 1842
1627320 1842
1627330 1842
1627340 1845
1627350 1845
1627360 1845
1627370 1844
1627380 1842
1627390 1842
1627400 1841
1627410 1844
1627420 1844
1627430 1847
1627440 1847
1627450 1847
1627460 1847
1627470 1848
1627480 1848
1627490 1850
1627500 1854
1627510 1854
1627520 1857
1627530 1860
1627540 1860
1627550 1863
1627560 1867
1627570 1867
1627580 1877
1627590 1887
1627600 1887
1627610 1899
1627620 1912
1627630 1919
1627640 1919
1627650 1927
1627660 1933
1627670 1933
1627680 1938
1627690 1945
1627700 1945
1627710 1951
1627720 1957
1627730 1957
1627740 1964
1627750 1970
1627760 1970
1627770 1977
1627780 1983
1627790 1983
1627800 1989
1627810 1993
1627820 1993
1627830 1997
1627840 2002
1627850 2002
1627860 2007
1627870 2012
1627880 2012
1627890 2019
1627900 2027
1627910 2027
1627920 2037
1627930 2049
1627940 2060
1627950 2060
1627960 2061
1627970 2065
1627980 2065
1627990 2072
1628000 2075
1628010 2075
1628020 2073
1628030 2071
1628040 2071
1628050 2061
1628060 2059
1628070 2059
1628080 2059
1628090 2059
1628100 2059
1628110 2061
1628120 2065
1628130 2065
1628140 2065
1628150 2067
1628160 2067
1628170 2069
1628180 2073
1628190 2073
1628200 2075
1628210 2078
1628220 2078
1628230 2077
1628240 2073
1628250 2068
1628260 2068
1628270 2064
1628280 2058
1628290 2058
1628300 2051
1628310 2045
1628320 2045
1628330 2039
1628340 2033
1628350 2033
1628360 2025
1628370 2018
1628380 2018
1628390 2010
1628400 2002
1628410 2002
1628420 1994
1628430 1986
1628440 1986
1628450 1979
1628460 1972
1628470 1972
1628480 1966
1628490 1959
1628500 1959
1628510 1953
1628520 1947
1628530 1941
1628540 1941
1628550 1935
1628560 1927
1628570 1927
1628580 1920
1628590 1914
1628600 1914
1628610 1908
1628620 1903
1628630 1903
1628640 1898
1628650 1892
1628660 1892
1628670 1883
1628680 1873
1628690 1873
1628700 1864
1628710 1855
1628720 1855
1628730 1846
1628740 1837
1628750 1837
1628760 1829
1628770 1822
1628780 1822
1628790 1816
1628800 1811
1628810 1811
1628820 1808
1628830 1804
1628840 1800
1628850 1800
1628860 1793
1628870 1786
1628880 1786
1628890 1780
1628900 1775
1628910 1775
1628920 1769
1628930 1761
1628940 1761
1628950 1753
1628960 1744
1628970 1744
1628980 1736
1628990 1726
1629000 1726
1629010 1718
1629020 1709
1629030 1709
1629040 1700
1629050 1692
1629060 1692
1629070 1684
1629080 1677
1629090 1677
1629100 1669
1629110 1661
1629120 1654
1629130 1654
1629140 1648
1629150 1642
1629160 1642
1629170 1636
1629180 1629
1629190 1629
1629200 1622
1629210 1615
1629220 1615
1629230 1607
1629240 1598
1629250 1598
1629260 1589
1629270 1580
1629280 1580
1629290 1571
1629300 1563
1629310 1563
1629320 1556
1629330 1551
1629340 1551
1629350 1546
1629360 1541
1629370 1541
1629380 1537
1629390 1533
1629400 1533
1629410 1527
1629420 1522
1629430 1516
1629440 1516
1629450 1509
1629460 1503
1629470 1503
1629480 1498
1629490 1492
1629500 1492
1629510 1488
1629520 1483
1629530 1483
1629540 1479
1629550 1474
1629560 1474
1629570 1470
1629580 1466
1629590 1466
1629600 1462
1629610 1457
1629620 1457
1629630 1453
1629640 1449
1629650 1449
1629660 1444
1629670 1440
1629680 1440
1629690 1436
1629700 1431
1629710 1431
1629720 1427
1629730 1424
1629740 1420
1629750 1420
1629760 1417
1629770 1413
1629780 1413
1629790 1410
1629800 1408
1629810 1408
1629820 1405
1629830 1402
1629840 1402
1629850 1399
1629860 1398
1629870 1398
1629880 1395
1629890 1393
1629900 1393
1629910 1391
1629920 1389
1629930 1389
1629940 1386
1629950 1383
1629960 1383
1629970 1384
1629980 1384
1629990 1384
1630000 1383
1630010 1382
1630020 1381
1630030 1381
1630040 1379
1630050 1378
1630060 1378
1630070 1377
1630080 1379
1630090 1379
1630100 1382
1630110 1383
1630120 1383
1630130 1384
1630140 1384
1630150 1384
1630160 1385
1630170 1386
1630180 1386
1630190 1389
1630200 1393
1630210 1393
1630220 1397
1630230 1401
1630240 1401
1630250 1405
1630260 1408
1630270 1408
1630280 1411
1630290 1415
1630300 1415
1630310 1418
1630320 1421
1630330 1424
1630340 1424
1630350 1426
1630360 1429
1630370 1429
1630380 1428
1630390 1421
1630400 1421
1630410 1412
1630420 1404
1630430 1404
1630440 1398
1630450 1396
1630460 1396
1630470 1401
1630480 1409
1630490 1409
1630500 1414
1630510 1419
1630520 1419
1630530 1424
1630540 1428
1630550 1428
1630560 1432
1630570 1438
1630580 1438
1630590 1443
1630600 1448
1630610 1454
1630620 1454
1630630 1459
1630640 1464
1630650 1464
1630660 1468
1630670 1474
1630680 1474
1630690 1480
1630700 1480
1630710 1480
1630720 1483
1630730 1486
1630740 1486
1630750 1489
1630760 1491
1630770 1491
1630780 1492
1630790 1491
1630800 1491
1630810 1489
1630820 1490
1630830 1490
1630840 1495
1630850 1500
1630860 1500
1630870 1507
1630880 1513
1630890 1513
1630900 1521
1630910 1527
1630920 1531
1630930 1531
1630940 1534
1630950 1536
1630960 1536
1630970 1539
1630980 1541
1630990 1541
1631000 1543
1631010 1545
1631020 1545
1631030 1547
1631040 1547
1631050 1547
1631060 1550
1631070 1553
1631080 1553
1631090 1555
1631100 1558
1631110 1558
1631120 1560
1631130 1561
1631140 1561
1631150 1562
1631160 1564
1631170 1564
1631180 1565
1631190 1566
1631200 1568
1631210 1568
1631220 1569
1631230 1570
1631240 1570
1631250 1572
1631260 1574
1631270 1574
1631280 1575
1631290 1577
1631300 1577
1631310 1579
1631320 1580
1631330 1580
1631340 1581
1631350 1581
1631360 1581
1631370 1582
1631380 1583
1631390 1583
1631400 1583
1631410 1584
1631420 1584
1631430 1583
1631440 1582
1631450 1582
1631460 1579
1631470 1576
1631480 1576
1631490 1571
1631500 1564
1631510 1553
1631520 1553
1631530 1548
1631540 1542
1631550 1542
1631560 1540
1631570 1535
1631580 1535
1631590 1526
1631600 1517
1631610 1517
1631620 1508
1631630 1500
1631640 1500
1631650 1494
1631660 1489
1631670 1489
1631680 1486
1631690 1485
1631700 1485
1631710 1484
1631720 1484
1631730 1484
1631740 1483
1631750 1482
1631760 1482
1631770 1480
1631780 1477
1631790 1477
1631800 1473
1631810 1469
1631820 1466
1631830 1466
1631840 1463
1631850 1460
1631860 1460
1631870 1456
1631880 1452
1631890 1452
1631900 1449
1631910 1448
1631920 1448
1631930 1449
1631940 1450
1631950 1450
1631960 1449
1631970 1446
1631980 1446
1631990 1443
1632000 1439
1632010 1439
1632020 1436
1632030 1435
1632040 1435
1632050 1433
1632060 1433
1632070 1433
1632080 1431
1632090 1432
1632100 1433
1632110 1433
1632120 1435
1632130 1436
1632140 1436
1632150 1438
1632160 1440
1632170 1440
1632180 1440
1632190 1440
1632200 1440
1632210 1440
1632220 1441
1632230 1441
1632240 1441
1632250 1441
1632260 1441
1632270 1441
1632280 1441
1632290 1441
1632300 1440
1632310 1438
1632320 1438
1632330 1436
1632340 1433
1632350 1433
1632360 1430
1632370 1427
1632380 1427
1632390 1423
1632400 1419
1632410 1415
1632420 1415
1632430 1407
1632440 1403
1632450 1403
1632460 1398
1632470 1393
1632480 1393
1632490 1388
1632500 1383
1632510 1383
1632520 1379
1632530 1375
1632540 1375
1632550 1369
1632560 1365
1632570 1365
1632580 1361
1632590 1357
1632600 1357
1632610 1352
1632620 1348
1632630 1348
1632640 1344
1632650 1341
1632660 1341
1632670 1339
1632680 1338
1632690 1337
1632700 1337
1632710 1337
1632720 1336
1632730 1336
1632740 1333
1632750 1327
1632760 1327
1632770 1324
1632780 1324
1632790 1324
1632800 1325
1632810 1324
1632820 1324
1632830 1321
1632840 1317
1632850 1317
1632860 1311
1632870 1306
1632880 1306
1632890 1301
1632900 1297
1632910 1297
1632920 1294
1632930 1296
1632940 1296
1632950 1298
1632960 1299
1632970 1299
1632980 1301
1632990 1304
1633000 1306
1633010 1306
1633020 1308
1633030 1310
1633040 1310
1633050 1312
1633060 1315
1633070 1315
1633080 1318
1633090 1321
1633100 1321
1633110 1324
1633120 1327
1633130 1327
1633140 1330
1633150 1332
1633160 1332
1633170 1335
1633180 1338
1633190 1338
1633200 1342
1633210 1346
1633220 1346
1633230 1350
1633240 1356
1633250 1356
1633260 1362
1633270 1368
1633280 1373
1633290 1377
1633300 1382
1633310 1385
1633320 1385
1633330 1392
1633340 1400
1633350 1400
1633360 1412
1633370 1424
1633380 1424
1633390 1435
1633400 1443
1633410 1443
1633420 1450
1633430 1460
1633440 1460
1633450 1470
1633460 1478
1633470 1478
1633480 1487
1633490 1498
1633500 1498
1633510 1509
1633520 1516
1633530 1516
1633540 1523
1633550 1531
1633560 1531
1633570 1538
1633580 1546
1633590 1555
1633600 1555
1633610 1562
1633620 1571
1633630 1571
1633640 1580
1633650 1586
1633660 1586
1633670 1591
1633680 1602
1633690 1602
1633700 1611
1633710 1623
1633720 1623
1633730 1633
1633740 1644
1633750 1644
1633760 1650
1633770 1643
1633780 1643
1633790 1646
1633800 1652
1633810 1652
1633820 1650
1633830 1649
1633840 1649
1633850 1643
1633860 1643
1633870 1643
1633880 1642
1633890 1636
1633900 1633
1633910 1633
1633920 1632
1633930 1633
1633940 1633
1633950 1632
1633960 1632
1633970 1632
1633980 1640
1633990 1644
1634000 1644
1634010 1641
1634020 1636
1634030 1636
1634040 1637
1634050 1643
1634060 1643
1634070 1653
1634080 1665
1634090 1665
1634100 1675
1634110 1684
1634120 1684
1634130 1692
1634140 1701
1634150 1701
1634160 1713
1634170 1722
1634180 1727
1634190 1727
1634200 1735
1634210 1742
1634220 1742
1634230 1749
1634240 1755
1634250 1755
1634260 1761
1634270 1767
1634280 1767
1634290 1769
1634300 1771
1634310 1771
1634320 1771
1634330 1772
1634340 1772
1634350 1772
1634360 1772
1634370 1772
1634380 1771
1634390 1769
1634400 1769
1634410 1768
1634420 1768
1634430 1768
1634440 1768
1634450 1767
1634460 1767
1634470 1767
1634480 1766
1634490 1765
1634500 1765
1634510 1764
1634520 1765
1634530 1765
1634540 1765
1634550 1765
1634560 1765
1634570 1764
1634580 1762
1634590 1762
1634600 1761
1634610 1762
1634620 1762
1634630 1762
1634640 1761
1634650 1761
1634660 1761
1634670 1761
1634680 1761
1634690 1761
1634700 1762
1634710 1762
1634720 1763
1634730 1764
1634740 1764
1634750 1765
1634760 1765
1634770 1764
1634780 1764
1634790 1763
1634800 1761
1634810 1761
1634820 1758
1634830 1755
1634840 1755
1634850 1753
1634860 1751
1634870 1751
1634880 1750
1634890 1749
1634900 1749
1634910 1748
1634920 1745
1634930 1745
1634940 1743
1634950 1741
1634960 1741
1634970 1739
1634980 1739
1634990 1739
1635000 1739
1635010 1741
1635020 1741
1635030 1741
1635040 1740
1635050 1740
1635060 1739
1635070 1738
1635080 1737
1635090 1737
1635100 1737
1635110 1737
1635120 1737
1635130 1737
1635140 1737
1635150 1737
1635160 1739
1635170 1740
1635180 1740
1635190 1740
1635200 1740
1635210 1740
1635220 1741
1635230 1742
1635240 1742
1635250 1743
1635260 1744
1635270 1744
1635280 1746
1635290 1746
1635300 1746
1635310 1748
1635320 1749
1635330 1749
1635340 1749
1635350 1751
1635360 1751
1635370 1753
1635380 1755
1635390 1757
1635400 1757
1635410 1759
1635420 1761
1635430 1761
1635440 1761
1635450 1758
1635460 1758
1635470 1749
1635480 1739
1635490 1739
1635500 1730
1635510 1723
1635520 1723
1635530 1716
1635540 1708
1635550 1708
1635560 1701
1635570 1693
1635580 1693
1635590 1685
1635600 1680
1635610 1680
1635620 1675
1635630 1669
1635640 1669
1635650 1663
1635660 1658
1635670 1653
1635680 1653
1635690 1649
1635700 1645
1635710 1645
1635720 1639
1635730 1634
1635740 1634
1635750 1629
1635760 1625
1635770 1625
1635780 1620
1635790 1614
1635800 1614
1635810 1609
1635820 1605
1635830 1605
1635840 1603
1635850 1600
1635860 1600
1635870 1598
1635880 1596
1635890 1596
1635900 1595
1635910 1595
1635920 1595
1635930 1593
1635940 1592
1635950 1592
1635960 1590
1635970 1586
1635980 1582
1635990 1582
1636000 1583
1636010 1587
1636020 1587
1636030 1589
1636040 1587
1636050 1587
1636060 1584
1636070 1583
1636080 1583
1636090 1584
1636100 1585
1636110 1585
1636120 1587
1636130 1587
1636140 1587
1636150 1588
1636160 1589
1636170 1589
1636180 1590
1636190 1594
1636200 1594
1636210 1598
1636220 1601
1636230 1601
1636240 1606
1636250 1613
1636260 1618
1636270 1618
1636280 1624
1636290 1629
1636300 1629
1636310 1633
1636320 1637
1636330 1637
1636340 1641
1636350 1644
1636360 1644
1636370 1646
1636380 1648
1636390 1648
1636400 1650
1636410 1651
1636420 1651
1636430 1651
1636440 1652
1636450 1652
1636460 1653
1636470 1653
1636480 1653
1636490 1652
1636500 1650
1636510 1650
1636520 1648
1636530 1645
1636540 1645
1636550 1642
1636560 1641
1636570 1641
1636580 1641
1636590 1642
1636600 1648
1636610 1648
1636620 1656
1636630 1662
1636640 1662
1636650 1669
1636660 1675
1636670 1675
1636680 1681
1636690 1687
1636700 1687
1636710 1693
1636720 1699
1636730 1699
1636740 1705
1636750 1711
1636760 1711
1636770 1717
1636780 1723
1636790 1723
1636800 1728
1636810 1733
1636820 1733
1636830 1739
1636840 1744
1636850 1744
1636860 1749
1636870 1754
1636880 1759
1636890 1759
1636900 1764
1636910 1768
1636920 1768
1636930 1771
1636940 1772
1636950 1772
1636960 1775
1636970 1777
1636980 1777
1636990 1780
1637000 1782
1637010 1782
1637020 1785
1637030 1787
1637040 1787
1637050 1788
1637060 1789
1637070 1789
1637080 1789
1637090 1789
1637100 1789
1637110 1788
1637120 1788
1637130 1788
1637140 1787
1637150 1787
1637160 1787
1637170 1787
1637180 1786
1637190 1784
1637200 1784
1637210 1783
1637220 1781
1637230 1781
1637240 1780
1637250 1778
1637260 1778
1637270 1775
1637280 1774
1637290 1774
1637300 1773
1637310 1771
1637320 1771
1637330 1769
1637340 1767
1637350 1767
1637360 1764
1637370 1762
1637380 1762
1637390 1759
1637400 1758
1637410 1758
1637420 1757
1637430 1756
1637440 1756
1637450 1755
1637460 1753
1637470 1750
1637480 1750
1637490 1748
1637500 1749
1637510 1749
1637520 1749
1637530 1744
1637540 1744
1637550 1744
1637560 1745
1637570 1745
1637580 1746
1637590 1747
1637600 1747
1637610 1748
1637620 1749
1637630 1749
1637640 1749
1637650 1750
1637660 1750
1637670 1750
1637680 1751
1637690 1751
1637700 1748
1637710 1742
1637720 1742
1637730 1735
1637740 1729
1637750 1721
1637760 1721
1637770 1715
1637780 1708
1637790 1708
1637800 1701
1637810 1694
1637820 1694
1637830 1687
1637840 1681
1637850 1681
1637860 1675
1637870 1668
1637880 1668
1637890 1661
1637900 1655
1637910 1655
1637920 1650
1637930 1646
1637940 1646
1637950 1642
1637960 1635
1637970 1635
1637980 1627
1637990 1620
1638000 1620
1638010 1613
1638020 1607
1638030 1607
1638040 1601
1638050 1595
1638060 1591
1638070 1591
1638080 1586
1638090 1582
1638100 1582
1638110 1578
1638120 1574
1638130 1574
1638140 1570
1638150 1566
1638160 1566
1638170 1561
1638180 1557
1638190 1557
1638200 1554
1638210 1551
1638220 1551
1638230 1547
1638240 1541
1638250 1541
1638260 1538
1638270 1534
1638280 1534
1638290 1530
1638300 1525
1638310 1525
1638320 1521
1638330 1516
1638340 1516
1638350 1513
1638360 1504
1638370 1501
1638380 1501
1638390 1497
1638400 1493
1638410 1493
1638420 1491
1638430 1489
1638440 1489
1638450 1489
1638460 1487
1638470 1487
1638480 1484
1638490 1480
1638500 1480
1638510 1479
1638520 1479
1638530 1479
1638540 1479
1638550 1478
1638560 1478
1638570 1477
1638580 1477
1638590 1477
1638600 1478
1638610 1479
1638620 1479
1638630 1477
1638640 1473
1638650 1469
1638660 1469
1638670 1467
1638680 1466
1638690 1466
1638700 1465
1638710 1464
1638720 1464
1638730 1461
1638740 1460
1638750 1460
1638760 1457
1638770 1455
1638780 1455
1638790 1451
1638800 1448
1638810 1448
1638820 1445
1638830 1443
1638840 1443
1638850 1440
1638860 1438
1638870 1438
1638880 1435
1638890 1431
1638900 1431
1638910 1428
1638920 1425
1638930 1425
1638940 1422
1638950 1419
1638960 1415
1638970 1415
1638980 1411
1638990 1406
1639000 1406
1639010 1402
1639020 1399
1639030 1399
1639040 1397
1639050 1394
1639060 1394
1639070 1392
1639080 1389
1639090 1389
1639100 1387
1639110 1384
1639120 1384
1639130 1379
1639140 1372
1639150 1372
1639160 1367
1639170 1362
1639180 1362
1639190 1358
1639200 1354
1639210 1354
1639220 1351
1639230 1347
1639240 1343
1639250 1343
1639260 1339
1639270 1335
1639280 1335
1639290 1330
1639300 1325
1639310 1325
1639320 1321
1639330 1319
1639340 1319
1639350 1317
1639360 1314
1639370 1314
1639380 1311
1639390 1308
1639400 1308
1639410 1305
1639420 1301
1639430 1301
1639440 1296
1639450 1292
1639460 1292
1639470 1287
1639480 1282
1639490 1282
1639500 1278
1639510 1275
1639520 1275
1639530 1273
1639540 1269
1639550 1265
1639560 1265
1639570 1259
1639580 1253
1639590 1253
1639600 1253
1639610 1257
1639620 1257
1639630 1261
1639640 1264
1639650 1264
1639660 1268
1639670 1271
1639680 1271
1639690 1273
1639700 1276
1639710 1276
1639720 1279
1639730 1282
1639740 1282
1639750 1284
1639760 1286
1639770 1286
1639780 1289
1639790 1293
1639800 1293
1639810 1296
1639820 1300
1639830 1300
1639840 1304
1639850 1308
1639860 1312
1639870 1312
1639880 1316
1639890 1321
1639900 1321
1639910 1324
1639920 1328
1639930 1328
1639940 1331
1639950 1335
1639960 1335
1639970 1339
1639980 1343
1639990 1343
