1620000 1404
1620010 1405
1620020 1405
1620030 1404
1620040 1402
1620050 1402
1620060 1402
1620070 1407
1620080 1407
1620090 1411
1620100 1409
1620110 1409
1620120 1407
1620130 1407
1620140 1407
1620150 1407
1620160 1411
1620170 1420
1620180 1420
1620190 1428
1620200 1436
1620210 1436
1620220 1443
1620230 1450
1620240 1450
1620250 1458
1620260 1466
1620270 1466
1620280 1474
1620290 1481
1620300 1481
1620310 1489
1620320 1496
1620330 1496
1620340 1502
1620350 1506
1620360 1506
1620370 1505
1620380 1502
1620390 1502
1620400 1498
1620410 1495
1620420 1495
1620430 1489
1620440 1482
1620450 1470
1620460 1470
1620470 1461
1620480 1455
1620490 1455
1620500 1447
1620510 1440
1620520 1440
1620530 1434
1620540 1428
1620550 1428
1620560 1422
1620570 1417
1620580 1417
1620590 1412
1620600 1408
1620610 1408
1620620 1404
1620630 1399
1620640 1399
1620650 1394
1620660 1389
1620670 1389
1620680 1385
1620690 1381
1620700 1381
1620710 1377
1620720 1373
1620730 1370
1620740 1370
1620750 1366
1620760 1363
1620770 1363
1620780 1361
1620790 1360
1620800 1360
1620810 1362
1620820 1359
1620830 1359
1620840 1353
1620850 1348
1620860 1348
1620870 1349
1620880 1355
1620890 1355
1620900 1361
1620910 1366
1620920 1366
1620930 1372
1620940 1377
1620950 1377
1620960 1381
1620970 1385
1620980 1385
1620990 1390
1621000 1394
1621010 1394
1621020 1398
1621030 1403
1621040 1408
1621050 1408
1621060 1413
1621070 1418
1621080 1418
1621090 1423
1621100 1427
1621110 1427
1621120 1432
1621130 1438
1621140 1438
1621150 1444
1621160 1450
1621170 1450
1621180 1455
1621190 1461
1621200 1461
1621210 1467
1621220 1472
1621230 1472
1621240 1477
1621250 1481
1621260 1481
1621270 1485
1621280 1490
1621290 1490
1621300 1495
1621310 1500
1621320 1500
1621330 1505
1621340 1507
1621350 1511
1621360 1511
1621370 1516
1621380 1521
1621390 1521
1621400 1525
1621410 1530
1621420 1530
1621430 1534
1621440 1538
1621450 1538
1621460 1542
1621470 1546
1621480 1546
1621490 1550
1621500 1553
1621510 1553
1621520 1556
1621530 1560
1621540 1560
1621550 1564
1621560 1569
1621570 1569
1621580 1573
1621590 1577
1621600 1577
1621610 1580
1621620 1584
1621630 1584
1621640 1588
1621650 1591
1621660 1595
1621670 1595
1621680 1598
1621690 1603
1621700 1603
1621710 1607
1621720 1611
1621730 1611
1621740 1611
1621750 1615
1621760 1615
1621770 1618
1621780 1621
1621790 1621
1621800 1625
1621810 1628
1621820 1628
1621830 1631
1621840 1634
1621850 1634
1621860 1637
1621870 1639
1621880 1639
1621890 1641
1621900 1644
1621910 1644
1621920 1646
1621930 1647
1621940 1647
1621950 1650
1621960 1652
1621970 1654
1621980 1654
1621990 1657
1622000 1658
1622010 1658
1622020 1660
1622030 1662
1622040 1662
1622050 1663
1622060 1665
1622070 1665
1622080 1668
1622090 1670
1622100 1670
1622110 1672
1622120 1673
1622130 1673
1622140 1676
1622150 1679
1622160 1679
1622170 1682
1622180 1686
1622190 1686
1622200 1690
1622210 1694
1622220 1694
1622230 1698
1622240 1702
1622250 1702
1622260 1706
1622270 1709
1622280 1712
1622290 1712
1622300 1715
1622310 1717
1622320 1717
1622330 1719
1622340 1720
1622350 1720
1622360 1721
1622370 1722
1622380 1722
1622390 1723
1622400 1724
1622410 1724
1622420 1726
1622430 1727
1622440 1727
1622450 1728
1622460 1729
1622470 1729
1622480 1731
1622490 1732
1622500 1732
1622510 1733
1622520 1732
1622530 1732
1622540 1729
1622550 1723
1622560 1723
1622570 1715
1622580 1706
1622590 1699
1622600 1699
1622610 1692
1622620 1675
1622630 1675
1622640 1665
1622650 1656
1622660 1656
1622670 1648
1622680 1639
1622690 1639
1622700 1632
1622710 1625
1622720 1625
1622730 1619
1622740 1615
1622750 1615
1622760 1611
1622770 1607
1622780 1607
1622790 1604
1622800 1601
1622810 1601
1622820 1599
1622830 1597
1622840 1597
1622850 1594
1622860 1592
1622870 1592
1622880 1591
1622890 1590
1622900 1589
1622910 1589
1622920 1589
1622930 1589
1622940 1589
1622950 1589
1622960 1588
1622970 1588
1622980 1587
1622990 1584
1623000 1584
1623010 1582
1623020 1579
1623030 1579
1623040 1576
1623050 1572
1623060 1572
1623070 1569
1623080 1566
1623090 1566
1623100 1563
1623110 1560
1623120 1560
1623130 1556
1623140 1552
1623150 1552
1623160 1548
1623170 1543
1623180 1539
1623190 1539
1623200 1535
1623210 1531
1623220 1531
1623230 1529
1623240 1527
1623250 1527
1623260 1524
1623270 1521
1623280 1521
1623290 1517
1623300 1513
1623310 1513
1623320 1510
1623330 1509
1623340 1509
1623350 1509
1623360 1511
1623370 1511
1623380 1514
1623390 1513
1623400 1513
1623410 1507
1623420 1498
1623430 1498
1623440 1489
1623450 1486
1623460 1486
1623470 1494
1623480 1503
1623490 1504
1623500 1504
1623510 1500
1623520 1498
1623530 1498
1623540 1498
1623550 1498
1623560 1498
1623570 1500
1623580 1502
1623590 1502
1623600 1508
1623610 1509
1623620 1509
1623630 1511
1623640 1513
1623650 1513
1623660 1516
1623670 1518
1623680 1518
1623690 1520
1623700 1523
1623710 1523
1623720 1525
1623730 1528
1623740 1528
1623750 1530
1623760 1533
1623770 1533
1623780 1535
1623790 1536
1623800 1535
1623810 1535
1623820 1535
1623830 1535
1623840 1535
1623850 1535
1623860 1536
1623870 1536
1623880 1537
1623890 1537
1623900 1537
1623910 1537
1623920 1536
1623930 1536
1623940 1535
1623950 1534
1623960 1534
1623970 1532
1623980 1531
1623990 1531
1624000 1530
1624010 1529
1624020 1529
1624030 1528
1624040 1527
1624050 1527
1624060 1525
1624070 1523
1624080 1523
1624090 1522
1624100 1521
1624110 1521
1624120 1521
1624130 1519
1624140 1518
1624150 1518
1624160 1517
1624170 1516
1624180 1516
1624190 1513
1624200 1511
1624210 1511
1624220 1510
1624230 1512
1624240 1512
1624250 1517
1624260 1524
1624270 1524
1624280 1528
1624290 1531
1624300 1531
1624310 1534
1624320 1537
1624330 1537
1624340 1540
1624350 1544
1624360 1544
1624370 1549
1624380 1555
1624390 1555
1624400 1560
1624410 1564
1624420 1568
1624430 1568
1624440 1572
1624450 1577
1624460 1577
1624470 1583
1624480 1588
1624490 1588
1624500 1593
1624510 1597
1624520 1597
1624530 1601
1624540 1606
1624550 1606
1624560 1612
1624570 1617
1624580 1617
1624590 1621
1624600 1625
1624610 1625
1624620 1629
1624630 1633
1624640 1633
1624650 1639
1624660 1645
1624670 1645
1624680 1650
1624690 1656
1624700 1656
1624710 1661
1624720 1665
1624730 1670
1624740 1670
1624750 1674
1624760 1680
1624770 1680
1624780 1687
1624790 1692
1624800 1692
1624810 1700
1624820 1708
1624830 1708
1624840 1715
1624850 1721
1624860 1721
1624870 1728
1624880 1735
1624890 1735
1624900 1742
1624910 1749
1624920 1749
1624930 1757
1624940 1764
1624950 1764
1624960 1771
1624970 1778
1624980 1778
1624990 1785
1625000 1792
1625010 1792
1625020 1798
1625030 1805
1625040 1811
1625050 1811
1625060 1818
1625070 1826
1625080 1826
1625090 1836
1625100 1841
1625110 1841
1625120 1848
1625130 1855
1625140 1855
1625150 1861
1625160 1869
1625170 1869
1625180 1877
1625190 1883
1625200 1883
1625210 1890
1625220 1896
1625230 1896
1625240 1903
1625250 1908
1625260 1908
1625270 1911
1625280 1912
1625290 1912
1625300 1914
1625310 1915
1625320 1915
1625330 1916
1625340 1919
1625350 1921
1625360 1921
1625370 1923
1625380 1925
1625390 1925
1625400 1927
1625410 1928
1625420 1931
1625430 1933
1625440 1933
1625450 1933
1625460 1934
1625470 1934
1625480 1934
1625490 1934
1625500 1933
1625510 1933
1625520 1932
1625530 1931
1625540 1931
1625550 1930
1625560 1929
1625570 1929
1625580 1928
1625590 1927
1625600 1927
1625610 1926
1625620 1925
1625630 1926
1625640 1926
1625650 1926
1625660 1928
1625670 1928
1625680 1929
1625690 1931
1625700 1931
1625710 1933
1625720 1935
1625730 1935
1625740 1937
1625750 1940
1625760 1940
1625770 1942
1625780 1944
1625790 1944
1625800 1946
1625810 1947
1625820 1947
1625830 1948
1625840 1947
1625850 1947
1625860 1943
1625870 1938
1625880 1938
1625890 1933
1625900 1929
1625910 1929
1625920 1923
1625930 1917
1625940 1911
1625950 1911
1625960 1907
1625970 1902
1625980 1902
1625990 1898
1626000 1893
1626010 1893
1626020 1889
1626030 1884
1626040 1884
1626050 1879
1626060 1874
1626070 1874
1626080 1870
1626090 1867
1626100 1867
1626110 1864
1626120 1861
1626130 1861
1626140 1858
1626150 1855
1626160 1855
1626170 1851
1626180 1846
1626190 1846
1626200 1842
1626210 1838
1626220 1838
1626230 1836
1626240 1832
1626250 1828
1626260 1828
1626270 1825
1626280 1822
1626290 1822
1626300 1820
1626310 1816
1626320 1811
1626330 1808
1626340 1805
1626350 1805
1626360 1802
1626370 1800
1626380 1800
1626390 1799
1626400 1798
1626410 1798
1626420 1796
1626430 1794
1626440 1794
1626450 1793
1626460 1791
1626470 1791
1626480 1791
1626490 1790
1626500 1790
1626510 1789
1626520 1787
1626530 1787
1626540 1786
1626550 1784
1626560 1782
1626570 1782
1626580 1781
1626590 1781
1626600 1781
1626610 1782
1626620 1782
1626630 1782
1626640 1781
1626650 1781
1626660 1781
1626670 1781
1626680 1781
1626690 1781
1626700 1783
1626710 1783
1626720 1783
1626730 1783
1626740 1783
1626750 1783
1626760 1781
1626770 1779
1626780 1779
1626790 1775
1626800 1771
1626810 1771
1626820 1767
1626830 1767
1626840 1767
1626850 1764
1626860 1757
1626870 1748
1626880 1748
1626890 1740
1626900 1731
1626910 1731
1626920 1723
1626930 1716
1626940 1716
1626950 1709
1626960 1702
1626970 1702
1626980 1696
1626990 1690
1627000 1690
1627010 1684
1627020 1678
1627030 1678
1627040 1672
1627050 1667
1627060 1667
1627070 1661
1627080 1655
1627090 1655
1627100 1649
1627110 1643
1627120 1643
1627130 1638
1627140 1633
1627150 1633
1627160 1627
1627170 1621
1627180 1615
1627190 1615
1627200 1609
1627210 1602
1627220 1608
1627230 1604
1627240 1602
1627250 1602
1627260 1600
1627270 1598
1627280 1598
1627290 1595
1627300 1591
1627310 1591
1627320 1583
1627330 1572
1627340 1572
1627350 1561
1627360 1552
1627370 1552
1627380 1541
1627390 1528
1627400 1528
1627410 1519
1627420 1515
1627430 1515
1627440 1510
1627450 1507
1627460 1507
1627470 1504
1627480 1503
1627490 1499
1627500 1499
1627510 1506
1627520 1504
1627530 1504
1627540 1502
1627550 1495
1627560 1495
1627570 1487
1627580 1480
1627590 1480
1627600 1490
1627610 1490
1627620 1490
1627630 1480
1627640 1470
1627650 1470
1627660 1462
1627670 1454
1627680 1454
1627690 1447
1627700 1439
1627710 1439
1627720 1433
1627730 1423
1627740 1423
1627750 1416
1627760 1411
1627770 1407
1627780 1407
1627790 1404
1627800 1398
1627810 1398
1627820 1392
1627830 1390
1627840 1390
1627850 1388
1627860 1383
1627870 1383
1627880 1380
1627890 1377
1627900 1377
1627910 1373
1627920 1369
1627930 1369
1627940 1364
1627950 1360
1627960 1360
1627970 1356
1627980 1353
1627990 1353
1628000 1350
1628010 1345
1628020 1345
1628030 1342
1628040 1339
1628050 1339
1628060 1335
1628070 1331
1628080 1325
1628090 1325
1628100 1319
1628110 1315
1628120 1321
1628130 1318
1628140 1317
1628150 1317
1628160 1314
1628170 1311
1628180 1311
1628190 1307
1628200 1303
1628210 1303
1628220 1299
1628230 1295
1628240 1295
1628250 1289
1628260 1284
1628270 1284
1628280 1281
1628290 1278
1628300 1278
1628310 1275
1628320 1273
1628330 1273
1628340 1269
1628350 1264
1628360 1264
1628370 1260
1628380 1256
1628390 1252
1628400 1252
1628410 1249
1628420 1244
1628430 1244
1628440 1240
1628450 1237
1628460 1237
1628470 1233
1628480 1229
1628490 1229
1628500 1224
1628510 1220
1628520 1220
1628530 1215
1628540 1212
1628550 1212
1628560 1208
1628570 1204
1628580 1204
1628590 1201
1628600 1199
1628610 1199
1628620 1198
1628630 1196
1628640 1196
1628650 1195
1628660 1192
1628670 1192
1628680 1188
1628690 1187
1628700 1187
1628710 1187
1628720 1188
1628730 1189
1628740 1189
1628750 1189
1628760 1188
1628770 1188
1628780 1188
1628790 1189
1628800 1189
1628810 1190
1628820 1191
1628830 1191
1628840 1194
1628850 1197
1628860 1197
1628870 1200
1628880 1200
1628890 1200
1628900 1200
1628910 1199
1628920 1199
1628930 1199
1628940 1199
1628950 1199
1628960 1199
1628970 1198
1628980 1198
1628990 1196
1629000 1198
1629010 1198
1629020 1198
1629030 1198
1629040 1198
1629050 1198
1629060 1195
1629070 1191
1629080 1191
1629090 1186
1629100 1182
1629110 1182
1629120 1179
1629130 1177
1629140 1177
1629150 1174
1629160 1171
1629170 1171
1629180 1167
1629190 1162
1629200 1162
1629210 1159
1629220 1157
1629230 1157
1629240 1155
1629250 1153
1629260 1153
1629270 1152
1629280 1151
1629290 1151
1629300 1149
1629310 1145
1629320 1142
1629330 1142
1629340 1141
1629350 1140
1629360 1140
1629370 1140
1629380 1140
1629390 1140
1629400 1140
1629410 1142
1629420 1142
1629430 1143
1629440 1144
1629450 1144
1629460 1147
1629470 1151
1629480 1151
1629490 1152
1629500 1153
1629510 1153
1629520 1154
1629530 1155
1629540 1155
1629550 1155
1629560 1155
1629570 1155
1629580 1154
1629590 1153
1629600 1153
1629610 1152
1629620 1151
1629630 1151
1629640 1151
1629650 1150
1629660 1150
1629670 1150
1629680 1150
1629690 1150
1629700 1150
1629710 1150
1629720 1150
1629730 1150
1629740 1150
1629750 1150
1629760 1150
1629770 1150
1629780 1150
1629790 1150
1629800 1150
1629810 1149
1629820 1149
1629830 1149
1629840 1148
1629850 1148
1629860 1147
1629870 1145
1629880 1143
1629890 1138
1629900 1133
1629910 1130
1629920 1130
1629930 1131
1629940 1134
1629950 1134
1629960 1137
1629970 1139
1629980 1139
1629990 1142
1630000 1144
1630010 1144
1630020 1146
1630030 1149
1630040 1149
1630050 1152
1630060 1155
1630070 1155
1630080 1158
1630090 1160
1630100 1160
1630110 1161
1630120 1160
1630130 1160
1630140 1151
1630150 1145
1630160 1145
1630170 1140
1630180 1136
1630190 1136
1630200 1133
1630210 1129
1630220 1127
1630230 1127
1630240 1125
1630250 1119
1630260 1119
1630270 1112
1630280 1105
1630290 1105
1630300 1100
1630310 1096
1630320 1096
1630330 1093
1630340 1091
1630350 1091
1630360 1089
1630370 1083
1630380 1083
1630390 1076
1630400 1072
1630410 1072
1630420 1066
1630430 1059
1630440 1059
1630450 1054
1630460 1051
1630470 1051
1630480 1047
1630490 1045
1630500 1045
1630510 1044
1630520 1043
1630530 1042
1630540 1042
1630550 1042
1630560 1042
1630570 1042
1630580 1041
1630590 1040
1630600 1040
1630610 1040
1630620 1039
1630630 1039
1630640 1038
1630650 1037
1630660 1037
1630670 1038
1630680 1042
1630690 1042
1630700 1043
1630710 1044
1630720 1044
1630730 1045
1630740 1046
1630750 1046
1630760 1048
1630770 1048
1630780 1048
1630790 1048
1630800 1049
1630810 1049
1630820 1048
1630830 1047
1630840 1047
1630850 1047
1630860 1048
1630870 1049
1630880 1049
1630890 1050
1630900 1052
1630910 1052
1630920 1053
1630930 1054
1630940 1054
1630950 1055
1630960 1056
1630970 1056
1630980 1057
1630990 1057
1631000 1057
1631010 1058
1631020 1059
1631030 1059
1631040 1060
1631050 1060
1631060 1060
1631070 1060
1631080 1057
1631090 1057
1631100 1058
1631110 1060
1631120 1060
1631130 1062
1631140 1063
1631150 1064
1631160 1064
1631170 1065
1631180 1066
1631190 1066
1631200 1067
1631210 1067
1631220 1067
1631230 1067
1631240 1066
1631250 1066
1631260 1066
1631270 1065
1631280 1065
1631290 1065
1631300 1066
1631310 1066
1631320 1066
1631330 1066
1631340 1066
1631350 1065
1631360 1065
1631370 1065
1631380 1064
1631390 1064
1631400 1064
1631410 1065
1631420 1066
1631430 1066
1631440 1066
1631450 1066
1631460 1066
1631470 1066
1631480 1067
1631490 1068
1631500 1068
1631510 1070
1631520 1071
1631530 1071
1631540 1073
1631550 1075
1631560 1075
1631570 1076
1631580 1079
1631590 1079
1631600 1080
1631610 1080
1631620 1080
1631630 1086
1631640 1082
1631650 1082
1631660 1077
1631670 1082
1631680 1082
1631690 1086
1631700 1089
1631710 1089
1631720 1090
1631730 1087
1631740 1087
1631750 1081
1631760 1075
1631770 1071
1631780 1071
1631790 1073
1631800 1077
1631810 1077
1631820 1082
1631830 1077
1631840 1077
1631850 1067
1631860 1069
1631870 1069
1631880 1078
1631890 1086
1631900 1086
1631910 1086
1631920 1077
1631930 1077
1631940 1067
1631950 1060
1631960 1060
1631970 1056
1631980 1050
1631990 1050
1632000 1050
1632010 1052
1632020 1052
1632030 1054
1632040 1060
1632050 1062
1632060 1062
1632070 1064
1632080 1069
1632090 1069
1632100 1072
1632110 1070
1632120 1070
1632130 1065
1632140 1061
1632150 1061
1632160 1058
1632170 1053
1632180 1053
1632190 1053
1632200 1055
1632210 1055
1632220 1049
1632230 1036
1632240 1036
1632250 1027
1632260 1019
1632270 1019
1632280 1013
1632290 1013
1632300 1013
1632310 1017
1632320 1021
1632330 1021
1632340 1022
1632350 1015
1632360 1005
1632370 1005
1632380 996
1632390 989
1632400 989
1632410 983
1632420 991
1632430 991
1632440 1000
1632450 995
1632460 995
1632470 985
1632480 977
1632490 977
1632500 975
1632510 972
1632520 972
1632530 969
1632540 964
1632550 964
1632560 960
1632570 958
1632580 958
1632590 959
1632600 959
1632610 959
1632620 960
1632630 964
1632640 964
1632650 971
1632660 978
1632670 984
1632680 984
1632690 988
1632700 993
1632710 993
1632720 998
1632730 1001
1632740 1001
1632750 1002
1632760 1003
1632770 1003
1632780 1005
1632790 1006
1632800 1006
1632810 1006
1632820 1005
1632830 1005
1632840 1004
1632850 1003
1632860 1003
1632870 995
1632880 987
1632890 987
1632900 979
1632910 972
1632920 972
1632930 966
1632940 963
1632950 963
1632960 959
1632970 956
1632980 954
1632990 954
1633000 955
1633010 958
1633020 958
1633030 962
1633040 965
1633050 965
1633060 967
1633070 969
1633080 969
1633090 972
1633100 974
1633110 974
1633120 977
1633130 982
1633140 982
1633150 990
1633160 998
1633170 998
1633180 1004
1633190 1007
1633200 1007
1633210 1009
1633220 1012
1633230 1012
1633240 1016
1633250 1018
1633260 1018
1633270 1021
1633280 1023
1633290 1025
1633300 1025
1633310 1028
1633320 1030
1633330 1030
1633340 1032
1633350 1035
1633360 1031
1633370 1033
1633380 1036
1633390 1036
1633400 1038
1633410 1041
1633420 1041
1633430 1045
1633440 1048
1633450 1048
1633460 1050
1633470 1051
1633480 1051
1633490 1053
1633500 1055
1633510 1055
1633520 1058
1633530 1060
1633540 1060
1633550 1061
1633560 1064
1633570 1064
1633580 1068
1633590 1071
1633600 1075
1633610 1075
1633620 1080
1633630 1084
1633640 1084
1633650 1089
1633660 1094
1633670 1094
1633680 1098
1633690 1101
1633700 1101
1633710 1104
1633720 1107
1633730 1107
1633740 1110
1633750 1112
1633760 1112
1633770 1114
1633780 1116
1633790 1116
1633800 1115
1633810 1112
1633820 1112
1633830 1109
1633840 1106
1633850 1106
1633860 1103
1633870 1100
1633880 1100
1633890 1096
1633900 1092
1633910 1089
1633920 1089
1633930 1086
1633940 1084
1633950 1084
1633960 1082
1633970 1080
1633980 1080
1633990 1076
1634000 1082
1634010 1082
1634020 1092
1634030 1097
1634040 1097
1634050 1103
1634060 1109
1634070 1109
1634080 1114
1634090 1119
1634100 1119
1634110 1124
1634120 1129
1634130 1129
1634140 1134
1634150 1140
1634160 1140
1634170 1146
1634180 1151
1634190 1157
1634200 1157
1634210 1164
1634220 1170
1634230 1170
1634240 1177
1634250 1184
1634260 1184
1634270 1191
1634280 1197
1634290 1197
1634300 1203
1634310 1208
1634320 1208
1634330 1213
1634340 1218
1634350 1218
1634360 1223
1634370 1228
1634380 1228
1634390 1232
1634400 1237
1634410 1237
1634420 1242
1634430 1247
1634440 1247
1634450 1251
1634460 1257
1634470 1257
1634480 1263
1634490 1269
1634500 1274
1634510 1274
1634520 1279
1634530 1285
1634540 1285
1634550 1290
1634560 1296
1634570 1296
1634580 1302
1634590 1307
1634600 1307
1634610 1312
1634620 1317
1634630 1317
1634640 1323
1634650 1328
1634660 1328
1634670 1333
1634680 1338
1634690 1338
1634700 1343
1634710 1348
1634720 1348
1634730 1354
1634740 1359
1634750 1359
1634760 1364
1634770 1369
1634780 1369
1634790 1374
1634800 1379
1634810 1383
1634820 1383
1634830 1388
1634840 1393
1634850 1393
1634860 1398
1634870 1404
1634880 1404
1634890 1408
1634900 1409
1634910 1409
1634920 1404
1634930 1397
1634940 1397
1634950 1390
1634960 1383
1634970 1383
1634980 1375
1634990 1368
1635000 1368
1635010 1362
1635020 1356
1635030 1356
1635040 1349
1635050 1342
1635060 1340
1635070 1332
1635080 1325
1635090 1325
1635100 1318
1635110 1312
1635120 1305
1635130 1305
1635140 1298
1635150 1290
1635160 1290
1635170 1284
1635180 1279
1635190 1279
1635200 1274
1635210 1271
1635220 1271
1635230 1266
1635240 1259
1635250 1259
1635260 1253
1635270 1246
1635280 1246
1635290 1240
1635300 1236
1635310 1236
1635320 1235
1635330 1232
1635340 1232
1635350 1231
1635360 1231
1635370 1231
1635380 1230
1635390 1230
1635400 1230
1635410 1227
1635420 1226
1635430 1229
1635440 1229
1635450 1232
1635460 1236
1635470 1236
1635480 1240
1635490 1245
1635500 1245
1635510 1249
1635520 1251
1635530 1251
1635540 1250
1635550 1247
1635560 1247
1635570 1243
1635580 1239
1635590 1239
1635600 1235
1635610 1231
1635620 1231
1635630 1227
1635640 1222
1635650 1222
1635660 1217
1635670 1213
1635680 1213
1635690 1208
1635700 1204
1635710 1204
1635720 1200
1635730 1195
1635740 1190
1635750 1190
1635760 1185
1635770 1180
1635780 1180
1635790 1174
1635800 1169
1635810 1169
1635820 1163
1635830 1157
1635840 1157
1635850 1152
1635860 1146
1635870 1146
1635880 1140
1635890 1133
1635900 1133
1635910 1124
1635920 1118
1635930 1118
1635940 1111
1635950 1105
1635960 1105
1635970 1099
1635980 1093
1635990 1093
1636000 1086
1636010 1080
1636020 1080
1636030 1075
1636040 1076
1636050 1077
1636060 1077
1636070 1082
1636080 1090
1636090 1090
1636100 1097
1636110 1105
1636120 1105
1636130 1113
1636140 1121
1636150 1121
1636160 1128
1636170 1136
1636180 1136
1636190 1143
1636200 1149
1636210 1149
1636220 1156
1636230 1162
1636240 1162
1636250 1169
1636260 1175
1636270 1175
1636280 1182
1636290 1188
1636300 1188
1636310 1196
1636320 1202
1636330 1202
1636340 1208
1636350 1215
1636360 1222
1636370 1222
1636380 1229
1636390 1236
1636400 1236
1636410 1244
1636420 1250
1636430 1250
1636440 1256
1636450 1263
1636460 1263
1636470 1269
1636480 1274
1636490 1274
1636500 1279
1636510 1284
1636520 1284
1636530 1288
1636540 1294
1636550 1294
1636560 1299
1636570 1293
1636580 1293
1636590 1284
1636600 1281
1636610 1281
1636620 1276
1636630 1275
1636640 1275
1636650 1272
1636660 1269
1636670 1266
1636680 1266
1636690 1263
1636700 1261
1636710 1261
1636720 1258
1636730 1254
1636740 1254
1636750 1246
1636760 1242
1636770 1242
1636780 1237
1636790 1231
1636800 1231
1636810 1227
1636820 1223
1636830 1223
1636840 1219
1636850 1214
1636860 1214
1636870 1211
1636880 1209
1636890 1209
1636900 1208
1636910 1207
1636920 1207
1636930 1205
1636940 1204
1636950 1202
1636960 1202
1636970 1202
1636980 1202
1636990 1202
1637000 1201
1637010 1199
1637020 1199
1637030 1196
1637040 1192
1637050 1192
1637060 1189
1637070 1186
1637080 1186
1637090 1185
1637100 1183
1637110 1183
1637120 1182
1637130 1180
1637140 1180
1637150 1177
1637160 1175
1637170 1175
1637180 1172
1637190 1168
1637200 1168
1637210 1165
1637220 1163
1637230 1163
1637240 1161
1637250 1160
1637260 1161
1637270 1161
1637280 1160
1637290 1159
1637300 1159
1637310 1157
1637320 1156
1637330 1156
1637340 1154
1637350 1151
1637360 1151
1637370 1148
1637380 1146
1637390 1146
1637400 1143
1637410 1141
1637420 1141
1637430 1138
1637440 1137
1637450 1137
1637460 1136
1637470 1139
1637480 1139
1637490 1147
1637500 1152
1637510 1152
1637520 1151
1637530 1150
1637540 1150
1637550 1149
1637560 1148
1637570 1148
1637580 1148
1637590 1138
1637600 1134
1637610 1134
1637620 1134
1637630 1136
1637640 1136
1637650 1140
1637660 1144
1637670 1144
1637680 1147
1637690 1150
1637700 1150
1637710 1154
1637720 1158
1637730 1158
1637740 1162
1637750 1166
1637760 1166
1637770 1169
1637780 1171
1637790 1171
1637800 1173
1637810 1176
1637820 1176
1637830 1179
1637840 1180
1637850 1180
1637860 1181
1637870 1181
1637880 1179
1637890 1179
1637900 1176
1637910 1173
1637920 1173
1637930 1168
1637940 1164
1637950 1164
1637960 1161
1637970 1158
1637980 1158
1637990 1156
1638000 1152
1638010 1152
1638020 1149
1638030 1146
1638040 1146
1638050 1143
1638060 1141
1638070 1141
1638080 1140
1638090 1139
1638100 1139
1638110 1136
1638120 1134
1638130 1134
1638140 1131
1638150 1129
1638160 1129
1638170 1127
1638180 1125
1638190 1122
1638200 1122
1638210 1121
1638220 1120
1638230 1120
1638240 1119
1638250 1116
1638260 1116
1638270 1116
1638280 1116
1638290 1116
1638300 1116
1638310 1115
1638320 1115
1638330 1115
1638340 1114
1638350 1114
1638360 1112
1638370 1109
1638380 1109
1638390 1107
1638400 1102
1638410 1102
1638420 1089
1638430 1083
1638440 1083
1638450 1079
1638460 1076
1638470 1076
1638480 1076
1638490 1075
1638500 1073
1638510 1073
1638520 1070
1638530 1065
1638540 1065
1638550 1058
1638560 1054
1638570 1054
1638580 1049
1638590 1044
1638600 1044
1638610 1040
1638620 1037
1638630 1037
1638640 1032
1638650 1028
1638660 1028
1638670 1025
1638680 1021
1638690 1021
1638700 1017
1638710 1013
1638720 1013
1638730 1008
1638740 1005
1638750 1005
1638760 1000
1638770 997
1638780 997
1638790 992
1638800 985
1638810 979
1638820 979
1638830 974
1638840 976
1638850 976
1638860 982
1638870 987
1638880 987
1638890 990
1638900 993
1638910 993
1638920 995
1638930 997
1638940 997
1638950 1000
1638960 1002
1638970 1002
1638980 1003
1638990 1005
1639000 1005
1639010 1007
1639020 1008
1639030 1008
1639040 1008
1639050 1006
1639060 1006
1639070 1003
1639080 999
1639090 999
1639100 995
1639110 993
1639120 992
1639130 992
1639140 990
1639150 990
1639160 990
1639170 990
1639180 990
1639190 990
1639200 989
1639210 989
1639220 989
1639230 988
1639240 986
1639250 982
1639260 979
1639270 975
1639280 975
1639290 973
1639300 971
1639310 971
1639320 970
1639330 968
1639340 968
1639350 967
1639360 968
1639370 968
1639380 967
1639390 965
1639400 961
1639410 961
1639420 957
1639430 953
1639440 953
1639450 949
1639460 945
1639470 945
1639480 942
1639490 937
1639500 937
1639510 933
1639520 931
1639530 931
1639540 930
1639550 929
1639560 929
1639570 928
1639580 928
1639590 928
1639600 928
1639610 929
1639620 929
1639630 931
1639640 931
1639650 931
1639660 926
1639670 922
1639680 922
1639690 915
1639700 906
1639710 898
1639720 898
1639730 897
1639740 900
1639750 900
1639760 902
1639770 903
1639780 903
1639790 905
1639800 906
1639810 906
1639820 906
1639830 905
1639840 905
1639850 903
1639860 898
1639870 898
1639880 895
1639890 893
1639900 893
1639910 891
1639920 888
1639930 888
1639940 885
1639950 881
1639960 881
1639970 879
1639980 877
1639990 877
