1620000 1481
1620010 1485
1620020 1490
1620030 1494
1620040 1494
1620050 1498
1620060 1502
1620070 1502
1620080 1506
1620090 1510
1620100 1510
1620110 1516
1620120 1521
1620130 1521
1620140 1528
1620150 1534
1620160 1534
1620170 1540
1620180 1546
1620190 1546
1620200 1552
1620210 1557
1620220 1557
1620230 1563
1620240 1568
1620250 1568
1620260 1574
1620270 1579
1620280 1579
1620290 1583
1620300 1586
1620310 1586
1620320 1590
1620330 1593
1620340 1597
1620350 1597
1620360 1599
1620370 1599
1620380 1599
1620390 1598
1620400 1596
1620410 1596
1620420 1594
1620430 1592
1620440 1592
1620450 1591
1620460 1589
1620470 1589
1620480 1586
1620490 1583
1620500 1583
1620510 1580
1620520 1577
1620530 1577
1620540 1574
1620550 1572
1620560 1572
1620570 1570
1620580 1568
1620590 1568
1620600 1566
1620610 1565
1620620 1565
1620630 1564
1620640 1563
1620650 1562
1620660 1562
1620670 1562
1620680 1562
1620690 1566
1620700 1566
1620710 1565
1620720 1565
1620730 1565
1620740 1564
1620750 1564
1620760 1562
1620770 1560
1620780 1560
1620790 1557
1620800 1554
1620810 1554
1620820 1550
1620830 1546
1620840 1546
1620850 1542
1620860 1539
1620870 1539
1620880 1536
1620890 1532
1620900 1532
1620910 1528
1620920 1525
1620930 1521
1620940 1521
1620950 1517
1620960 1515
1620970 1515
1620980 1512
1620990 1508
1621000 1508
1621010 1504
1621020 1498
1621030 1498
1621040 1495
1621050 1501
1621060 1501
1621070 1504
1621080 1507
1621090 1507
1621100 1510
1621110 1514
1621120 1514
1621130 1518
1621140 1523
1621150 1523
1621160 1528
1621170 1532
1621180 1532
1621190 1537
1621200 1540
1621210 1540
1621220 1544
1621230 1548
1621240 1551
1621250 1551
1621260 1553
1621270 1554
1621280 1554
1621290 1556
1621300 1556
1621310 1556
1621320 1555
1621330 1553
1621340 1553
1621350 1550
1621360 1546
1621370 1546
1621380 1542
1621390 1539
1621400 1539
1621410 1533
1621420 1527
1621430 1527
1621440 1523
1621450 1528
1621460 1528
1621470 1533
1621480 1538
1621490 1538
1621500 1542
1621510 1546
1621520 1546
1621530 1550
1621540 1554
1621550 1557
1621560 1557
1621570 1561
1621580 1565
1621590 1565
1621600 1568
1621610 1571
1621620 1571
1621630 1578
1621640 1580
1621650 1580
1621660 1583
1621670 1585
1621680 1585
1621690 1588
1621700 1589
1621710 1589
1621720 1590
1621730 1590
1621740 1590
1621750 1589
1621760 1588
1621770 1588
1621780 1588
1621790 1587
1621800 1587
1621810 1586
1621820 1585
1621830 1585
1621840 1584
1621850 1582
1621860 1578
1621870 1578
1621880 1573
1621890 1575
1621900 1575
1621910 1582
1621920 1590
1621930 1590
1621940 1595
1621950 1600
1621960 1600
1621970 1605
1621980 1610
1621990 1610
1622000 1615
1622010 1621
1622020 1621
1622030 1626
1622040 1631
1622050 1631
1622060 1636
1622070 1641
1622080 1641
1622090 1646
1622100 1651
1622110 1651
1622120 1656
1622130 1662
1622140 1662
1622150 1667
1622160 1671
1622170 1675
1622180 1675
1622190 1680
1622200 1685
1622210 1685
1622220 1689
1622230 1694
1622240 1694
1622250 1699
1622260 1704
1622270 1704
1622280 1709
1622290 1714
1622300 1714
1622310 1719
1622320 1724
1622330 1724
1622340 1729
1622350 1734
1622360 1734
1622370 1739
1622380 1744
1622390 1744
1622400 1749
1622410 1753
1622420 1753
1622430 1758
1622440 1763
1622450 1763
1622460 1767
1622470 1771
1622480 1774
1622490 1774
1622500 1778
1622510 1780
1622520 1780
1622530 1780
1622540 1774
1622550 1774
1622560 1769
1622570 1762
1622580 1762
1622590 1755
1622600 1749
1622610 1749
1622620 1742
1622630 1736
1622640 1736
1622650 1729
1622660 1723
1622670 1723
1622680 1718
1622690 1712
1622700 1712
1622710 1706
1622720 1700
1622730 1700
1622740 1693
1622750 1686
1622760 1686
1622770 1680
1622780 1674
1622790 1669
1622800 1669
1622810 1664
1622820 1658
1622830 1658
1622840 1652
1622850 1647
1622860 1647
1622870 1644
1622880 1638
1622890 1638
1622900 1633
1622910 1629
1622920 1629
1622930 1625
1622940 1620
1622950 1620
1622960 1616
1622970 1612
1622980 1612
1622990 1608
1623000 1604
1623010 1604
1623020 1600
1623030 1597
1623040 1597
1623050 1593
1623060 1590
1623070 1590
1623080 1587
1623090 1584
1623100 1581
1623110 1581
1623120 1578
1623130 1575
1623140 1575
1623150 1573
1623160 1571
1623170 1571
1623180 1568
1623190 1566
1623200 1566
1623210 1563
1623220 1561
1623230 1561
1623240 1557
1623250 1554
1623260 1554
1623270 1552
1623280 1554
1623290 1554
1623300 1554
1623310 1548
1623320 1548
1623330 1553
1623340 1559
1623350 1559
1623360 1562
1623370 1566
1623380 1566
1623390 1569
1623400 1571
1623410 1573
1623420 1573
1623430 1576
1623440 1578
1623450 1578
1623460 1580
1623470 1581
1623480 1584
1623490 1585
1623500 1586
1623510 1586
1623520 1589
1623530 1590
1623540 1590
1623550 1591
1623560 1591
1623570 1591
1623580 1589
1623590 1593
1623600 1593
1623610 1598
1623620 1602
1623630 1602
1623640 1605
1623650 1611
1623660 1611
1623670 1615
1623680 1619
1623690 1619
1623700 1623
1623710 1626
1623720 1630
1623730 1630
1623740 1635
1623750 1638
1623760 1638
1623770 1640
1623780 1644
1623790 1644
1623800 1647
1623810 1650
1623820 1650
1623830 1654
1623840 1657
1623850 1657
1623860 1660
1623870 1664
1623880 1664
1623890 1667
1623900 1673
1623910 1673
1623920 1677
1623930 1682
1623940 1682
1623950 1686
1623960 1689
1623970 1689
1623980 1692
1623990 1696
1624000 1696
1624010 1700
1624020 1703
1624030 1707
1624040 1707
1624050 1710
1624060 1712
1624070 1712
1624080 1713
1624090 1712
1624100 1712
1624110 1709
1624120 1704
1624130 1704
1624140 1699
1624150 1694
1624160 1694
1624170 1689
1624180 1684
1624190 1684
1624200 1680
1624210 1676
1624220 1676
1624230 1672
1624240 1665
1624250 1665
1624260 1669
1624270 1672
1624280 1672
1624290 1672
1624300 1673
1624310 1673
1624320 1674
1624330 1675
1624340 1676
1624350 1676
1624360 1676
1624370 1676
1624380 1676
1624390 1675
1624400 1678
1624410 1678
1624420 1676
1624430 1673
1624440 1673
1624450 1671
1624460 1670
1624470 1670
1624480 1668
1624490 1668
1624500 1668
1624510 1666
1624520 1664
1624530 1664
1624540 1662
1624550 1660
1624560 1660
1624570 1659
1624580 1658
1624590 1658
1624600 1656
1624610 1655
1624620 1654
1624630 1654
1624640 1652
1624650 1649
1624660 1649
1624670 1644
1624680 1640
1624690 1640
1624700 1637
1624710 1634
1624720 1634
1624730 1630
1624740 1629
1624750 1629
1624760 1636
1624770 1643
1624780 1643
1624790 1650
1624800 1658
1624810 1658
1624820 1664
1624830 1669
1624840 1669
1624850 1673
1624860 1678
1624870 1678
1624880 1683
1624890 1688
1624900 1688
1624910 1692
1624920 1697
1624930 1703
1624940 1703
1624950 1708
1624960 1714
1624970 1714
1624980 1719
1624990 1725
1625000 1725
1625010 1731
1625020 1736
1625030 1736
1625040 1742
1625050 1749
1625060 1749
1625070 1756
1625080 1761
1625090 1761
1625100 1766
1625110 1772
1625120 1772
1625130 1777
1625140 1782
1625150 1782
1625160 1788
1625170 1796
1625180 1796
1625190 1803
1625200 1810
1625210 1810
1625220 1816
1625230 1819
1625240 1823
1625250 1823
1625260 1828
1625270 1833
1625280 1833
1625290 1839
1625300 1844
1625310 1842
1625320 1847
1625330 1852
1625340 1852
1625350 1856
1625360 1860
1625370 1860
1625380 1866
1625390 1873
1625400 1873
1625410 1879
1625420 1885
1625430 1885
1625440 1890
1625450 1895
1625460 1895
1625470 1898
1625480 1904
1625490 1904
1625500 1912
1625510 1920
1625520 1920
1625530 1926
1625540 1932
1625550 1936
1625560 1936
1625570 1941
1625580 1945
1625590 1945
1625600 1949
1625610 1951
1625620 1951
1625630 1950
1625640 1946
1625650 1946
1625660 1944
1625670 1941
1625680 1941
1625690 1938
1625700 1934
1625710 1934
1625720 1931
1625730 1926
1625740 1926
1625750 1920
1625760 1917
1625770 1917
1625780 1913
1625790 1910
1625800 1910
1625810 1905
1625820 1898
1625830 1898
1625840 1893
1625850 1890
1625860 1887
1625870 1887
1625880 1881
1625890 1873
1625900 1873
1625910 1866
1625920 1859
1625930 1859
1625940 1854
1625950 1849
1625960 1849
1625970 1845
1625980 1842
1625990 1842
1626000 1839
1626010 1832
1626020 1832
1626030 1827
1626040 1822
1626050 1822
1626060 1816
1626070 1809
1626080 1809
1626090 1802
1626100 1795
1626110 1795
1626120 1788
1626130 1781
1626140 1781
1626150 1774
1626160 1768
1626170 1764
1626180 1764
1626190 1759
1626200 1754
1626210 1754
1626220 1749
1626230 1743
1626240 1743
1626250 1736
1626260 1730
1626270 1730
1626280 1725
1626290 1719
1626300 1719
1626310 1714
1626320 1706
1626330 1706
1626340 1698
1626350 1691
1626360 1691
1626370 1684
1626380 1677
1626390 1677
1626400 1671
1626410 1665
1626420 1665
1626430 1662
1626440 1660
1626450 1660
1626460 1660
1626470 1660
1626480 1660
1626490 1660
1626500 1658
1626510 1654
1626520 1654
1626530 1649
1626540 1645
1626550 1645
1626560 1639
1626570 1632
1626580 1632
1626590 1626
1626600 1625
1626610 1625
1626620 1624
1626630 1624
1626640 1624
1626650 1627
1626660 1627
1626670 1627
1626680 1624
1626690 1622
1626700 1622
1626710 1619
1626720 1615
1626730 1615
1626740 1614
1626750 1612
1626760 1612
1626770 1608
1626780 1604
1626790 1601
1626800 1601
1626810 1599
1626820 1596
1626830 1596
1626840 1594
1626850 1591
1626860 1591
1626870 1588
1626880 1585
1626890 1585
1626900 1583
1626910 1582
1626920 1582
1626930 1583
1626940 1585
1626950 1585
1626960 1588
1626970 1590
1626980 1590
1626990 1592
1627000 1594
1627010 1594
1627020 1597
1627030 1598
1627040 1598
1627050 1600
1627060 1602
1627070 1602
1627080 1604
1627090 1606
1627100 1609
1627110 1604
1627120 1607
1627130 1610
1627140 1610
1627150 1612
1627160 1612
1627170 1612
1627180 1611
1627190 1610
1627200 1610
1627210 1609
1627220 1608
1627230 1608
1627240 1607
1627250 1605
1627260 1605
1627270 1603
1627280 1602
1627290 1602
1627300 1599
1627310 1596
1627320 1596
1627330 1592
1627340 1587
1627350 1587
1627360 1584
1627370 1581
1627380 1581
1627390 1577
1627400 1573
1627410 1569
1627420 1569
1627430 1567
1627440 1565
1627450 1565
1627460 1563
1627470 1561
1627480 1561
1627490 1560
1627500 1558
1627510 1558
1627520 1555
1627530 1552
1627540 1552
1627550 1549
1627560 1545
1627570 1545
1627580 1543
1627590 1541
1627600 1541
1627610 1537
1627620 1535
1627630 1535
1627640 1533
1627650 1533
1627660 1533
1627670 1533
1627680 1532
1627690 1529
1627700 1529
1627710 1525
1627720 1523
1627730 1523
1627740 1522
1627750 1521
1627760 1521
1627770 1520
1627780 1519
1627790 1519
1627800 1517
1627810 1514
1627820 1514
1627830 1512
1627840 1510
1627850 1510
1627860 1509
1627870 1507
1627880 1507
1627890 1505
1627900 1504
1627910 1504
1627920 1502
1627930 1502
1627940 1502
1627950 1501
1627960 1500
1627970 1500
1627980 1499
1627990 1498
1628000 1496
1628010 1493
1628020 1491
1628030 1489
1628040 1489
1628050 1487
1628060 1484
1628070 1484
1628080 1479
1628090 1473
1628100 1473
1628110 1464
1628120 1455
1628130 1455
1628140 1448
1628150 1441
1628160 1441
1628170 1436
1628180 1432
1628190 1432
1628200 1429
1628210 1424
1628220 1424
1628230 1418
1628240 1409
1628250 1409
1628260 1397
1628270 1386
1628280 1386
1628290 1380
1628300 1375
1628310 1369
1628320 1369
1628330 1364
1628340 1359
1628350 1359
1628360 1353
1628370 1351
1628380 1351
1628390 1348
1628400 1344
1628410 1344
1628420 1340
1628430 1337
1628440 1337
1628450 1333
1628460 1329
1628470 1329
1628480 1327
1628490 1325
1628500 1325
1628510 1323
1628520 1321
1628530 1321
1628540 1318
1628550 1314
1628560 1314
1628570 1312
1628580 1309
1628590 1309
1628600 1306
1628610 1303
1628620 1300
1628630 1300
1628640 1296
1628650 1293
1628660 1293
1628670 1289
1628680 1284
1628690 1284
1628700 1279
1628710 1272
1628720 1272
1628730 1264
1628740 1260
1628750 1260
1628760 1258
1628770 1255
1628780 1255
1628790 1251
1628800 1248
1628810 1248
1628820 1246
1628830 1244
1628840 1244
1628850 1243
1628860 1242
1628870 1242
1628880 1243
1628890 1239
1628900 1239
1628910 1238
1628920 1235
1628930 1230
1628940 1230
1628950 1224
1628960 1219
1628970 1219
1628980 1215
1628990 1211
1629000 1211
1629010 1206
1629020 1202
1629030 1202
1629040 1198
1629050 1195
1629060 1195
1629070 1191
1629080 1187
1629090 1187
1629100 1184
1629110 1180
1629120 1180
1629130 1177
1629140 1173
1629150 1173
1629160 1170
1629170 1166
1629180 1166
1629190 1163
1629200 1160
1629210 1160
1629220 1157
1629230 1154
1629240 1152
1629250 1152
1629260 1150
1629270 1148
1629280 1148
1629290 1145
1629300 1143
1629310 1143
1629320 1141
1629330 1139
1629340 1139
1629350 1137
1629360 1135
1629370 1135
1629380 1133
1629390 1131
1629400 1131
1629410 1129
1629420 1125
1629430 1125
1629440 1121
1629450 1117
1629460 1117
1629470 1113
1629480 1111
1629490 1111
1629500 1109
1629510 1105
1629520 1105
1629530 1102
1629540 1101
1629550 1099
1629560 1099
1629570 1098
1629580 1099
1629590 1099
1629600 1099
1629610 1100
1629620 1100
1629630 1101
1629640 1103
1629650 1103
1629660 1105
1629670 1108
1629680 1108
1629690 1112
1629700 1117
1629710 1117
1629720 1121
1629730 1126
1629740 1126
1629750 1129
1629760 1132
1629770 1132
1629780 1139
1629790 1142
1629800 1142
1629810 1144
1629820 1145
1629830 1145
1629840 1147
1629850 1148
1629860 1150
1629870 1150
1629880 1151
1629890 1152
1629900 1152
1629910 1152
1629920 1154
1629930 1154
1629940 1155
1629950 1155
1629960 1155
1629970 1154
1629980 1154
1629990 1154
1630000 1155
1630010 1154
1630020 1154
1630030 1153
1630040 1152
1630050 1152
1630060 1149
1630070 1145
1630080 1145
1630090 1141
1630100 1137
1630110 1137
1630120 1134
1630130 1136
1630140 1136
1630150 1139
1630160 1143
1630170 1148
1630180 1148
1630190 1153
1630200 1160
1630210 1160
1630220 1167
1630230 1175
1630240 1175
1630250 1179
1630260 1175
1630270 1175
1630280 1168
1630290 1161
1630300 1161
1630310 1154
1630320 1147
1630330 1147
1630340 1139
1630350 1131
1630360 1131
1630370 1121
1630380 1112
1630390 1112
1630400 1104
1630410 1095
1630420 1095
1630430 1091
1630440 1094
1630450 1098
1630460 1098
1630470 1099
1630480 1105
1630490 1105
1630500 1109
1630510 1114
1630520 1114
1630530 1121
1630540 1125
1630550 1125
1630560 1127
1630570 1131
1630580 1131
1630590 1134
1630600 1138
1630610 1138
1630620 1141
1630630 1145
1630640 1145
1630650 1150
1630660 1154
1630670 1154
1630680 1158
1630690 1163
1630700 1163
1630710 1168
1630720 1174
1630730 1174
1630740 1178
1630750 1183
1630760 1188
1630770 1188
1630780 1193
1630790 1197
1630800 1197
1630810 1203
1630820 1208
1630830 1208
1630840 1207
1630850 1201
1630860 1201
1630870 1196
1630880 1190
1630890 1190
1630900 1185
1630910 1181
1630920 1181
1630930 1179
1630940 1184
1630950 1184
1630960 1193
1630970 1200
1630980 1200
1630990 1206
1631000 1213
1631010 1213
1631020 1219
1631030 1225
1631040 1225
1631050 1231
1631060 1237
1631070 1242
1631080 1242
1631090 1244
1631100 1245
1631110 1245
1631120 1245
1631130 1240
1631140 1240
1631150 1236
1631160 1232
1631170 1232
1631180 1228
1631190 1225
1631200 1225
1631210 1222
1631220 1219
1631230 1219
1631240 1218
1631250 1225
1631260 1225
1631270 1232
1631280 1238
1631290 1238
1631300 1245
1631310 1252
1631320 1252
1631330 1259
1631340 1264
1631350 1264
1631360 1269
1631370 1275
1631380 1280
1631390 1280
1631400 1285
1631410 1290
1631420 1290
1631430 1294
1631440 1295
1631450 1295
1631460 1296
1631470 1297
1631480 1297
1631490 1298
1631500 1299
1631510 1299
1631520 1308
1631530 1310
1631540 1310
1631550 1309
1631560 1306
1631570 1306
1631580 1306
1631590 1306
1631600 1306
1631610 1303
1631620 1303
1631630 1303
1631640 1304
1631650 1303
1631660 1303
1631670 1301
1631680 1299
1631690 1296
1631700 1296
1631710 1292
1631720 1287
1631730 1287
1631740 1280
1631750 1274
1631760 1274
1631770 1268
1631780 1261
1631790 1261
1631800 1256
1631810 1249
1631820 1249
1631830 1243
1631840 1239
1631850 1239
1631860 1235
1631870 1231
1631880 1231
1631890 1226
1631900 1222
1631910 1222
1631920 1218
1631930 1214
1631940 1214
1631950 1209
1631960 1205
1631970 1205
1631980 1203
1631990 1201
1632000 1200
1632010 1200
1632020 1198
1632030 1197
1632040 1197
1632050 1195
1632060 1194
1632070 1194
1632080 1194
1632090 1193
1632100 1193
1632110 1192
1632120 1192
1632130 1192
1632140 1191
1632150 1190
1632160 1190
1632170 1190
1632180 1189
1632190 1189
1632200 1189
1632210 1188
1632220 1188
1632230 1188
1632240 1187
1632250 1187
1632260 1187
1632270 1186
1632280 1186
1632290 1185
1632300 1184
1632310 1182
1632320 1182
1632330 1181
1632340 1181
1632350 1181
1632360 1181
1632370 1178
1632380 1178
1632390 1179
1632400 1178
1632410 1178
1632420 1176
1632430 1174
1632440 1174
1632450 1172
1632460 1170
1632470 1170
1632480 1168
1632490 1166
1632500 1166
1632510 1163
1632520 1162
1632530 1162
1632540 1159
1632550 1155
1632560 1155
1632570 1152
1632580 1147
1632590 1147
1632600 1141
1632610 1136
1632620 1133
1632630 1133
1632640 1133
1632650 1133
1632660 1133
1632670 1133
1632680 1132
1632690 1132
1632700 1130
1632710 1128
1632720 1128
1632730 1126
1632740 1124
1632750 1124
1632760 1121
1632770 1119
1632780 1119
1632790 1118
1632800 1117
1632810 1117
1632820 1114
1632830 1111
1632840 1111
1632850 1108
1632860 1104
1632870 1104
1632880 1100
1632890 1096
1632900 1096
1632910 1091
1632920 1086
1632930 1081
1632940 1081
1632950 1077
1632960 1073
1632970 1073
1632980 1069
1632990 1063
1633000 1063
1633010 1058
1633020 1053
1633030 1053
1633040 1047
1633050 1040
1633060 1040
1633070 1033
1633080 1025
1633090 1025
1633100 1016
1633110 1006
1633120 1006
1633130 997
1633140 988
1633150 988
1633160 978
1633170 967
1633180 967
1633190 963
1633200 969
1633210 969
1633220 975
1633230 979
1633240 993
1633250 994
1633260 1006
1633270 1018
1633280 1018
1633290 1028
1633300 1021
1633310 1021
1633320 1015
1633330 1007
1633340 1007
1633350 1001
1633360 995
1633370 995
1633380 981
1633390 971
1633400 971
1633410 963
1633420 955
1633430 955
1633440 945
1633450 936
1633460 936
1633470 927
1633480 922
1633490 922
1633500 919
1633510 918
1633520 918
1633530 918
1633540 920
1633550 923
1633560 923
1633570 922
1633580 925
1633590 925
1633600 929
1633610 933
1633620 933
1633630 937
1633640 939
1633650 939
1633660 942
1633670 946
1633680 946
1633690 951
1633700 956
1633710 956
1633720 961
1633730 966
1633740 966
1633750 973
1633760 980
1633770 980
1633780 984
1633790 987
1633800 987
1633810 989
1633820 993
1633830 997
1633840 997
1633850 1003
1633860 1012
1633870 1012
1633880 1020
1633890 1027
1633900 1027
1633910 1032
1633920 1038
1633930 1038
1633940 1043
1633950 1048
1633960 1048
1633970 1053
1633980 1059
1633990 1059
1634000 1063
1634010 1069
1634020 1069
1634030 1075
1634040 1080
1634050 1080
1634060 1085
1634070 1089
1634080 1089
1634090 1092
1634100 1097
1634110 1095
1634120 1100
1634130 1103
1634140 1107
1634150 1107
1634160 1112
1634170 1115
1634180 1115
1634190 1121
1634200 1125
1634210 1125
1634220 1129
1634230 1133
1634240 1133
1634250 1138
1634260 1144
1634270 1144
1634280 1150
1634290 1156
1634300 1156
1634310 1163
1634320 1169
1634330 1169
1634340 1175
1634350 1181
1634360 1181
1634370 1186
1634380 1191
1634390 1191
1634400 1197
1634410 1203
1634420 1203
1634430 1209
1634440 1215
1634450 1221
1634460 1221
1634470 1227
1634480 1232
1634490 1232
1634500 1237
1634510 1241
1634520 1241
1634530 1245
1634540 1250
1634550 1250
1634560 1254
1634570 1258
1634580 1258
1634590 1262
1634600 1267
1634610 1267
1634620 1270
1634630 1274
1634640 1274
1634650 1277
1634660 1280
1634670 1280
1634680 1283
1634690 1286
1634700 1286
1634710 1290
1634720 1294
1634730 1294
1634740 1298
1634750 1302
1634760 1307
1634770 1307
1634780 1314
1634790 1321
1634800 1321
1634810 1327
1634820 1331
1634830 1331
1634840 1334
1634850 1338
1634860 1338
1634870 1342
1634880 1345
1634890 1345
1634900 1348
1634910 1348
1634920 1348
1634930 1344
1634940 1337
1634950 1337
1634960 1328
1634970 1322
1634980 1322
1634990 1316
1635000 1310
1635010 1310
1635020 1304
1635030 1297
1635040 1297
1635050 1291
1635060 1283
1635070 1275
1635080 1275
1635090 1267
1635100 1260
1635110 1260
1635120 1254
1635130 1248
1635140 1248
1635150 1241
1635160 1236
1635170 1236
1635180 1228
1635190 1220
1635200 1220
1635210 1213
1635220 1206
1635230 1206
1635240 1199
1635250 1192
1635260 1192
1635270 1186
1635280 1179
1635290 1179
1635300 1173
1635310 1167
1635320 1167
1635330 1160
1635340 1155
1635350 1155
1635360 1151
1635370 1145
1635380 1140
1635390 1140
1635400 1135
1635410 1131
1635420 1131
1635430 1126
1635440 1120
1635450 1120
1635460 1116
1635470 1112
1635480 1112
1635490 1108
1635500 1106
1635510 1106
1635520 1103
1635530 1097
1635540 1097
1635550 1090
1635560 1084
1635570 1084
1635580 1078
1635590 1072
1635600 1072
1635610 1067
1635620 1061
1635630 1061
1635640 1056
1635650 1051
1635660 1051
1635670 1044
1635680 1036
1635690 1035
1635700 1035
1635710 1032
1635720 1028
1635730 1028
1635740 1024
1635750 1025
1635760 1025
1635770 1031
1635780 1037
1635790 1037
1635800 1042
1635810 1050
1635820 1050
1635830 1055
1635840 1060
1635850 1060
1635860 1066
1635870 1072
1635880 1072
1635890 1077
1635900 1082
1635910 1082
1635920 1087
1635930 1092
1635940 1092
1635950 1096
1635960 1100
1635970 1100
1635980 1106
1635990 1112
1636000 1117
1636010 1117
1636020 1123
1636030 1129
1636040 1129
1636050 1135
1636060 1141
1636070 1141
1636080 1148
1636090 1155
1636100 1155
1636110 1162
1636120 1170
1636130 1170
1636140 1175
1636150 1179
1636160 1179
1636170 1183
1636180 1187
1636190 1187
1636200 1189
1636210 1192
1636220 1192
1636230 1195
1636240 1197
1636250 1197
1636260 1197
1636270 1196
1636280 1196
1636290 1196
1636300 1195
1636310 1194
1636320 1194
1636330 1193
1636340 1192
1636350 1192
1636360 1191
1636370 1190
1636380 1190
1636390 1190
1636400 1188
1636410 1188
1636420 1186
1636430 1183
1636440 1183
1636450 1180
1636460 1178
1636470 1178
1636480 1176
1636490 1173
1636500 1173
1636510 1171
1636520 1168
1636530 1168
1636540 1166
1636550 1163
1636560 1163
1636570 1161
1636580 1159
1636590 1159
1636600 1156
1636610 1154
1636620 1152
1636630 1152
1636640 1150
1636650 1145
1636660 1145
1636670 1143
1636680 1141
1636690 1141
1636700 1137
1636710 1131
1636720 1131
1636730 1123
1636740 1117
1636750 1117
1636760 1112
1636770 1109
1636780 1109
1636790 1106
1636800 1103
1636810 1103
1636820 1099
1636830 1095
1636840 1095
1636850 1091
1636860 1090
1636870 1090
1636880 1089
1636890 1088
1636900 1088
1636910 1084
1636920 1079
1636930 1074
1636940 1074
1636950 1070
1636960 1069
1636970 1069
1636980 1069
1636990 1068
1637000 1068
1637010 1067
1637020 1066
1637030 1066
1637040 1064
1637050 1062
1637060 1062
1637070 1060
1637080 1056
1637090 1056
1637100 1052
1637110 1049
1637120 1049
1637130 1045
1637140 1041
1637150 1041
1637160 1035
1637170 1031
1637180 1031
1637190 1028
1637200 1026
1637210 1026
1637220 1023
1637230 1020
1637240 1018
1637250 1018
1637260 1016
1637270 1016
1637280 1016
1637290 1017
1637300 1017
1637310 1017
1637320 1017
1637330 1018
1637340 1018
1637350 1018
1637360 1017
1637370 1017
1637380 1017
1637390 1015
1637400 1015
1637410 1013
1637420 1006
1637430 1006
1637440 997
1637450 991
1637460 991
1637470 987
1637480 980
1637490 980
1637500 977
1637510 975
1637520 973
1637530 973
1637540 971
1637550 974
1637560 974
1637570 980
1637580 986
1637590 986
1637600 994
1637610 1000
1637620 1000
1637630 1006
1637640 1012
1637650 1012
1637660 1015
1637670 1017
1637680 1017
1637690 1020
1637700 1024
1637710 1024
1637720 1027
1637730 1029
1637740 1029
1637750 1031
1637760 1034
1637770 1034
1637780 1037
1637790 1039
1637800 1039
1637810 1039
1637820 1038
1637830 1037
1637840 1037
1637850 1037
1637860 1038
1637870 1038
1637880 1040
1637890 1040
1637900 1040
1637910 1040
1637920 1038
1637930 1038
1637940 1036
1637950 1035
1637960 1035
1637970 1035
1637980 1034
1637990 1034
1638000 1032
1638010 1028
1638020 1028
1638030 1024
1638040 1020
1638050 1020
1638060 1018
1638070 1014
1638080 1014
1638090 1011
1638100 1007
1638110 1007
1638120 1006
1638130 1005
1638140 1002
1638150 1002
1638160 1000
1638170 999
1638180 999
1638190 998
1638200 996
1638210 996
1638220 994
1638230 992
1638240 992
1638250 992
1638260 990
1638270 990
1638280 988
1638290 985
1638300 985
1638310 983
1638320 975
1638330 975
1638340 972
1638350 969
1638360 969
1638370 965
1638380 961
1638390 961
1638400 956
1638410 952
1638420 952
1638430 948
1638440 942
1638450 938
1638460 938
1638470 933
1638480 930
1638490 930
1638500 927
1638510 926
1638520 926
1638530 926
1638540 924
1638550 924
1638560 923
1638570 923
1638580 923
1638590 923
1638600 921
1638610 921
1638620 919
1638630 918
1638640 918
1638650 915
1638660 916
1638670 916
1638680 915
1638690 913
1638700 913
1638710 912
1638720 913
1638730 913
1638740 912
1638750 911
1638760 909
1638770 909
1638780 907
1638790 904
1638800 904
1638810 901
1638820 898
1638830 898
1638840 895
1638850 892
1638860 892
1638870 889
1638880 885
1638890 885
1638900 883
1638910 881
1638920 881
1638930 880
1638940 878
1638950 878
1638960 876
1638970 871
1638980 871
1638990 866
1639000 861
1639010 861
1639020 858
1639030 854
1639040 854
1639050 849
1639060 843
1639070 837
1639080 837
1639090 832
1639100 826
1639110 826
1639120 822
1639130 825
1639140 819
1639150 825
1639160 829
1639170 829
1639180 831
1639190 831
1639200 831
1639210 833
1639220 834
1639230 834
1639240 833
1639250 832
1639260 832
1639270 829
1639280 826
1639290 826
1639300 825
1639310 822
1639320 822
1639330 819
1639340 817
1639350 817
1639360 814
1639370 812
1639380 809
1639390 809
1639400 805
1639410 804
1639420 804
1639430 801
1639440 797
1639450 797
1639460 793
1639470 789
1639480 789
1639490 786
1639500 785
1639510 785
1639520 783
1639530 781
1639540 781
1639550 778
1639560 775
1639570 775
1639580 772
1639590 770
1639600 770
1639610 770
1639620 770
1639630 770
1639640 771
1639650 771
1639660 771
1639670 772
1639680 773
1639690 774
1639700 774
1639710 775
1639720 776
1639730 776
1639740 777
1639750 778
1639760 778
1639770 779
1639780 779
1639790 779
1639800 779
1639810 780
1639820 780
1639830 781
1639840 781
1639850 781
1639860 782
1639870 782
1639880 782
1639890 782
1639900 783
1639910 783
1639920 783
1639930 783
1639940 783
1639950 783
1639960 782
1639970 781
1639980 781
1639990 781
