1620000 1308
1620010 1313
1620020 1313
1620030 1318
1620040 1322
1620050 1322
1620060 1327
1620070 1332
1620080 1337
1620090 1337
1620100 1339
1620110 1344
1620120 1344
1620130 1347
1620140 1350
1620150 1350
1620160 1354
1620170 1358
1620180 1358
1620190 1362
1620200 1366
1620210 1366
1620220 1370
1620230 1374
1620240 1374
1620250 1376
1620260 1379
1620270 1379
1620280 1383
1620290 1384
1620300 1384
1620310 1386
1620320 1388
1620330 1388
1620340 1390
1620350 1394
1620360 1394
1620370 1400
1620380 1404
1620390 1408
1620400 1408
1620410 1412
1620420 1415
1620430 1415
1620440 1420
1620450 1424
1620460 1424
1620470 1428
1620480 1432
1620490 1432
1620500 1434
1620510 1435
1620520 1435
1620530 1438
1620540 1441
1620550 1441
1620560 1444
1620570 1448
1620580 1448
1620590 1452
1620600 1455
1620610 1455
1620620 1460
1620630 1465
1620640 1465
1620650 1469
1620660 1473
1620670 1473
1620680 1475
1620690 1479
1620700 1481
1620710 1481
1620720 1484
1620730 1487
1620740 1487
1620750 1488
1620760 1489
1620770 1489
1620780 1489
1620790 1489
1620800 1489
1620810 1489
1620820 1489
1620830 1489
1620840 1490
1620850 1491
1620860 1491
1620870 1492
1620880 1493
1620890 1493
1620900 1494
1620910 1495
1620920 1495
1620930 1496
1620940 1499
1620950 1499
1620960 1502
1620970 1506
1620980 1506
1620990 1509
1621000 1512
1621010 1516
1621020 1516
1621030 1520
1621040 1528
1621050 1528
1621060 1531
1621070 1534
1621080 1534
1621090 1538
1621100 1540
1621110 1540
1621120 1542
1621130 1546
1621140 1546
1621150 1550
1621160 1552
1621170 1552
1621180 1555
1621190 1557
1621200 1557
1621210 1560
1621220 1563
1621230 1563
1621240 1565
1621250 1567
1621260 1567
1621270 1568
1621280 1570
1621290 1570
1621300 1571
1621310 1574
1621320 1578
1621330 1578
1621340 1581
1621350 1583
1621360 1583
1621370 1585
1621380 1588
1621390 1588
1621400 1592
1621410 1595
1621420 1595
1621430 1597
1621440 1599
1621450 1599
1621460 1603
1621470 1606
1621480 1606
1621490 1609
1621500 1614
1621510 1614
1621520 1619
1621530 1623
1621540 1623
1621550 1627
1621560 1634
1621570 1634
1621580 1640
1621590 1644
1621600 1644
1621610 1645
1621620 1647
1621630 1649
1621640 1649
1621650 1652
1621660 1655
1621670 1655
1621680 1656
1621690 1659
1621700 1659
1621710 1663
1621720 1666
1621730 1666
1621740 1672
1621750 1677
1621760 1677
1621770 1681
1621780 1687
1621790 1687
1621800 1693
1621810 1699
1621820 1699
1621830 1704
1621840 1707
1621850 1707
1621860 1709
1621870 1710
1621880 1710
1621890 1715
1621900 1719
1621910 1719
1621920 1724
1621930 1729
1621940 1734
1621950 1734
1621960 1740
1621970 1747
1621980 1748
1621990 1755
1622000 1760
1622010 1760
1622020 1757
1622030 1751
1622040 1751
1622050 1745
1622060 1740
1622070 1740
1622080 1736
1622090 1732
1622100 1732
1622110 1728
1622120 1725
1622130 1725
1622140 1723
1622150 1721
1622160 1721
1622170 1719
1622180 1716
1622190 1716
1622200 1712
1622210 1710
1622220 1710
1622230 1706
1622240 1702
1622250 1698
1622260 1698
1622270 1693
1622280 1689
1622290 1689
1622300 1685
1622310 1680
1622320 1680
1622330 1675
1622340 1669
1622350 1669
1622360 1663
1622370 1656
1622380 1656
1622390 1649
1622400 1642
1622410 1642
1622420 1636
1622430 1631
1622440 1631
1622450 1627
1622460 1623
1622470 1623
1622480 1619
1622490 1615
1622500 1615
1622510 1610
1622520 1605
1622530 1605
1622540 1600
1622550 1595
1622560 1591
1622570 1591
1622580 1587
1622590 1583
1622600 1583
1622610 1579
1622620 1575
1622630 1575
1622640 1571
1622650 1567
1622660 1567
1622670 1563
1622680 1558
1622690 1558
1622700 1554
1622710 1549
1622720 1549
1622730 1545
1622740 1539
1622750 1539
1622760 1532
1622770 1524
1622780 1524
1622790 1514
1622800 1506
1622810 1506
1622820 1503
1622830 1507
1622840 1507
1622850 1511
1622860 1515
1622870 1515
1622880 1519
1622890 1525
1622900 1529
1622910 1529
1622920 1537
1622930 1545
1622940 1545
1622950 1552
1622960 1556
1622970 1556
1622980 1561
1622990 1565
1623000 1565
1623010 1571
1623020 1575
1623030 1575
1623040 1580
1623050 1585
1623060 1585
1623070 1589
1623080 1595
1623090 1595
1623100 1600
1623110 1604
1623120 1604
1623130 1608
1623140 1612
1623150 1612
1623160 1616
1623170 1621
1623180 1621
1623190 1625
1623200 1630
1623210 1632
1623220 1632
1623230 1635
1623240 1637
1623250 1637
1623260 1640
1623270 1642
1623280 1642
1623290 1646
1623300 1653
1623310 1653
1623320 1660
1623330 1665
1623340 1665
1623350 1669
1623360 1674
1623370 1674
1623380 1678
1623390 1683
1623400 1683
1623410 1689
1623420 1694
1623430 1694
1623440 1700
1623450 1706
1623460 1706
1623470 1712
1623480 1718
1623490 1718
1623500 1723
1623510 1728
1623520 1733
1623530 1733
1623540 1738
1623550 1743
1623560 1743
1623570 1748
1623580 1754
1623590 1754
1623600 1760
1623610 1766
1623620 1766
1623630 1771
1623640 1776
1623650 1776
1623660 1781
1623670 1787
1623680 1787
1623690 1792
1623700 1798
1623710 1798
1623720 1803
1623730 1809
1623740 1809
1623750 1815
1623760 1820
1623770 1820
1623780 1826
1623790 1831
1623800 1831
1623810 1837
1623820 1842
1623830 1847
1623840 1847
1623850 1851
1623860 1856
1623870 1856
1623880 1861
1623890 1865
1623900 1865
1623910 1871
1623920 1876
1623930 1876
1623940 1884
1623950 1893
1623960 1893
1623970 1902
1623980 1909
1623990 1909
1624000 1914
1624010 1920
1624020 1920
1624030 1923
1624040 1925
1624050 1925
1624060 1919
1624070 1911
1624080 1911
1624090 1903
1624100 1896
1624110 1896
1624120 1890
1624130 1888
1624140 1885
1624150 1885
1624160 1879
1624170 1873
1624180 1873
1624190 1866
1624200 1861
1624210 1861
1624220 1856
1624230 1851
1624240 1851
1624250 1845
1624260 1840
1624270 1840
1624280 1835
1624290 1828
1624300 1828
1624310 1823
1624320 1818
1624330 1818
1624340 1813
1624350 1807
1624360 1807
1624370 1802
1624380 1797
1624390 1797
1624400 1792
1624410 1787
1624420 1787
1624430 1781
1624440 1775
1624450 1770
1624460 1770
1624470 1765
1624480 1759
1624490 1759
1624500 1753
1624510 1747
1624520 1747
1624530 1740
1624540 1733
1624550 1733
1624560 1726
1624570 1720
1624580 1720
1624590 1714
1624600 1707
1624610 1707
1624620 1701
1624630 1695
1624640 1695
1624650 1688
1624660 1681
1624670 1681
1624680 1673
1624690 1664
1624700 1664
1624710 1656
1624720 1648
1624730 1648
1624740 1641
1624750 1638
1624760 1636
1624770 1636
1624780 1634
1624790 1633
1624800 1633
1624810 1629
1624820 1623
1624830 1623
1624840 1620
1624850 1625
1624860 1625
1624870 1632
1624880 1635
1624890 1635
1624900 1636
1624910 1637
1624920 1637
1624930 1638
1624940 1639
1624950 1639
1624960 1641
1624970 1642
1624980 1642
1624990 1644
1625000 1648
1625010 1648
1625020 1651
1625030 1655
1625040 1655
1625050 1661
1625060 1669
1625070 1676
1625080 1676
1625090 1684
1625100 1693
1625110 1693
1625120 1700
1625130 1705
1625140 1705
1625150 1707
1625160 1710
1625170 1710
1625180 1715
1625190 1718
1625200 1718
1625210 1723
1625220 1729
1625230 1729
1625240 1734
1625250 1739
1625260 1739
1625270 1742
1625280 1747
1625290 1747
1625300 1765
1625310 1777
1625320 1777
1625330 1780
1625340 1780
1625350 1780
1625360 1781
1625370 1783
1625380 1784
1625390 1784
1625400 1786
1625410 1788
1625420 1788
1625430 1790
1625440 1792
1625450 1792
1625460 1794
1625470 1797
1625480 1797
1625490 1800
1625500 1801
1625510 1801
1625520 1802
1625530 1804
1625540 1804
1625550 1806
1625560 1806
1625570 1806
1625580 1806
1625590 1809
1625600 1809
1625610 1814
1625620 1819
1625630 1819
1625640 1820
1625650 1826
1625660 1826
1625670 1831
1625680 1837
1625690 1843
1625700 1843
1625710 1848
1625720 1854
1625730 1854
1625740 1861
1625750 1868
1625760 1868
1625770 1875
1625780 1882
1625790 1882
1625800 1889
1625810 1895
1625820 1895
1625830 1903
1625840 1911
1625850 1911
1625860 1909
1625870 1891
1625880 1891
1625890 1878
1625900 1869
1625910 1869
1625920 1857
1625930 1848
1625940 1848
1625950 1839
1625960 1832
1625970 1832
1625980 1826
1625990 1820
1626000 1814
1626010 1814
1626020 1808
1626030 1802
1626040 1802
1626050 1795
1626060 1789
1626070 1789
1626080 1782
1626090 1775
1626100 1775
1626110 1769
1626120 1763
1626130 1763
1626140 1757
1626150 1751
1626160 1751
1626170 1747
1626180 1743
1626190 1743
1626200 1742
1626210 1742
1626220 1742
1626230 1741
1626240 1738
1626250 1738
1626260 1734
1626270 1730
1626280 1730
1626290 1726
1626300 1722
1626310 1721
1626320 1721
1626330 1721
1626340 1722
1626350 1722
1626360 1722
1626370 1721
1626380 1721
1626390 1718
1626400 1716
1626410 1716
1626420 1715
1626430 1714
1626440 1714
1626450 1713
1626460 1712
1626470 1712
1626480 1712
1626490 1714
1626500 1714
1626510 1714
1626520 1715
1626530 1715
1626540 1716
1626550 1718
1626560 1718
1626570 1720
1626580 1719
1626590 1719
1626600 1717
1626610 1712
1626620 1708
1626630 1708
1626640 1704
1626650 1700
1626660 1700
1626670 1696
1626680 1692
1626690 1692
1626700 1689
1626710 1686
1626720 1686
1626730 1684
1626740 1682
1626750 1682
1626760 1680
1626770 1679
1626780 1679
1626790 1676
1626800 1672
1626810 1672
1626820 1666
1626830 1661
1626840 1661
1626850 1658
1626860 1655
1626870 1655
1626880 1652
1626890 1650
1626900 1650
1626910 1647
1626920 1643
1626930 1643
1626940 1639
1626950 1633
1626960 1630
1626970 1630
1626980 1627
1626990 1625
1627000 1625
1627010 1624
1627020 1621
1627030 1621
1627040 1619
1627050 1617
1627060 1617
1627070 1615
1627080 1613
1627090 1613
1627100 1610
1627110 1608
1627120 1608
1627130 1604
1627140 1602
1627150 1602
1627160 1600
1627170 1599
1627180 1599
1627190 1597
1627200 1595
1627210 1595
1627220 1593
1627230 1592
1627240 1592
1627250 1590
1627260 1589
1627270 1587
1627280 1587
1627290 1583
1627300 1580
1627310 1580
1627320 1577
1627330 1575
1627340 1575
1627350 1573
1627360 1571
1627370 1571
1627380 1570
1627390 1569
1627400 1569
1627410 1568
1627420 1568
1627430 1568
1627440 1573
1627450 1573
1627460 1573
1627470 1574
1627480 1573
1627490 1573
1627500 1572
1627510 1570
1627520 1570
1627530 1567
1627540 1564
1627550 1564
1627560 1561
1627570 1558
1627580 1554
1627590 1554
1627600 1550
1627610 1547
1627620 1547
1627630 1544
1627640 1540
1627650 1540
1627660 1537
1627670 1534
1627680 1534
1627690 1531
1627700 1527
1627710 1527
1627720 1524
1627730 1520
1627740 1520
1627750 1517
1627760 1514
1627770 1514
1627780 1511
1627790 1508
1627800 1508
1627810 1506
1627820 1504
1627830 1504
1627840 1502
1627850 1500
1627860 1500
1627870 1498
1627880 1497
1627890 1495
1627900 1495
1627910 1493
1627920 1491
1627930 1491
1627940 1489
1627950 1487
1627960 1487
1627970 1484
1627980 1482
1627990 1482
1628000 1480
1628010 1478
1628020 1478
1628030 1476
1628040 1473
1628050 1473
1628060 1471
1628070 1469
1628080 1469
1628090 1467
1628100 1465
1628110 1465
1628120 1464
1628130 1461
1628140 1461
1628150 1459
1628160 1456
1628170 1456
1628180 1453
1628190 1450
1628200 1446
1628210 1446
1628220 1442
1628230 1438
1628240 1438
1628250 1434
1628260 1429
1628270 1429
1628280 1425
1628290 1421
1628300 1421
1628310 1418
1628320 1414
1628330 1414
1628340 1409
1628350 1405
1628360 1405
1628370 1402
1628380 1397
1628390 1397
1628400 1390
1628410 1383
1628420 1383
1628430 1377
1628440 1379
1628450 1379
1628460 1385
1628470 1393
1628480 1393
1628490 1396
1628500 1399
1628510 1402
1628520 1402
1628530 1404
1628540 1406
1628550 1406
1628560 1408
1628570 1412
1628580 1412
1628590 1416
1628600 1419
1628610 1419
1628620 1423
1628630 1426
1628640 1426
1628650 1430
1628660 1433
1628670 1433
1628680 1436
1628690 1439
1628700 1439
1628710 1442
1628720 1444
1628730 1444
1628740 1447
1628750 1450
1628760 1450
1628770 1452
1628780 1456
1628790 1456
1628800 1460
1628810 1464
1628820 1469
1628830 1469
1628840 1472
1628850 1476
1628860 1476
1628870 1480
1628880 1484
1628890 1484
1628900 1487
1628910 1489
1628920 1489
1628930 1487
1628940 1486
1628950 1486
1628960 1485
1628970 1483
1628980 1483
1628990 1481
1629000 1478
1629010 1478
1629020 1473
1629030 1473
1629040 1473
1629050 1481
1629060 1491
1629070 1491
1629080 1498
1629090 1505
1629100 1505
1629110 1512
1629120 1519
1629130 1525
1629140 1525
1629150 1530
1629160 1533
1629170 1533
1629180 1539
1629190 1547
1629200 1547
1629210 1554
1629220 1565
1629230 1565
1629240 1572
1629250 1579
1629260 1579
1629270 1585
1629280 1591
1629290 1591
1629300 1595
1629310 1592
1629320 1592
1629330 1587
1629340 1582
1629350 1582
1629360 1576
1629370 1570
1629380 1570
1629390 1565
1629400 1559
1629410 1559
1629420 1554
1629430 1548
1629440 1543
1629450 1543
1629460 1537
1629470 1531
1629480 1531
1629490 1525
1629500 1518
1629510 1518
1629520 1512
1629530 1507
1629540 1507
1629550 1501
1629560 1495
1629570 1495
1629580 1489
1629590 1482
1629600 1482
1629610 1477
1629620 1477
1629630 1477
1629640 1471
1629650 1467
1629660 1467
1629670 1472
1629680 1474
1629690 1474
1629700 1472
1629710 1472
1629720 1472
1629730 1472
1629740 1472
1629750 1469
1629760 1469
1629770 1473
1629780 1476
1629790 1476
1629800 1478
1629810 1481
1629820 1481
1629830 1483
1629840 1486
1629850 1486
1629860 1493
1629870 1500
1629880 1500
1629890 1508
1629900 1515
1629910 1515
1629920 1521
1629930 1528
1629940 1528
1629950 1534
1629960 1539
1629970 1539
1629980 1544
1629990 1549
1630000 1549
1630010 1555
1630020 1560
1630030 1560
1630040 1565
1630050 1570
1630060 1575
1630070 1575
1630080 1580
1630090 1586
1630100 1593
1630110 1599
1630120 1606
1630130 1606
1630140 1613
1630150 1618
1630160 1618
1630170 1621
1630180 1618
1630190 1618
1630200 1614
1630210 1613
1630220 1613
1630230 1613
1630240 1609
1630250 1609
1630260 1604
1630270 1597
1630280 1597
1630290 1591
1630300 1587
1630310 1587
1630320 1583
1630330 1580
1630340 1580
1630350 1577
1630360 1575
1630370 1572
1630380 1572
1630390 1569
1630400 1568
1630410 1568
1630420 1567
1630430 1565
1630440 1565
1630450 1566
1630460 1567
1630470 1567
1630480 1568
1630490 1569
1630500 1569
1630510 1569
1630520 1570
1630530 1570
1630540 1570
1630550 1572
1630560 1572
1630570 1575
1630580 1578
1630590 1578
1630600 1582
1630610 1585
1630620 1585
1630630 1589
1630640 1593
1630650 1593
1630660 1597
1630670 1601
1630680 1605
1630690 1605
1630700 1609
1630710 1614
1630720 1614
1630730 1619
1630740 1624
1630750 1624
1630760 1629
1630770 1634
1630780 1634
1630790 1640
1630800 1645
1630810 1645
1630820 1650
1630830 1656
1630840 1656
1630850 1662
1630860 1669
1630870 1669
1630880 1678
1630890 1680
1630900 1680
1630910 1683
1630920 1686
1630930 1686
1630940 1689
1630950 1690
1630960 1690
1630970 1682
1630980 1665
1630990 1655
1631000 1655
1631010 1648
1631020 1642
1631030 1642
1631040 1635
1631050 1628
1631060 1628
1631070 1621
1631080 1614
1631090 1614
1631100 1608
1631110 1603
1631120 1603
1631130 1596
1631140 1590
1631150 1590
1631160 1584
1631170 1580
1631180 1580
1631190 1577
1631200 1575
1631210 1575
1631220 1573
1631230 1572
1631240 1572
1631250 1572
1631260 1571
1631270 1571
1631280 1569
1631290 1567
1631300 1564
1631310 1564
1631320 1561
1631330 1556
1631340 1556
1631350 1553
1631360 1549
1631370 1549
1631380 1546
1631390 1544
1631400 1544
1631410 1543
1631420 1542
1631430 1542
1631440 1542
1631450 1542
1631460 1542
1631470 1541
1631480 1538
1631490 1538
1631500 1537
1631510 1535
1631520 1535
1631530 1532
1631540 1529
1631550 1529
1631560 1527
1631570 1526
1631580 1526
1631590 1525
1631600 1524
1631610 1524
1631620 1524
1631630 1524
1631640 1524
1631650 1524
1631660 1524
1631670 1525
1631680 1525
1631690 1525
1631700 1525
1631710 1525
1631720 1524
1631730 1523
1631740 1523
1631750 1522
1631760 1520
1631770 1520
1631780 1518
1631790 1515
1631800 1515
1631810 1513
1631820 1510
1631830 1510
1631840 1506
1631850 1503
1631860 1503
1631870 1501
1631880 1499
1631890 1499
1631900 1498
1631910 1494
1631920 1494
1631930 1490
1631940 1486
1631950 1483
1631960 1483
1631970 1479
1631980 1474
1631990 1474
1632000 1471
1632010 1467
1632020 1467
1632030 1465
1632040 1464
1632050 1464
1632060 1462
1632070 1460
1632080 1460
1632090 1458
1632100 1455
1632110 1455
1632120 1453
1632130 1451
1632140 1451
1632150 1448
1632160 1445
1632170 1445
1632180 1442
1632190 1439
1632200 1439
1632210 1437
1632220 1435
1632230 1435
1632240 1433
1632250 1433
1632260 1432
1632270 1432
1632280 1430
1632290 1429
1632300 1429
1632310 1429
1632320 1427
1632330 1427
1632340 1426
1632350 1424
1632360 1424
1632370 1421
1632380 1418
1632390 1418
1632400 1416
1632410 1414
1632420 1414
1632430 1412
1632440 1410
1632450 1410
1632460 1409
1632470 1407
1632480 1407
1632490 1405
1632500 1403
1632510 1403
1632520 1402
1632530 1400
1632540 1400
1632550 1398
1632560 1395
1632570 1392
1632580 1392
1632590 1390
1632600 1387
1632610 1387
1632620 1384
1632630 1381
1632640 1381
1632650 1379
1632660 1376
1632670 1376
1632680 1373
1632690 1370
1632700 1370
1632710 1371
1632720 1368
1632730 1368
1632740 1365
1632750 1362
1632760 1362
1632770 1360
1632780 1358
1632790 1358
1632800 1355
1632810 1353
1632820 1353
1632830 1351
1632840 1349
1632850 1349
1632860 1345
1632870 1340
1632880 1336
1632890 1336
1632900 1330
1632910 1324
1632920 1324
1632930 1316
1632940 1311
1632950 1311
1632960 1304
1632970 1300
1632980 1300
1632990 1296
1633000 1293
1633010 1293
1633020 1290
1633030 1287
1633040 1287
1633050 1284
1633060 1282
1633070 1282
1633080 1280
1633090 1278
1633100 1278
1633110 1275
1633120 1272
1633130 1272
1633140 1269
1633150 1266
1633160 1266
1633170 1263
1633180 1262
1633190 1260
1633200 1260
1633210 1259
1633220 1258
1633230 1258
1633240 1257
1633250 1256
1633260 1256
1633270 1255
1633280 1252
1633290 1252
1633300 1247
1633310 1244
1633320 1244
1633330 1242
1633340 1240
1633350 1240
1633360 1239
1633370 1237
1633380 1237
1633390 1237
1633400 1237
1633410 1237
1633420 1237
1633430 1238
1633440 1238
1633450 1240
1633460 1242
1633470 1242
1633480 1243
1633490 1242
1633500 1240
1633510 1240
1633520 1239
1633530 1237
1633540 1237
1633550 1236
1633560 1236
1633570 1243
1633580 1242
1633590 1238
1633600 1238
1633610 1238
1633620 1237
1633630 1237
1633640 1233
1633650 1228
1633660 1228
1633670 1224
1633680 1221
1633690 1221
1633700 1220
1633710 1220
1633720 1220
1633730 1221
1633740 1219
1633750 1219
1633760 1215
1633770 1210
1633780 1210
1633790 1205
1633800 1199
1633810 1192
1633820 1192
1633830 1187
1633840 1181
1633850 1181
1633860 1176
1633870 1172
1633880 1172
1633890 1169
1633900 1164
1633910 1164
1633920 1154
1633930 1147
1633940 1147
1633950 1138
1633960 1131
1633970 1131
1633980 1124
1633990 1117
1634000 1117
1634010 1110
1634020 1103
1634030 1103
1634040 1095
1634050 1088
1634060 1088
1634070 1081
1634080 1073
1634090 1073
1634100 1066
1634110 1058
1634120 1048
1634130 1048
1634140 1043
1634150 1033
1634160 1033
1634170 1024
1634180 1017
1634190 1017
1634200 1009
1634210 1002
1634220 1002
1634230 996
1634240 992
1634250 992
1634260 992
1634270 989
1634280 989
1634290 985
1634300 980
1634310 980
1634320 973
1634330 963
1634340 963
1634350 954
1634360 943
1634370 943
1634380 931
1634390 920
1634400 920
1634410 909
1634420 919
1634430 916
1634440 916
1634450 910
1634460 895
1634470 895
1634480 881
1634490 872
1634500 872
1634510 865
1634520 860
1634530 860
1634540 856
1634550 851
1634560 851
1634570 847
1634580 840
1634590 840
1634600 838
1634610 837
1634620 837
1634630 837
1634640 837
1634650 837
1634660 843
1634670 845
1634680 845
1634690 846
1634700 846
1634710 846
1634720 848
1634730 848
1634740 848
1634750 848
1634760 847
1634770 846
1634780 846
1634790 845
1634800 845
1634810 845
1634820 846
1634830 847
1634840 847
1634850 847
1634860 849
1634870 849
1634880 851
1634890 851
1634900 851
1634910 852
1634920 854
1634930 854
1634940 856
1634950 858
1634960 858
1634970 858
1634980 857
1634990 857
1635000 855
1635010 856
1635020 856
1635030 858
1635040 858
1635050 858
1635060 858
1635070 861
1635080 865
1635090 865
1635100 869
1635110 871
1635120 871
1635130 872
1635140 874
1635150 874
1635160 876
1635170 876
1635180 876
1635190 876
1635200 877
1635210 877
1635220 876
1635230 875
1635240 875
1635250 875
1635260 877
1635270 872
1635280 873
1635290 874
1635300 874
1635310 875
1635320 875
1635330 875
1635340 874
1635350 874
1635360 873
1635370 873
1635380 872
1635390 869
1635400 869
1635410 866
1635420 865
1635430 865
1635440 865
1635450 864
1635460 864
1635470 864
1635480 865
1635490 865
1635500 866
1635510 867
1635520 867
1635530 866
1635540 865
1635550 865
1635560 865
1635570 862
1635580 862
1635590 861
1635600 860
1635610 860
1635620 859
1635630 862
1635640 862
1635650 863
1635660 865
1635670 865
1635680 865
1635690 866
1635700 867
1635710 867
1635720 869
1635730 868
1635740 868
1635750 866
1635760 864
1635770 864
1635780 863
1635790 862
1635800 862
1635810 861
1635820 862
1635830 862
1635840 863
1635850 863
1635860 863
1635870 863
1635880 864
1635890 864
1635900 864
1635910 863
1635920 863
1635930 864
1635940 864
1635950 864
1635960 864
1635970 862
1635980 862
1635990 861
1636000 859
1636010 857
1636020 857
1636030 854
1636040 852
1636050 852
1636060 848
1636070 844
1636080 844
1636090 839
1636100 834
1636110 834
1636120 825
1636130 822
1636140 822
1636150 820
1636160 816
1636170 816
1636180 811
1636190 810
1636200 810
1636210 806
1636220 804
1636230 804
1636240 799
1636250 797
1636260 797
1636270 797
1636280 797
1636290 797
1636300 796
1636310 796
1636320 796
1636330 796
1636340 796
1636350 796
1636360 796
1636370 796
1636380 796
1636390 796
1636400 796
1636410 796
1636420 796
1636430 795
1636440 795
1636450 795
1636460 794
1636470 794
1636480 794
1636490 794
1636500 794
1636510 794
1636520 793
1636530 793
1636540 793
1636550 793
1636560 792
1636570 792
1636580 792
1636590 794
1636600 794
1636610 796
1636620 797
1636630 798
1636640 798
1636650 798
1636660 797
1636670 797
1636680 797
1636690 797
1636700 797
1636710 797
1636720 797
1636730 797
1636740 797
1636750 797
1636760 797
1636770 796
1636780 796
1636790 796
1636800 796
1636810 796
1636820 796
1636830 796
1636840 797
1636850 797
1636860 798
1636870 801
1636880 801
1636890 804
1636900 807
1636910 807
1636920 809
1636930 812
1636940 817
1636950 817
1636960 819
1636970 826
1636980 826
1636990 835
1637000 842
1637010 842
1637020 847
1637030 854
1637040 854
1637050 862
1637060 869
1637070 869
1637080 875
1637090 878
1637100 878
1637110 877
1637120 879
1637130 879
1637140 880
1637150 881
1637160 881
1637170 884
1637180 887
1637190 887
1637200 890
1637210 894
1637220 894
1637230 900
1637240 905
1637250 912
1637260 912
1637270 919
1637280 925
1637290 925
1637300 933
1637310 944
1637320 944
1637330 954
1637340 962
1637350 962
1637360 970
1637370 978
1637380 978
1637390 986
1637400 994
1637410 994
1637420 1004
1637430 1013
1637440 1013
1637450 1020
1637460 1021
1637470 1021
1637480 1017
1637490 1015
1637500 1015
1637510 1017
1637520 1022
1637530 1022
1637540 1030
1637550 1037
1637560 1043
1637570 1043
1637580 1050
1637590 1057
1637600 1057
1637610 1067
1637620 1075
1637630 1075
1637640 1081
1637650 1085
1637660 1085
1637670 1087
1637680 1089
1637690 1089
1637700 1092
1637710 1096
1637720 1096
1637730 1100
1637740 1105
1637750 1105
1637760 1112
1637770 1119
1637780 1119
1637790 1128
1637800 1133
1637810 1133
1637820 1138
1637830 1141
1637840 1141
1637850 1146
1637860 1153
1637870 1158
1637880 1158
1637890 1162
1637900 1162
1637910 1162
1637920 1163
1637930 1164
1637940 1164
1637950 1164
1637960 1164
1637970 1164
1637980 1163
1637990 1161
1638000 1161
1638010 1161
1638020 1162
1638030 1162
1638040 1164
1638050 1165
1638060 1165
1638070 1167
1638080 1169
1638090 1169
1638100 1168
1638110 1168
1638120 1168
1638130 1167
1638140 1166
1638150 1166
1638160 1165
1638170 1164
1638180 1164
1638190 1164
1638200 1163
1638210 1163
1638220 1163
1638230 1163
1638240 1162
1638250 1162
1638260 1162
1638270 1162
1638280 1162
1638290 1163
1638300 1163
1638310 1163
1638320 1163
1638330 1164
1638340 1164
1638350 1165
1638360 1166
1638370 1166
1638380 1168
1638390 1169
1638400 1169
1638410 1171
1638420 1173
1638430 1173
1638440 1176
1638450 1178
1638460 1178
1638470 1181
1638480 1184
1638490 1188
1638500 1188
1638510 1192
1638520 1198
1638530 1198
1638540 1201
1638550 1207
1638560 1207
1638570 1213
1638580 1217
1638590 1217
1638600 1222
1638610 1226
1638620 1230
1638630 1231
1638640 1229
1638650 1229
1638660 1223
1638670 1215
1638680 1215
1638690 1209
1638700 1207
1638710 1207
1638720 1203
1638730 1200
1638740 1200
1638750 1195
1638760 1190
1638770 1190
1638780 1183
1638790 1176
1638800 1171
1638810 1171
1638820 1165
1638830 1160
1638840 1160
1638850 1156
1638860 1152
1638870 1152
1638880 1146
1638890 1140
1638900 1140
1638910 1135
1638920 1130
1638930 1130
1638940 1127
1638950 1121
1638960 1121
1638970 1117
1638980 1113
1638990 1113
1639000 1110
1639010 1104
1639020 1104
1639030 1098
1639040 1092
1639050 1092
1639060 1086
1639070 1080
1639080 1080
1639090 1076
1639100 1071
1639110 1071
1639120 1066
1639130 1061
1639140 1055
1639150 1055
1639160 1049
1639170 1044
1639180 1044
1639190 1039
1639200 1034
1639210 1034
1639220 1029
1639230 1026
1639240 1026
1639250 1021
1639260 1016
1639270 1016
1639280 1010
1639290 1005
1639300 1005
1639310 999
1639320 994
1639330 994
1639340 990
1639350 985
1639360 985
1639370 981
1639380 977
1639390 977
1639400 973
1639410 970
1639420 970
1639430 966
1639440 963
1639450 959
1639460 959
1639470 955
1639480 950
1639490 950
1639500 944
1639510 938
1639520 938
1639530 935
1639540 931
1639550 931
1639560 927
1639570 923
1639580 923
1639590 917
1639600 916
1639610 916
1639620 916
1639630 915
1639640 915
1639650 913
1639660 911
1639670 911
1639680 910
1639690 908
1639700 908
1639710 906
1639720 904
1639730 904
1639740 901
1639750 899
1639760 898
1639770 898
1639780 896
1639790 894
1639800 894
1639810 890
1639820 887
1639830 887
1639840 884
1639850 881
1639860 881
1639870 877
1639880 874
1639890 874
1639900 871
1639910 869
1639920 869
1639930 868
1639940 867
1639950 867
1639960 867
1639970 867
1639980 867
1639990 866
