1620000 1341
1620010 1338
1620020 1338
1620030 1334
1620040 1334
1620050 1334
1620060 1334
1620070 1333
1620080 1333
1620090 1334
1620100 1335
1620110 1335
1620120 1334
1620130 1333
1620140 1333
1620150 1327
1620160 1317
1620170 1317
1620180 1314
1620190 1314
1620200 1314
1620210 1318
1620220 1323
1620230 1323
1620240 1328
1620250 1332
1620260 1336
1620270 1336
1620280 1341
1620290 1347
1620300 1347
1620310 1354
1620320 1358
1620330 1358
1620340 1361
1620350 1365
1620360 1365
1620370 1368
1620380 1372
1620390 1372
1620400 1376
1620410 1380
1620420 1380
1620430 1383
1620440 1387
1620450 1387
1620460 1389
1620470 1394
1620480 1394
1620490 1398
1620500 1404
1620510 1404
1620520 1409
1620530 1412
1620540 1412
1620550 1418
1620560 1425
1620570 1430
1620580 1430
1620590 1433
1620600 1438
1620610 1438
1620620 1442
1620630 1446
1620640 1446
1620650 1449
1620660 1452
1620670 1452
1620680 1455
1620690 1457
1620700 1457
1620710 1458
1620720 1461
1620730 1461
1620740 1463
1620750 1468
1620760 1468
1620770 1473
1620780 1478
1620790 1478
1620800 1482
1620810 1486
1620820 1486
1620830 1490
1620840 1495
1620850 1495
1620860 1499
1620870 1505
1620880 1510
1620890 1510
1620900 1515
1620910 1519
1620920 1519
1620930 1523
1620940 1527
1620950 1527
1620960 1532
1620970 1536
1620980 1536
1620990 1540
1621000 1543
1621010 1543
1621020 1547
1621030 1551
1621040 1551
1621050 1553
1621060 1556
1621070 1556
1621080 1557
1621090 1558
1621100 1558
1621110 1559
1621120 1560
1621130 1560
1621140 1561
1621150 1564
1621160 1564
1621170 1567
1621180 1570
1621190 1573
1621200 1573
1621210 1576
1621220 1579
1621230 1579
1621240 1582
1621250 1585
1621260 1585
1621270 1588
1621280 1592
1621290 1592
1621300 1595
1621310 1598
1621320 1598
1621330 1603
1621340 1608
1621350 1608
1621360 1612
1621370 1614
1621380 1614
1621390 1617
1621400 1621
1621410 1621
1621420 1626
1621430 1630
1621440 1630
1621450 1634
1621460 1636
1621470 1636
1621480 1638
1621490 1640
1621500 1643
1621510 1643
1621520 1646
1621530 1654
1621540 1654
1621550 1660
1621560 1667
1621570 1667
1621580 1672
1621590 1676
1621600 1676
1621610 1680
1621620 1684
1621630 1684
1621640 1688
1621650 1691
1621660 1691
1621670 1695
1621680 1699
1621690 1699
1621700 1703
1621710 1706
1621720 1706
1621730 1710
1621740 1714
1621750 1714
1621760 1717
1621770 1720
1621780 1720
1621790 1723
1621800 1726
1621810 1729
1621820 1729
1621830 1732
1621840 1735
1621850 1735
1621860 1738
1621870 1740
1621880 1740
1621890 1742
1621900 1745
1621910 1745
1621920 1747
1621930 1749
1621940 1749
1621950 1751
1621960 1754
1621970 1754
1621980 1756
1621990 1758
1622000 1758
1622010 1760
1622020 1762
1622030 1762
1622040 1763
1622050 1765
1622060 1765
1622070 1767
1622080 1767
1622090 1767
1622100 1764
1622110 1759
1622120 1751
1622130 1751
1622140 1744
1622150 1735
1622160 1735
1622170 1728
1622180 1721
1622190 1721
1622200 1715
1622210 1708
1622220 1708
1622230 1702
1622240 1695
1622250 1695
1622260 1689
1622270 1683
1622280 1683
1622290 1677
1622300 1672
1622310 1672
1622320 1667
1622330 1661
1622340 1661
1622350 1656
1622360 1651
1622370 1651
1622380 1645
1622390 1638
1622400 1638
1622410 1631
1622420 1625
1622430 1619
1622440 1619
1622450 1612
1622460 1607
1622470 1607
1622480 1600
1622490 1594
1622500 1594
1622510 1589
1622520 1583
1622530 1583
1622540 1577
1622550 1570
1622560 1570
1622570 1566
1622580 1562
1622590 1562
1622600 1560
1622610 1558
1622620 1558
1622630 1554
1622640 1550
1622650 1550
1622660 1547
1622670 1542
1622680 1542
1622690 1538
1622700 1533
1622710 1533
1622720 1528
1622730 1524
1622740 1520
1622750 1520
1622760 1516
1622770 1511
1622780 1511
1622790 1504
1622800 1496
1622810 1496
1622820 1487
1622830 1485
1622840 1485
1622850 1490
1622860 1494
1622870 1494
1622880 1498
1622890 1506
1622900 1506
1622910 1515
1622920 1521
1622930 1521
1622940 1526
1622950 1530
1622960 1530
1622970 1535
1622980 1538
1622990 1538
1623000 1543
1623010 1548
1623020 1548
1623030 1554
1623040 1559
1623050 1563
1623060 1563
1623070 1567
1623080 1571
1623090 1571
1623100 1575
1623110 1580
1623120 1580
1623130 1585
1623140 1591
1623150 1591
1623160 1596
1623170 1600
1623180 1600
1623190 1603
1623200 1608
1623210 1608
1623220 1613
1623230 1619
1623240 1619
1623250 1626
1623260 1631
1623270 1631
1623280 1637
1623290 1641
1623300 1641
1623310 1646
1623320 1651
1623330 1651
1623340 1657
1623350 1662
1623360 1667
1623370 1667
1623380 1671
1623390 1676
1623400 1676
1623410 1682
1623420 1688
1623430 1688
1623440 1693
1623450 1699
1623460 1699
1623470 1705
1623480 1710
1623490 1710
1623500 1716
1623510 1721
1623520 1721
1623530 1727
1623540 1732
1623550 1732
1623560 1736
1623570 1742
1623580 1742
1623590 1749
1623600 1756
1623610 1756
1623620 1762
1623630 1767
1623640 1767
1623650 1772
1623660 1777
1623670 1777
1623680 1783
1623690 1788
1623700 1793
1623710 1793
1623720 1798
1623730 1803
1623740 1803
1623750 1808
1623760 1814
1623770 1814
1623780 1819
1623790 1823
1623800 1823
1623810 1828
1623820 1832
1623830 1832
1623840 1837
1623850 1841
1623860 1841
1623870 1846
1623880 1851
1623890 1851
1623900 1857
1623910 1862
1623920 1862
1623930 1866
1623940 1870
1623950 1870
1623960 1874
1623970 1877
1623980 1877
1623990 1880
1624000 1882
1624010 1886
1624020 1886
1624030 1887
1624040 1885
1624050 1885
1624060 1882
1624070 1874
1624080 1874
1624090 1866
1624100 1860
1624110 1860
1624120 1854
1624130 1848
1624140 1848
1624150 1844
1624160 1841
1624170 1841
1624180 1837
1624190 1833
1624200 1833
1624210 1829
1624220 1826
1624230 1826
1624240 1823
1624250 1816
1624260 1816
1624270 1809
1624280 1803
1624290 1803
1624300 1795
1624310 1789
1624320 1784
1624330 1784
1624340 1780
1624350 1778
1624360 1778
1624370 1776
1624380 1775
1624390 1775
1624400 1772
1624410 1769
1624420 1769
1624430 1767
1624440 1763
1624450 1763
1624460 1757
1624470 1752
1624480 1752
1624490 1747
1624500 1742
1624510 1742
1624520 1736
1624530 1732
1624540 1732
1624550 1729
1624560 1725
1624570 1725
1624580 1719
1624590 1713
1624600 1713
1624610 1704
1624620 1697
1624630 1693
1624640 1693
1624650 1690
1624660 1685
1624670 1685
1624680 1679
1624690 1674
1624700 1674
1624710 1668
1624720 1662
1624730 1662
1624740 1655
1624750 1648
1624760 1648
1624770 1640
1624780 1633
1624790 1633
1624800 1625
1624810 1617
1624820 1617
1624830 1608
1624840 1599
1624850 1599
1624860 1592
1624870 1593
1624880 1593
1624890 1597
1624900 1601
1624910 1601
1624920 1602
1624930 1604
1624940 1605
1624950 1605
1624960 1606
1624970 1606
1624980 1606
1624990 1606
1625000 1608
1625010 1608
1625020 1612
1625030 1617
1625040 1617
1625050 1622
1625060 1629
1625070 1629
1625080 1634
1625090 1639
1625100 1639
1625110 1641
1625120 1647
1625130 1647
1625140 1654
1625150 1654
1625160 1654
1625170 1655
1625180 1660
1625190 1660
1625200 1665
1625210 1663
1625220 1663
1625230 1669
1625240 1677
1625250 1676
1625260 1676
1625270 1677
1625280 1675
1625290 1675
1625300 1676
1625310 1677
1625320 1677
1625330 1679
1625340 1685
1625350 1685
1625360 1691
1625370 1695
1625380 1695
1625390 1697
1625400 1697
1625410 1697
1625420 1699
1625430 1701
1625440 1701
1625450 1702
1625460 1703
1625470 1703
1625480 1711
1625490 1719
1625500 1719
1625510 1726
1625520 1731
1625530 1731
1625540 1736
1625550 1742
1625560 1747
1625570 1747
1625580 1752
1625590 1758
1625600 1758
1625610 1766
1625620 1772
1625630 1772
1625640 1779
1625650 1787
1625660 1787
1625670 1794
1625680 1801
1625690 1801
1625700 1806
1625710 1811
1625720 1811
1625730 1816
1625740 1822
1625750 1822
1625760 1827
1625770 1832
1625780 1832
1625790 1838
1625800 1843
1625810 1843
1625820 1847
1625830 1850
1625840 1850
1625850 1851
1625860 1853
1625870 1855
1625880 1855
1625890 1858
1625900 1862
1625910 1862
1625920 1865
1625930 1869
1625940 1869
1625950 1873
1625960 1871
1625970 1871
1625980 1863
1625990 1853
1626000 1853
1626010 1844
1626020 1836
1626030 1836
1626040 1828
1626050 1821
1626060 1821
1626070 1815
1626080 1809
1626090 1809
1626100 1804
1626110 1798
1626120 1801
1626130 1795
1626140 1789
1626150 1789
1626160 1783
1626170 1778
1626180 1773
1626190 1773
1626200 1767
1626210 1764
1626220 1764
1626230 1760
1626240 1756
1626250 1756
1626260 1754
1626270 1750
1626280 1750
1626290 1747
1626300 1744
1626310 1744
1626320 1739
1626330 1735
1626340 1735
1626350 1731
1626360 1728
1626370 1728
1626380 1727
1626390 1726
1626400 1726
1626410 1727
1626420 1726
1626430 1726
1626440 1725
1626450 1724
1626460 1724
1626470 1722
1626480 1720
1626490 1719
1626500 1719
1626510 1719
1626520 1719
1626530 1719
1626540 1719
1626550 1720
1626560 1720
1626570 1721
1626580 1721
1626590 1721
1626600 1718
1626610 1714
1626620 1714
1626630 1708
1626640 1702
1626650 1702
1626660 1696
1626670 1690
1626680 1690
1626690 1685
1626700 1680
1626710 1680
1626720 1676
1626730 1674
1626740 1674
1626750 1674
1626760 1673
1626770 1673
1626780 1673
1626790 1673
1626800 1672
1626810 1672
1626820 1671
1626830 1669
1626840 1669
1626850 1671
1626860 1674
1626870 1674
1626880 1677
1626890 1679
1626900 1679
1626910 1680
1626920 1681
1626930 1681
1626940 1683
1626950 1685
1626960 1685
1626970 1687
1626980 1687
1626990 1687
1627000 1686
1627010 1688
1627020 1688
1627030 1686
1627040 1684
1627050 1684
1627060 1681
1627070 1678
1627080 1678
1627090 1675
1627100 1672
1627110 1669
1627120 1669
1627130 1666
1627140 1664
1627150 1664
1627160 1662
1627170 1659
1627180 1659
1627190 1658
1627200 1656
1627210 1656
1627220 1654
1627230 1651
1627240 1651
1627250 1649
1627260 1646
1627270 1646
1627280 1643
1627290 1639
1627300 1639
1627310 1635
1627320 1630
1627330 1630
1627340 1626
1627350 1621
1627360 1621
1627370 1616
1627380 1611
1627390 1611
1627400 1606
1627410 1601
1627420 1601
1627430 1596
1627440 1591
1627450 1586
1627460 1586
1627470 1582
1627480 1578
1627490 1578
1627500 1575
1627510 1571
1627520 1571
1627530 1568
1627540 1565
1627550 1565
1627560 1562
1627570 1559
1627580 1559
1627590 1556
1627600 1553
1627610 1553
1627620 1550
1627630 1547
1627640 1547
1627650 1544
1627660 1541
1627670 1541
1627680 1537
1627690 1534
1627700 1534
1627710 1532
1627720 1528
1627730 1528
1627740 1525
1627750 1523
1627760 1520
1627770 1520
1627780 1516
1627790 1512
1627800 1512
1627810 1509
1627820 1506
1627830 1506
1627840 1503
1627850 1501
1627860 1501
1627870 1499
1627880 1497
1627890 1497
1627900 1495
1627910 1493
1627920 1493
1627930 1490
1627940 1488
1627950 1488
1627960 1486
1627970 1483
1627980 1483
1627990 1481
1628000 1479
1628010 1479
1628020 1476
1628030 1473
1628040 1473
1628050 1471
1628060 1469
1628070 1466
1628080 1466
1628090 1464
1628100 1461
1628110 1461
1628120 1458
1628130 1455
1628140 1455
1628150 1451
1628160 1446
1628170 1446
1628180 1438
1628190 1432
1628200 1432
1628210 1424
1628220 1422
1628230 1422
1628240 1425
1628250 1422
1628260 1422
1628270 1424
1628280 1424
1628290 1424
1628300 1425
1628310 1428
1628320 1428
1628330 1429
1628340 1431
1628350 1431
1628360 1431
1628370 1433
1628380 1435
1628390 1435
1628400 1437
1628410 1440
1628420 1440
1628430 1442
1628440 1444
1628450 1444
1628460 1446
1628470 1449
1628480 1449
1628490 1451
1628500 1453
1628510 1453
1628520 1456
1628530 1459
1628540 1459
1628550 1462
1628560 1465
1628570 1465
1628580 1468
1628590 1471
1628600 1471
1628610 1475
1628620 1478
1628630 1478
1628640 1477
1628650 1476
1628660 1476
1628670 1480
1628680 1485
1628690 1492
1628700 1492
1628710 1500
1628720 1507
1628730 1507
1628740 1514
1628750 1522
1628760 1522
1628770 1527
1628780 1531
1628790 1531
1628800 1540
1628810 1541
1628820 1541
1628830 1547
1628840 1553
1628850 1553
1628860 1556
1628870 1559
1628880 1559
1628890 1563
1628900 1567
1628910 1567
1628920 1570
1628930 1573
1628940 1573
1628950 1574
1628960 1575
1628970 1575
1628980 1577
1628990 1578
1629000 1579
1629010 1579
1629020 1578
1629030 1574
1629040 1574
1629050 1572
1629060 1571
1629070 1571
1629080 1573
1629090 1572
1629100 1572
1629110 1568
1629120 1561
1629130 1561
1629140 1560
1629150 1561
1629160 1561
1629170 1566
1629180 1573
1629190 1573
1629200 1580
1629210 1587
1629220 1587
1629230 1594
1629240 1600
1629250 1600
1629260 1606
1629270 1611
1629280 1611
1629290 1616
1629300 1620
1629310 1622
1629320 1622
1629330 1619
1629340 1615
1629350 1615
1629360 1610
1629370 1605
1629380 1605
1629390 1599
1629400 1594
1629410 1594
1629420 1588
1629430 1583
1629440 1583
1629450 1579
1629460 1574
1629470 1574
1629480 1569
1629490 1564
1629500 1564
1629510 1561
1629520 1559
1629530 1559
1629540 1556
1629550 1553
1629560 1553
1629570 1550
1629580 1546
1629590 1546
1629600 1543
1629610 1540
1629620 1537
1629630 1537
1629640 1533
1629650 1529
1629660 1529
1629670 1532
1629680 1545
1629690 1545
1629700 1550
1629710 1555
1629720 1555
1629730 1559
1629740 1562
1629750 1562
1629760 1562
1629770 1560
1629780 1560
1629790 1559
1629800 1558
1629810 1558
1629820 1558
1629830 1560
1629840 1560
1629850 1563
1629860 1567
1629870 1567
1629880 1573
1629890 1579
1629900 1579
1629910 1584
1629920 1587
1629930 1589
1629940 1589
1629950 1592
1629960 1595
1629970 1595
1629980 1598
1629990 1601
1630000 1601
1630010 1604
1630020 1607
1630030 1607
1630040 1610
1630050 1613
1630060 1613
1630070 1618
1630080 1624
1630090 1624
1630100 1629
1630110 1635
1630120 1635
1630130 1640
1630140 1646
1630150 1646
1630160 1651
1630170 1655
1630180 1655
1630190 1659
1630200 1663
1630210 1663
1630220 1667
1630230 1670
1630240 1672
1630250 1672
1630260 1671
1630270 1669
1630280 1669
1630290 1665
1630300 1662
1630310 1662
1630320 1658
1630330 1655
1630340 1655
1630350 1651
1630360 1648
1630370 1648
1630380 1646
1630390 1645
1630400 1645
1630410 1644
1630420 1642
1630430 1642
1630440 1642
1630450 1643
1630460 1643
1630470 1642
1630480 1643
1630490 1643
1630500 1643
1630510 1643
1630520 1643
1630530 1643
1630540 1643
1630550 1645
1630560 1652
1630570 1655
1630580 1658
1630590 1658
1630600 1662
1630610 1665
1630620 1665
1630630 1668
1630640 1670
1630650 1670
1630660 1672
1630670 1675
1630680 1675
1630690 1680
1630700 1685
1630710 1685
1630720 1689
1630730 1694
1630740 1694
1630750 1697
1630760 1702
1630770 1702
1630780 1706
1630790 1711
1630800 1711
1630810 1715
1630820 1718
1630830 1718
1630840 1707
1630850 1695
1630860 1691
1630870 1691
1630880 1687
1630890 1679
1630900 1679
1630910 1670
1630920 1660
1630930 1660
1630940 1650
1630950 1640
1630960 1640
1630970 1630
1630980 1620
1630990 1620
1631000 1613
1631010 1606
1631020 1606
1631030 1600
1631040 1593
1631050 1593
1631060 1587
1631070 1580
1631080 1580
1631090 1574
1631100 1567
1631110 1567
1631120 1560
1631130 1554
1631140 1554
1631150 1547
1631160 1542
1631170 1538
1631180 1538
1631190 1532
1631200 1527
1631210 1527
1631220 1523
1631230 1520
1631240 1520
1631250 1517
1631260 1515
1631270 1515
1631280 1513
1631290 1511
1631300 1511
1631310 1511
1631320 1511
1631330 1511
1631340 1512
1631350 1512
1631360 1512
1631370 1513
1631380 1512
1631390 1512
1631400 1511
1631410 1508
1631420 1508
1631430 1499
1631440 1497
1631450 1497
1631460 1495
1631470 1494
1631480 1494
1631490 1492
1631500 1491
1631510 1491
1631520 1491
1631530 1490
1631540 1489
1631550 1489
1631560 1488
1631570 1489
1631580 1489
1631590 1489
1631600 1488
1631610 1488
1631620 1486
1631630 1485
1631640 1485
1631650 1484
1631660 1484
1631670 1484
1631680 1484
1631690 1484
1631700 1484
1631710 1484
1631720 1484
1631730 1484
1631740 1485
1631750 1485
1631760 1485
1631770 1485
1631780 1485
1631790 1485
1631800 1486
1631810 1488
1631820 1488
1631830 1488
1631840 1488
1631850 1487
1631860 1487
1631870 1486
1631880 1484
1631890 1484
1631900 1482
1631910 1480
1631920 1480
1631930 1479
1631940 1479
1631950 1479
1631960 1477
1631970 1473
1631980 1473
1631990 1469
1632000 1467
1632010 1467
1632020 1464
1632030 1461
1632040 1461
1632050 1460
1632060 1458
1632070 1458
1632080 1456
1632090 1456
1632100 1456
1632110 1457
1632120 1457
1632130 1458
1632140 1458
1632150 1459
1632160 1460
1632170 1460
1632180 1462
1632190 1464
1632200 1464
1632210 1466
1632220 1468
1632230 1468
1632240 1470
1632250 1472
1632260 1472
1632270 1474
1632280 1473
1632290 1473
1632300 1473
1632310 1471
1632320 1471
1632330 1469
1632340 1467
1632350 1467
1632360 1466
1632370 1464
1632380 1464
1632390 1463
1632400 1462
1632410 1462
1632420 1460
1632430 1458
1632440 1457
1632450 1457
1632460 1457
1632470 1456
1632480 1456
1632490 1454
1632500 1452
1632510 1452
1632520 1449
1632530 1448
1632540 1448
1632550 1445
1632560 1443
1632570 1443
1632580 1442
1632590 1439
1632600 1439
1632610 1437
1632620 1436
1632630 1436
1632640 1434
1632650 1432
1632660 1432
1632670 1429
1632680 1426
1632690 1426
1632700 1423
1632710 1420
1632720 1420
1632730 1416
1632740 1413
1632750 1410
1632760 1410
1632770 1407
1632780 1404
1632790 1404
1632800 1401
1632810 1399
1632820 1399
1632830 1397
1632840 1394
1632850 1394
1632860 1391
1632870 1389
1632880 1389
1632890 1386
1632900 1383
1632910 1383
1632920 1379
1632930 1374
1632940 1374
1632950 1369
1632960 1364
1632970 1364
1632980 1361
1632990 1359
1633000 1359
1633010 1357
1633020 1354
1633030 1354
1633040 1353
1633050 1351
1633060 1349
1633070 1349
1633080 1350
1633090 1348
1633100 1348
1633110 1344
1633120 1341
1633130 1341
1633140 1338
1633150 1335
1633160 1341
1633170 1338
1633180 1336
1633190 1336
1633200 1335
1633210 1334
1633220 1334
1633230 1332
1633240 1329
1633250 1329
1633260 1327
1633270 1324
1633280 1324
1633290 1322
1633300 1319
1633310 1319
1633320 1317
1633330 1316
1633340 1316
1633350 1314
1633360 1313
1633370 1313
1633380 1313
1633390 1312
1633400 1311
1633410 1311
1633420 1311
1633430 1312
1633440 1312
1633450 1314
1633460 1314
1633470 1314
1633480 1309
1633490 1303
1633500 1303
1633510 1297
1633520 1291
1633530 1291
1633540 1284
1633550 1278
1633560 1278
1633570 1273
1633580 1268
1633590 1268
1633600 1263
1633610 1260
1633620 1260
1633630 1255
1633640 1251
1633650 1251
1633660 1246
1633670 1241
1633680 1236
1633690 1236
1633700 1231
1633710 1226
1633720 1226
1633730 1222
1633740 1218
1633750 1218
1633760 1213
1633770 1210
1633780 1210
1633790 1206
1633800 1201
1633810 1201
1633820 1196
1633830 1190
1633840 1190
1633850 1185
1633860 1178
1633870 1178
1633880 1172
1633890 1165
1633900 1165
1633910 1159
1633920 1152
1633930 1152
1633940 1145
1633950 1140
1633960 1140
1633970 1135
1633980 1129
1633990 1123
1634000 1123
1634010 1117
1634020 1107
1634030 1107
1634040 1101
1634050 1097
1634060 1097
1634070 1092
1634080 1089
1634090 1089
1634100 1086
1634110 1083
1634120 1083
1634130 1080
1634140 1076
1634150 1076
1634160 1070
1634170 1064
1634180 1064
1634190 1058
1634200 1053
1634210 1053
1634220 1046
1634230 1040
1634240 1040
1634250 1034
1634260 1029
1634270 1029
1634280 1023
1634290 1018
1634300 1013
1634310 1013
1634320 1009
1634330 1004
1634340 1004
1634350 999
1634360 995
1634370 995
1634380 992
1634390 988
1634400 988
1634410 983
1634420 978
1634430 978
1634440 973
1634450 967
1634460 967
1634470 961
1634480 955
1634490 955
1634500 949
1634510 943
1634520 943
1634530 937
1634540 932
1634550 932
1634560 925
1634570 917
1634580 917
1634590 908
1634600 899
1634610 891
1634620 891
1634630 885
1634640 878
1634650 878
1634660 872
1634670 869
1634680 869
1634690 868
1634700 867
1634710 867
1634720 867
1634730 866
1634740 866
1634750 865
1634760 864
1634770 864
1634780 865
1634790 867
1634800 867
1634810 870
1634820 873
1634830 873
1634840 876
1634850 877
1634860 877
1634870 874
1634880 868
1634890 868
1634900 863
1634910 857
1634920 851
1634930 851
1634940 845
1634950 838
1634960 838
1634970 829
1634980 824
1634990 824
1635000 822
1635010 822
1635020 822
1635030 822
1635040 821
1635050 821
1635060 820
1635070 822
1635080 822
1635090 823
1635100 822
1635110 822
1635120 821
1635130 821
1635140 821
1635150 821
1635160 824
1635170 824
1635180 824
1635190 822
1635200 822
1635210 821
1635220 820
1635230 820
1635240 820
1635250 820
1635260 819
1635270 819
1635280 819
1635290 819
1635300 819
1635310 818
1635320 818
1635330 818
1635340 818
1635350 817
1635360 817
1635370 817
1635380 817
1635390 817
1635400 817
1635410 816
1635420 816
1635430 816
1635440 816
1635450 816
1635460 815
1635470 815
1635480 815
1635490 815
1635500 815
1635510 815
1635520 815
1635530 815
1635540 815
1635550 814
1635560 814
1635570 813
1635580 813
1635590 812
1635600 812
1635610 812
1635620 811
1635630 811
1635640 811
1635650 810
1635660 810
1635670 810
1635680 809
1635690 809
1635700 809
1635710 808
1635720 807
1635730 807
1635740 807
1635750 807
1635760 807
1635770 807
1635780 807
1635790 807
1635800 807
1635810 808
1635820 808
1635830 808
1635840 807
1635850 807
1635860 805
1635870 804
1635880 804
1635890 804
1635900 804
1635910 803
1635920 803
1635930 803
1635940 803
1635950 803
1635960 803
1635970 803
1635980 803
1635990 803
1636000 802
1636010 802
1636020 802
1636030 801
1636040 801
1636050 801
1636060 801
1636070 801
1636080 801
1636090 800
1636100 800
1636110 800
1636120 799
1636130 799
1636140 799
1636150 798
1636160 798
1636170 798
1636180 798
1636190 798
1636200 798
1636210 798
1636220 798
1636230 798
1636240 797
1636250 797
1636260 797
1636270 797
1636280 797
1636290 797
1636300 796
1636310 798
1636320 798
1636330 799
1636340 799
1636350 799
1636360 800
1636370 801
1636380 801
1636390 801
1636400 799
1636410 799
1636420 796
1636430 798
1636440 798
1636450 799
1636460 799
1636470 799
1636480 799
1636490 802
1636500 809
1636510 809
1636520 815
1636530 820
1636540 820
1636550 823
1636560 828
1636570 828
1636580 831
1636590 834
1636600 834
1636610 837
1636620 837
1636630 837
1636640 838
1636650 839
1636660 839
1636670 838
1636680 840
1636690 840
1636700 844
1636710 849
1636720 849
1636730 858
1636740 869
1636750 869
1636760 874
1636770 873
1636780 873
1636790 872
1636800 872
1636810 873
1636820 873
1636830 875
1636840 882
1636850 882
1636860 881
1636870 876
1636880 876
1636890 876
1636900 877
1636910 877
1636920 877
1636930 877
1636940 877
1636950 877
1636960 876
1636970 876
1636980 875
1636990 875
1637000 875
1637010 875
1637020 875
1637030 875
1637040 875
1637050 875
1637060 875
1637070 874
1637080 873
1637090 873
1637100 873
1637110 874
1637120 872
1637130 872
1637140 873
1637150 880
1637160 880
1637170 887
1637180 894
1637190 894
1637200 900
1637210 907
1637220 907
1637230 913
1637240 920
1637250 920
1637260 926
1637270 932
1637280 932
1637290 937
1637300 943
1637310 943
1637320 949
1637330 956
1637340 956
1637350 965
1637360 972
1637370 972
1637380 978
1637390 978
1637400 978
1637410 984
1637420 987
1637430 992
1637440 992
1637450 996
1637460 1000
1637470 1000
1637480 1004
1637490 1009
1637500 1009
1637510 1014
1637520 1020
1637530 1020
1637540 1024
1637550 1029
1637560 1029
1637570 1032
1637580 1037
1637590 1037
1637600 1041
1637610 1046
1637620 1046
1637630 1052
1637640 1058
1637650 1058
1637660 1063
1637670 1068
1637680 1068
1637690 1072
1637700 1077
1637710 1077
1637720 1082
1637730 1087
1637740 1092
1637750 1092
1637760 1097
1637770 1103
1637780 1103
1637790 1108
1637800 1113
1637810 1113
1637820 1118
1637830 1123
1637840 1123
1637850 1128
1637860 1134
1637870 1134
1637880 1139
1637890 1144
1637900 1144
1637910 1150
1637920 1156
1637930 1156
1637940 1161
1637950 1166
1637960 1166
1637970 1171
1637980 1176
1637990 1176
1638000 1181
1638010 1186
1638020 1186
1638030 1191
1638040 1197
1638050 1197
1638060 1202
1638070 1209
1638080 1217
1638090 1217
1638100 1226
1638110 1234
1638120 1234
1638130 1236
1638140 1234
1638150 1234
1638160 1230
1638170 1226
1638180 1226
1638190 1222
1638200 1219
1638210 1219
1638220 1218
1638230 1224
1638240 1224
1638250 1222
1638260 1220
1638270 1220
1638280 1219
1638290 1218
1638300 1218
1638310 1217
1638320 1218
1638330 1218
1638340 1218
1638350 1219
1638360 1219
1638370 1221
1638380 1223
1638390 1225
1638400 1225
1638410 1228
1638420 1232
1638430 1232
1638440 1233
1638450 1231
1638460 1231
1638470 1230
1638480 1229
1638490 1229
1638500 1227
1638510 1225
1638520 1225
1638530 1221
1638540 1219
1638550 1219
1638560 1215
1638570 1212
1638580 1212
1638590 1209
1638600 1206
1638610 1206
1638620 1203
1638630 1199
1638640 1199
1638650 1196
1638660 1192
1638670 1192
1638680 1188
1638690 1185
1638700 1180
1638710 1180
1638720 1175
1638730 1171
1638740 1171
1638750 1167
1638760 1164
1638770 1164
1638780 1160
1638790 1156
1638800 1156
1638810 1151
1638820 1148
1638830 1148
1638840 1143
1638850 1141
1638860 1141
1638870 1138
1638880 1134
1638890 1134
1638900 1130
1638910 1127
1638920 1127
1638930 1123
1638940 1118
1638950 1118
1638960 1112
1638970 1106
1638980 1106
1638990 1101
1639000 1097
1639010 1093
1639020 1093
1639030 1088
1639040 1083
1639050 1080
1639060 1077
1639070 1073
1639080 1073
1639090 1069
1639100 1063
1639110 1063
1639120 1057
1639130 1051
1639140 1051
1639150 1046
1639160 1041
1639170 1041
1639180 1036
1639190 1031
1639200 1031
1639210 1024
1639220 1018
1639230 1018
1639240 1011
1639250 1004
1639260 1004
1639270 1000
1639280 998
1639290 998
1639300 996
1639310 992
1639320 989
1639330 989
1639340 986
1639350 984
1639360 984
1639370 981
1639380 979
1639390 979
1639400 976
1639410 974
1639420 974
1639430 971
1639440 969
1639450 969
1639460 966
1639470 963
1639480 963
1639490 961
1639500 962
1639510 962
1639520 963
1639530 965
1639540 965
1639550 966
1639560 967
1639570 967
1639580 965
1639590 963
1639600 963
1639610 959
1639620 955
1639630 951
1639640 951
1639650 947
1639660 943
1639670 943
1639680 938
1639690 933
1639700 933
1639710 929
1639720 925
1639730 925
1639740 922
1639750 920
1639760 920
1639770 919
1639780 915
1639790 915
1639800 912
1639810 908
1639820 908
1639830 906
1639840 902
1639850 902
1639860 899
1639870 896
1639880 898
1639890 894
1639900 891
1639910 891
1639920 888
1639930 885
1639940 882
1639950 882
1639960 879
1639970 875
1639980 875
1639990 872
