1620000 1679
1620010 1679
1620020 1683
1620030 1693
1620040 1693
1620050 1701
1620060 1706
1620070 1706
1620080 1712
1620090 1719
1620100 1719
1620110 1724
1620120 1727
1620130 1727
1620140 1729
1620150 1735
1620160 1735
1620170 1741
1620180 1748
1620190 1748
1620200 1753
1620210 1757
1620220 1757
1620230 1757
1620240 1760
1620250 1760
1620260 1762
1620270 1762
1620280 1763
1620290 1763
1620300 1764
1620310 1764
1620320 1764
1620330 1765
1620340 1765
1620350 1765
1620360 1765
1620370 1762
1620380 1762
1620390 1758
1620400 1753
1620410 1753
1620420 1749
1620430 1745
1620440 1745
1620450 1741
1620460 1738
1620470 1738
1620480 1734
1620490 1730
1620500 1730
1620510 1726
1620520 1723
1620530 1723
1620540 1719
1620550 1714
1620560 1714
1620570 1709
1620580 1704
1620590 1700
1620600 1700
1620610 1696
1620620 1692
1620630 1692
1620640 1688
1620650 1685
1620660 1685
1620670 1683
1620680 1680
1620690 1680
1620700 1679
1620710 1679
1620720 1679
1620730 1680
1620740 1679
1620750 1679
1620760 1678
1620770 1677
1620780 1677
1620790 1676
1620800 1673
1620810 1673
1620820 1673
1620830 1672
1620840 1672
1620850 1672
1620860 1673
1620870 1673
1620880 1674
1620890 1675
1620900 1675
1620910 1676
1620920 1677
1620930 1679
1620940 1679
1620950 1680
1620960 1682
1620970 1682
1620980 1684
1620990 1686
1621000 1686
1621010 1688
1621020 1691
1621030 1691
1621040 1693
1621050 1696
1621060 1696
1621070 1699
1621080 1701
1621090 1701
1621100 1702
1621110 1699
1621120 1699
1621130 1695
1621140 1694
1621150 1694
1621160 1695
1621170 1697
1621180 1697
1621190 1698
1621200 1702
1621210 1702
1621220 1705
1621230 1707
1621240 1708
1621250 1708
1621260 1705
1621270 1700
1621280 1700
1621290 1697
1621300 1698
1621310 1698
1621320 1699
1621330 1698
1621340 1698
1621350 1696
1621360 1694
1621370 1694
1621380 1691
1621390 1689
1621400 1689
1621410 1687
1621420 1685
1621430 1685
1621440 1683
1621450 1680
1621460 1680
1621470 1679
1621480 1678
1621490 1678
1621500 1679
1621510 1679
1621520 1679
1621530 1680
1621540 1685
1621550 1687
1621560 1687
1621570 1688
1621580 1688
1621590 1688
1621600 1685
1621610 1682
1621620 1682
1621630 1683
1621640 1685
1621650 1685
1621660 1686
1621670 1686
1621680 1686
1621690 1687
1621700 1687
1621710 1687
1621720 1688
1621730 1688
1621740 1684
1621750 1685
1621760 1686
1621770 1686
1621780 1686
1621790 1686
1621800 1686
1621810 1686
1621820 1687
1621830 1687
1621840 1686
1621850 1687
1621860 1687
1621870 1687
1621880 1687
1621890 1688
1621900 1688
1621910 1688
1621920 1688
1621930 1688
1621940 1689
1621950 1689
1621960 1689
1621970 1689
1621980 1690
1621990 1690
1622000 1691
1622010 1692
1622020 1692
1622030 1693
1622040 1692
1622050 1692
1622060 1689
1622070 1686
1622080 1686
1622090 1684
1622100 1683
1622110 1683
1622120 1680
1622130 1675
1622140 1675
1622150 1669
1622160 1662
1622170 1654
1622180 1654
1622190 1648
1622200 1638
1622210 1638
1622220 1631
1622230 1623
1622240 1623
1622250 1615
1622260 1607
1622270 1607
1622280 1599
1622290 1592
1622300 1592
1622310 1584
1622320 1578
1622330 1578
1622340 1571
1622350 1564
1622360 1564
1622370 1557
1622380 1548
1622390 1548
1622400 1538
1622410 1526
1622420 1526
1622430 1515
1622440 1505
1622450 1505
1622460 1496
1622470 1487
1622480 1487
1622490 1479
1622500 1470
1622510 1463
1622520 1463
1622530 1456
1622540 1450
1622550 1450
1622560 1443
1622570 1437
1622580 1437
1622590 1431
1622600 1425
1622610 1425
1622620 1418
1622630 1412
1622640 1412
1622650 1408
1622660 1403
1622670 1403
1622680 1399
1622690 1396
1622700 1396
1622710 1394
1622720 1391
1622730 1391
1622740 1388
1622750 1386
1622760 1386
1622770 1379
1622780 1370
1622790 1370
1622800 1361
1622810 1359
1622820 1369
1622830 1369
1622840 1378
1622850 1384
1622860 1384
1622870 1389
1622880 1394
1622890 1394
1622900 1398
1622910 1403
1622920 1403
1622930 1409
1622940 1415
1622950 1415
1622960 1421
1622970 1428
1622980 1428
1622990 1435
1623000 1441
1623010 1441
1623020 1447
1623030 1452
1623040 1452
1623050 1457
1623060 1462
1623070 1462
1623080 1468
1623090 1474
1623100 1474
1623110 1479
1623120 1482
1623130 1484
1623140 1484
1623150 1487
1623160 1490
1623170 1490
1623180 1492
1623190 1495
1623200 1495
1623210 1497
1623220 1500
1623230 1500
1623240 1503
1623250 1506
1623260 1506
1623270 1508
1623280 1509
1623290 1509
1623300 1511
1623310 1513
1623320 1513
1623330 1515
1623340 1518
1623350 1518
1623360 1522
1623370 1529
1623380 1529
1623390 1536
1623400 1541
1623410 1541
1623420 1545
1623430 1549
1623440 1553
1623450 1553
1623460 1556
1623470 1556
1623480 1556
1623490 1556
1623500 1558
1623510 1558
1623520 1558
1623530 1558
1623540 1558
1623550 1559
1623560 1561
1623570 1561
1623580 1563
1623590 1563
1623600 1563
1623610 1565
1623620 1567
1623630 1567
1623640 1568
1623650 1569
1623660 1569
1623670 1570
1623680 1569
1623690 1569
1623700 1569
1623710 1569
1623720 1569
1623730 1568
1623740 1567
1623750 1566
1623760 1566
1623770 1563
1623780 1561
1623790 1561
1623800 1560
1623810 1560
1623820 1560
1623830 1562
1623840 1563
1623850 1563
1623860 1564
1623870 1564
1623880 1564
1623890 1565
1623900 1566
1623910 1566
1623920 1568
1623930 1568
1623940 1568
1623950 1567
1623960 1566
1623970 1566
1623980 1569
1623990 1569
1624000 1569
1624010 1568
1624020 1566
1624030 1566
1624040 1565
1624050 1565
1624060 1564
1624070 1564
1624080 1563
1624090 1560
1624100 1560
1624110 1559
1624120 1557
1624130 1557
1624140 1554
1624150 1554
1624160 1554
1624170 1553
1624180 1552
1624190 1552
1624200 1551
1624210 1548
1624220 1548
1624230 1545
1624240 1543
1624250 1543
1624260 1541
1624270 1538
1624280 1538
1624290 1535
1624300 1530
1624310 1530
1624320 1524
1624330 1519
1624340 1519
1624350 1514
1624360 1509
1624370 1509
1624380 1504
1624390 1501
1624400 1496
1624410 1496
1624420 1490
1624430 1482
1624440 1482
1624450 1474
1624460 1468
1624470 1468
1624480 1462
1624490 1457
1624500 1456
1624510 1451
1624520 1445
1624530 1445
1624540 1440
1624550 1436
1624560 1436
1624570 1432
1624580 1430
1624590 1430
1624600 1429
1624610 1427
1624620 1427
1624630 1424
1624640 1420
1624650 1420
1624660 1415
1624670 1411
1624680 1411
1624690 1408
1624700 1404
1624710 1397
1624720 1397
1624730 1394
1624740 1391
1624750 1391
1624760 1383
1624770 1377
1624780 1377
1624790 1371
1624800 1366
1624810 1366
1624820 1360
1624830 1354
1624840 1354
1624850 1349
1624860 1343
1624870 1343
1624880 1338
1624890 1334
1624900 1334
1624910 1330
1624920 1327
1624930 1327
1624940 1325
1624950 1323
1624960 1323
1624970 1321
1624980 1319
1624990 1319
1625000 1318
1625010 1317
1625020 1317
1625030 1317
1625040 1318
1625050 1315
1625060 1315
1625070 1312
1625080 1316
1625090 1316
1625100 1320
1625110 1321
1625120 1321
1625130 1322
1625140 1324
1625150 1324
1625160 1327
1625170 1329
1625180 1329
1625190 1332
1625200 1337
1625210 1337
1625220 1341
1625230 1345
1625240 1345
1625250 1350
1625260 1355
1625270 1355
1625280 1360
1625290 1368
1625300 1368
1625310 1374
1625320 1381
1625330 1388
1625340 1388
1625350 1396
1625360 1402
1625370 1402
1625380 1408
1625390 1414
1625400 1414
1625410 1422
1625420 1431
1625430 1431
1625440 1439
1625450 1448
1625460 1448
1625470 1459
1625480 1471
1625490 1471
1625500 1481
1625510 1489
1625520 1489
1625530 1496
1625540 1504
1625550 1504
1625560 1514
1625570 1521
1625580 1521
1625590 1527
1625600 1531
1625610 1531
1625620 1535
1625630 1540
1625640 1545
1625650 1545
1625660 1552
1625670 1560
1625680 1560
1625690 1567
1625700 1574
1625710 1574
1625720 1582
1625730 1590
1625740 1590
1625750 1599
1625760 1607
1625770 1607
1625780 1617
1625790 1626
1625800 1626
1625810 1635
1625820 1646
1625830 1646
1625840 1656
1625850 1665
1625860 1665
1625870 1674
1625880 1682
1625890 1682
1625900 1690
1625910 1700
1625920 1700
1625930 1709
1625940 1713
1625950 1713
1625960 1713
1625970 1713
1625980 1712
1625990 1712
1626000 1710
1626010 1709
1626020 1709
1626030 1707
1626040 1706
1626050 1706
1626060 1705
1626070 1703
1626080 1703
1626090 1702
1626100 1700
1626110 1700
1626120 1698
1626130 1697
1626140 1697
1626150 1697
1626160 1696
1626170 1696
1626180 1695
1626190 1694
1626200 1694
1626210 1693
1626220 1692
1626230 1692
1626240 1691
1626250 1691
1626260 1691
1626270 1690
1626280 1690
1626290 1689
1626300 1689
1626310 1689
1626320 1683
1626330 1683
1626340 1681
1626350 1680
1626360 1680
1626370 1679
1626380 1679
1626390 1679
1626400 1678
1626410 1677
1626420 1677
1626430 1677
1626440 1678
1626450 1678
1626460 1678
1626470 1678
1626480 1678
1626490 1678
1626500 1678
1626510 1678
1626520 1679
1626530 1680
1626540 1680
1626550 1680
1626560 1680
1626570 1680
1626580 1681
1626590 1683
1626600 1685
1626610 1685
1626620 1688
1626630 1691
1626640 1691
1626650 1694
1626660 1697
1626670 1697
1626680 1700
1626690 1704
1626700 1704
1626710 1709
1626720 1713
1626730 1713
1626740 1717
1626750 1721
1626760 1721
1626770 1726
1626780 1731
1626790 1731
1626800 1736
1626810 1740
1626820 1740
1626830 1744
1626840 1748
1626850 1748
1626860 1751
1626870 1755
1626880 1755
1626890 1758
1626900 1761
1626910 1763
1626920 1763
1626930 1765
1626940 1767
1626950 1767
1626960 1769
1626970 1771
1626980 1771
1626990 1773
1627000 1775
1627010 1775
1627020 1777
1627030 1779
1627040 1779
1627050 1781
1627060 1784
1627070 1784
1627080 1786
1627090 1788
1627100 1788
1627110 1790
1627120 1792
1627130 1792
1627140 1795
1627150 1798
1627160 1798
1627170 1800
1627180 1802
1627190 1802
1627200 1805
1627210 1808
1627220 1809
1627230 1809
1627240 1812
1627250 1815
1627260 1815
1627270 1818
1627280 1822
1627290 1822
1627300 1825
1627310 1827
1627320 1827
1627330 1830
1627340 1833
1627350 1833
1627360 1837
1627370 1839
1627380 1839
1627390 1842
1627400 1845
1627410 1845
1627420 1848
1627430 1851
1627440 1851
1627450 1853
1627460 1852
1627470 1852
1627480 1848
1627490 1845
1627500 1845
1627510 1842
1627520 1839
1627530 1836
1627540 1836
1627550 1834
1627560 1830
1627570 1830
1627580 1827
1627590 1823
1627600 1823
1627610 1815
1627620 1809
1627630 1809
1627640 1802
1627650 1801
1627660 1801
1627670 1805
1627680 1811
1627690 1811
1627700 1811
1627710 1807
1627720 1807
1627730 1804
1627740 1803
1627750 1803
1627760 1801
1627770 1799
1627780 1799
1627790 1796
1627800 1797
1627810 1797
1627820 1795
1627830 1795
1627840 1795
1627850 1792
1627860 1786
1627870 1782
1627880 1782
1627890 1778
1627900 1776
1627910 1776
1627920 1776
1627930 1775
1627940 1775
1627950 1775
1627960 1779
1627970 1779
1627980 1785
1627990 1792
1628000 1792
1628010 1800
1628020 1808
1628030 1808
1628040 1813
1628050 1818
1628060 1818
1628070 1823
1628080 1827
1628090 1827
1628100 1831
1628110 1833
1628120 1833
1628130 1838
1628140 1841
1628150 1841
1628160 1844
1628170 1847
1628180 1848
1628190 1848
1628200 1845
1628210 1841
1628220 1841
1628230 1838
1628240 1834
1628250 1834
1628260 1832
1628270 1831
1628280 1831
1628290 1830
1628300 1830
1628310 1830
1628320 1829
1628330 1827
1628340 1827
1628350 1826
1628360 1828
1628370 1828
1628380 1829
1628390 1830
1628400 1830
1628410 1830
1628420 1832
1628430 1832
1628440 1833
1628450 1834
1628460 1834
1628470 1835
1628480 1836
1628490 1834
1628500 1834
1628510 1830
1628520 1830
1628530 1830
1628540 1830
1628550 1829
1628560 1829
1628570 1830
1628580 1830
1628590 1830
1628600 1831
1628610 1832
1628620 1832
1628630 1833
1628640 1834
1628650 1834
1628660 1835
1628670 1837
1628680 1837
1628690 1837
1628700 1838
1628710 1838
1628720 1839
1628730 1839
1628740 1839
1628750 1840
1628760 1841
1628770 1841
1628780 1843
1628790 1844
1628800 1846
1628810 1846
1628820 1847
1628830 1848
1628840 1848
1628850 1846
1628860 1841
1628870 1841
1628880 1837
1628890 1833
1628900 1833
1628910 1830
1628920 1827
1628930 1827
1628940 1827
1628950 1827
1628960 1827
1628970 1827
1628980 1826
1628990 1826
1629000 1817
1629010 1816
1629020 1816
1629030 1815
1629040 1814
1629050 1814
1629060 1813
1629070 1813
1629080 1813
1629090 1812
1629100 1810
1629110 1809
1629120 1809
1629130 1807
1629140 1805
1629150 1805
1629160 1803
1629170 1802
1629180 1802
1629190 1801
1629200 1800
1629210 1800
1629220 1801
1629230 1802
1629240 1802
1629250 1804
1629260 1806
1629270 1806
1629280 1806
1629290 1803
1629300 1803
1629310 1800
1629320 1799
1629330 1799
1629340 1798
1629350 1795
1629360 1795
1629370 1789
1629380 1785
1629390 1785
1629400 1782
1629410 1778
1629420 1778
1629430 1775
1629440 1773
1629450 1771
1629460 1771
1629470 1769
1629480 1768
1629490 1768
1629500 1765
1629510 1763
1629520 1763
1629530 1761
1629540 1759
1629550 1759
1629560 1757
1629570 1754
1629580 1754
1629590 1752
1629600 1750
1629610 1750
1629620 1748
1629630 1747
1629640 1747
1629650 1746
1629660 1745
1629670 1745
1629680 1745
1629690 1744
1629700 1744
1629710 1745
1629720 1746
1629730 1746
1629740 1746
1629750 1747
1629760 1748
1629770 1748
1629780 1748
1629790 1745
1629800 1745
1629810 1739
1629820 1730
1629830 1730
1629840 1722
1629850 1714
1629860 1714
1629870 1707
1629880 1698
1629890 1698
1629900 1690
1629910 1681
1629920 1681
1629930 1673
1629940 1665
1629950 1665
1629960 1655
1629970 1634
1629980 1634
1629990 1628
1630000 1621
1630010 1621
1630020 1615
1630030 1610
1630040 1610
1630050 1604
1630060 1599
1630070 1593
1630080 1593
1630090 1587
1630100 1581
1630110 1581
1630120 1575
1630130 1569
1630140 1569
1630150 1563
1630160 1558
1630170 1558
1630180 1555
1630190 1552
1630200 1552
1630210 1546
1630220 1539
1630230 1539
1630240 1533
1630250 1528
1630260 1528
1630270 1526
1630280 1522
1630290 1522
1630300 1517
1630310 1512
1630320 1512
1630330 1507
1630340 1503
1630350 1503
1630360 1499
1630370 1495
1630380 1489
1630390 1489
1630400 1485
1630410 1485
1630420 1485
1630430 1484
1630440 1483
1630450 1483
1630460 1481
1630470 1478
1630480 1478
1630490 1476
1630500 1475
1630510 1475
1630520 1473
1630530 1470
1630540 1470
1630550 1469
1630560 1469
1630570 1469
1630580 1468
1630590 1467
1630600 1467
1630610 1466
1630620 1464
1630630 1464
1630640 1463
1630650 1462
1630660 1462
1630670 1461
1630680 1460
1630690 1460
1630700 1460
1630710 1458
1630720 1456
1630730 1456
1630740 1452
1630750 1448
1630760 1442
1630770 1440
1630780 1435
1630790 1435
1630800 1429
1630810 1424
1630820 1424
1630830 1418
1630840 1414
1630850 1414
1630860 1408
1630870 1402
1630880 1402
1630890 1395
1630900 1390
1630910 1390
1630920 1385
1630930 1381
1630940 1381
1630950 1382
1630960 1384
1630970 1384
1630980 1384
1630990 1385
1631000 1386
1631010 1386
1631020 1386
1631030 1386
1631040 1386
1631050 1388
1631060 1389
1631070 1389
1631080 1388
1631090 1384
1631100 1384
1631110 1380
1631120 1377
1631130 1377
1631140 1372
1631150 1367
1631160 1367
1631170 1361
1631180 1356
1631190 1356
1631200 1351
1631210 1345
1631220 1345
1631230 1339
1631240 1334
1631250 1334
1631260 1332
1631270 1326
1631280 1326
1631290 1321
1631300 1315
1631310 1315
1631320 1308
1631330 1300
1631340 1294
1631350 1294
1631360 1289
1631370 1284
1631380 1284
1631390 1279
1631400 1272
1631410 1272
1631420 1266
1631430 1261
1631440 1261
1631450 1257
1631460 1252
1631470 1252
1631480 1249
1631490 1247
1631500 1247
1631510 1242
1631520 1238
1631530 1238
1631540 1234
1631550 1230
1631560 1230
1631570 1228
1631580 1229
1631590 1229
1631600 1230
1631610 1234
1631620 1234
1631630 1231
1631640 1234
1631650 1236
1631660 1236
1631670 1239
1631680 1242
1631690 1242
1631700 1243
1631710 1245
1631720 1245
1631730 1247
1631740 1249
1631750 1249
1631760 1251
1631770 1252
1631780 1252
1631790 1254
1631800 1258
1631810 1258
1631820 1261
1631830 1263
1631840 1263
1631850 1265
1631860 1266
1631870 1266
1631880 1267
1631890 1267
1631900 1267
1631910 1265
1631920 1263
1631930 1263
1631940 1262
1631950 1261
1631960 1260
1631970 1260
1631980 1258
1631990 1256
1632000 1256
1632010 1255
1632020 1254
1632030 1254
1632040 1251
1632050 1246
1632060 1246
1632070 1239
1632080 1233
1632090 1233
1632100 1228
1632110 1223
1632120 1223
1632130 1218
1632140 1214
1632150 1214
1632160 1209
1632170 1205
1632180 1205
1632190 1200
1632200 1196
1632210 1196
1632220 1192
1632230 1188
1632240 1188
1632250 1184
1632260 1180
1632270 1176
1632280 1176
1632290 1171
1632300 1167
1632310 1167
1632320 1163
1632330 1162
1632340 1162
1632350 1160
1632360 1159
1632370 1159
1632380 1157
1632390 1154
1632400 1154
1632410 1150
1632420 1142
1632430 1142
1632440 1134
1632450 1125
1632460 1125
1632470 1116
1632480 1114
1632490 1109
1632500 1116
1632510 1119
1632520 1119
1632530 1124
1632540 1128
1632550 1128
1632560 1131
1632570 1132
1632580 1132
1632590 1132
1632600 1135
1632610 1140
1632620 1140
1632630 1145
1632640 1145
1632650 1145
1632660 1145
1632670 1145
1632680 1145
1632690 1144
1632700 1144
1632710 1144
1632720 1145
1632730 1144
1632740 1144
1632750 1141
1632760 1139
1632770 1139
1632780 1138
1632790 1135
1632800 1135
1632810 1132
1632820 1128
1632830 1128
1632840 1124
1632850 1120
1632860 1120
1632870 1116
1632880 1112
1632890 1112
1632900 1111
1632910 1108
1632920 1105
1632930 1105
1632940 1101
1632950 1097
1632960 1097
1632970 1094
1632980 1092
1632990 1092
1633000 1091
1633010 1090
1633020 1090
1633030 1091
1633040 1092
1633050 1092
1633060 1091
1633070 1090
1633080 1090
1633090 1089
1633100 1088
1633110 1088
1633120 1086
1633130 1081
1633140 1081
1633150 1078
1633160 1073
1633170 1073
1633180 1067
1633190 1062
1633200 1062
1633210 1058
1633220 1051
1633230 1047
1633240 1047
1633250 1042
1633260 1039
1633270 1039
1633280 1036
1633290 1033
1633300 1033
1633310 1031
1633320 1031
1633330 1031
1633340 1032
1633350 1029
1633360 1029
1633370 1029
1633380 1030
1633390 1030
1633400 1030
1633410 1030
1633420 1030
1633430 1028
1633440 1027
1633450 1027
1633460 1027
1633470 1025
1633480 1025
1633490 1024
1633500 1022
1633510 1022
1633520 1021
1633530 1020
1633540 1019
1633550 1019
1633560 1019
1633570 1018
1633580 1018
1633590 1016
1633600 1015
1633610 1015
1633620 1013
1633630 1011
1633640 1011
1633650 1007
1633660 1003
1633670 1003
1633680 1001
1633690 998
1633700 998
1633710 995
1633720 991
1633730 991
1633740 987
1633750 985
1633760 985
1633770 984
1633780 981
1633790 981
1633800 979
1633810 975
1633820 975
1633830 972
1633840 966
1633850 962
1633860 962
1633870 957
1633880 953
1633890 953
1633900 950
1633910 948
1633920 948
1633930 946
1633940 945
1633950 945
1633960 943
1633970 942
1633980 942
1633990 940
1634000 941
1634010 941
1634020 937
1634030 932
1634040 932
1634050 927
1634060 924
1634070 924
1634080 921
1634090 919
1634100 919
1634110 916
1634120 913
1634130 913
1634140 909
1634150 904
1634160 900
1634170 900
1634180 898
1634190 896
1634200 896
1634210 888
1634220 885
1634230 885
1634240 883
1634250 880
1634260 880
1634270 877
1634280 875
1634290 875
1634300 874
1634310 873
1634320 873
1634330 870
1634340 866
1634350 866
1634360 862
1634370 857
1634380 857
1634390 852
1634400 848
1634410 848
1634420 846
1634430 844
1634440 844
1634450 840
1634460 836
1634470 833
1634480 833
1634490 832
1634500 832
1634510 832
1634520 831
1634530 828
1634540 828
1634550 827
1634560 826
1634570 826
1634580 825
1634590 824
1634600 824
1634610 824
1634620 823
1634630 823
1634640 823
1634650 822
1634660 822
1634670 823
1634680 823
1634690 823
1634700 823
1634710 823
1634720 823
1634730 823
1634740 823
1634750 823
1634760 823
1634770 823
1634780 823
1634790 823
1634800 825
1634810 825
1634820 825
1634830 824
1634840 822
1634850 822
1634860 823
1634870 823
1634880 823
1634890 823
1634900 824
1634910 824
1634920 825
1634930 826
1634940 826
1634950 828
1634960 830
1634970 830
1634980 833
1634990 836
1635000 836
1635010 840
1635020 843
1635030 843
1635040 847
1635050 852
1635060 852
1635070 857
1635080 862
1635090 862
1635100 867
1635110 872
1635120 877
1635130 877
1635140 882
1635150 886
1635160 886
1635170 889
1635180 893
1635190 893
1635200 899
1635210 905
1635220 905
1635230 909
1635240 914
1635250 914
1635260 920
1635270 926
1635280 926
1635290 931
1635300 938
1635310 938
1635320 944
1635330 949
1635340 949
1635350 956
1635360 962
1635370 962
1635380 966
1635390 971
1635400 971
1635410 977
1635420 984
1635430 992
1635440 992
1635450 999
1635460 1006
1635470 1006
1635480 1013
1635490 1021
1635500 1021
1635510 1028
1635520 1037
1635530 1037
1635540 1045
1635550 1052
1635560 1052
1635570 1059
1635580 1067
1635590 1067
1635600 1073
1635610 1080
1635620 1080
1635630 1087
1635640 1094
1635650 1094
1635660 1101
1635670 1107
1635680 1107
1635690 1114
1635700 1121
1635710 1121
1635720 1130
1635730 1139
1635740 1148
1635750 1148
1635760 1155
1635770 1162
1635780 1162
1635790 1169
1635800 1176
1635810 1176
1635820 1184
1635830 1192
1635840 1192
1635850 1200
1635860 1206
1635870 1206
1635880 1213
1635890 1219
1635900 1219
1635910 1225
1635920 1231
1635930 1231
1635940 1236
1635950 1240
1635960 1240
1635970 1241
1635980 1241
1635990 1241
1636000 1242
1636010 1242
1636020 1242
1636030 1243
1636040 1243
1636050 1244
1636060 1244
1636070 1245
1636080 1246
1636090 1246
1636100 1247
1636110 1248
1636120 1248
1636130 1250
1636140 1252
1636150 1252
1636160 1253
1636170 1255
1636180 1255
1636190 1258
1636200 1260
1636210 1260
1636220 1262
1636230 1265
1636240 1265
1636250 1268
1636260 1271
1636270 1271
1636280 1274
1636290 1277
1636300 1277
1636310 1280
1636320 1282
1636330 1282
1636340 1283
1636350 1284
1636360 1284
1636370 1285
1636380 1285
1636390 1285
1636400 1285
1636410 1285
1636420 1285
1636430 1285
1636440 1286
1636450 1286
1636460 1286
1636470 1288
1636480 1289
1636490 1289
1636500 1290
1636510 1291
1636520 1291
1636530 1293
1636540 1295
1636550 1295
1636560 1299
1636570 1298
1636580 1298
1636590 1297
1636600 1297
1636610 1297
1636620 1296
1636630 1293
1636640 1293
1636650 1291
1636660 1288
1636670 1288
1636680 1287
1636690 1286
1636700 1286
1636710 1286
1636720 1287
1636730 1286
1636740 1286
1636750 1277
1636760 1274
1636770 1274
1636780 1270
1636790 1269
1636800 1269
1636810 1265
1636820 1260
1636830 1260
1636840 1259
1636850 1252
1636860 1252
1636870 1248
1636880 1245
1636890 1245
1636900 1242
1636910 1239
1636920 1239
1636930 1235
1636940 1233
1636950 1233
1636960 1229
1636970 1225
1636980 1225
1636990 1219
1637000 1216
1637010 1213
1637020 1213
1637030 1208
1637040 1204
1637050 1204
1637060 1199
1637070 1195
1637080 1195
1637090 1192
1637100 1189
1637110 1189
1637120 1186
1637130 1184
1637140 1184
1637150 1181
1637160 1178
1637170 1178
1637180 1174
1637190 1170
1637200 1170
1637210 1167
1637220 1165
1637230 1165
1637240 1163
1637250 1161
1637260 1161
1637270 1159
1637280 1158
1637290 1158
1637300 1157
1637310 1157
1637320 1156
1637330 1156
1637340 1154
1637350 1153
1637360 1153
1637370 1154
1637380 1156
1637390 1156
1637400 1160
1637410 1167
1637420 1167
1637430 1173
1637440 1174
1637450 1174
1637460 1175
1637470 1174
1637480 1174
1637490 1170
1637500 1165
1637510 1165
1637520 1162
1637530 1159
1637540 1159
1637550 1157
1637560 1154
1637570 1154
1637580 1142
1637590 1138
1637600 1138
1637610 1135
1637620 1132
1637630 1132
1637640 1128
1637650 1125
1637660 1122
1637670 1122
1637680 1119
1637690 1116
1637700 1116
1637710 1112
1637720 1108
1637730 1108
1637740 1101
1637750 1093
1637760 1093
1637770 1087
1637780 1086
1637790 1086
1637800 1081
1637810 1077
1637820 1077
1637830 1072
1637840 1067
1637850 1067
1637860 1062
1637870 1058
1637880 1058
1637890 1056
1637900 1053
1637910 1053
1637920 1050
1637930 1048
1637940 1048
1637950 1045
1637960 1043
1637970 1040
1637980 1040
1637990 1038
1638000 1036
1638010 1036
1638020 1036
1638030 1036
1638040 1036
1638050 1035
1638060 1033
1638070 1033
1638080 1032
1638090 1030
1638100 1030
1638110 1027
1638120 1024
1638130 1024
1638140 1023
1638150 1022
1638160 1022
1638170 1021
1638180 1020
1638190 1020
1638200 1019
1638210 1018
1638220 1018
1638230 1017
1638240 1016
1638250 1016
1638260 1015
1638270 1014
1638280 1013
1638290 1013
1638300 1012
1638310 1011
1638320 1011
1638330 1009
1638340 1007
1638350 1007
1638360 1006
1638370 1003
1638380 1003
1638390 1001
1638400 999
1638410 997
1638420 996
1638430 995
1638440 995
1638450 993
1638460 992
1638470 992
1638480 992
1638490 991
1638500 991
1638510 990
1638520 989
1638530 989
1638540 987
1638550 986
1638560 986
1638570 983
1638580 981
1638590 978
1638600 978
1638610 974
1638620 970
1638630 970
1638640 965
1638650 965
1638660 965
1638670 969
1638680 974
1638690 974
1638700 975
1638710 976
1638720 976
1638730 976
1638740 975
1638750 975
1638760 973
1638770 970
1638780 970
1638790 969
1638800 968
1638810 968
1638820 968
1638830 967
1638840 967
1638850 966
1638860 966
1638870 966
1638880 966
1638890 967
1638900 969
1638910 969
1638920 969
1638930 971
1638940 971
1638950 971
1638960 971
1638970 971
1638980 970
1638990 968
1639000 968
1639010 968
1639020 969
1639030 969
1639040 969
1639050 970
1639060 970
1639070 971
1639080 972
1639090 972
1639100 973
1639110 971
1639120 971
1639130 965
1639140 961
1639150 961
1639160 965
1639170 967
1639180 967
1639190 969
1639200 969
1639210 969
1639220 970
1639230 972
1639240 977
1639250 977
1639260 978
1639270 979
1639280 979
1639290 978
1639300 977
1639310 977
1639320 978
1639330 979
1639340 979
1639350 979
1639360 979
1639370 979
1639380 981
1639390 982
1639400 982
1639410 981
1639420 981
1639430 981
1639440 980
1639450 980
1639460 980
1639470 981
1639480 981
1639490 981
1639500 981
1639510 982
1639520 982
1639530 982
1639540 982
1639550 983
1639560 983
1639570 984
1639580 985
1639590 985
1639600 985
1639610 983
1639620 983
1639630 981
1639640 977
1639650 977
1639660 975
1639670 976
1639680 976
1639690 978
1639700 981
1639710 981
1639720 984
1639730 986
1639740 986
1639750 988
1639760 989
1639770 989
1639780 990
1639790 990
1639800 990
1639810 990
1639820 989
1639830 989
1639840 989
1639850 988
1639860 987
1639870 987
1639880 985
1639890 983
1639900 983
1639910 980
1639920 976
1639930 976
1639940 973
1639950 971
1639960 971
1639970 971
1639980 977
1639990 977
