1620000 1668
1620010 1668
1620020 1677
1620030 1683
1620040 1683
1620050 1689
1620060 1696
1620070 1696
1620080 1701
1620090 1707
1620100 1707
1620110 1715
1620120 1720
1620130 1720
1620140 1724
1620150 1731
1620160 1731
1620170 1738
1620180 1745
1620190 1753
1620200 1753
1620210 1760
1620220 1755
1620230 1755
1620240 1746
1620250 1737
1620260 1737
1620270 1728
1620280 1720
1620290 1720
1620300 1714
1620310 1705
1620320 1705
1620330 1697
1620340 1689
1620350 1689
1620360 1681
1620370 1674
1620380 1674
1620390 1668
1620400 1662
1620410 1662
1620420 1656
1620430 1650
1620440 1650
1620450 1644
1620460 1638
1620470 1638
1620480 1631
1620490 1625
1620500 1619
1620510 1619
1620520 1614
1620530 1609
1620540 1609
1620550 1604
1620560 1599
1620570 1599
1620580 1595
1620590 1590
1620600 1590
1620610 1583
1620620 1577
1620630 1577
1620640 1571
1620650 1565
1620660 1565
1620670 1559
1620680 1553
1620690 1553
1620700 1548
1620710 1543
1620720 1543
1620730 1538
1620740 1532
1620750 1532
1620760 1526
1620770 1520
1620780 1520
1620790 1514
1620800 1509
1620810 1504
1620820 1504
1620830 1499
1620840 1493
1620850 1493
1620860 1488
1620870 1483
1620880 1483
1620890 1477
1620900 1472
1620910 1472
1620920 1467
1620930 1460
1620940 1460
1620950 1456
1620960 1461
1620970 1461
1620980 1465
1620990 1464
1621000 1464
1621010 1464
1621020 1466
1621030 1466
1621040 1466
1621050 1465
1621060 1465
1621070 1461
1621080 1453
1621090 1453
1621100 1450
1621110 1448
1621120 1448
1621130 1450
1621140 1452
1621150 1456
1621160 1456
1621170 1459
1621180 1460
1621190 1460
1621200 1462
1621210 1462
1621220 1462
1621230 1460
1621240 1458
1621250 1458
1621260 1458
1621270 1456
1621280 1456
1621290 1454
1621300 1453
1621310 1453
1621320 1454
1621330 1453
1621340 1453
1621350 1453
1621360 1452
1621370 1452
1621380 1453
1621390 1452
1621400 1452
1621410 1452
1621420 1452
1621430 1452
1621440 1451
1621450 1450
1621460 1451
1621470 1451
1621480 1452
1621490 1452
1621500 1452
1621510 1452
1621520 1454
1621530 1454
1621540 1455
1621550 1456
1621560 1456
1621570 1456
1621580 1457
1621590 1457
1621600 1458
1621610 1457
1621620 1457
1621630 1457
1621640 1459
1621650 1459
1621660 1461
1621670 1462
1621680 1462
1621690 1462
1621700 1459
1621710 1459
1621720 1454
1621730 1446
1621740 1446
1621750 1436
1621760 1428
1621770 1432
1621780 1432
1621790 1434
1621800 1434
1621810 1434
1621820 1435
1621830 1437
1621840 1437
1621850 1439
1621860 1442
1621870 1442
1621880 1445
1621890 1449
1621900 1449
1621910 1451
1621920 1453
1621930 1453
1621940 1456
1621950 1459
1621960 1459
1621970 1460
1621980 1460
1621990 1460
1622000 1460
1622010 1455
1622020 1455
1622030 1456
1622040 1457
1622050 1457
1622060 1457
1622070 1460
1622080 1464
1622090 1464
1622100 1466
1622110 1470
1622120 1470
1622130 1472
1622140 1474
1622150 1474
1622160 1475
1622170 1475
1622180 1475
1622190 1474
1622200 1474
1622210 1474
1622220 1476
1622230 1480
1622240 1480
1622250 1485
1622260 1488
1622270 1488
1622280 1491
1622290 1494
1622300 1494
1622310 1496
1622320 1497
1622330 1497
1622340 1497
1622350 1497
1622360 1497
1622370 1496
1622380 1495
1622390 1495
1622400 1494
1622410 1493
1622420 1492
1622430 1492
1622440 1497
1622450 1501
1622460 1501
1622470 1500
1622480 1497
1622490 1497
1622500 1494
1622510 1492
1622520 1492
1622530 1489
1622540 1486
1622550 1486
1622560 1483
1622570 1479
1622580 1479
1622590 1475
1622600 1472
1622610 1472
1622620 1469
1622630 1467
1622640 1467
1622650 1467
1622660 1467
1622670 1467
1622680 1467
1622690 1469
1622700 1469
1622710 1470
1622720 1472
1622730 1472
1622740 1472
1622750 1473
1622760 1474
1622770 1474
1622780 1475
1622790 1475
1622800 1475
1622810 1475
1622820 1475
1622830 1475
1622840 1475
1622850 1475
1622860 1475
1622870 1475
1622880 1473
1622890 1473
1622900 1470
1622910 1467
1622920 1467
1622930 1469
1622940 1468
1622950 1468
1622960 1467
1622970 1468
1622980 1468
1622990 1470
1623000 1473
1623010 1473
1623020 1475
1623030 1472
1623040 1466
1623050 1466
1623060 1458
1623070 1448
1623080 1448
1623090 1441
1623100 1434
1623110 1434
1623120 1427
1623130 1421
1623140 1421
1623150 1414
1623160 1407
1623170 1407
1623180 1401
1623190 1395
1623200 1395
1623210 1388
1623220 1382
1623230 1382
1623240 1376
1623250 1370
1623260 1370
1623270 1364
1623280 1356
1623290 1356
1623300 1352
1623310 1346
1623320 1346
1623330 1339
1623340 1334
1623350 1330
1623360 1330
1623370 1326
1623380 1322
1623390 1322
1623400 1318
1623410 1314
1623420 1314
1623430 1308
1623440 1304
1623450 1304
1623460 1298
1623470 1292
1623480 1292
1623490 1287
1623500 1283
1623510 1283
1623520 1280
1623530 1274
1623540 1274
1623550 1269
1623560 1263
1623570 1263
1623580 1254
1623590 1245
1623600 1245
1623610 1237
1623620 1233
1623630 1233
1623640 1236
1623650 1240
1623660 1240
1623670 1245
1623680 1252
1623690 1261
1623700 1261
1623710 1268
1623720 1274
1623730 1274
1623740 1280
1623750 1284
1623760 1284
1623770 1287
1623780 1290
1623790 1290
1623800 1292
1623810 1294
1623820 1294
1623830 1294
1623840 1293
1623850 1286
1623860 1287
1623870 1289
1623880 1289
1623890 1291
1623900 1292
1623910 1292
1623920 1293
1623930 1293
1623940 1293
1623950 1295
1623960 1292
1623970 1292
1623980 1288
1623990 1282
1624000 1277
1624010 1277
1624020 1272
1624030 1276
1624040 1276
1624050 1281
1624060 1286
1624070 1286
1624080 1290
1624090 1290
1624100 1290
1624110 1287
1624120 1283
1624130 1283
1624140 1280
1624150 1275
1624160 1275
1624170 1271
1624180 1268
1624190 1268
1624200 1265
1624210 1262
1624220 1262
1624230 1261
1624240 1259
1624250 1259
1624260 1255
1624270 1251
1624280 1251
1624290 1248
1624300 1246
1624310 1244
1624320 1244
1624330 1241
1624340 1236
1624350 1236
1624360 1229
1624370 1228
1624380 1228
1624390 1231
1624400 1231
1624410 1231
1624420 1228
1624430 1224
1624440 1224
1624450 1221
1624460 1216
1624470 1216
1624480 1212
1624490 1210
1624500 1210
1624510 1207
1624520 1204
1624530 1204
1624540 1200
1624550 1198
1624560 1198
1624570 1198
1624580 1201
1624590 1201
1624600 1206
1624610 1209
1624620 1212
1624630 1212
1624640 1216
1624650 1220
1624660 1220
1624670 1223
1624680 1227
1624690 1227
1624700 1229
1624710 1232
1624720 1232
1624730 1233
1624740 1237
1624750 1237
1624760 1243
1624770 1253
1624780 1253
1624790 1258
1624800 1263
1624810 1263
1624820 1270
1624830 1276
1624840 1276
1624850 1281
1624860 1286
1624870 1286
1624880 1292
1624890 1296
1624900 1296
1624910 1300
1624920 1305
1624930 1310
1624940 1310
1624950 1317
1624960 1323
1624970 1323
1624980 1328
1624990 1332
1625000 1332
1625010 1334
1625020 1337
1625030 1337
1625040 1341
1625050 1345
1625060 1345
1625070 1349
1625080 1354
1625090 1354
1625100 1358
1625110 1363
1625120 1363
1625130 1369
1625140 1375
1625150 1375
1625160 1380
1625170 1383
1625180 1383
1625190 1388
1625200 1393
1625210 1393
1625220 1397
1625230 1399
1625240 1399
1625250 1397
1625260 1400
1625270 1405
1625280 1405
1625290 1410
1625300 1413
1625310 1413
1625320 1414
1625330 1415
1625340 1415
1625350 1415
1625360 1415
1625370 1415
1625380 1417
1625390 1416
1625400 1416
1625410 1410
1625420 1406
1625430 1406
1625440 1408
1625450 1409
1625460 1409
1625470 1410
1625480 1414
1625490 1414
1625500 1422
1625510 1429
1625520 1429
1625530 1432
1625540 1435
1625550 1435
1625560 1439
1625570 1443
1625580 1446
1625590 1446
1625600 1449
1625610 1452
1625620 1452
1625630 1455
1625640 1458
1625650 1458
1625660 1461
1625670 1464
1625680 1469
1625690 1471
1625700 1474
1625710 1474
1625720 1477
1625730 1480
1625740 1480
1625750 1484
1625760 1487
1625770 1487
1625780 1489
1625790 1492
1625800 1492
1625810 1496
1625820 1500
1625830 1500
1625840 1503
1625850 1508
1625860 1508
1625870 1513
1625880 1517
1625890 1521
1625900 1521
1625910 1525
1625920 1529
1625930 1529
1625940 1533
1625950 1538
1625960 1538
1625970 1542
1625980 1546
1625990 1546
1626000 1550
1626010 1553
1626020 1553
1626030 1557
1626040 1560
1626050 1560
1626060 1565
1626070 1570
1626080 1570
1626090 1574
1626100 1578
1626110 1578
1626120 1583
1626130 1589
1626140 1589
1626150 1595
1626160 1601
1626170 1601
1626180 1608
1626190 1613
1626200 1618
1626210 1618
1626220 1623
1626230 1628
1626240 1628
1626250 1632
1626260 1637
1626270 1637
1626280 1642
1626290 1648
1626300 1648
1626310 1654
1626320 1659
1626330 1659
1626340 1664
1626350 1668
1626360 1668
1626370 1673
1626380 1677
1626390 1677
1626400 1681
1626410 1684
1626420 1684
1626430 1688
1626440 1692
1626450 1692
1626460 1696
1626470 1700
1626480 1700
1626490 1703
1626500 1706
1626510 1706
1626520 1708
1626530 1711
1626540 1714
1626550 1714
1626560 1716
1626570 1719
1626580 1722
1626590 1725
1626600 1728
1626610 1728
1626620 1731
1626630 1733
1626640 1733
1626650 1737
1626660 1740
1626670 1740
1626680 1744
1626690 1748
1626700 1748
1626710 1751
1626720 1755
1626730 1755
1626740 1759
1626750 1761
1626760 1761
1626770 1762
1626780 1762
1626790 1762
1626800 1761
1626810 1757
1626820 1757
1626830 1752
1626840 1746
1626850 1740
1626860 1740
1626870 1736
1626880 1731
1626890 1731
1626900 1725
1626910 1720
1626920 1720
1626930 1714
1626940 1708
1626950 1708
1626960 1702
1626970 1696
1626980 1696
1626990 1689
1627000 1684
1627010 1684
1627020 1683
1627030 1681
1627040 1681
1627050 1678
1627060 1677
1627070 1677
1627080 1675
1627090 1672
1627100 1672
1627110 1670
1627120 1669
1627130 1669
1627140 1667
1627150 1664
1627160 1661
1627170 1661
1627180 1658
1627190 1655
1627200 1655
1627210 1651
1627220 1648
1627230 1648
1627240 1645
1627250 1639
1627260 1639
1627270 1630
1627280 1624
1627290 1624
1627300 1619
1627310 1620
1627320 1620
1627330 1625
1627340 1627
1627350 1627
1627360 1628
1627370 1628
1627380 1628
1627390 1629
1627400 1630
1627410 1630
1627420 1630
1627430 1632
1627440 1632
1627450 1635
1627460 1636
1627470 1637
1627480 1631
1627490 1630
1627500 1623
1627510 1623
1627520 1613
1627530 1603
1627540 1603
1627550 1600
1627560 1598
1627570 1598
1627580 1594
1627590 1591
1627600 1591
1627610 1588
1627620 1582
1627630 1582
1627640 1572
1627650 1562
1627660 1562
1627670 1551
1627680 1542
1627690 1542
1627700 1535
1627710 1533
1627720 1533
1627730 1530
1627740 1528
1627750 1528
1627760 1526
1627770 1527
1627780 1527
1627790 1525
1627800 1522
1627810 1520
1627820 1520
1627830 1516
1627840 1511
1627850 1511
1627860 1507
1627870 1505
1627880 1505
1627890 1503
1627900 1502
1627910 1502
1627920 1504
1627930 1503
1627940 1503
1627950 1499
1627960 1495
1627970 1495
1627980 1499
1627990 1503
1628000 1503
1628010 1507
1628020 1512
1628030 1512
1628040 1517
1628050 1522
1628060 1522
1628070 1526
1628080 1531
1628090 1531
1628100 1536
1628110 1540
1628120 1543
1628130 1543
1628140 1547
1628150 1551
1628160 1551
1628170 1554
1628180 1556
1628190 1556
1628200 1557
1628210 1554
1628220 1554
1628230 1549
1628240 1542
1628250 1542
1628260 1529
1628270 1521
1628280 1521
1628290 1514
1628300 1504
1628310 1504
1628320 1504
1628330 1511
1628340 1511
1628350 1517
1628360 1523
1628370 1519
1628380 1524
1628390 1529
1628400 1529
1628410 1535
1628420 1541
1628430 1547
1628440 1547
1628450 1556
1628460 1565
1628470 1565
1628480 1573
1628490 1580
1628500 1580
1628510 1587
1628520 1593
1628530 1593
1628540 1598
1628550 1603
1628560 1603
1628570 1606
1628580 1608
1628590 1608
1628600 1604
1628610 1598
1628620 1598
1628630 1590
1628640 1577
1628650 1577
1628660 1566
1628670 1558
1628680 1558
1628690 1550
1628700 1544
1628710 1544
1628720 1540
1628730 1538
1628740 1539
1628750 1539
1628760 1537
1628770 1531
1628780 1531
1628790 1524
1628800 1513
1628810 1513
1628820 1503
1628830 1494
1628840 1494
1628850 1486
1628860 1480
1628870 1480
1628880 1475
1628890 1470
1628900 1470
1628910 1465
1628920 1461
1628930 1461
1628940 1457
1628950 1454
1628960 1454
1628970 1451
1628980 1447
1628990 1447
1629000 1441
1629010 1444
1629020 1444
1629030 1451
1629040 1456
1629050 1456
1629060 1460
1629070 1464
1629080 1468
1629090 1468
1629100 1473
1629110 1477
1629120 1477
1629130 1480
1629140 1482
1629150 1482
1629160 1483
1629170 1484
1629180 1484
1629190 1486
1629200 1487
1629210 1487
1629220 1487
1629230 1487
1629240 1487
1629250 1485
1629260 1486
1629270 1486
1629280 1487
1629290 1487
1629300 1487
1629310 1486
1629320 1484
1629330 1484
1629340 1482
1629350 1480
1629360 1480
1629370 1479
1629380 1478
1629390 1477
1629400 1477
1629410 1476
1629420 1475
1629430 1475
1629440 1476
1629450 1475
1629460 1475
1629470 1473
1629480 1471
1629490 1471
1629500 1470
1629510 1469
1629520 1469
1629530 1469
1629540 1468
1629550 1468
1629560 1468
1629570 1467
1629580 1467
1629590 1465
1629600 1463
1629610 1463
1629620 1460
1629630 1458
1629640 1458
1629650 1455
1629660 1452
1629670 1452
1629680 1452
1629690 1452
1629700 1450
1629710 1450
1629720 1448
1629730 1447
1629740 1447
1629750 1445
1629760 1443
1629770 1443
1629780 1440
1629790 1439
1629800 1439
1629810 1437
1629820 1437
1629830 1437
1629840 1438
1629850 1440
1629860 1440
1629870 1442
1629880 1444
1629890 1444
1629900 1446
1629910 1448
1629920 1448
1629930 1450
1629940 1452
1629950 1452
1629960 1452
1629970 1449
1629980 1449
1629990 1446
1630000 1443
1630010 1437
1630020 1437
1630030 1430
1630040 1423
1630050 1423
1630060 1417
1630070 1411
1630080 1411
1630090 1405
1630100 1398
1630110 1398
1630120 1392
1630130 1386
1630140 1386
1630150 1380
1630160 1373
1630170 1373
1630180 1366
1630190 1363
1630200 1363
1630210 1358
1630220 1353
1630230 1353
1630240 1346
1630250 1340
1630260 1340
1630270 1334
1630280 1329
1630290 1329
1630300 1325
1630310 1320
1630320 1320
1630330 1316
1630340 1311
1630350 1306
1630360 1306
1630370 1301
1630380 1295
1630390 1295
1630400 1289
1630410 1285
1630420 1285
1630430 1280
1630440 1273
1630450 1273
1630460 1267
1630470 1263
1630480 1263
1630490 1261
1630500 1257
1630510 1257
1630520 1252
1630530 1248
1630540 1248
1630550 1244
1630560 1241
1630570 1241
1630580 1238
1630590 1235
1630600 1235
1630610 1232
1630620 1229
1630630 1229
1630640 1225
1630650 1221
1630660 1215
1630670 1215
1630680 1210
1630690 1204
1630700 1204
1630710 1199
1630720 1194
1630730 1194
1630740 1189
1630750 1181
1630760 1181
1630770 1175
1630780 1169
1630790 1169
1630800 1163
1630810 1158
1630820 1158
1630830 1152
1630840 1147
1630850 1147
1630860 1143
1630870 1139
1630880 1139
1630890 1135
1630900 1130
1630910 1130
1630920 1126
1630930 1120
1630940 1120
1630950 1114
1630960 1110
1630970 1108
1630980 1108
1630990 1105
1631000 1100
1631010 1095
1631020 1091
1631030 1087
1631040 1087
1631050 1083
1631060 1081
1631070 1081
1631080 1079
1631090 1080
1631100 1080
1631110 1080
1631120 1077
1631130 1077
1631140 1073
1631150 1070
1631160 1070
1631170 1068
1631180 1063
1631190 1063
1631200 1059
1631210 1058
1631220 1058
1631230 1059
1631240 1058
1631250 1058
1631260 1058
1631270 1058
1631280 1056
1631290 1056
1631300 1054
1631310 1052
1631320 1052
1631330 1053
1631340 1055
1631350 1055
1631360 1057
1631370 1056
1631380 1056
1631390 1055
1631400 1053
1631410 1053
1631420 1048
1631430 1045
1631440 1045
1631450 1044
1631460 1045
1631470 1045
1631480 1044
1631490 1041
1631500 1041
1631510 1038
1631520 1035
1631530 1035
1631540 1034
1631550 1033
1631560 1033
1631570 1030
1631580 1028
1631590 1028
1631600 1027
1631610 1024
1631620 1023
1631630 1023
1631640 1021
1631650 1019
1631660 1019
1631670 1019
1631680 1020
1631690 1020
1631700 1020
1631710 1018
1631720 1018
1631730 1015
1631740 1011
1631750 1011
1631760 1010
1631770 1008
1631780 1008
1631790 1006
1631800 1004
1631810 1004
1631820 999
1631830 998
1631840 998
1631850 998
1631860 999
1631870 999
1631880 992
1631890 991
1631900 991
1631910 989
1631920 987
1631930 986
1631940 986
1631950 986
1631960 986
1631970 986
1631980 985
1631990 984
1632000 984
1632010 983
1632020 983
1632030 983
1632040 982
1632050 981
1632060 981
1632070 978
1632080 975
1632090 975
1632100 972
1632110 969
1632120 969
1632130 967
1632140 966
1632150 966
1632160 965
1632170 964
1632180 964
1632190 962
1632200 960
1632210 960
1632220 956
1632230 952
1632240 950
1632250 950
1632260 946
1632270 943
1632280 943
1632290 941
1632300 940
1632310 940
1632320 937
1632330 936
1632340 936
1632350 933
1632360 929
1632370 929
1632380 926
1632390 925
1632400 925
1632410 925
1632420 923
1632430 923
1632440 922
1632450 920
1632460 920
1632470 918
1632480 915
1632490 915
1632500 913
1632510 912
1632520 912
1632530 911
1632540 910
1632550 909
1632560 909
1632570 909
1632580 909
1632590 909
1632600 908
1632610 906
1632620 906
1632630 904
1632640 902
1632650 902
1632660 900
1632670 898
1632680 898
1632690 897
1632700 896
1632710 896
1632720 891
1632730 887
1632740 886
1632750 884
1632760 885
1632770 885
1632780 888
1632790 889
1632800 889
1632810 887
1632820 886
1632830 886
1632840 885
1632850 885
1632860 885
1632870 884
1632880 884
1632890 885
1632900 885
1632910 886
1632920 885
1632930 885
1632940 884
1632950 883
1632960 883
1632970 882
1632980 881
1632990 881
1633000 879
1633010 878
1633020 878
1633030 876
1633040 874
1633050 874
1633060 874
1633070 874
1633080 874
1633090 872
1633100 868
1633110 868
1633120 865
1633130 862
1633140 862
1633150 862
1633160 861
1633170 861
1633180 860
1633190 859
1633200 858
1633210 858
1633220 857
1633230 855
1633240 855
1633250 851
1633260 850
1633270 850
1633280 849
1633290 849
1633300 849
1633310 849
1633320 849
1633330 849
1633340 848
1633350 847
1633360 847
1633370 845
1633380 845
1633390 845
1633400 845
1633410 844
1633420 844
1633430 844
1633440 844
1633450 844
1633460 844
1633470 845
1633480 845
1633490 845
1633500 845
1633510 845
1633520 845
1633530 843
1633540 841
1633550 841
1633560 841
1633570 841
1633580 841
1633590 841
1633600 841
1633610 841
1633620 841
1633630 841
1633640 841
1633650 840
1633660 840
1633670 840
1633680 840
1633690 840
1633700 840
1633710 840
1633720 840
1633730 840
1633740 840
1633750 839
1633760 839
1633770 840
1633780 840
1633790 840
1633800 840
1633810 840
1633820 841
1633830 841
1633840 842
1633850 842
1633860 842
1633870 849
1633880 861
1633890 861
1633900 869
1633910 871
1633920 871
1633930 870
1633940 870
1633950 870
1633960 870
1633970 872
1633980 872
1633990 875
1634000 879
1634010 879
1634020 884
1634030 890
1634040 890
1634050 897
1634060 901
1634070 901
1634080 901
1634090 905
1634100 905
1634110 907
1634120 910
1634130 910
1634140 912
1634150 916
1634160 921
1634170 921
1634180 926
1634190 932
1634200 932
1634210 936
1634220 940
1634230 940
1634240 942
1634250 945
1634260 945
1634270 947
1634280 949
1634290 949
1634300 951
1634310 954
1634320 954
1634330 957
1634340 961
1634350 961
1634360 965
1634370 969
1634380 969
1634390 972
1634400 976
1634410 976
1634420 979
1634430 980
1634440 980
1634450 982
1634460 990
1634470 992
1634480 992
1634490 994
1634500 997
1634510 997
1634520 1001
1634530 1005
1634540 1005
1634550 1011
1634560 1016
1634570 1016
1634580 1022
1634590 1029
1634600 1029
1634610 1037
1634620 1042
1634630 1042
1634640 1046
1634650 1048
1634660 1048
1634670 1048
1634680 1049
1634690 1049
1634700 1050
1634710 1050
1634720 1050
1634730 1052
1634740 1053
1634750 1053
1634760 1055
1634770 1057
1634780 1060
1634790 1060
1634800 1062
1634810 1065
1634820 1065
1634830 1067
1634840 1069
1634850 1069
1634860 1071
1634870 1071
1634880 1071
1634890 1071
1634900 1070
1634910 1070
1634920 1069
1634930 1069
1634940 1069
1634950 1069
1634960 1068
1634970 1068
1634980 1066
1634990 1064
1635000 1064
1635010 1058
1635020 1052
1635030 1052
1635040 1053
1635050 1048
1635060 1048
1635070 1042
1635080 1044
1635090 1050
1635100 1050
1635110 1054
1635120 1062
1635130 1062
1635140 1070
1635150 1077
1635160 1077
1635170 1085
1635180 1094
1635190 1094
1635200 1103
1635210 1110
1635220 1110
1635230 1117
1635240 1129
1635250 1129
1635260 1140
1635270 1138
1635280 1138
1635290 1136
1635300 1130
1635310 1130
1635320 1130
1635330 1131
1635340 1131
1635350 1133
1635360 1135
1635370 1135
1635380 1136
1635390 1137
1635400 1137
1635410 1139
1635420 1141
1635430 1142
1635440 1142
1635450 1144
1635460 1145
1635470 1145
1635480 1147
1635490 1148
1635500 1148
1635510 1150
1635520 1152
1635530 1152
1635540 1153
1635550 1155
1635560 1155
1635570 1156
1635580 1159
1635590 1159
1635600 1161
1635610 1163
1635620 1163
1635630 1166
1635640 1169
1635650 1169
1635660 1171
1635670 1174
1635680 1174
1635690 1176
1635700 1179
1635710 1179
1635720 1181
1635730 1183
1635740 1185
1635750 1185
1635760 1187
1635770 1189
1635780 1189
1635790 1191
1635800 1193
1635810 1193
1635820 1195
1635830 1197
1635840 1197
1635850 1199
1635860 1202
1635870 1202
1635880 1205
1635890 1208
1635900 1208
1635910 1211
1635920 1214
1635930 1214
1635940 1216
1635950 1219
1635960 1219
1635970 1222
1635980 1224
1635990 1224
1636000 1227
1636010 1231
1636020 1231
1636030 1233
1636040 1232
1636050 1232
1636060 1232
1636070 1235
1636080 1227
1636090 1227
1636100 1217
1636110 1211
1636120 1211
1636130 1210
1636140 1209
1636150 1206
1636160 1204
1636170 1203
1636180 1203
1636190 1201
1636200 1197
1636210 1197
1636220 1194
1636230 1191
1636240 1191
1636250 1190
1636260 1188
1636270 1188
1636280 1185
1636290 1184
1636300 1184
1636310 1183
1636320 1182
1636330 1182
1636340 1182
1636350 1182
1636360 1182
1636370 1181
1636380 1181
1636390 1180
1636400 1180
1636410 1180
1636420 1179
1636430 1179
1636440 1179
1636450 1179
1636460 1179
1636470 1177
1636480 1176
1636490 1176
1636500 1175
1636510 1173
1636520 1173
1636530 1172
1636540 1171
1636550 1171
1636560 1170
1636570 1168
1636580 1168
1636590 1167
1636600 1166
1636610 1166
1636620 1165
1636630 1164
1636640 1164
1636650 1163
1636660 1162
1636670 1162
1636680 1161
1636690 1160
1636700 1158
1636710 1158
1636720 1157
1636730 1155
1636740 1155
1636750 1153
1636760 1152
1636770 1152
1636780 1149
1636790 1147
1636800 1147
1636810 1145
1636820 1143
1636830 1143
1636840 1140
1636850 1138
1636860 1138
1636870 1135
1636880 1133
1636890 1133
1636900 1131
1636910 1129
1636920 1129
1636930 1127
1636940 1125
1636950 1125
1636960 1123
1636970 1122
1636980 1122
1636990 1120
1637000 1119
1637010 1117
1637020 1117
1637030 1116
1637040 1114
1637050 1114
1637060 1112
1637070 1110
1637080 1110
1637090 1107
1637100 1103
1637110 1103
1637120 1098
1637130 1095
1637140 1095
1637150 1094
1637160 1092
1637170 1092
1637180 1091
1637190 1090
1637200 1090
1637210 1089
1637220 1088
1637230 1088
1637240 1086
1637250 1085
1637260 1085
1637270 1084
1637280 1083
1637290 1083
1637300 1081
1637310 1080
1637320 1075
1637330 1075
1637340 1075
1637350 1077
1637360 1077
1637370 1076
1637380 1077
1637390 1077
1637400 1076
1637410 1076
1637420 1076
1637430 1075
1637440 1074
1637450 1074
1637460 1073
1637470 1073
1637480 1073
1637490 1073
1637500 1073
1637510 1073
1637520 1073
1637530 1073
1637540 1073
1637550 1072
1637560 1072
1637570 1072
1637580 1072
1637590 1072
1637600 1072
1637610 1072
1637620 1073
1637630 1073
1637640 1072
1637650 1071
1637660 1072
1637670 1072
1637680 1072
1637690 1072
1637700 1072
1637710 1072
1637720 1070
1637730 1070
1637740 1070
1637750 1069
1637760 1069
1637770 1070
1637780 1069
1637790 1069
1637800 1068
1637810 1068
1637820 1070
1637830 1070
1637840 1069
1637850 1069
1637860 1066
1637870 1065
1637880 1065
1637890 1064
1637900 1064
1637910 1064
1637920 1064
1637930 1065
1637940 1065
1637950 1067
1637960 1067
1637970 1067
1637980 1067
1637990 1066
1638000 1069
1638010 1069
1638020 1070
1638030 1071
1638040 1071
1638050 1071
1638060 1071
1638070 1071
1638080 1071
1638090 1071
1638100 1071
1638110 1070
1638120 1070
1638130 1070
1638140 1069
1638150 1067
1638160 1067
1638170 1065
1638180 1063
1638190 1063
1638200 1062
1638210 1061
1638220 1061
1638230 1061
1638240 1060
1638250 1060
1638260 1062
1638270 1064
1638280 1067
1638290 1067
1638300 1069
1638310 1070
1638320 1070
1638330 1072
1638340 1073
1638350 1073
1638360 1074
1638370 1076
1638380 1076
1638390 1077
1638400 1078
1638410 1078
1638420 1079
1638430 1078
1638440 1078
1638450 1077
1638460 1078
1638470 1078
1638480 1080
1638490 1080
1638500 1080
1638510 1082
1638520 1082
1638530 1082
1638540 1082
1638550 1083
1638560 1083
1638570 1083
1638580 1084
1638590 1085
1638600 1085
1638610 1087
1638620 1088
1638630 1088
1638640 1089
1638650 1093
1638660 1093
1638670 1094
1638680 1094
1638690 1094
1638700 1093
1638710 1093
1638720 1093
1638730 1093
1638740 1092
1638750 1092
1638760 1091
1638770 1090
1638780 1090
1638790 1091
1638800 1092
1638810 1092
1638820 1092
1638830 1093
1638840 1093
1638850 1092
1638860 1095
1638870 1095
1638880 1100
1638890 1105
1638900 1105
1638910 1110
1638920 1115
1638930 1121
1638940 1121
1638950 1126
1638960 1130
1638970 1130
1638980 1132
1638990 1133
1639000 1133
1639010 1133
1639020 1134
1639030 1134
1639040 1135
1639050 1135
1639060 1135
1639070 1137
1639080 1138
1639090 1138
1639100 1140
1639110 1142
1639120 1142
1639130 1145
1639140 1148
1639150 1148
1639160 1150
1639170 1152
1639180 1152
1639190 1153
1639200 1154
1639210 1154
1639220 1156
1639230 1157
1639240 1158
1639250 1158
1639260 1159
1639270 1160
1639280 1160
1639290 1159
1639300 1160
1639310 1160
1639320 1162
1639330 1162
1639340 1162
1639350 1163
1639360 1164
1639370 1164
1639380 1164
1639390 1163
1639400 1163
1639410 1162
1639420 1160
1639430 1160
1639440 1161
1639450 1162
1639460 1162
1639470 1164
1639480 1168
1639490 1168
1639500 1168
1639510 1167
1639520 1167
1639530 1167
1639540 1166
1639550 1167
1639560 1167
1639570 1167
1639580 1167
1639590 1167
1639600 1167
1639610 1168
1639620 1168
1639630 1170
1639640 1171
1639650 1171
1639660 1173
1639670 1176
1639680 1176
1639690 1179
1639700 1180
1639710 1180
1639720 1181
1639730 1181
1639740 1181
1639750 1181
1639760 1182
1639770 1182
1639780 1182
1639790 1183
1639800 1183
1639810 1183
1639820 1181
1639830 1181
1639840 1181
1639850 1182
1639860 1182
1639870 1182
1639880 1183
1639890 1183
1639900 1183
1639910 1182
1639920 1183
1639930 1183
1639940 1184
1639950 1185
1639960 1185
1639970 1184
1639980 1184
1639990 1184
