1620000 1691
1620010 1690
1620020 1690
1620030 1690
1620040 1690
1620050 1687
1620060 1687
1620070 1687
1620080 1687
1620090 1687
1620100 1689
1620110 1693
1620120 1693
1620130 1695
1620140 1699
1620150 1699
1620160 1700
1620170 1702
1620180 1702
1620190 1703
1620200 1706
1620210 1706
1620220 1711
1620230 1715
1620240 1715
1620250 1718
1620260 1720
1620270 1723
1620280 1723
1620290 1726
1620300 1730
1620310 1730
1620320 1734
1620330 1737
1620340 1737
1620350 1739
1620360 1739
1620370 1739
1620380 1741
1620390 1745
1620400 1745
1620410 1748
1620420 1750
1620430 1750
1620440 1751
1620450 1752
1620460 1752
1620470 1752
1620480 1752
1620490 1752
1620500 1752
1620510 1755
1620520 1755
1620530 1758
1620540 1760
1620550 1760
1620560 1763
1620570 1764
1620580 1765
1620590 1765
1620600 1764
1620610 1763
1620620 1763
1620630 1762
1620640 1762
1620650 1758
1620660 1758
1620670 1759
1620680 1759
1620690 1759
1620700 1758
1620710 1758
1620720 1757
1620730 1756
1620740 1756
1620750 1755
1620760 1753
1620770 1753
1620780 1751
1620790 1751
1620800 1751
1620810 1752
1620820 1751
1620830 1751
1620840 1750
1620850 1750
1620860 1750
1620870 1749
1620880 1747
1620890 1747
1620900 1746
1620910 1746
1620920 1745
1620930 1745
1620940 1745
1620950 1743
1620960 1743
1620970 1740
1620980 1739
1620990 1739
1621000 1740
1621010 1736
1621020 1736
1621030 1734
1621040 1732
1621050 1732
1621060 1731
1621070 1729
1621080 1729
1621090 1728
1621100 1725
1621110 1725
1621120 1721
1621130 1715
1621140 1715
1621150 1711
1621160 1707
1621170 1707
1621180 1702
1621190 1696
1621200 1696
1621210 1691
1621220 1685
1621230 1681
1621240 1681
1621250 1675
1621260 1673
1621270 1673
1621280 1670
1621290 1665
1621300 1665
1621310 1662
1621320 1659
1621330 1659
1621340 1659
1621350 1657
1621360 1657
1621370 1654
1621380 1649
1621390 1649
1621400 1643
1621410 1639
1621420 1639
1621430 1637
1621440 1635
1621450 1635
1621460 1632
1621470 1629
1621480 1629
1621490 1626
1621500 1624
1621510 1624
1621520 1624
1621530 1622
1621540 1617
1621550 1617
1621560 1611
1621570 1605
1621580 1609
1621590 1605
1621600 1602
1621610 1602
1621620 1599
1621630 1597
1621640 1597
1621650 1594
1621660 1591
1621670 1591
1621680 1587
1621690 1583
1621700 1583
1621710 1579
1621720 1575
1621730 1575
1621740 1571
1621750 1569
1621760 1569
1621770 1569
1621780 1568
1621790 1568
1621800 1567
1621810 1565
1621820 1565
1621830 1564
1621840 1563
1621850 1563
1621860 1562
1621870 1562
1621880 1562
1621890 1562
1621900 1563
1621910 1562
1621920 1562
1621930 1561
1621940 1559
1621950 1559
1621960 1555
1621970 1551
1621980 1551
1621990 1543
1622000 1536
1622010 1536
1622020 1528
1622030 1521
1622040 1521
1622050 1514
1622060 1508
1622070 1508
1622080 1501
1622090 1494
1622100 1494
1622110 1489
1622120 1485
1622130 1485
1622140 1481
1622150 1477
1622160 1477
1622170 1472
1622180 1467
1622190 1463
1622200 1463
1622210 1458
1622220 1454
1622230 1454
1622240 1449
1622250 1445
1622260 1445
1622270 1441
1622280 1437
1622290 1437
1622300 1433
1622310 1430
1622320 1430
1622330 1427
1622340 1423
1622350 1423
1622360 1421
1622370 1418
1622380 1418
1622390 1415
1622400 1414
1622410 1414
1622420 1413
1622430 1412
1622440 1412
1622450 1411
1622460 1409
1622470 1409
1622480 1407
1622490 1406
1622500 1406
1622510 1410
1622520 1411
1622530 1411
1622540 1411
1622550 1411
1622560 1412
1622570 1412
1622580 1413
1622590 1415
1622600 1415
1622610 1417
1622620 1420
1622630 1420
1622640 1422
1622650 1425
1622660 1425
1622670 1428
1622680 1431
1622690 1431
1622700 1433
1622710 1434
1622720 1434
1622730 1436
1622740 1435
1622750 1435
1622760 1432
1622770 1428
1622780 1428
1622790 1423
1622800 1419
1622810 1419
1622820 1414
1622830 1410
1622840 1404
1622850 1404
1622860 1397
1622870 1390
1622880 1390
1622890 1383
1622900 1377
1622910 1377
1622920 1371
1622930 1364
1622940 1364
1622950 1359
1622960 1354
1622970 1354
1622980 1349
1622990 1344
1623000 1344
1623010 1339
1623020 1335
1623030 1335
1623040 1330
1623050 1325
1623060 1325
1623070 1322
1623080 1318
1623090 1318
1623100 1315
1623110 1312
1623120 1312
1623130 1313
1623140 1313
1623150 1313
1623160 1313
1623170 1312
1623180 1314
1623190 1314
1623200 1317
1623210 1321
1623220 1321
1623230 1323
1623240 1320
1623250 1320
1623260 1316
1623270 1311
1623280 1311
1623290 1306
1623300 1304
1623310 1304
1623320 1302
1623330 1296
1623340 1296
1623350 1289
1623360 1282
1623370 1282
1623380 1275
1623390 1267
1623400 1267
1623410 1259
1623420 1249
1623430 1252
1623440 1243
1623450 1235
1623460 1228
1623470 1228
1623480 1223
1623490 1219
1623500 1219
1623510 1213
1623520 1203
1623530 1203
1623540 1190
1623550 1178
1623560 1178
1623570 1166
1623580 1156
1623590 1156
1623600 1148
1623610 1139
1623620 1139
1623630 1131
1623640 1124
1623650 1124
1623660 1117
1623670 1110
1623680 1110
1623690 1103
1623700 1096
1623710 1096
1623720 1089
1623730 1082
1623740 1082
1623750 1074
1623760 1067
1623770 1067
1623780 1060
1623790 1051
1623800 1043
1623810 1043
1623820 1034
1623830 1025
1623840 1025
1623850 1021
1623860 1025
1623870 1025
1623880 1032
1623890 1039
1623900 1039
1623910 1046
1623920 1051
1623930 1051
1623940 1056
1623950 1063
1623960 1063
1623970 1067
1623980 1070
1623990 1070
1624000 1072
1624010 1075
1624020 1075
1624030 1078
1624040 1081
1624050 1081
1624060 1083
1624070 1084
1624080 1084
1624090 1086
1624100 1087
1624110 1088
1624120 1088
1624130 1091
1624140 1095
1624150 1095
1624160 1100
1624170 1107
1624180 1107
1624190 1113
1624200 1119
1624210 1119
1624220 1126
1624230 1133
1624240 1133
1624250 1140
1624260 1147
1624270 1147
1624280 1155
1624290 1163
1624300 1163
1624310 1169
1624320 1175
1624330 1175
1624340 1179
1624350 1176
1624360 1176
1624370 1177
1624380 1179
1624390 1179
1624400 1181
1624410 1183
1624420 1184
1624430 1184
1624440 1185
1624450 1187
1624460 1187
1624470 1189
1624480 1191
1624490 1191
1624500 1192
1624510 1193
1624520 1193
1624530 1196
1624540 1199
1624550 1199
1624560 1201
1624570 1203
1624580 1203
1624590 1204
1624600 1204
1624610 1204
1624620 1203
1624630 1203
1624640 1203
1624650 1203
1624660 1203
1624670 1203
1624680 1201
1624690 1199
1624700 1199
1624710 1196
1624720 1193
1624730 1193
1624740 1191
1624750 1189
1624760 1187
1624770 1187
1624780 1186
1624790 1186
1624800 1186
1624810 1184
1624820 1182
1624830 1182
1624840 1180
1624850 1178
1624860 1178
1624870 1175
1624880 1173
1624890 1173
1624900 1171
1624910 1172
1624920 1172
1624930 1179
1624940 1187
1624950 1187
1624960 1191
1624970 1195
1624980 1195
1624990 1200
1625000 1204
1625010 1204
1625020 1209
1625030 1213
1625040 1213
1625050 1218
1625060 1223
1625070 1230
1625080 1230
1625090 1235
1625100 1240
1625110 1240
1625120 1245
1625130 1249
1625140 1249
1625150 1253
1625160 1257
1625170 1257
1625180 1260
1625190 1264
1625200 1264
1625210 1267
1625220 1271
1625230 1271
1625240 1275
1625250 1280
1625260 1276
1625270 1280
1625280 1284
1625290 1284
1625300 1288
1625310 1293
1625320 1293
1625330 1299
1625340 1305
1625350 1305
1625360 1310
1625370 1318
1625380 1325
1625390 1325
1625400 1331
1625410 1337
1625420 1337
1625430 1344
1625440 1346
1625450 1346
1625460 1346
1625470 1345
1625480 1345
1625490 1344
1625500 1342
1625510 1342
1625520 1341
1625530 1341
1625540 1341
1625550 1340
1625560 1340
1625570 1340
1625580 1339
1625590 1338
1625600 1338
1625610 1337
1625620 1336
1625630 1336
1625640 1336
1625650 1335
1625660 1335
1625670 1335
1625680 1334
1625690 1334
1625700 1334
1625710 1335
1625720 1337
1625730 1337
1625740 1337
1625750 1337
1625760 1337
1625770 1337
1625780 1337
1625790 1337
1625800 1337
1625810 1337
1625820 1337
1625830 1337
1625840 1336
1625850 1336
1625860 1335
1625870 1334
1625880 1334
1625890 1333
1625900 1332
1625910 1332
1625920 1331
1625930 1330
1625940 1330
1625950 1330
1625960 1329
1625970 1329
1625980 1329
1625990 1330
1626000 1330
1626010 1330
1626020 1326
1626030 1317
1626040 1317
1626050 1314
1626060 1315
1626070 1315
1626080 1316
1626090 1314
1626100 1314
1626110 1311
1626120 1309
1626130 1309
1626140 1307
1626150 1305
1626160 1305
1626170 1296
1626180 1293
1626190 1293
1626200 1290
1626210 1288
1626220 1288
1626230 1285
1626240 1282
1626250 1282
1626260 1279
1626270 1274
1626280 1274
1626290 1267
1626300 1261
1626310 1261
1626320 1256
1626330 1250
1626340 1244
1626350 1244
1626360 1238
1626370 1232
1626380 1232
1626390 1229
1626400 1223
1626410 1223
1626420 1219
1626430 1211
1626440 1211
1626450 1201
1626460 1201
1626470 1201
1626480 1209
1626490 1211
1626500 1211
1626510 1214
1626520 1215
1626530 1215
1626540 1216
1626550 1218
1626560 1218
1626570 1221
1626580 1222
1626590 1222
1626600 1223
1626610 1224
1626620 1224
1626630 1225
1626640 1227
1626650 1227
1626660 1229
1626670 1231
1626680 1233
1626690 1233
1626700 1234
1626710 1237
1626720 1237
1626730 1238
1626740 1240
1626750 1240
1626760 1243
1626770 1245
1626780 1245
1626790 1248
1626800 1250
1626810 1250
1626820 1252
1626830 1255
1626840 1255
1626850 1258
1626860 1261
1626870 1261
1626880 1263
1626890 1265
1626900 1265
1626910 1267
1626920 1269
1626930 1269
1626940 1271
1626950 1273
1626960 1273
1626970 1276
1626980 1277
1626990 1279
1627000 1279
1627010 1281
1627020 1281
1627030 1281
1627040 1279
1627050 1277
1627060 1277
1627070 1272
1627080 1271
1627090 1271
1627100 1270
1627110 1269
1627120 1269
1627130 1267
1627140 1265
1627150 1265
1627160 1264
1627170 1264
1627180 1264
1627190 1263
1627200 1263
1627210 1263
1627220 1263
1627230 1262
1627240 1262
1627250 1260
1627260 1258
1627270 1258
1627280 1253
1627290 1249
1627300 1249
1627310 1245
1627320 1242
1627330 1241
1627340 1241
1627350 1239
1627360 1234
1627370 1234
1627380 1231
1627390 1227
1627400 1227
1627410 1223
1627420 1218
1627430 1218
1627440 1211
1627450 1205
1627460 1205
1627470 1198
1627480 1190
1627490 1190
1627500 1182
1627510 1177
1627520 1177
1627530 1173
1627540 1169
1627550 1169
1627560 1165
1627570 1161
1627580 1161
1627590 1158
1627600 1153
1627610 1153
1627620 1146
1627630 1141
1627640 1133
1627650 1133
1627660 1131
1627670 1137
1627680 1137
1627690 1141
1627700 1145
1627710 1145
1627720 1146
1627730 1148
1627740 1148
1627750 1152
1627760 1155
1627770 1155
1627780 1156
1627790 1157
1627800 1157
1627810 1158
1627820 1162
1627830 1162
1627840 1165
1627850 1168
1627860 1168
1627870 1169
1627880 1167
1627890 1167
1627900 1166
1627910 1167
1627920 1167
1627930 1165
1627940 1164
1627950 1164
1627960 1161
1627970 1158
1627980 1156
1627990 1156
1628000 1156
1628010 1158
1628020 1158
1628030 1158
1628040 1156
1628050 1156
1628060 1155
1628070 1153
1628080 1153
1628090 1152
1628100 1151
1628110 1151
1628120 1151
1628130 1150
1628140 1150
1628150 1148
1628160 1147
1628170 1147
1628180 1145
1628190 1142
1628200 1142
1628210 1139
1628220 1136
1628230 1136
1628240 1134
1628250 1134
1628260 1134
1628270 1134
1628280 1133
1628290 1133
1628300 1133
1628310 1132
1628320 1132
1628330 1132
1628340 1131
1628350 1132
1628360 1132
1628370 1133
1628380 1133
1628390 1133
1628400 1131
1628410 1128
1628420 1128
1628430 1127
1628440 1126
1628450 1126
1628460 1126
1628470 1127
1628480 1127
1628490 1128
1628500 1128
1628510 1128
1628520 1128
1628530 1128
1628540 1128
1628550 1127
1628560 1126
1628570 1126
1628580 1123
1628590 1120
1628600 1117
1628610 1117
1628620 1113
1628630 1110
1628640 1110
1628650 1108
1628660 1103
1628670 1103
1628680 1095
1628690 1092
1628700 1092
1628710 1095
1628720 1098
1628730 1098
1628740 1100
1628750 1103
1628760 1103
1628770 1105
1628780 1106
1628790 1106
1628800 1107
1628810 1107
1628820 1107
1628830 1109
1628840 1110
1628850 1108
1628860 1109
1628870 1109
1628880 1109
1628890 1111
1628900 1112
1628910 1114
1628920 1114
1628930 1116
1628940 1119
1628950 1119
1628960 1122
1628970 1126
1628980 1126
1628990 1129
1629000 1133
1629010 1133
1629020 1135
1629030 1137
1629040 1137
1629050 1139
1629060 1142
1629070 1142
1629080 1144
1629090 1146
1629100 1146
1629110 1147
1629120 1148
1629130 1148
1629140 1148
1629150 1149
1629160 1149
1629170 1150
1629180 1150
1629190 1150
1629200 1147
1629210 1144
1629220 1144
1629230 1142
1629240 1139
1629250 1137
1629260 1137
1629270 1135
1629280 1134
1629290 1134
1629300 1132
1629310 1131
1629320 1131
1629330 1130
1629340 1129
1629350 1129
1629360 1127
1629370 1126
1629380 1126
1629390 1124
1629400 1124
1629410 1124
1629420 1124
1629430 1124
1629440 1124
1629450 1124
1629460 1123
1629470 1123
1629480 1122
1629490 1122
1629500 1122
1629510 1121
1629520 1119
1629530 1119
1629540 1119
1629550 1119
1629560 1117
1629570 1117
1629580 1116
1629590 1115
1629600 1115
1629610 1115
1629620 1114
1629630 1114
1629640 1114
1629650 1114
1629660 1114
1629670 1114
1629680 1114
1629690 1114
1629700 1113
1629710 1113
1629720 1113
1629730 1109
1629740 1109
1629750 1109
1629760 1109
1629770 1109
1629780 1109
1629790 1109
1629800 1108
1629810 1108
1629820 1107
1629830 1105
1629840 1105
1629850 1103
1629860 1100
1629870 1098
1629880 1098
1629890 1097
1629900 1095
1629910 1095
1629920 1092
1629930 1090
1629940 1090
1629950 1088
1629960 1087
1629970 1087
1629980 1085
1629990 1083
1630000 1083
1630010 1080
1630020 1076
1630030 1076
1630040 1071
1630050 1067
1630060 1067
1630070 1062
1630080 1058
1630090 1058
1630100 1053
1630110 1049
1630120 1049
1630130 1049
1630140 1051
1630150 1051
1630160 1052
1630170 1053
1630180 1053
1630190 1054
1630200 1053
1630210 1052
1630220 1052
1630230 1051
1630240 1051
1630250 1051
1630260 1051
1630270 1049
1630280 1049
1630290 1048
1630300 1045
1630310 1045
1630320 1043
1630330 1042
1630340 1042
1630350 1040
1630360 1037
1630370 1037
1630380 1034
1630390 1031
1630400 1031
1630410 1028
1630420 1024
1630430 1024
1630440 1019
1630450 1014
1630460 1014
1630470 1011
1630480 1009
1630490 1009
1630500 1008
1630510 1007
1630520 1006
1630530 1006
1630540 1004
1630550 1003
1630560 1003
1630570 1002
1630580 1001
1630590 1001
1630600 998
1630610 991
1630620 991
1630630 984
1630640 976
1630650 976
1630660 968
1630670 959
1630680 959
1630690 949
1630700 941
1630710 941
1630720 935
1630730 929
1630740 929
1630750 927
1630760 922
1630770 922
1630780 915
1630790 912
1630800 912
1630810 912
1630820 911
1630830 911
1630840 909
1630850 906
1630860 906
1630870 906
1630880 907
1630890 907
1630900 907
1630910 906
1630920 905
1630930 905
1630940 902
1630950 901
1630960 901
1630970 899
1630980 895
1630990 895
1631000 889
1631010 884
1631020 884
1631030 879
1631040 875
1631050 875
1631060 872
1631070 868
1631080 868
1631090 865
1631100 861
1631110 861
1631120 857
1631130 854
1631140 854
1631150 851
1631160 849
1631170 847
1631180 847
1631190 844
1631200 841
1631210 841
1631220 840
1631230 838
1631240 838
1631250 837
1631260 836
1631270 836
1631280 835
1631290 837
1631300 837
1631310 838
1631320 836
1631330 836
1631340 835
1631350 834
1631360 834
1631370 834
1631380 834
1631390 834
1631400 834
1631410 834
1631420 834
1631430 834
1631440 834
1631450 834
1631460 834
1631470 834
1631480 835
1631490 835
1631500 835
1631510 835
1631520 835
1631530 836
1631540 836
1631550 836
1631560 837
1631570 839
1631580 839
1631590 840
1631600 841
1631610 841
1631620 843
1631630 847
1631640 847
1631650 851
1631660 851
1631670 851
1631680 851
1631690 851
1631700 851
1631710 851
1631720 853
1631730 853
1631740 857
1631750 860
1631760 860
1631770 862
1631780 864
1631790 864
1631800 866
1631810 869
1631820 872
1631830 872
1631840 875
1631850 877
1631860 877
1631870 880
1631880 882
1631890 882
1631900 886
1631910 889
1631920 889
1631930 892
1631940 896
1631950 896
1631960 899
1631970 902
1631980 902
1631990 905
1632000 907
1632010 907
1632020 910
1632030 912
1632040 912
1632050 915
1632060 918
1632070 918
1632080 920
1632090 923
1632100 923
1632110 927
1632120 931
1632130 933
1632140 933
1632150 934
1632160 934
1632170 934
1632180 934
1632190 935
1632200 935
1632210 939
1632220 944
1632230 944
1632240 949
1632250 954
1632260 954
1632270 957
1632280 961
1632290 961
1632300 966
1632310 969
1632320 969
1632330 971
1632340 971
1632350 973
1632360 973
1632370 972
1632380 972
1632390 971
1632400 970
1632410 970
1632420 970
1632430 970
1632440 968
1632450 968
1632460 966
1632470 964
1632480 964
1632490 963
1632500 960
1632510 960
1632520 957
1632530 955
1632540 955
1632550 955
1632560 954
1632570 954
1632580 955
1632590 955
1632600 955
1632610 956
1632620 956
1632630 956
1632640 957
1632650 957
1632660 957
1632670 958
1632680 958
1632690 958
1632700 958
1632710 960
1632720 960
1632730 964
1632740 968
1632750 968
1632760 972
1632770 976
1632780 979
1632790 979
1632800 980
1632810 981
1632820 981
1632830 982
1632840 981
1632850 981
1632860 980
1632870 981
1632880 981
1632890 982
1632900 983
1632910 983
1632920 984
1632930 985
1632940 985
1632950 986
1632960 986
1632970 986
1632980 987
1632990 988
1633000 988
1633010 988
1633020 988
1633030 988
1633040 988
1633050 984
1633060 984
1633070 979
1633080 976
1633090 974
1633100 974
1633110 973
1633120 975
1633130 975
1633140 977
1633150 978
1633160 978
1633170 979
1633180 980
1633190 980
1633200 981
1633210 984
1633220 984
1633230 985
1633240 986
1633250 986
1633260 987
1633270 987
1633280 987
1633290 988
1633300 989
1633310 989
1633320 990
1633330 992
1633340 992
1633350 993
1633360 994
1633370 994
1633380 994
1633390 995
1633400 996
1633410 996
1633420 997
1633430 997
1633440 997
1633450 998
1633460 999
1633470 999
1633480 1000
1633490 1000
1633500 1000
1633510 1000
1633520 1000
1633530 1000
1633540 999
1633550 999
1633560 999
1633570 998
1633580 997
1633590 997
1633600 993
1633610 989
1633620 989
1633630 985
1633640 981
1633650 981
1633660 978
1633670 972
1633680 972
1633690 968
1633700 963
1633710 963
1633720 960
1633730 959
1633740 956
1633750 956
1633760 951
1633770 944
1633780 944
1633790 937
1633800 929
1633810 929
1633820 923
1633830 919
1633840 919
1633850 915
1633860 913
1633870 913
1633880 919
1633890 922
1633900 922
1633910 925
1633920 928
1633930 928
1633940 931
1633950 935
1633960 935
1633970 938
1633980 940
1633990 940
1634000 941
1634010 944
1634020 944
1634030 945
1634040 948
1634050 951
1634060 951
1634070 956
1634080 958
1634090 958
1634100 961
1634110 962
1634120 962
1634130 963
1634140 964
1634150 964
1634160 967
1634170 969
1634180 969
1634190 971
1634200 974
1634210 974
1634220 975
1634230 979
1634240 979
1634250 981
1634260 974
1634270 974
1634280 969
1634290 969
1634300 969
1634310 968
1634320 966
1634330 966
1634340 965
1634350 962
1634360 960
1634370 960
1634380 960
1634390 959
1634400 959
1634410 958
1634420 958
1634430 958
1634440 957
1634450 954
1634460 954
1634470 953
1634480 951
1634490 951
1634500 945
1634510 941
1634520 941
1634530 936
1634540 933
1634550 933
1634560 932
1634570 932
1634580 932
1634590 932
1634600 934
1634610 934
1634620 935
1634630 938
1634640 938
1634650 943
1634660 947
1634670 947
1634680 953
1634690 958
1634700 965
1634710 965
1634720 973
1634730 979
1634740 979
1634750 983
1634760 986
1634770 986
1634780 987
1634790 987
1634800 987
1634810 988
1634820 989
1634830 989
1634840 991
1634850 994
1634860 994
1634870 996
1634880 999
1634890 999
1634900 1001
1634910 1003
1634920 1009
1634930 1011
1634940 1013
1634950 1013
1634960 1015
1634970 1016
1634980 1016
1634990 1016
1635000 1018
1635010 1019
1635020 1019
1635030 1020
1635040 1021
1635050 1021
1635060 1025
1635070 1028
1635080 1028
1635090 1032
1635100 1035
1635110 1035
1635120 1036
1635130 1038
1635140 1038
1635150 1039
1635160 1040
1635170 1040
1635180 1042
1635190 1044
1635200 1044
1635210 1047
1635220 1049
1635230 1049
1635240 1051
1635250 1052
1635260 1052
1635270 1053
1635280 1054
1635290 1054
1635300 1054
1635310 1055
1635320 1055
1635330 1056
1635340 1057
1635350 1057
1635360 1057
1635370 1056
1635380 1055
1635390 1055
1635400 1053
1635410 1051
1635420 1051
1635430 1049
1635440 1047
1635450 1047
1635460 1046
1635470 1044
1635480 1044
1635490 1045
1635500 1049
1635510 1049
1635520 1054
1635530 1057
1635540 1057
1635550 1061
1635560 1064
1635570 1064
1635580 1067
1635590 1070
1635600 1070
1635610 1075
1635620 1079
1635630 1079
1635640 1083
1635650 1086
1635660 1089
1635670 1089
1635680 1094
1635690 1100
1635700 1100
1635710 1105
1635720 1111
1635730 1111
1635740 1115
1635750 1118
1635760 1118
1635770 1122
1635780 1124
1635790 1124
1635800 1127
1635810 1129
1635820 1129
1635830 1132
1635840 1134
1635850 1134
1635860 1137
1635870 1139
1635880 1139
1635890 1142
1635900 1144
1635910 1144
1635920 1147
1635930 1150
1635940 1150
1635950 1152
1635960 1154
1635970 1156
1635980 1156
1635990 1158
1636000 1160
1636010 1160
1636020 1162
1636030 1163
1636040 1163
1636050 1165
1636060 1167
1636070 1167
1636080 1169
1636090 1171
1636100 1171
1636110 1173
1636120 1175
1636130 1175
1636140 1178
1636150 1180
1636160 1180
1636170 1181
1636180 1183
1636190 1183
1636200 1185
1636210 1187
1636220 1187
1636230 1188
1636240 1189
1636250 1189
1636260 1191
1636270 1193
1636280 1193
1636290 1195
1636300 1197
1636310 1198
1636320 1198
1636330 1201
1636340 1203
1636350 1203
1636360 1206
1636370 1208
1636380 1208
1636390 1210
1636400 1210
1636410 1210
1636420 1211
1636430 1211
1636440 1211
1636450 1213
1636460 1214
1636470 1214
1636480 1214
1636490 1215
1636500 1215
1636510 1217
1636520 1218
1636530 1218
1636540 1220
1636550 1223
1636560 1223
1636570 1226
1636580 1228
1636590 1228
1636600 1231
1636610 1237
1636620 1242
1636630 1242
1636640 1245
1636650 1249
1636660 1249
1636670 1253
1636680 1257
1636690 1257
1636700 1259
1636710 1262
1636720 1262
1636730 1263
1636740 1265
1636750 1265
1636760 1267
1636770 1269
1636780 1269
1636790 1271
1636800 1273
1636810 1273
1636820 1275
1636830 1276
1636840 1276
1636850 1277
1636860 1278
1636870 1278
1636880 1279
1636890 1280
1636900 1280
1636910 1280
1636920 1282
1636930 1282
1636940 1282
1636950 1283
1636960 1284
1636970 1284
1636980 1284
1636990 1286
1637000 1286
1637010 1287
1637020 1289
1637030 1289
1637040 1291
1637050 1294
1637060 1294
1637070 1295
1637080 1297
1637090 1297
1637100 1299
1637110 1301
1637120 1301
1637130 1302
1637140 1301
1637150 1301
1637160 1302
1637170 1302
1637180 1302
1637190 1300
1637200 1300
1637210 1300
1637220 1300
1637230 1299
1637240 1299
1637250 1299
1637260 1299
1637270 1303
1637280 1303
1637290 1305
1637300 1307
1637310 1307
1637320 1307
1637330 1309
1637340 1309
1637350 1311
1637360 1311
1637370 1311
1637380 1313
1637390 1314
1637400 1314
1637410 1318
1637420 1322
1637430 1322
1637440 1325
1637450 1333
1637460 1333
1637470 1335
1637480 1335
1637490 1335
1637500 1336
1637510 1337
1637520 1337
1637530 1338
1637540 1339
1637550 1339
1637560 1341
1637570 1341
1637580 1340
1637590 1340
1637600 1340
1637610 1340
1637620 1340
1637630 1342
1637640 1344
1637650 1344
1637660 1346
1637670 1348
1637680 1348
1637690 1352
1637700 1355
1637710 1355
1637720 1355
1637730 1354
1637740 1354
1637750 1355
1637760 1356
1637770 1356
1637780 1358
1637790 1358
1637800 1358
1637810 1358
1637820 1359
1637830 1359
1637840 1360
1637850 1360
1637860 1360
1637870 1360
1637880 1358
1637890 1358
1637900 1356
1637910 1358
1637920 1358
1637930 1358
1637940 1358
1637950 1357
1637960 1357
1637970 1356
1637980 1354
1637990 1354
1638000 1352
1638010 1352
1638020 1352
1638030 1351
1638040 1349
1638050 1349
1638060 1348
1638070 1348
1638080 1348
1638090 1348
1638100 1348
1638110 1348
1638120 1348
1638130 1347
1638140 1347
1638150 1347
1638160 1348
1638170 1348
1638180 1350
1638190 1352
1638200 1352
1638210 1352
1638220 1350
1638230 1352
1638240 1352
1638250 1354
1638260 1354
1638270 1354
1638280 1359
1638290 1359
1638300 1359
1638310 1359
1638320 1360
1638330 1360
1638340 1363
1638350 1365
1638360 1365
1638370 1366
1638380 1367
1638390 1367
1638400 1368
1638410 1374
1638420 1374
1638430 1380
1638440 1383
1638450 1383
1638460 1382
1638470 1378
1638480 1378
1638490 1375
1638500 1374
1638510 1374
1638520 1373
1638530 1373
1638540 1374
1638550 1374
1638560 1375
1638570 1377
1638580 1377
1638590 1378
1638600 1379
1638610 1379
1638620 1379
1638630 1378
1638640 1378
1638650 1377
1638660 1376
1638670 1376
1638680 1375
1638690 1376
1638700 1376
1638710 1378
1638720 1379
1638730 1379
1638740 1378
1638750 1377
1638760 1377
1638770 1376
1638780 1377
1638790 1377
1638800 1377
1638810 1377
1638820 1377
1638830 1375
1638840 1373
1638850 1373
1638860 1375
1638870 1377
1638880 1379
1638890 1379
1638900 1381
1638910 1383
1638920 1383
1638930 1385
1638940 1386
1638950 1386
1638960 1387
1638970 1386
1638980 1386
1638990 1386
1639000 1386
1639010 1386
1639020 1387
1639030 1388
1639040 1388
1639050 1390
1639060 1392
1639070 1392
1639080 1393
1639090 1394
1639100 1394
1639110 1399
1639120 1401
1639130 1401
1639140 1403
1639150 1404
1639160 1404
1639170 1404
1639180 1405
1639190 1408
1639200 1408
1639210 1410
1639220 1413
1639230 1413
1639240 1415
1639250 1418
1639260 1418
1639270 1420
1639280 1422
1639290 1422
1639300 1424
1639310 1425
1639320 1425
1639330 1427
1639340 1429
1639350 1429
1639360 1431
1639370 1432
1639380 1432
1639390 1434
1639400 1436
1639410 1436
1639420 1438
1639430 1440
1639440 1440
1639450 1441
1639460 1443
1639470 1443
1639480 1445
1639490 1448
1639500 1450
1639510 1450
1639520 1453
1639530 1456
1639540 1456
1639550 1458
1639560 1459
1639570 1459
1639580 1462
1639590 1464
1639600 1464
1639610 1466
1639620 1468
1639630 1468
1639640 1471
1639650 1473
1639660 1473
1639670 1475
1639680 1477
1639690 1477
1639700 1478
1639710 1480
1639720 1480
1639730 1482
1639740 1484
1639750 1484
1639760 1486
1639770 1488
1639780 1488
1639790 1489
1639800 1490
1639810 1490
1639820 1491
1639830 1491
1639840 1493
1639850 1493
1639860 1494
1639870 1496
1639880 1496
1639890 1498
1639900 1499
1639910 1499
1639920 1501
1639930 1508
1639940 1508
1639950 1510
1639960 1513
1639970 1513
1639980 1512
1639990 1509
