1620000 891
1620010 897
1620020 906
1620030 906
1620040 913
1620050 919
1620060 919
1620070 927
1620080 934
1620090 934
1620100 942
1620110 950
1620120 950
1620130 955
1620140 957
1620150 957
1620160 962
1620170 965
1620180 965
1620190 970
1620200 973
1620210 973
1620220 977
1620230 980
1620240 980
1620250 983
1620260 985
1620270 985
1620280 988
1620290 990
1620300 991
1620310 991
1620320 996
1620330 998
1620340 998
1620350 997
1620360 994
1620370 994
1620380 990
1620390 982
1620400 982
1620410 971
1620420 960
1620430 960
1620440 954
1620450 954
1620460 954
1620470 954
1620480 960
1620490 960
1620500 958
1620510 953
1620520 953
1620530 957
1620540 959
1620550 959
1620560 955
1620570 955
1620580 955
1620590 955
1620600 955
1620610 955
1620620 956
1620630 956
1620640 956
1620650 956
1620660 956
1620670 956
1620680 956
1620690 954
1620700 952
1620710 952
1620720 952
1620730 951
1620740 951
1620750 948
1620760 946
1620770 946
1620780 945
1620790 945
1620800 945
1620810 945
1620820 948
1620830 948
1620840 947
1620850 938
1620860 938
1620870 925
1620880 926
1620890 926
1620900 933
1620910 939
1620920 939
1620930 940
1620940 939
1620950 939
1620960 938
1620970 937
1620980 935
1620990 935
1621000 933
1621010 932
1621020 932
1621030 928
1621040 924
1621050 924
1621060 920
1621070 916
1621080 916
1621090 912
1621100 909
1621110 909
1621120 908
1621130 909
1621140 909
1621150 913
1621160 916
1621170 916
1621180 919
1621190 920
1621200 920
1621210 919
1621220 920
1621230 920
1621240 916
1621250 914
1621260 914
1621270 912
1621280 911
1621290 910
1621300 910
1621310 907
1621320 905
1621330 905
1621340 903
1621350 902
1621360 902
1621370 901
1621380 899
1621390 899
1621400 896
1621410 893
1621420 893
1621430 890
1621440 887
1621450 887
1621460 884
1621470 881
1621480 881
1621490 873
1621500 864
1621510 864
1621520 855
1621530 849
1621540 849
1621550 845
1621560 840
1621570 840
1621580 836
1621590 831
1621600 831
1621610 831
1621620 828
1621630 826
1621640 826
1621650 830
1621660 837
1621670 837
1621680 839
1621690 839
1621700 839
1621710 839
1621720 837
1621730 837
1621740 839
1621750 840
1621760 840
1621770 838
1621780 837
1621790 837
1621800 845
1621810 852
1621820 852
1621830 856
1621840 856
1621850 856
1621860 853
1621870 850
1621880 850
1621890 847
1621900 845
1621910 845
1621920 844
1621930 844
1621940 844
1621950 844
1621960 842
1621970 839
1621980 839
1621990 836
1622000 831
1622010 831
1622020 823
1622030 814
1622040 814
1622050 806
1622060 799
1622070 799
1622080 793
1622090 790
1622100 790
1622110 789
1622120 788
1622130 788
1622140 786
1622150 784
1622160 784
1622170 777
1622180 775
1622190 775
1622200 773
1622210 771
1622220 771
1622230 770
1622240 771
1622250 771
1622260 774
1622270 775
1622280 774
1622290 774
1622300 772
1622310 768
1622320 768
1622330 765
1622340 764
1622350 764
1622360 762
1622370 760
1622380 760
1622390 758
1622400 755
1622410 755
1622420 754
1622430 752
1622440 752
1622450 750
1622460 748
1622470 748
1622480 746
1622490 743
1622500 743
1622510 743
1622520 746
1622530 746
1622540 750
1622550 755
1622560 755
1622570 756
1622580 756
1622590 756
1622600 756
1622610 756
1622620 754
1622630 754
1622640 752
1622650 750
1622660 750
1622670 750
1622680 749
1622690 749
1622700 747
1622710 745
1622720 745
1622730 743
1622740 739
1622750 739
1622760 736
1622770 736
1622780 736
1622790 735
1622800 735
1622810 735
1622820 734
1622830 733
1622840 733
1622850 733
1622860 733
1622870 733
1622880 733
1622890 733
1622900 733
1622910 732
1622920 729
1622930 727
1622940 727
1622950 724
1622960 722
1622970 722
1622980 722
1622990 722
1623000 722
1623010 723
1623020 723
1623030 723
1623040 723
1623050 723
1623060 723
1623070 722
1623080 721
1623090 721
1623100 719
1623110 719
1623120 719
1623130 718
1623140 718
1623150 718
1623160 719
1623170 719
1623180 719
1623190 719
1623200 719
1623210 719
1623220 719
1623230 719
1623240 719
1623250 719
1623260 719
1623270 719
1623280 719
1623290 719
1623300 719
1623310 719
1623320 719
1623330 720
1623340 720
1623350 720
1623360 720
1623370 720
1623380 720
1623390 720
1623400 720
1623410 720
1623420 720
1623430 720
1623440 720
1623450 720
1623460 720
1623470 721
1623480 721
1623490 721
1623500 721
1623510 721
1623520 721
1623530 721
1623540 722
1623550 722
1623560 722
1623570 722
1623580 722
1623590 722
1623600 722
1623610 722
1623620 722
1623630 722
1623640 723
1623650 723
1623660 723
1623670 723
1623680 723
1623690 723
1623700 723
1623710 723
1623720 722
1623730 722
1623740 722
1623750 722
1623760 723
1623770 723
1623780 723
1623790 723
1623800 723
1623810 723
1623820 723
1623830 723
1623840 723
1623850 723
1623860 723
1623870 724
1623880 724
1623890 724
1623900 724
1623910 724
1623920 726
1623930 726
1623940 729
1623950 729
1623960 729
1623970 728
1623980 726
1623990 726
1624000 726
1624010 726
1624020 726
1624030 726
1624040 727
1624050 727
1624060 727
1624070 727
1624080 727
1624090 727
1624100 728
1624110 728
1624120 728
1624130 728
1624140 728
1624150 729
1624160 729
1624170 729
1624180 729
1624190 730
1624200 730
1624210 730
1624220 730
1624230 731
1624240 731
1624250 731
1624260 731
1624270 731
1624280 731
1624290 731
1624300 731
1624310 731
1624320 732
1624330 732
1624340 732
1624350 733
1624360 733
1624370 733
1624380 733
1624390 733
1624400 733
1624410 734
1624420 734
1624430 734
1624440 734
1624450 734
1624460 734
1624470 735
1624480 735
1624490 736
1624500 736
1624510 736
1624520 737
1624530 737
1624540 737
1624550 737
1624560 738
1624570 738
1624580 738
1624590 738
1624600 738
1624610 738
1624620 739
1624630 739
1624640 739
1624650 740
1624660 740
1624670 740
1624680 740
1624690 741
1624700 741
1624710 741
1624720 742
1624730 742
1624740 742
1624750 742
1624760 742
1624770 743
1624780 744
1624790 744
1624800 744
1624810 744
1624820 744
1624830 744
1624840 743
1624850 743
1624860 742
1624870 741
1624880 741
1624890 741
1624900 740
1624910 740
1624920 740
1624930 741
1624940 741
1624950 741
1624960 741
1624970 741
1624980 741
1624990 740
1625000 740
1625010 740
1625020 740
1625030 739
1625040 739
1625050 740
1625060 741
1625070 741
1625080 742
1625090 743
1625100 743
1625110 743
1625120 741
1625130 741
1625140 739
1625150 739
1625160 739
1625170 739
1625180 738
1625190 738
1625200 737
1625210 736
1625220 735
1625230 735
1625240 734
1625250 734
1625260 734
1625270 733
1625280 733
1625290 733
1625300 733
1625310 733
1625320 733
1625330 733
1625340 733
1625350 733
1625360 732
1625370 733
1625380 733
1625390 733
1625400 732
1625410 732
1625420 732
1625430 732
1625440 732
1625450 732
1625460 732
1625470 732
1625480 732
1625490 732
1625500 732
1625510 732
1625520 732
1625530 732
1625540 732
1625550 733
1625560 732
1625570 732
1625580 732
1625590 732
1625600 732
1625610 732
1625620 732
1625630 732
1625640 733
1625650 733
1625660 733
1625670 733
1625680 734
1625690 734
1625700 734
1625710 734
1625720 734
1625730 735
1625740 737
1625750 737
1625760 739
1625770 741
1625780 741
1625790 742
1625800 743
1625810 743
1625820 743
1625830 743
1625840 745
1625850 746
1625860 746
1625870 746
1625880 746
1625890 747
1625900 747
1625910 747
1625920 747
1625930 748
1625940 748
1625950 749
1625960 750
1625970 750
1625980 750
1625990 749
1626000 749
1626010 750
1626020 752
1626030 752
1626040 753
1626050 755
1626060 755
1626070 756
1626080 757
1626090 757
1626100 759
1626110 760
1626120 760
1626130 761
1626140 763
1626150 763
1626160 765
1626170 765
1626180 765
1626190 765
1626200 766
1626210 766
1626220 766
1626230 769
1626240 771
1626250 771
1626260 772
1626270 774
1626280 774
1626290 776
1626300 777
1626310 777
1626320 779
1626330 781
1626340 781
1626350 783
1626360 785
1626370 785
1626380 786
1626390 788
1626400 788
1626410 789
1626420 790
1626430 790
1626440 790
1626450 790
1626460 790
1626470 790
1626480 790
1626490 790
1626500 791
1626510 792
1626520 792
1626530 793
1626540 794
1626550 794
1626560 794
1626570 794
1626580 795
1626590 795
1626600 795
1626610 796
1626620 796
1626630 797
1626640 798
1626650 798
1626660 800
1626670 801
1626680 801
1626690 803
1626700 805
1626710 805
1626720 807
1626730 809
1626740 813
1626750 815
1626760 817
1626770 817
1626780 820
1626790 821
1626800 821
1626810 822
1626820 822
1626830 822
1626840 823
1626850 824
1626860 825
1626870 825
1626880 826
1626890 827
1626900 827
1626910 828
1626920 829
1626930 829
1626940 830
1626950 832
1626960 832
1626970 835
1626980 837
1626990 837
1627000 838
1627010 840
1627020 840
1627030 843
1627040 845
1627050 845
1627060 848
1627070 849
1627080 849
1627090 851
1627100 846
1627110 846
1627120 838
1627130 833
1627140 833
1627150 833
1627160 838
1627170 838
1627180 838
1627190 838
1627200 841
1627210 841
1627220 840
1627230 843
1627240 843
1627250 849
1627260 854
1627270 854
1627280 859
1627290 863
1627300 863
1627310 869
1627320 875
1627330 875
1627340 880
1627350 884
1627360 884
1627370 888
1627380 892
1627390 892
1627400 894
1627410 890
1627420 890
1627430 883
1627440 875
1627450 875
1627460 869
1627470 863
1627480 863
1627490 856
1627500 850
1627510 845
1627520 845
1627530 841
1627540 838
1627550 838
1627560 840
1627570 845
1627580 845
1627590 850
1627600 856
1627610 856
1627620 861
1627630 867
1627640 871
1627650 875
1627660 878
1627670 878
1627680 881
1627690 885
1627700 885
1627710 892
1627720 899
1627730 899
1627740 908
1627750 917
1627760 917
1627770 924
1627780 930
1627790 930
1627800 936
1627810 942
1627820 942
1627830 948
1627840 955
1627850 961
1627860 961
1627870 967
1627880 971
1627890 971
1627900 975
1627910 977
1627920 977
1627930 980
1627940 982
1627950 982
1627960 985
1627970 988
1627980 988
1627990 992
1628000 996
1628010 996
1628020 998
1628030 1000
1628040 1000
1628050 999
1628060 996
1628070 996
1628080 991
1628090 989
1628100 989
1628110 988
1628120 987
1628130 987
1628140 987
1628150 988
1628160 988
1628170 990
1628180 988
1628190 985
1628200 985
1628210 984
1628220 985
1628230 985
1628240 988
1628250 992
1628260 992
1628270 995
1628280 997
1628290 997
1628300 998
1628310 999
1628320 999
1628330 999
1628340 998
1628350 998
1628360 997
1628370 995
1628380 995
1628390 995
1628400 995
1628410 995
1628420 992
1628430 994
1628440 994
1628450 998
1628460 1000
1628470 1000
1628480 1004
1628490 1005
1628500 1010
1628510 1010
1628520 1016
1628530 1024
1628540 1024
1628550 1032
1628560 1039
1628570 1039
1628580 1044
1628590 1047
1628600 1047
1628610 1046
1628620 1043
1628630 1043
1628640 1041
1628650 1040
1628660 1040
1628670 1040
1628680 1041
1628690 1041
1628700 1042
1628710 1043
1628720 1043
1628730 1045
1628740 1046
1628750 1046
1628760 1047
1628770 1050
1628780 1050
1628790 1053
1628800 1054
1628810 1054
1628820 1051
1628830 1046
1628840 1040
1628850 1040
1628860 1033
1628870 1026
1628880 1026
1628890 1020
1628900 1019
1628910 1019
1628920 1021
1628930 1025
1628940 1025
1628950 1033
1628960 1041
1628970 1041
1628980 1050
1628990 1058
1629000 1058
1629010 1064
1629020 1068
1629030 1068
1629040 1072
1629050 1077
1629060 1077
1629070 1083
1629080 1090
1629090 1090
1629100 1092
1629110 1085
1629120 1085
1629130 1081
1629140 1080
1629150 1081
1629160 1081
1629170 1084
1629180 1086
1629190 1086
1629200 1087
1629210 1086
1629220 1086
1629230 1085
1629240 1083
1629250 1083
1629260 1082
1629270 1080
1629280 1080
1629290 1078
1629300 1076
1629310 1076
1629320 1074
1629330 1072
1629340 1072
1629350 1070
1629360 1070
1629370 1070
1629380 1070
1629390 1070
1629400 1070
1629410 1073
1629420 1073
1629430 1073
1629440 1074
1629450 1076
1629460 1076
1629470 1077
1629480 1076
1629490 1075
1629500 1075
1629510 1074
1629520 1074
1629530 1074
1629540 1071
1629550 1070
1629560 1070
1629570 1071
1629580 1073
1629590 1073
1629600 1073
1629610 1073
1629620 1073
1629630 1073
1629640 1073
1629650 1073
1629660 1074
1629670 1075
1629680 1075
1629690 1076
1629700 1078
1629710 1078
1629720 1080
1629730 1081
1629740 1081
1629750 1080
1629760 1079
1629770 1079
1629780 1076
1629790 1075
1629800 1075
1629810 1076
1629820 1076
1629830 1076
1629840 1076
1629850 1076
1629860 1076
1629870 1076
1629880 1076
1629890 1076
1629900 1076
1629910 1076
1629920 1077
1629930 1077
1629940 1077
1629950 1077
1629960 1077
1629970 1077
1629980 1078
1629990 1078
1630000 1078
1630010 1078
1630020 1078
1630030 1078
1630040 1077
1630050 1077
1630060 1077
1630070 1076
1630080 1076
1630090 1075
1630100 1073
1630110 1073
1630120 1072
1630130 1072
1630140 1073
1630150 1073
1630160 1074
1630170 1076
1630180 1076
1630190 1078
1630200 1078
1630210 1078
1630220 1078
1630230 1079
1630240 1079
1630250 1079
1630260 1080
1630270 1080
1630280 1079
1630290 1081
1630300 1081
1630310 1078
1630320 1074
1630330 1074
1630340 1071
1630350 1067
1630360 1067
1630370 1065
1630380 1063
1630390 1063
1630400 1062
1630410 1063
1630420 1063
1630430 1061
1630440 1055
1630450 1055
1630460 1046
1630470 1038
1630480 1031
1630490 1031
1630500 1027
1630510 1023
1630520 1023
1630530 1020
1630540 1017
1630550 1017
1630560 1015
1630570 1015
1630580 1015
1630590 1016
1630600 1016
1630610 1016
1630620 1014
1630630 1010
1630640 1010
1630650 1009
1630660 1011
1630670 1011
1630680 1014
1630690 1015
1630700 1015
1630710 1018
1630720 1023
1630730 1023
1630740 1030
1630750 1037
1630760 1037
1630770 1038
1630780 1031
1630790 1021
1630800 1021
1630810 1013
1630820 1009
1630830 1009
1630840 1007
1630850 1008
1630860 1008
1630870 1011
1630880 1014
1630890 1014
1630900 1019
1630910 1025
1630920 1025
1630930 1029
1630940 1034
1630950 1034
1630960 1037
1630970 1037
1630980 1037
1630990 1039
1631000 1041
1631010 1041
1631020 1043
1631030 1044
1631040 1044
1631050 1046
1631060 1047
1631070 1047
1631080 1046
1631090 1043
1631100 1043
1631110 1040
1631120 1039
1631130 1037
1631140 1037
1631150 1037
1631160 1038
1631170 1037
1631180 1037
1631190 1037
1631200 1037
1631210 1038
1631220 1039
1631230 1039
1631240 1042
1631250 1046
1631260 1046
1631270 1048
1631280 1049
1631290 1049
1631300 1050
1631310 1052
1631320 1052
1631330 1054
1631340 1057
1631350 1057
1631360 1057
1631370 1056
1631380 1056
1631390 1058
1631400 1060
1631410 1060
1631420 1061
1631430 1063
1631440 1063
1631450 1067
1631460 1071
1631470 1074
1631480 1074
1631490 1079
1631500 1082
1631510 1082
1631520 1083
1631530 1085
1631540 1085
1631550 1088
1631560 1091
1631570 1091
1631580 1093
1631590 1095
1631600 1095
1631610 1099
1631620 1103
1631630 1103
1631640 1106
1631650 1113
1631660 1113
1631670 1117
1631680 1122
1631690 1122
1631700 1127
1631710 1132
1631720 1132
1631730 1137
1631740 1141
1631750 1141
1631760 1145
1631770 1147
1631780 1149
1631790 1149
1631800 1150
1631810 1153
1631820 1153
1631830 1157
1631840 1159
1631850 1159
1631860 1161
1631870 1165
1631880 1165
1631890 1170
1631900 1173
1631910 1173
1631920 1174
1631930 1176
1631940 1176
1631950 1178
1631960 1182
1631970 1182
1631980 1185
1631990 1188
1632000 1188
1632010 1191
1632020 1194
1632030 1194
1632040 1195
1632050 1198
1632060 1198
1632070 1199
1632080 1200
1632090 1200
1632100 1200
1632110 1200
1632120 1203
1632130 1203
1632140 1205
1632150 1207
1632160 1207
1632170 1209
1632180 1210
1632190 1210
1632200 1210
1632210 1211
1632220 1211
1632230 1213
1632240 1214
1632250 1214
1632260 1216
1632270 1217
1632280 1217
1632290 1219
1632300 1221
1632310 1221
1632320 1223
1632330 1225
1632340 1225
1632350 1227
1632360 1229
1632370 1229
1632380 1231
1632390 1233
1632400 1233
1632410 1236
1632420 1239
1632430 1242
1632440 1242
1632450 1246
1632460 1252
1632470 1252
1632480 1254
1632490 1258
1632500 1258
1632510 1261
1632520 1263
1632530 1263
1632540 1266
1632550 1268
1632560 1268
1632570 1270
1632580 1272
1632590 1272
1632600 1275
1632610 1279
1632620 1279
1632630 1282
1632640 1284
1632650 1284
1632660 1286
1632670 1289
1632680 1289
1632690 1292
1632700 1293
1632710 1293
1632720 1294
1632730 1294
1632740 1294
1632750 1295
1632760 1298
1632770 1301
1632780 1301
1632790 1303
1632800 1303
1632810 1303
1632820 1304
1632830 1305
1632840 1305
1632850 1307
1632860 1311
1632870 1311
1632880 1313
1632890 1315
1632900 1312
1632910 1314
1632920 1316
1632930 1316
1632940 1318
1632950 1319
1632960 1319
1632970 1321
1632980 1322
1632990 1322
1633000 1322
1633010 1322
1633020 1322
1633030 1320
1633040 1320
1633050 1320
1633060 1321
1633070 1324
1633080 1327
1633090 1327
1633100 1329
1633110 1331
1633120 1331
1633130 1333
1633140 1336
1633150 1336
1633160 1337
1633170 1335
1633180 1335
1633190 1335
1633200 1336
1633210 1336
1633220 1339
1633230 1340
1633240 1340
1633250 1341
1633260 1343
1633270 1343
1633280 1345
1633290 1348
1633300 1348
1633310 1351
1633320 1356
1633330 1356
1633340 1362
1633350 1366
1633360 1366
1633370 1369
1633380 1371
1633390 1371
1633400 1373
1633410 1375
1633420 1379
1633430 1379
1633440 1383
1633450 1387
1633460 1387
1633470 1390
1633480 1393
1633490 1393
1633500 1398
1633510 1403
1633520 1403
1633530 1407
1633540 1409
1633550 1409
1633560 1411
1633570 1413
1633580 1413
1633590 1416
1633600 1419
1633610 1419
1633620 1421
1633630 1423
1633640 1423
1633650 1428
1633660 1432
1633670 1432
1633680 1438
1633690 1442
1633700 1442
1633710 1447
1633720 1451
1633730 1451
1633740 1455
1633750 1459
1633760 1459
1633770 1459
1633780 1463
1633790 1465
1633800 1465
1633810 1469
1633820 1473
1633830 1473
1633840 1478
1633850 1482
1633860 1482
1633870 1487
1633880 1494
1633890 1494
1633900 1500
1633910 1505
1633920 1505
1633930 1509
1633940 1513
1633950 1513
1633960 1516
1633970 1518
1633980 1518
1633990 1523
1634000 1528
1634010 1528
1634020 1534
1634030 1539
1634040 1539
1634050 1545
1634060 1551
1634070 1556
1634080 1556
1634090 1563
1634100 1567
1634110 1567
1634120 1574
1634130 1583
1634140 1583
1634150 1588
1634160 1592
1634170 1592
1634180 1598
1634190 1601
1634200 1601
1634210 1597
1634220 1594
1634230 1594
1634240 1590
1634250 1587
1634260 1587
1634270 1584
1634280 1583
1634290 1583
1634300 1581
1634310 1579
1634320 1579
1634330 1576
1634340 1573
1634350 1573
1634360 1572
1634370 1570
1634380 1570
1634390 1567
1634400 1564
1634410 1561
1634420 1561
1634430 1558
1634440 1555
1634450 1555
1634460 1552
1634470 1548
1634480 1548
1634490 1545
1634500 1541
1634510 1541
1634520 1538
1634530 1535
1634540 1535
1634550 1535
1634560 1536
1634570 1536
1634580 1536
1634590 1535
1634600 1535
1634610 1537
1634620 1535
1634630 1535
1634640 1531
1634650 1527
1634660 1527
1634670 1523
1634680 1519
1634690 1519
1634700 1515
1634710 1510
1634720 1508
1634730 1508
1634740 1505
1634750 1503
1634760 1503
1634770 1500
1634780 1497
1634790 1497
1634800 1493
1634810 1489
1634820 1489
1634830 1485
1634840 1479
1634850 1479
1634860 1473
1634870 1466
1634880 1466
1634890 1461
1634900 1458
1634910 1458
1634920 1456
1634930 1453
1634940 1453
1634950 1450
1634960 1446
1634970 1446
1634980 1442
1634990 1438
1635000 1438
1635010 1435
1635020 1431
1635030 1431
1635040 1427
1635050 1423
1635060 1418
1635070 1418
1635080 1414
1635090 1409
1635100 1409
1635110 1404
1635120 1398
1635130 1398
1635140 1393
1635150 1388
1635160 1388
1635170 1383
1635180 1377
1635190 1377
1635200 1372
1635210 1367
1635220 1367
1635230 1361
1635240 1356
1635250 1356
1635260 1350
1635270 1343
1635280 1343
1635290 1334
1635300 1326
1635310 1326
1635320 1332
1635330 1342
1635340 1342
1635350 1352
1635360 1362
1635370 1362
1635380 1369
1635390 1375
1635400 1382
1635410 1382
1635420 1389
1635430 1397
1635440 1397
1635450 1404
1635460 1415
1635470 1415
1635480 1423
1635490 1432
1635500 1432
1635510 1441
1635520 1450
1635530 1450
1635540 1458
1635550 1462
1635560 1462
1635570 1471
1635580 1479
1635590 1479
1635600 1482
1635610 1483
1635620 1483
1635630 1485
1635640 1488
1635650 1488
1635660 1491
1635670 1493
1635680 1493
1635690 1495
1635700 1498
1635710 1501
1635720 1501
1635730 1505
1635740 1509
1635750 1509
1635760 1512
1635770 1515
1635780 1515
1635790 1518
1635800 1521
1635810 1521
1635820 1524
1635830 1526
1635840 1526
1635850 1529
1635860 1532
1635870 1532
1635880 1534
1635890 1536
1635900 1536
1635910 1538
1635920 1540
1635930 1540
1635940 1541
1635950 1543
1635960 1543
1635970 1545
1635980 1547
1635990 1547
1636000 1548
1636010 1547
1636020 1547
1636030 1550
1636040 1554
1636050 1557
1636060 1557
1636070 1557
1636080 1562
1636090 1562
1636100 1567
1636110 1572
1636120 1572
1636130 1575
1636140 1581
1636150 1581
1636160 1586
1636170 1591
1636180 1591
1636190 1596
1636200 1600
1636210 1600
1636220 1604
1636230 1609
1636240 1609
1636250 1614
1636260 1619
1636270 1619
1636280 1625
1636290 1629
1636300 1629
1636310 1636
1636320 1641
1636330 1641
1636340 1645
1636350 1649
1636360 1653
1636370 1653
1636380 1657
1636390 1660
1636400 1660
1636410 1664
1636420 1667
1636430 1667
1636440 1669
1636450 1672
1636460 1672
1636470 1674
1636480 1677
1636490 1677
1636500 1679
1636510 1681
1636520 1681
1636530 1683
1636540 1685
1636550 1685
1636560 1687
1636570 1688
1636580 1688
1636590 1688
1636600 1686
1636610 1686
1636620 1681
1636630 1675
1636640 1675
1636650 1669
1636660 1664
1636670 1664
1636680 1658
1636690 1653
1636700 1648
1636710 1648
1636720 1643
1636730 1638
1636740 1638
1636750 1634
1636760 1630
1636770 1630
1636780 1626
1636790 1622
1636800 1622
1636810 1617
1636820 1612
1636830 1612
1636840 1608
1636850 1604
1636860 1604
1636870 1600
1636880 1596
1636890 1596
1636900 1592
1636910 1588
1636920 1588
1636930 1584
1636940 1580
1636950 1580
1636960 1575
1636970 1571
1636980 1571
1636990 1567
1637000 1563
1637010 1563
1637020 1558
1637030 1553
1637040 1547
1637050 1547
1637060 1543
1637070 1538
1637080 1538
1637090 1534
1637100 1530
1637110 1530
1637120 1525
1637130 1521
1637140 1521
1637150 1516
1637160 1512
1637170 1512
1637180 1507
1637190 1503
1637200 1503
1637210 1499
1637220 1494
1637230 1494
1637240 1489
1637250 1483
1637260 1483
1637270 1478
1637280 1471
1637290 1471
1637300 1466
1637310 1463
1637320 1463
1637330 1460
1637340 1456
1637350 1452
1637360 1452
1637370 1447
1637380 1442
1637390 1442
1637400 1436
1637410 1431
1637420 1431
1637430 1424
1637440 1415
1637450 1415
1637460 1410
1637470 1409
1637480 1409
1637490 1412
1637500 1414
1637510 1414
1637520 1412
1637530 1409
1637540 1409
1637550 1406
1637560 1402
1637570 1402
1637580 1400
1637590 1397
1637600 1397
1637610 1393
1637620 1388
1637630 1388
1637640 1384
1637650 1378
1637660 1378
1637670 1370
1637680 1363
1637690 1367
1637700 1367
1637710 1368
1637720 1368
1637730 1368
1637740 1366
1637750 1365
1637760 1365
1637770 1364
1637780 1363
1637790 1363
1637800 1362
1637810 1362
1637820 1362
1637830 1358
1637840 1353
1637850 1353
1637860 1348
1637870 1341
1637880 1341
1637890 1334
1637900 1330
1637910 1330
1637920 1331
1637930 1327
1637940 1327
1637950 1321
1637960 1315
1637970 1315
1637980 1306
1637990 1303
1638000 1299
1638010 1299
1638020 1295
1638030 1292
1638040 1292
1638050 1289
1638060 1285
1638070 1285
1638080 1283
1638090 1280
1638100 1280
1638110 1276
1638120 1273
1638130 1273
1638140 1271
1638150 1269
1638160 1269
1638170 1267
1638180 1265
1638190 1265
1638200 1262
1638210 1257
1638220 1257
1638230 1254
1638240 1253
1638250 1253
1638260 1251
1638270 1250
1638280 1250
1638290 1248
1638300 1247
1638310 1247
1638320 1246
1638330 1245
1638340 1243
1638350 1243
1638360 1241
1638370 1238
1638380 1238
1638390 1236
1638400 1235
1638410 1235
1638420 1235
1638430 1234
1638440 1234
1638450 1233
1638460 1231
1638470 1231
1638480 1229
1638490 1227
1638500 1227
1638510 1225
1638520 1223
1638530 1223
1638540 1221
1638550 1220
1638560 1220
1638570 1219
1638580 1219
1638590 1219
1638600 1217
1638610 1216
1638620 1216
1638630 1214
1638640 1213
1638650 1213
1638660 1212
1638670 1211
1638680 1210
1638690 1210
1638700 1209
1638710 1207
1638720 1207
1638730 1206
1638740 1204
1638750 1204
1638760 1203
1638770 1203
1638780 1203
1638790 1204
1638800 1204
1638810 1209
1638820 1211
1638830 1213
1638840 1213
1638850 1215
1638860 1215
1638870 1215
1638880 1214
1638890 1215
1638900 1215
1638910 1214
1638920 1213
1638930 1213
1638940 1211
1638950 1207
1638960 1207
1638970 1202
1638980 1201
1638990 1204
1639000 1204
1639010 1207
1639020 1209
1639030 1209
1639040 1209
1639050 1210
1639060 1210
1639070 1209
1639080 1208
1639090 1208
1639100 1208
1639110 1209
1639120 1209
1639130 1209
1639140 1209
1639150 1209
1639160 1208
1639170 1207
1639180 1207
1639190 1205
1639200 1201
1639210 1201
1639220 1197
1639230 1194
1639240 1194
1639250 1189
1639260 1185
1639270 1185
1639280 1187
1639290 1191
1639300 1191
1639310 1194
1639320 1199
1639330 1206
1639340 1206
1639350 1211
1639360 1218
1639370 1218
1639380 1225
1639390 1231
1639400 1231
1639410 1237
1639420 1243
1639430 1243
1639440 1250
1639450 1257
1639460 1257
1639470 1263
1639480 1268
1639490 1268
1639500 1272
1639510 1276
1639520 1276
1639530 1279
1639540 1283
1639550 1283
1639560 1287
1639570 1291
1639580 1291
1639590 1295
1639600 1299
1639610 1299
1639620 1304
1639630 1307
1639640 1310
1639650 1314
1639660 1318
1639670 1323
1639680 1323
1639690 1328
1639700 1332
1639710 1332
1639720 1335
1639730 1338
1639740 1338
1639750 1340
1639760 1342
1639770 1342
1639780 1344
1639790 1346
1639800 1346
1639810 1349
1639820 1351
1639830 1351
1639840 1353
1639850 1356
1639860 1356
1639870 1358
1639880 1359
1639890 1359
1639900 1362
1639910 1364
1639920 1364
1639930 1366
1639940 1368
1639950 1368
1639960 1369
1639970 1370
1639980 1370
1639990 1370
