1620000 731
1620010 731
1620020 732
1620030 732
1620040 733
1620050 734
1620060 734
1620070 734
1620080 734
1620090 734
1620100 735
1620110 737
1620120 739
1620130 739
1620140 740
1620150 742
1620160 742
1620170 743
1620180 743
1620190 743
1620200 744
1620210 745
1620220 745
1620230 746
1620240 747
1620250 747
1620260 744
1620270 742
1620280 742
1620290 741
1620300 741
1620310 741
1620320 740
1620330 740
1620340 735
1620350 735
1620360 735
1620370 735
1620380 734
1620390 735
1620400 735
1620410 735
1620420 736
1620430 736
1620440 737
1620450 735
1620460 733
1620470 733
1620480 734
1620490 736
1620500 736
1620510 738
1620520 739
1620530 739
1620540 741
1620550 741
1620560 741
1620570 741
1620580 741
1620590 741
1620600 739
1620610 738
1620620 738
1620630 737
1620640 736
1620650 736
1620660 736
1620670 735
1620680 735
1620690 734
1620700 735
1620710 735
1620720 735
1620730 735
1620740 735
1620750 734
1620760 734
1620770 734
1620780 735
1620790 735
1620800 734
1620810 734
1620820 737
1620830 738
1620840 738
1620850 740
1620860 739
1620870 739
1620880 738
1620890 738
1620900 738
1620910 737
1620920 737
1620930 737
1620940 736
1620950 736
1620960 736
1620970 735
1620980 734
1620990 734
1621000 734
1621010 733
1621020 733
1621030 732
1621040 732
1621050 732
1621060 732
1621070 731
1621080 731
1621090 730
1621100 729
1621110 728
1621120 728
1621130 727
1621140 726
1621150 726
1621160 725
1621170 723
1621180 723
1621190 723
1621200 722
1621210 722
1621220 721
1621230 721
1621240 721
1621250 720
1621260 719
1621270 719
1621280 720
1621290 720
1621300 720
1621310 720
1621320 720
1621330 720
1621340 720
1621350 720
1621360 720
1621370 719
1621380 718
1621390 718
1621400 717
1621410 715
1621420 715
1621430 714
1621440 713
1621450 712
1621460 712
1621470 711
1621480 711
1621490 711
1621500 711
1621510 711
1621520 711
1621530 711
1621540 711
1621550 711
1621560 712
1621570 712
1621580 712
1621590 712
1621600 712
1621610 712
1621620 712
1621630 712
1621640 712
1621650 712
1621660 713
1621670 713
1621680 713
1621690 714
1621700 714
1621710 714
1621720 714
1621730 714
1621740 714
1621750 714
1621760 714
1621770 713
1621780 713
1621790 712
1621800 712
1621810 712
1621820 711
1621830 711
1621840 711
1621850 711
1621860 711
1621870 711
1621880 711
1621890 711
1621900 712
1621910 712
1621920 712
1621930 712
1621940 712
1621950 712
1621960 712
1621970 712
1621980 712
1621990 712
1622000 712
1622010 712
1622020 712
1622030 711
1622040 711
1622050 711
1622060 712
1622070 712
1622080 712
1622090 712
1622100 712
1622110 712
1622120 712
1622130 712
1622140 712
1622150 712
1622160 712
1622170 712
1622180 712
1622190 712
1622200 712
1622210 711
1622220 711
1622230 711
1622240 711
1622250 712
1622260 712
1622270 712
1622280 712
1622290 712
1622300 713
1622310 713
1622320 713
1622330 713
1622340 713
1622350 713
1622360 713
1622370 713
1622380 713
1622390 713
1622400 713
1622410 713
1622420 713
1622430 713
1622440 712
1622450 712
1622460 712
1622470 712
1622480 712
1622490 712
1622500 712
1622510 712
1622520 712
1622530 712
1622540 712
1622550 713
1622560 713
1622570 713
1622580 713
1622590 713
1622600 713
1622610 713
1622620 713
1622630 713
1622640 713
1622650 713
1622660 713
1622670 713
1622680 713
1622690 713
1622700 713
1622710 714
1622720 714
1622730 714
1622740 714
1622750 714
1622760 714
1622770 714
1622780 714
1622790 714
1622800 714
1622810 714
1622820 714
1622830 715
1622840 715
1622850 715
1622860 715
1622870 715
1622880 715
1622890 715
1622900 715
1622910 715
1622920 715
1622930 716
1622940 716
1622950 716
1622960 716
1622970 716
1622980 716
1622990 716
1623000 716
1623010 716
1623020 716
1623030 716
1623040 716
1623050 716
1623060 716
1623070 715
1623080 716
1623090 716
1623100 716
1623110 716
1623120 716
1623130 716
1623140 716
1623150 717
1623160 717
1623170 717
1623180 717
1623190 717
1623200 717
1623210 717
1623220 717
1623230 718
1623240 718
1623250 718
1623260 718
1623270 718
1623280 718
1623290 718
1623300 718
1623310 718
1623320 719
1623330 719
1623340 719
1623350 719
1623360 720
1623370 720
1623380 720
1623390 720
1623400 720
1623410 721
1623420 721
1623430 722
1623440 722
1623450 725
1623460 726
1623470 726
1623480 725
1623490 722
1623500 722
1623510 722
1623520 722
1623530 722
1623540 723
1623550 723
1623560 723
1623570 724
1623580 724
1623590 724
1623600 725
1623610 725
1623620 725
1623630 726
1623640 727
1623650 727
1623660 728
1623670 729
1623680 729
1623690 729
1623700 730
1623710 730
1623720 731
1623730 732
1623740 733
1623750 733
1623760 734
1623770 735
1623780 735
1623790 735
1623800 736
1623810 736
1623820 737
1623830 738
1623840 738
1623850 739
1623860 741
1623870 741
1623880 742
1623890 743
1623900 743
1623910 745
1623920 748
1623930 748
1623940 752
1623950 755
1623960 755
1623970 759
1623980 763
1623990 763
1624000 766
1624010 768
1624020 768
1624030 768
1624040 767
1624050 767
1624060 768
1624070 768
1624080 768
1624090 768
1624100 767
1624110 768
1624120 768
1624130 770
1624140 774
1624150 774
1624160 775
1624170 776
1624180 776
1624190 777
1624200 779
1624210 779
1624220 780
1624230 782
1624240 782
1624250 784
1624260 785
1624270 785
1624280 785
1624290 785
1624300 785
1624310 786
1624320 785
1624330 785
1624340 783
1624350 782
1624360 782
1624370 782
1624380 782
1624390 782
1624400 783
1624410 783
1624420 784
1624430 784
1624440 784
1624450 786
1624460 786
1624470 787
1624480 787
1624490 787
1624500 787
1624510 787
1624520 787
1624530 787
1624540 788
1624550 788
1624560 788
1624570 788
1624580 788
1624590 789
1624600 788
1624610 788
1624620 789
1624630 788
1624640 788
1624650 789
1624660 789
1624670 789
1624680 789
1624690 790
1624700 790
1624710 790
1624720 791
1624730 791
1624740 791
1624750 791
1624760 792
1624770 792
1624780 793
1624790 795
1624800 795
1624810 796
1624820 798
1624830 798
1624840 798
1624850 799
1624860 799
1624870 799
1624880 797
1624890 797
1624900 797
1624910 800
1624920 800
1624930 803
1624940 810
1624950 810
1624960 814
1624970 822
1624980 822
1624990 827
1625000 829
1625010 829
1625020 831
1625030 833
1625040 833
1625050 835
1625060 836
1625070 836
1625080 836
1625090 838
1625100 840
1625110 840
1625120 842
1625130 844
1625140 844
1625150 846
1625160 848
1625170 848
1625180 849
1625190 850
1625200 850
1625210 851
1625220 853
1625230 853
1625240 854
1625250 856
1625260 856
1625270 858
1625280 861
1625290 861
1625300 864
1625310 867
1625320 867
1625330 871
1625340 877
1625350 877
1625360 880
1625370 881
1625380 881
1625390 885
1625400 890
1625410 897
1625420 897
1625430 900
1625440 903
1625450 903
1625460 906
1625470 909
1625480 909
1625490 912
1625500 914
1625510 914
1625520 918
1625530 922
1625540 922
1625550 927
1625560 933
1625570 933
1625580 938
1625590 941
1625600 941
1625610 944
1625620 946
1625630 946
1625640 950
1625650 952
1625660 952
1625670 955
1625680 959
1625690 959
1625700 961
1625710 963
1625720 965
1625730 965
1625740 968
1625750 973
1625760 973
1625770 978
1625780 982
1625790 982
1625800 984
1625810 986
1625820 986
1625830 989
1625840 992
1625850 992
1625860 994
1625870 997
1625880 1000
1625890 1004
1625900 1009
1625910 1009
1625920 1014
1625930 1017
1625940 1017
1625950 1019
1625960 1020
1625970 1020
1625980 1021
1625990 1023
1626000 1023
1626010 1023
1626020 1021
1626030 1021
1626040 1018
1626050 1016
1626060 1016
1626070 1016
1626080 1015
1626090 1012
1626100 1012
1626110 1011
1626120 1011
1626130 1011
1626140 1011
1626150 1011
1626160 1011
1626170 1011
1626180 1011
1626190 1011
1626200 1011
1626210 1010
1626220 1010
1626230 1009
1626240 1010
1626250 1010
1626260 1010
1626270 1010
1626280 1010
1626290 1009
1626300 1007
1626310 1007
1626320 1007
1626330 1007
1626340 1007
1626350 1009
1626360 1011
1626370 1011
1626380 1008
1626390 1008
1626400 1010
1626410 1010
1626420 1013
1626430 1019
1626440 1019
1626450 1024
1626460 1030
1626470 1030
1626480 1036
1626490 1042
1626500 1042
1626510 1049
1626520 1056
1626530 1056
1626540 1064
1626550 1072
1626560 1072
1626570 1078
1626580 1082
1626590 1082
1626600 1085
1626610 1089
1626620 1089
1626630 1092
1626640 1094
1626650 1094
1626660 1095
1626670 1097
1626680 1097
1626690 1099
1626700 1100
1626710 1102
1626720 1102
1626730 1103
1626740 1104
1626750 1104
1626760 1104
1626770 1104
1626780 1112
1626790 1111
1626800 1111
1626810 1111
1626820 1109
1626830 1107
1626840 1107
1626850 1106
1626860 1104
1626870 1104
1626880 1104
1626890 1104
1626900 1104
1626910 1104
1626920 1103
1626930 1103
1626940 1103
1626950 1101
1626960 1101
1626970 1099
1626980 1096
1626990 1096
1627000 1094
1627010 1092
1627020 1092
1627030 1090
1627040 1088
1627050 1086
1627060 1086
1627070 1085
1627080 1081
1627090 1081
1627100 1076
1627110 1070
1627120 1070
1627130 1062
1627140 1055
1627150 1055
1627160 1047
1627170 1048
1627180 1048
1627190 1051
1627200 1055
1627210 1055
1627220 1060
1627230 1064
1627240 1064
1627250 1069
1627260 1067
1627270 1067
1627280 1064
1627290 1063
1627300 1063
1627310 1062
1627320 1063
1627330 1063
1627340 1063
1627350 1063
1627360 1063
1627370 1063
1627380 1064
1627390 1065
1627400 1065
1627410 1068
1627420 1068
1627430 1068
1627440 1071
1627450 1073
1627460 1073
1627470 1073
1627480 1073
1627490 1073
1627500 1077
1627510 1079
1627520 1079
1627530 1081
1627540 1084
1627550 1084
1627560 1085
1627570 1088
1627580 1088
1627590 1094
1627600 1099
1627610 1099
1627620 1101
1627630 1102
1627640 1102
1627650 1104
1627660 1106
1627670 1106
1627680 1113
1627690 1115
1627700 1114
1627710 1114
1627720 1115
1627730 1114
1627740 1114
1627750 1112
1627760 1111
1627770 1111
1627780 1110
1627790 1108
1627800 1108
1627810 1104
1627820 1098
1627830 1098
1627840 1091
1627850 1084
1627860 1084
1627870 1077
1627880 1070
1627890 1070
1627900 1065
1627910 1059
1627920 1059
1627930 1053
1627940 1047
1627950 1047
1627960 1053
1627970 1061
1627980 1061
1627990 1069
1628000 1074
1628010 1074
1628020 1078
1628030 1085
1628040 1092
1628050 1092
1628060 1098
1628070 1103
1628080 1103
1628090 1108
1628100 1112
1628110 1112
1628120 1115
1628130 1121
1628140 1121
1628150 1130
1628160 1135
1628170 1135
1628180 1139
1628190 1143
1628200 1143
1628210 1147
1628220 1151
1628230 1151
1628240 1154
1628250 1158
1628260 1158
1628270 1162
1628280 1166
1628290 1166
1628300 1170
1628310 1175
1628320 1175
1628330 1180
1628340 1185
1628350 1185
1628360 1189
1628370 1193
1628380 1198
1628390 1198
1628400 1202
1628410 1207
1628420 1207
1628430 1212
1628440 1217
1628450 1217
1628460 1221
1628470 1226
1628480 1226
1628490 1231
1628500 1236
1628510 1236
1628520 1241
1628530 1245
1628540 1245
1628550 1247
1628560 1248
1628570 1253
1628580 1255
1628590 1256
1628600 1256
1628610 1258
1628620 1259
1628630 1259
1628640 1259
1628650 1259
1628660 1259
1628670 1259
1628680 1259
1628690 1259
1628700 1259
1628710 1260
1628720 1261
1628730 1261
1628740 1262
1628750 1263
1628760 1263
1628770 1264
1628780 1266
1628790 1266
1628800 1268
1628810 1269
1628820 1269
1628830 1269
1628840 1272
1628850 1272
1628860 1274
1628870 1276
1628880 1276
1628890 1277
1628900 1279
1628910 1279
1628920 1281
1628930 1283
1628940 1283
1628950 1285
1628960 1288
1628970 1288
1628980 1291
1628990 1294
1629000 1294
1629010 1298
1629020 1304
1629030 1310
1629040 1310
1629050 1316
1629060 1323
1629070 1323
1629080 1329
1629090 1335
1629100 1335
1629110 1341
1629120 1348
1629130 1348
1629140 1355
1629150 1362
1629160 1362
1629170 1369
1629180 1374
1629190 1374
1629200 1377
1629210 1379
1629220 1379
1629230 1380
1629240 1380
1629250 1380
1629260 1380
1629270 1380
1629280 1380
1629290 1382
1629300 1383
1629310 1383
1629320 1385
1629330 1387
1629340 1387
1629350 1389
1629360 1390
1629370 1391
1629380 1391
1629390 1391
1629400 1390
1629410 1390
1629420 1389
1629430 1389
1629440 1389
1629450 1397
1629460 1398
1629470 1398
1629480 1400
1629490 1403
1629500 1403
1629510 1404
1629520 1401
1629530 1401
1629540 1396
1629550 1391
1629560 1391
1629570 1387
1629580 1384
1629590 1384
1629600 1381
1629610 1379
1629620 1379
1629630 1376
1629640 1374
1629650 1374
1629660 1373
1629670 1373
1629680 1372
1629690 1372
1629700 1370
1629710 1369
1629720 1369
1629730 1368
1629740 1367
1629750 1367
1629760 1366
1629770 1364
1629780 1364
1629790 1363
1629800 1361
1629810 1361
1629820 1358
1629830 1354
1629840 1354
1629850 1349
1629860 1344
1629870 1344
1629880 1340
1629890 1336
1629900 1336
1629910 1332
1629920 1328
1629930 1328
1629940 1323
1629950 1320
1629960 1320
1629970 1317
1629980 1315
1629990 1315
1630000 1313
1630010 1310
1630020 1309
1630030 1309
1630040 1307
1630050 1307
1630060 1307
1630070 1307
1630080 1307
1630090 1307
1630100 1308
1630110 1304
1630120 1304
1630130 1299
1630140 1294
1630150 1294
1630160 1289
1630170 1286
1630180 1286
1630190 1281
1630200 1272
1630210 1272
1630220 1265
1630230 1261
1630240 1261
1630250 1257
1630260 1255
1630270 1255
1630280 1253
1630290 1250
1630300 1250
1630310 1246
1630320 1241
1630330 1242
1630340 1239
1630350 1236
1630360 1229
1630370 1229
1630380 1222
1630390 1215
1630400 1215
1630410 1212
1630420 1214
1630430 1214
1630440 1217
1630450 1222
1630460 1222
1630470 1223
1630480 1223
1630490 1223
1630500 1223
1630510 1223
1630520 1223
1630530 1223
1630540 1223
1630550 1223
1630560 1223
1630570 1222
1630580 1222
1630590 1221
1630600 1218
1630610 1218
1630620 1215
1630630 1211
1630640 1211
1630650 1204
1630660 1197
1630670 1189
1630680 1189
1630690 1183
1630700 1182
1630710 1182
1630720 1186
1630730 1190
1630740 1190
1630750 1192
1630760 1189
1630770 1189
1630780 1190
1630790 1196
1630800 1196
1630810 1200
1630820 1202
1630830 1202
1630840 1203
1630850 1204
1630860 1204
1630870 1201
1630880 1198
1630890 1198
1630900 1193
1630910 1186
1630920 1186
1630930 1177
1630940 1176
1630950 1176
1630960 1180
1630970 1186
1630980 1186
1630990 1191
1631000 1195
1631010 1198
1631020 1198
1631030 1201
1631040 1205
1631050 1205
1631060 1208
1631070 1211
1631080 1211
1631090 1214
1631100 1218
1631110 1218
1631120 1221
1631130 1225
1631140 1225
1631150 1228
1631160 1232
1631170 1232
1631180 1235
1631190 1239
1631200 1239
1631210 1243
1631220 1247
1631230 1247
1631240 1249
1631250 1252
1631260 1252
1631270 1255
1631280 1256
1631290 1256
1631300 1256
1631310 1256
1631320 1256
1631330 1256
1631340 1256
1631350 1256
1631360 1256
1631370 1256
1631380 1256
1631390 1256
1631400 1256
1631410 1257
1631420 1257
1631430 1257
1631440 1258
1631450 1258
1631460 1257
1631470 1258
1631480 1258
1631490 1260
1631500 1261
1631510 1261
1631520 1263
1631530 1264
1631540 1264
1631550 1265
1631560 1267
1631570 1267
1631580 1267
1631590 1267
1631600 1267
1631610 1267
1631620 1267
1631630 1267
1631640 1266
1631650 1262
1631660 1258
1631670 1258
1631680 1253
1631690 1244
1631700 1244
1631710 1240
1631720 1236
1631730 1236
1631740 1232
1631750 1233
1631760 1233
1631770 1235
1631780 1239
1631790 1239
1631800 1242
1631810 1245
1631820 1245
1631830 1248
1631840 1251
1631850 1251
1631860 1254
1631870 1258
1631880 1258
1631890 1262
1631900 1266
1631910 1266
1631920 1270
1631930 1274
1631940 1274
1631950 1276
1631960 1277
1631970 1277
1631980 1274
1631990 1271
1632000 1268
1632010 1268
1632020 1266
1632030 1265
1632040 1265
1632050 1262
1632060 1260
1632070 1260
1632080 1262
1632090 1260
1632100 1260
1632110 1259
1632120 1259
1632130 1259
1632140 1257
1632150 1256
1632160 1256
1632170 1255
1632180 1254
1632190 1254
1632200 1252
1632210 1250
1632220 1250
1632230 1247
1632240 1244
1632250 1244
1632260 1240
1632270 1237
1632280 1237
1632290 1234
1632300 1231
1632310 1231
1632320 1229
1632330 1227
1632340 1225
1632350 1225
1632360 1224
1632370 1223
1632380 1223
1632390 1223
1632400 1223
1632410 1223
1632420 1221
1632430 1218
1632440 1218
1632450 1213
1632460 1207
1632470 1207
1632480 1202
1632490 1196
1632500 1196
1632510 1190
1632520 1186
1632530 1186
1632540 1183
1632550 1179
1632560 1179
1632570 1182
1632580 1186
1632590 1186
1632600 1191
1632610 1199
1632620 1199
1632630 1208
1632640 1216
1632650 1221
1632660 1221
1632670 1226
1632680 1231
1632690 1231
1632700 1236
1632710 1240
1632720 1240
1632730 1246
1632740 1251
1632750 1251
1632760 1257
1632770 1262
1632780 1262
1632790 1268
1632800 1273
1632810 1273
1632820 1279
1632830 1285
1632840 1285
1632850 1291
1632860 1297
1632870 1297
1632880 1304
1632890 1311
1632900 1311
1632910 1318
1632920 1324
1632930 1324
1632940 1331
1632950 1338
1632960 1338
1632970 1344
1632980 1351
1632990 1358
1633000 1358
1633010 1366
1633020 1373
1633030 1373
1633040 1379
1633050 1386
1633060 1386
1633070 1393
1633080 1400
1633090 1400
1633100 1406
1633110 1412
1633120 1412
1633130 1418
1633140 1424
1633150 1424
1633160 1427
1633170 1433
1633180 1433
1633190 1439
1633200 1443
1633210 1443
1633220 1446
1633230 1449
1633240 1449
1633250 1451
1633260 1453
1633270 1453
1633280 1455
1633290 1457
1633300 1457
1633310 1459
1633320 1460
1633330 1459
1633340 1459
1633350 1459
1633360 1458
1633370 1458
1633380 1458
1633390 1458
1633400 1458
1633410 1458
1633420 1458
1633430 1458
1633440 1458
1633450 1458
1633460 1458
1633470 1457
1633480 1455
1633490 1455
1633500 1453
1633510 1451
1633520 1451
1633530 1450
1633540 1449
1633550 1449
1633560 1448
1633570 1448
1633580 1448
1633590 1448
1633600 1448
1633610 1448
1633620 1447
1633630 1447
1633640 1446
1633650 1446
1633660 1446
1633670 1446
1633680 1446
1633690 1445
1633700 1445
1633710 1445
1633720 1443
1633730 1440
1633740 1440
1633750 1438
1633760 1436
1633770 1436
1633780 1436
1633790 1435
1633800 1440
1633810 1439
1633820 1438
1633830 1438
1633840 1434
1633850 1426
1633860 1426
1633870 1418
1633880 1423
1633890 1423
1633900 1432
1633910 1439
1633920 1439
1633930 1445
1633940 1447
1633950 1447
1633960 1450
1633970 1453
1633980 1455
1633990 1455
1634000 1458
1634010 1459
1634020 1459
1634030 1457
1634040 1455
1634050 1455
1634060 1453
1634070 1453
1634080 1453
1634090 1455
1634100 1460
1634110 1460
1634120 1468
1634130 1472
1634140 1472
1634150 1479
1634160 1487
1634170 1487
1634180 1494
1634190 1499
1634200 1499
1634210 1504
1634220 1508
1634230 1508
1634240 1512
1634250 1516
1634260 1516
1634270 1520
1634280 1524
1634290 1524
1634300 1527
1634310 1528
1634320 1531
1634330 1531
1634340 1534
1634350 1537
1634360 1537
1634370 1541
1634380 1546
1634390 1546
1634400 1550
1634410 1552
1634420 1552
1634430 1556
1634440 1560
1634450 1560
1634460 1565
1634470 1570
1634480 1570
1634490 1576
1634500 1580
1634510 1580
1634520 1585
1634530 1590
1634540 1590
1634550 1596
1634560 1601
1634570 1601
1634580 1605
1634590 1609
1634600 1609
1634610 1614
1634620 1619
1634630 1624
1634640 1624
1634650 1631
1634660 1638
1634670 1638
1634680 1642
1634690 1644
1634700 1644
1634710 1643
1634720 1642
1634730 1642
1634740 1641
1634750 1639
1634760 1639
1634770 1637
1634780 1635
1634790 1635
1634800 1631
1634810 1628
1634820 1628
1634830 1624
1634840 1620
1634850 1620
1634860 1616
1634870 1613
1634880 1613
1634890 1611
1634900 1608
1634910 1608
1634920 1605
1634930 1602
1634940 1602
1634950 1598
1634960 1593
1634970 1587
1634980 1587
1634990 1581
1635000 1574
1635010 1574
1635020 1567
1635030 1561
1635040 1561
1635050 1554
1635060 1548
1635070 1548
1635080 1543
1635090 1537
1635100 1537
1635110 1533
1635120 1530
1635130 1530
1635140 1526
1635150 1523
1635160 1523
1635170 1522
1635180 1522
1635190 1522
1635200 1512
1635210 1508
1635220 1508
1635230 1514
1635240 1524
1635250 1524
1635260 1527
1635270 1532
1635280 1532
1635290 1534
1635300 1535
1635310 1537
1635320 1537
1635330 1539
1635340 1542
1635350 1542
1635360 1545
1635370 1548
1635380 1548
1635390 1551
1635400 1554
1635410 1554
1635420 1556
1635430 1557
1635440 1557
1635450 1556
1635460 1553
1635470 1553
1635480 1550
1635490 1548
1635500 1553
1635510 1552
1635520 1550
1635530 1550
1635540 1549
1635550 1548
1635560 1548
1635570 1547
1635580 1547
1635590 1547
1635600 1546
1635610 1546
1635620 1543
1635630 1543
1635640 1536
1635650 1531
1635660 1531
1635670 1528
1635680 1535
1635690 1535
1635700 1543
1635710 1546
1635720 1546
1635730 1543
1635740 1549
1635750 1549
1635760 1560
1635770 1567
1635780 1567
1635790 1574
1635800 1581
1635810 1581
1635820 1589
1635830 1596
1635840 1596
1635850 1603
1635860 1610
1635870 1610
1635880 1617
1635890 1625
1635900 1625
1635910 1630
1635920 1634
1635930 1634
1635940 1639
1635950 1643
1635960 1646
1635970 1646
1635980 1650
1635990 1654
1636000 1654
1636010 1658
1636020 1661
1636030 1661
1636040 1664
1636050 1668
1636060 1668
1636070 1671
1636080 1674
1636090 1674
1636100 1678
1636110 1682
1636120 1682
1636130 1686
1636140 1690
1636150 1690
1636160 1694
1636170 1697
1636180 1697
1636190 1701
1636200 1704
1636210 1704
1636220 1707
1636230 1712
1636240 1712
1636250 1716
1636260 1720
1636270 1720
1636280 1724
1636290 1728
1636300 1731
1636310 1731
1636320 1734
1636330 1737
1636340 1737
1636350 1742
1636360 1744
1636370 1744
1636380 1746
1636390 1748
1636400 1748
1636410 1749
1636420 1751
1636430 1751
1636440 1752
1636450 1753
1636460 1753
1636470 1753
1636480 1752
1636490 1752
1636500 1750
1636510 1748
1636520 1748
1636530 1746
1636540 1743
1636550 1743
1636560 1741
1636570 1737
1636580 1737
1636590 1734
1636600 1730
1636610 1725
1636620 1725
1636630 1721
1636640 1717
1636650 1717
1636660 1712
1636670 1708
1636680 1708
1636690 1703
1636700 1699
1636710 1699
1636720 1695
1636730 1689
1636740 1689
1636750 1683
1636760 1680
1636770 1680
1636780 1678
1636790 1674
1636800 1674
1636810 1670
1636820 1667
1636830 1667
1636840 1664
1636850 1660
1636860 1660
1636870 1656
1636880 1652
1636890 1652
1636900 1648
1636910 1645
1636920 1645
1636930 1641
1636940 1638
1636950 1635
1636960 1635
1636970 1631
1636980 1628
1636990 1628
1637000 1625
1637010 1622
1637020 1622
1637030 1619
1637040 1615
1637050 1615
1637060 1610
1637070 1606
1637080 1606
1637090 1603
1637100 1599
1637110 1599
1637120 1595
1637130 1591
1637140 1591
1637150 1587
1637160 1583
1637170 1583
1637180 1585
1637190 1581
1637200 1581
1637210 1578
1637220 1574
1637230 1574
1637240 1569
1637250 1565
1637260 1565
1637270 1561
1637280 1557
1637290 1553
1637300 1553
1637310 1549
1637320 1544
1637330 1544
1637340 1539
1637350 1533
1637360 1533
1637370 1527
1637380 1520
1637390 1520
1637400 1514
1637410 1507
1637420 1507
1637430 1497
1637440 1489
1637450 1489
1637460 1482
1637470 1476
1637480 1476
1637490 1471
1637500 1463
1637510 1463
1637520 1455
1637530 1453
1637540 1453
1637550 1448
1637560 1442
1637570 1442
1637580 1437
1637590 1431
1637600 1427
1637610 1427
1637620 1422
1637630 1419
1637640 1419
1637650 1416
1637660 1412
1637670 1412
1637680 1408
1637690 1405
1637700 1405
1637710 1402
1637720 1397
1637730 1397
1637740 1395
1637750 1392
1637760 1392
1637770 1390
1637780 1387
1637790 1387
1637800 1384
1637810 1380
1637820 1380
1637830 1375
1637840 1373
1637850 1373
1637860 1371
1637870 1374
1637880 1374
1637890 1375
1637900 1373
1637910 1373
1637920 1367
1637930 1370
1637940 1379
1637950 1379
1637960 1387
1637970 1392
1637980 1392
1637990 1397
1638000 1401
1638010 1401
1638020 1410
1638030 1415
1638040 1415
1638050 1420
1638060 1426
1638070 1426
1638080 1431
1638090 1436
1638100 1436
1638110 1441
1638120 1446
1638130 1446
1638140 1451
1638150 1456
1638160 1456
1638170 1462
1638180 1466
1638190 1466
1638200 1471
1638210 1477
1638220 1477
1638230 1483
1638240 1488
1638250 1488
1638260 1493
1638270 1499
1638280 1505
1638290 1505
1638300 1511
1638310 1517
1638320 1517
1638330 1523
1638340 1528
1638350 1528
1638360 1527
1638370 1522
1638380 1522
1638390 1517
1638400 1513
1638410 1513
1638420 1508
1638430 1504
1638440 1504
1638450 1500
1638460 1497
1638470 1497
1638480 1495
1638490 1491
1638500 1491
1638510 1488
1638520 1484
1638530 1484
1638540 1481
1638550 1478
1638560 1478
1638570 1473
1638580 1469
1638590 1464
1638600 1464
1638610 1460
1638620 1456
1638630 1456
1638640 1451
1638650 1447
1638660 1447
1638670 1443
1638680 1438
1638690 1438
1638700 1433
1638710 1428
1638720 1428
1638730 1424
1638740 1419
1638750 1419
1638760 1415
1638770 1411
1638780 1411
1638790 1408
1638800 1406
1638810 1406
1638820 1404
1638830 1401
1638840 1401
1638850 1403
1638860 1403
1638870 1403
1638880 1401
1638890 1403
1638900 1403
1638910 1403
1638920 1402
1638930 1404
1638940 1404
1638950 1404
1638960 1405
1638970 1405
1638980 1406
1638990 1408
1639000 1408
1639010 1410
1639020 1413
1639030 1413
1639040 1416
1639050 1419
1639060 1419
1639070 1422
1639080 1428
1639090 1428
1639100 1434
1639110 1441
1639120 1441
1639130 1447
1639140 1454
1639150 1454
1639160 1460
1639170 1467
1639180 1467
1639190 1474
1639200 1480
1639210 1480
1639220 1485
1639230 1490
1639240 1490
1639250 1494
1639260 1495
1639270 1492
1639280 1492
1639290 1490
1639300 1488
1639310 1488
1639320 1484
1639330 1479
1639340 1479
1639350 1475
1639360 1470
1639370 1470
1639380 1468
1639390 1466
1639400 1466
1639410 1461
1639420 1453
1639430 1453
1639440 1446
1639450 1439
1639460 1439
1639470 1433
1639480 1427
1639490 1427
1639500 1423
1639510 1419
1639520 1419
1639530 1413
1639540 1407
1639550 1407
1639560 1402
1639570 1395
1639580 1389
1639590 1389
1639600 1384
1639610 1379
1639620 1379
1639630 1374
1639640 1367
1639650 1367
1639660 1357
1639670 1348
1639680 1352
1639690 1344
1639700 1340
1639710 1340
1639720 1343
1639730 1350
1639740 1350
1639750 1357
1639760 1365
1639770 1365
1639780 1374
1639790 1383
1639800 1383
1639810 1390
1639820 1395
1639830 1395
1639840 1401
1639850 1407
1639860 1407
1639870 1413
1639880 1420
1639890 1420
1639900 1427
1639910 1435
1639920 1443
1639930 1443
1639940 1451
1639950 1459
1639960 1459
1639970 1467
1639980 1474
1639990 1474
