1620000 1019
1620010 1019
1620020 1020
1620030 1022
1620040 1022
1620050 1024
1620060 1025
1620070 1029
1620080 1029
1620090 1037
1620100 1045
1620110 1045
1620120 1049
1620130 1054
1620140 1054
1620150 1057
1620160 1061
1620170 1061
1620180 1069
1620190 1077
1620200 1077
1620210 1085
1620220 1091
1620230 1091
1620240 1097
1620250 1102
1620260 1102
1620270 1106
1620280 1110
1620290 1110
1620300 1114
1620310 1118
1620320 1118
1620330 1121
1620340 1123
1620350 1123
1620360 1125
1620370 1129
1620380 1129
1620390 1133
1620400 1136
1620410 1138
1620420 1138
1620430 1140
1620440 1143
1620450 1143
1620460 1145
1620470 1148
1620480 1148
1620490 1150
1620500 1152
1620510 1152
1620520 1155
1620530 1157
1620540 1157
1620550 1160
1620560 1163
1620570 1163
1620580 1168
1620590 1174
1620600 1174
1620610 1178
1620620 1183
1620630 1183
1620640 1188
1620650 1191
1620660 1191
1620670 1195
1620680 1199
1620690 1199
1620700 1204
1620710 1210
1620720 1210
1620730 1218
1620740 1227
1620750 1227
1620760 1240
1620770 1252
1620780 1260
1620790 1260
1620800 1265
1620810 1265
1620820 1265
1620830 1266
1620840 1264
1620850 1264
1620860 1264
1620870 1262
1620880 1262
1620890 1261
1620900 1260
1620910 1260
1620920 1259
1620930 1257
1620940 1257
1620950 1255
1620960 1251
1620970 1251
1620980 1246
1620990 1241
1621000 1241
1621010 1235
1621020 1230
1621030 1230
1621040 1226
1621050 1220
1621060 1220
1621070 1214
1621080 1209
1621090 1209
1621100 1203
1621110 1196
1621120 1190
1621130 1190
1621140 1182
1621150 1176
1621160 1176
1621170 1174
1621180 1171
1621190 1171
1621200 1167
1621210 1161
1621220 1161
1621230 1155
1621240 1148
1621250 1148
1621260 1144
1621270 1145
1621280 1145
1621290 1149
1621300 1157
1621310 1157
1621320 1163
1621330 1167
1621340 1167
1621350 1170
1621360 1174
1621370 1174
1621380 1177
1621390 1182
1621400 1182
1621410 1187
1621420 1192
1621430 1192
1621440 1197
1621450 1202
1621460 1207
1621470 1207
1621480 1212
1621490 1217
1621500 1217
1621510 1223
1621520 1229
1621530 1229
1621540 1235
1621550 1241
1621560 1241
1621570 1248
1621580 1254
1621590 1254
1621600 1260
1621610 1267
1621620 1267
1621630 1273
1621640 1280
1621650 1280
1621660 1286
1621670 1291
1621680 1291
1621690 1297
1621700 1303
1621710 1303
1621720 1310
1621730 1316
1621740 1316
1621750 1322
1621760 1329
1621770 1329
1621780 1335
1621790 1341
1621800 1348
1621810 1348
1621820 1355
1621830 1361
1621840 1361
1621850 1367
1621860 1373
1621870 1373
1621880 1378
1621890 1382
1621900 1382
1621910 1386
1621920 1390
1621930 1390
1621940 1393
1621950 1396
1621960 1396
1621970 1399
1621980 1402
1621990 1402
1622000 1405
1622010 1407
1622020 1407
1622030 1410
1622040 1412
1622050 1412
1622060 1415
1622070 1418
1622080 1418
1622090 1420
1622100 1422
1622110 1422
1622120 1425
1622130 1429
1622140 1432
1622150 1432
1622160 1435
1622170 1438
1622180 1438
1622190 1442
1622200 1446
1622210 1446
1622220 1450
1622230 1454
1622240 1454
1622250 1459
1622260 1465
1622270 1465
1622280 1471
1622290 1478
1622300 1478
1622310 1484
1622320 1489
1622330 1489
1622340 1493
1622350 1495
1622360 1495
1622370 1493
1622380 1489
1622390 1489
1622400 1486
1622410 1481
1622420 1487
1622430 1483
1622440 1480
1622450 1480
1622460 1477
1622470 1473
1622480 1473
1622490 1473
1622500 1475
1622510 1477
1622520 1477
1622530 1478
1622540 1480
1622550 1480
1622560 1481
1622570 1482
1622580 1482
1622590 1483
1622600 1486
1622610 1486
1622620 1487
1622630 1489
1622640 1489
1622650 1491
1622660 1493
1622670 1493
1622680 1496
1622690 1498
1622700 1498
1622710 1500
1622720 1502
1622730 1502
1622740 1503
1622750 1504
1622760 1504
1622770 1503
1622780 1501
1622790 1501
1622800 1498
1622810 1496
1622820 1496
1622830 1496
1622840 1496
1622850 1494
1622860 1494
1622870 1492
1622880 1489
1622890 1489
1622900 1487
1622910 1485
1622920 1485
1622930 1484
1622940 1484
1622950 1484
1622960 1484
1622970 1482
1622980 1482
1622990 1485
1623000 1489
1623010 1489
1623020 1492
1623030 1496
1623040 1496
1623050 1500
1623060 1504
1623070 1504
1623080 1509
1623090 1516
1623100 1516
1623110 1521
1623120 1526
1623130 1526
1623140 1531
1623150 1537
1623160 1544
1623170 1544
1623180 1551
1623190 1556
1623200 1556
1623210 1564
1623220 1571
1623230 1571
1623240 1578
1623250 1584
1623260 1584
1623270 1591
1623280 1597
1623290 1597
1623300 1602
1623310 1607
1623320 1607
1623330 1612
1623340 1616
1623350 1618
1623360 1622
1623370 1626
1623380 1626
1623390 1629
1623400 1633
1623410 1633
1623420 1636
1623430 1640
1623440 1640
1623450 1643
1623460 1647
1623470 1647
1623480 1649
1623490 1652
1623500 1651
1623510 1651
1623520 1649
1623530 1651
1623540 1651
1623550 1653
1623560 1655
1623570 1655
1623580 1657
1623590 1659
1623600 1659
1623610 1661
1623620 1663
1623630 1663
1623640 1666
1623650 1670
1623660 1670
1623670 1674
1623680 1676
1623690 1676
1623700 1678
1623710 1680
1623720 1680
1623730 1680
1623740 1680
1623750 1680
1623760 1680
1623770 1679
1623780 1679
1623790 1678
1623800 1674
1623810 1674
1623820 1672
1623830 1675
1623840 1675
1623850 1675
1623860 1674
1623870 1671
1623880 1671
1623890 1672
1623900 1671
1623910 1671
1623920 1667
1623930 1665
1623940 1665
1623950 1662
1623960 1659
1623970 1659
1623980 1656
1623990 1649
1624000 1649
1624010 1642
1624020 1633
1624030 1633
1624040 1625
1624050 1617
1624060 1617
1624070 1612
1624080 1607
1624090 1607
1624100 1603
1624110 1598
1624120 1598
1624130 1593
1624140 1590
1624150 1590
1624160 1586
1624170 1583
1624180 1578
1624190 1578
1624200 1574
1624210 1568
1624220 1568
1624230 1561
1624240 1553
1624250 1553
1624260 1546
1624270 1535
1624280 1535
1624290 1530
1624300 1525
1624310 1525
1624320 1520
1624330 1518
1624340 1518
1624350 1519
1624360 1518
1624370 1518
1624380 1517
1624390 1518
1624400 1518
1624410 1516
1624420 1514
1624430 1514
1624440 1512
1624450 1510
1624460 1510
1624470 1507
1624480 1501
1624490 1501
1624500 1498
1624510 1500
1624520 1498
1624530 1498
1624540 1493
1624550 1487
1624560 1487
1624570 1480
1624580 1471
1624590 1471
1624600 1463
1624610 1455
1624620 1455
1624630 1449
1624640 1448
1624650 1448
1624660 1448
1624670 1444
1624680 1444
1624690 1440
1624700 1436
1624710 1436
1624720 1432
1624730 1428
1624740 1428
1624750 1424
1624760 1419
1624770 1419
1624780 1415
1624790 1412
1624800 1412
1624810 1409
1624820 1407
1624830 1407
1624840 1406
1624850 1406
1624860 1405
1624870 1405
1624880 1404
1624890 1403
1624900 1403
1624910 1402
1624920 1402
1624930 1402
1624940 1401
1624950 1401
1624960 1401
1624970 1400
1624980 1399
1624990 1399
1625000 1399
1625010 1398
1625020 1398
1625030 1397
1625040 1396
1625050 1396
1625060 1397
1625070 1401
1625080 1401
1625090 1407
1625100 1413
1625110 1413
1625120 1420
1625130 1425
1625140 1425
1625150 1430
1625160 1434
1625170 1434
1625180 1443
1625190 1447
1625200 1451
1625210 1451
1625220 1456
1625230 1460
1625240 1460
1625250 1464
1625260 1467
1625270 1467
1625280 1471
1625290 1475
1625300 1475
1625310 1479
1625320 1483
1625330 1483
1625340 1488
1625350 1493
1625360 1493
1625370 1498
1625380 1503
1625390 1503
1625400 1507
1625410 1511
1625420 1511
1625430 1517
1625440 1521
1625450 1521
1625460 1525
1625470 1529
1625480 1529
1625490 1533
1625500 1537
1625510 1537
1625520 1540
1625530 1544
1625540 1547
1625550 1547
1625560 1550
1625570 1554
1625580 1554
1625590 1558
1625600 1562
1625610 1562
1625620 1567
1625630 1572
1625640 1572
1625650 1576
1625660 1581
1625670 1581
1625680 1586
1625690 1590
1625700 1590
1625710 1594
1625720 1598
1625730 1598
1625740 1601
1625750 1605
1625760 1605
1625770 1608
1625780 1613
1625790 1613
1625800 1617
1625810 1622
1625820 1622
1625830 1627
1625840 1633
1625850 1633
1625860 1638
1625870 1643
1625880 1648
1625890 1648
1625900 1651
1625910 1655
1625920 1655
1625930 1660
1625940 1665
1625950 1665
1625960 1670
1625970 1674
1625980 1674
1625990 1678
1626000 1683
1626010 1683
1626020 1687
1626030 1692
1626040 1692
1626050 1697
1626060 1702
1626070 1702
1626080 1706
1626090 1714
1626100 1714
1626110 1719
1626120 1723
1626130 1723
1626140 1727
1626150 1732
1626160 1732
1626170 1737
1626180 1742
1626190 1742
1626200 1747
1626210 1752
1626220 1757
1626230 1757
1626240 1762
1626250 1766
1626260 1766
1626270 1770
1626280 1774
1626290 1774
1626300 1779
1626310 1784
1626320 1784
1626330 1788
1626340 1791
1626350 1791
1626360 1793
1626370 1793
1626380 1793
1626390 1794
1626400 1793
1626410 1793
1626420 1791
1626430 1786
1626440 1786
1626450 1781
1626460 1778
1626470 1778
1626480 1777
1626490 1777
1626500 1777
1626510 1776
1626520 1773
1626530 1773
1626540 1770
1626550 1767
1626560 1763
1626570 1763
1626580 1758
1626590 1751
1626600 1751
1626610 1744
1626620 1737
1626630 1737
1626640 1730
1626650 1724
1626660 1724
1626670 1718
1626680 1712
1626690 1712
1626700 1706
1626710 1702
1626720 1702
1626730 1701
1626740 1701
1626750 1701
1626760 1702
1626770 1702
1626780 1702
1626790 1700
1626800 1700
1626810 1700
1626820 1700
1626830 1701
1626840 1701
1626850 1701
1626860 1702
1626870 1702
1626880 1704
1626890 1707
1626900 1710
1626910 1710
1626920 1712
1626930 1713
1626940 1713
1626950 1713
1626960 1714
1626970 1714
1626980 1715
1626990 1711
1627000 1711
1627010 1709
1627020 1709
1627030 1709
1627040 1711
1627050 1714
1627060 1714
1627070 1716
1627080 1720
1627090 1720
1627100 1721
1627110 1721
1627120 1721
1627130 1720
1627140 1719
1627150 1719
1627160 1719
1627170 1718
1627180 1718
1627190 1718
1627200 1719
1627210 1719
1627220 1719
1627230 1718
1627240 1717
1627250 1717
1627260 1719
1627270 1722
1627280 1722
1627290 1727
1627300 1733
1627310 1733
1627320 1739
1627330 1745
1627340 1745
1627350 1751
1627360 1759
1627370 1759
1627380 1767
1627390 1774
1627400 1774
1627410 1781
1627420 1788
1627430 1788
1627440 1794
1627450 1799
1627460 1799
1627470 1803
1627480 1806
1627490 1806
1627500 1807
1627510 1809
1627520 1809
1627530 1810
1627540 1811
1627550 1811
1627560 1812
1627570 1813
1627580 1813
1627590 1813
1627600 1813
1627610 1813
1627620 1813
1627630 1814
1627640 1814
1627650 1814
1627660 1814
1627670 1815
1627680 1815
1627690 1816
1627700 1816
1627710 1816
1627720 1817
1627730 1818
1627740 1818
1627750 1818
1627760 1818
1627770 1818
1627780 1817
1627790 1814
1627800 1814
1627810 1809
1627820 1800
1627830 1800
1627840 1792
1627850 1782
1627860 1782
1627870 1772
1627880 1764
1627890 1764
1627900 1756
1627910 1750
1627920 1743
1627930 1743
1627940 1737
1627950 1731
1627960 1731
1627970 1725
1627980 1719
1627990 1719
1628000 1714
1628010 1711
1628020 1711
1628030 1708
1628040 1704
1628050 1704
1628060 1698
1628070 1693
1628080 1693
1628090 1687
1628100 1681
1628110 1681
1628120 1675
1628130 1669
1628140 1669
1628150 1664
1628160 1660
1628170 1660
1628180 1656
1628190 1653
1628200 1653
1628210 1651
1628220 1649
1628230 1649
1628240 1648
1628250 1646
1628260 1645
1628270 1645
1628280 1644
1628290 1642
1628300 1642
1628310 1640
1628320 1639
1628330 1639
1628340 1637
1628350 1635
1628360 1635
1628370 1633
1628380 1631
1628390 1631
1628400 1629
1628410 1626
1628420 1626
1628430 1623
1628440 1621
1628450 1621
1628460 1619
1628470 1618
1628480 1618
1628490 1616
1628500 1613
1628510 1613
1628520 1611
1628530 1609
1628540 1609
1628550 1607
1628560 1605
1628570 1605
1628580 1602
1628590 1598
1628600 1594
1628610 1594
1628620 1589
1628630 1584
1628640 1584
1628650 1580
1628660 1577
1628670 1577
1628680 1574
1628690 1572
1628700 1572
1628710 1569
1628720 1567
1628730 1567
1628740 1565
1628750 1563
1628760 1563
1628770 1560
1628780 1557
1628790 1557
1628800 1555
1628810 1553
1628820 1553
1628830 1552
1628840 1549
1628850 1549
1628860 1545
1628870 1542
1628880 1542
1628890 1539
1628900 1535
1628910 1535
1628920 1532
1628930 1528
1628940 1523
1628950 1523
1628960 1517
1628970 1510
1628980 1510
1628990 1504
1629000 1501
1629010 1501
1629020 1499
1629030 1496
1629040 1496
1629050 1493
1629060 1488
1629070 1488
1629080 1482
1629090 1475
1629100 1475
1629110 1468
1629120 1461
1629130 1461
1629140 1455
1629150 1448
1629160 1448
1629170 1442
1629180 1437
1629190 1437
1629200 1434
1629210 1431
1629220 1431
1629230 1427
1629240 1425
1629250 1425
1629260 1422
1629270 1419
1629280 1417
1629290 1417
1629300 1413
1629310 1408
1629320 1408
1629330 1403
1629340 1399
1629350 1399
1629360 1395
1629370 1392
1629380 1392
1629390 1391
1629400 1391
1629410 1391
1629420 1390
1629430 1390
1629440 1390
1629450 1389
1629460 1386
1629470 1386
1629480 1383
1629490 1383
1629500 1383
1629510 1386
1629520 1387
1629530 1387
1629540 1388
1629550 1389
1629560 1389
1629570 1391
1629580 1393
1629590 1393
1629600 1395
1629610 1398
1629620 1402
1629630 1402
1629640 1406
1629650 1410
1629660 1406
1629670 1410
1629680 1415
1629690 1415
1629700 1420
1629710 1424
1629720 1424
1629730 1427
1629740 1431
1629750 1431
1629760 1436
1629770 1440
1629780 1440
1629790 1445
1629800 1449
1629810 1449
1629820 1453
1629830 1458
1629840 1458
1629850 1463
1629860 1468
1629870 1468
1629880 1474
1629890 1480
1629900 1480
1629910 1486
1629920 1493
1629930 1493
1629940 1500
1629950 1508
1629960 1516
1629970 1516
1629980 1523
1629990 1530
1630000 1530
1630010 1536
1630020 1541
1630030 1541
1630040 1547
1630050 1553
1630060 1553
1630070 1559
1630080 1565
1630090 1565
1630100 1571
1630110 1576
1630120 1576
1630130 1581
1630140 1586
1630150 1586
1630160 1590
1630170 1593
1630180 1593
1630190 1598
1630200 1604
1630210 1604
1630220 1614
1630230 1624
1630240 1624
1630250 1633
1630260 1641
1630270 1641
1630280 1644
1630290 1644
1630300 1649
1630310 1649
1630320 1656
1630330 1667
1630340 1667
1630350 1677
1630360 1676
1630370 1676
1630380 1674
1630390 1671
1630400 1671
1630410 1668
1630420 1666
1630430 1666
1630440 1665
1630450 1663
1630460 1663
1630470 1661
1630480 1659
1630490 1659
1630500 1658
1630510 1656
1630520 1656
1630530 1649
1630540 1648
1630550 1648
1630560 1647
1630570 1646
1630580 1646
1630590 1646
1630600 1645
1630610 1645
1630620 1643
1630630 1642
1630640 1642
1630650 1641
1630660 1641
1630670 1640
1630680 1640
1630690 1639
1630700 1638
1630710 1638
1630720 1638
1630730 1638
1630740 1638
1630750 1638
1630760 1637
1630770 1637
1630780 1635
1630790 1632
1630800 1632
1630810 1630
1630820 1630
1630830 1630
1630840 1628
1630850 1626
1630860 1626
1630870 1622
1630880 1619
1630890 1619
1630900 1616
1630910 1613
1630920 1613
1630930 1610
1630940 1603
1630950 1603
1630960 1596
1630970 1590
1630980 1590
1630990 1584
1631000 1580
1631010 1576
1631020 1576
1631030 1571
1631040 1564
1631050 1564
1631060 1557
1631070 1551
1631080 1551
1631090 1547
1631100 1545
1631110 1545
1631120 1545
1631130 1548
1631140 1548
1631150 1553
1631160 1552
1631170 1552
1631180 1552
1631190 1554
1631200 1554
1631210 1559
1631220 1562
1631230 1562
1631240 1565
1631250 1569
1631260 1569
1631270 1571
1631280 1574
1631290 1574
1631300 1575
1631310 1576
1631320 1576
1631330 1577
1631340 1578
1631350 1579
1631360 1579
1631370 1579
1631380 1578
1631390 1578
1631400 1576
1631410 1568
1631420 1568
1631430 1568
1631440 1566
1631450 1566
1631460 1561
1631470 1551
1631480 1551
1631490 1545
1631500 1539
1631510 1539
1631520 1530
1631530 1521
1631540 1521
1631550 1513
1631560 1502
1631570 1502
1631580 1488
1631590 1480
1631600 1480
1631610 1471
1631620 1465
1631630 1465
1631640 1461
1631650 1457
1631660 1457
1631670 1453
1631680 1446
1631690 1442
1631700 1442
1631710 1439
1631720 1431
1631730 1431
1631740 1415
1631750 1405
1631760 1405
1631770 1398
1631780 1393
1631790 1393
1631800 1388
1631810 1383
1631820 1383
1631830 1377
1631840 1374
1631850 1374
1631860 1372
1631870 1373
1631880 1373
1631890 1379
1631900 1384
1631910 1384
1631920 1387
1631930 1391
1631940 1391
1631950 1395
1631960 1397
1631970 1397
1631980 1400
1631990 1402
1632000 1402
1632010 1406
1632020 1411
1632030 1417
1632040 1417
1632050 1423
1632060 1429
1632070 1429
1632080 1435
1632090 1441
1632100 1441
1632110 1446
1632120 1451
1632130 1451
1632140 1456
1632150 1462
1632160 1462
1632170 1467
1632180 1473
1632190 1473
1632200 1481
1632210 1488
1632220 1488
1632230 1493
1632240 1495
1632250 1495
1632260 1497
1632270 1503
1632280 1497
1632290 1500
1632300 1503
1632310 1503
1632320 1504
1632330 1504
1632340 1504
1632350 1503
1632360 1502
1632370 1502
1632380 1502
1632390 1503
1632400 1505
1632410 1505
1632420 1505
1632430 1506
1632440 1506
1632450 1508
1632460 1510
1632470 1510
1632480 1511
1632490 1513
1632500 1513
1632510 1514
1632520 1519
1632530 1519
1632540 1524
1632550 1531
1632560 1531
1632570 1535
1632580 1536
1632590 1536
1632600 1538
1632610 1539
1632620 1539
1632630 1543
1632640 1547
1632650 1547
1632660 1550
1632670 1549
1632680 1549
1632690 1554
1632700 1560
1632710 1565
1632720 1565
1632730 1569
1632740 1574
1632750 1574
1632760 1579
1632770 1585
1632780 1585
1632790 1590
1632800 1594
1632810 1594
1632820 1598
1632830 1601
1632840 1601
1632850 1605
1632860 1610
1632870 1610
1632880 1615
1632890 1621
1632900 1621
1632910 1627
1632920 1632
1632930 1632
1632940 1638
1632950 1643
1632960 1643
1632970 1647
1632980 1650
1632990 1650
1633000 1652
1633010 1655
1633020 1655
1633030 1656
1633040 1658
1633050 1659
1633060 1659
1633070 1659
1633080 1659
1633090 1659
1633100 1659
1633110 1659
1633120 1659
1633130 1658
1633140 1657
1633150 1657
1633160 1664
1633170 1669
1633180 1669
1633190 1674
1633200 1678
1633210 1678
1633220 1681
1633230 1684
1633240 1684
1633250 1686
1633260 1689
1633270 1689
1633280 1694
1633290 1697
1633300 1697
1633310 1697
1633320 1698
1633330 1698
1633340 1699
1633350 1701
1633360 1701
1633370 1703
1633380 1700
1633390 1696
1633400 1696
1633410 1692
1633420 1689
1633430 1689
1633440 1686
1633450 1684
1633460 1684
1633470 1682
1633480 1682
1633490 1682
1633500 1683
1633510 1684
1633520 1684
1633530 1684
1633540 1683
1633550 1683
1633560 1683
1633570 1684
1633580 1684
1633590 1684
1633600 1685
1633610 1685
1633620 1684
1633630 1682
1633640 1682
1633650 1679
1633660 1676
1633670 1676
1633680 1672
1633690 1667
1633700 1667
1633710 1659
1633720 1652
1633730 1644
1633740 1644
1633750 1637
1633760 1630
1633770 1630
1633780 1625
1633790 1620
1633800 1620
1633810 1617
1633820 1616
1633830 1616
1633840 1615
1633850 1614
1633860 1614
1633870 1614
1633880 1613
1633890 1613
1633900 1610
1633910 1609
1633920 1609
1633930 1608
1633940 1608
1633950 1608
1633960 1609
1633970 1607
1633980 1607
1633990 1602
1634000 1596
1634010 1596
1634020 1589
1634030 1584
1634040 1584
1634050 1579
1634060 1575
1634070 1571
1634080 1571
1634090 1568
1634100 1566
1634110 1566
1634120 1561
1634130 1557
1634140 1557
1634150 1553
1634160 1550
1634170 1550
1634180 1547
1634190 1543
1634200 1543
1634210 1541
1634220 1538
1634230 1538
1634240 1535
1634250 1531
1634260 1531
1634270 1527
1634280 1523
1634290 1523
1634300 1520
1634310 1516
1634320 1516
1634330 1512
1634340 1508
1634350 1508
1634360 1506
1634370 1502
1634380 1502
1634390 1498
1634400 1493
1634410 1489
1634420 1489
1634430 1486
1634440 1483
1634450 1483
1634460 1478
1634470 1473
1634480 1473
1634490 1468
1634500 1463
1634510 1463
1634520 1458
1634530 1458
1634540 1458
1634550 1457
1634560 1454
1634570 1454
1634580 1451
1634590 1449
1634600 1449
1634610 1444
1634620 1441
1634630 1441
1634640 1439
1634650 1438
1634660 1438
1634670 1435
1634680 1433
1634690 1433
1634700 1432
1634710 1431
1634720 1431
1634730 1431
1634740 1431
1634750 1431
1634760 1431
1634770 1431
1634780 1432
1634790 1432
1634800 1432
1634810 1432
1634820 1432
1634830 1433
1634840 1433
1634850 1427
1634860 1426
1634870 1425
1634880 1425
1634890 1424
1634900 1423
1634910 1423
1634920 1421
1634930 1421
1634940 1421
1634950 1420
1634960 1419
1634970 1419
1634980 1418
1634990 1419
1635000 1419
1635010 1420
1635020 1419
1635030 1419
1635040 1419
1635050 1418
1635060 1418
1635070 1416
1635080 1415
1635090 1414
1635100 1414
1635110 1412
1635120 1410
1635130 1410
1635140 1409
1635150 1408
1635160 1408
1635170 1406
1635180 1401
1635190 1401
1635200 1395
1635210 1392
1635220 1392
1635230 1390
1635240 1388
1635250 1388
1635260 1386
1635270 1381
1635280 1381
1635290 1376
1635300 1369
1635310 1369
1635320 1366
1635330 1361
1635340 1361
1635350 1358
1635360 1355
1635370 1355
1635380 1353
1635390 1350
1635400 1350
1635410 1346
1635420 1342
1635430 1338
1635440 1338
1635450 1334
1635460 1330
1635470 1330
1635480 1325
1635490 1320
1635500 1320
1635510 1314
1635520 1309
1635530 1309
1635540 1304
1635550 1298
1635560 1298
1635570 1293
1635580 1287
1635590 1287
1635600 1282
1635610 1277
1635620 1277
1635630 1272
1635640 1267
1635650 1267
1635660 1261
1635670 1256
1635680 1256
1635690 1250
1635700 1247
1635710 1247
1635720 1241
1635730 1236
1635740 1236
1635750 1232
1635760 1227
1635770 1223
1635780 1223
1635790 1218
1635800 1213
1635810 1213
1635820 1208
1635830 1203
1635840 1203
1635850 1198
1635860 1193
1635870 1193
1635880 1186
1635890 1179
1635900 1179
1635910 1173
1635920 1167
1635930 1167
1635940 1163
1635950 1157
1635960 1157
1635970 1150
1635980 1142
1635990 1142
1636000 1134
1636010 1127
1636020 1127
1636030 1122
1636040 1117
1636050 1117
1636060 1114
1636070 1110
1636080 1110
1636090 1104
1636100 1098
1636110 1093
1636120 1093
1636130 1088
1636140 1085
1636150 1085
1636160 1080
1636170 1075
1636180 1075
1636190 1070
1636200 1067
1636210 1067
1636220 1064
1636230 1058
1636240 1058
1636250 1053
1636260 1048
1636270 1048
1636280 1043
1636290 1036
1636300 1036
1636310 1033
1636320 1031
1636330 1031
1636340 1029
1636350 1031
1636360 1031
1636370 1038
1636380 1046
1636390 1046
1636400 1055
1636410 1064
1636420 1064
1636430 1071
1636440 1076
1636450 1080
1636460 1080
1636470 1083
1636480 1086
1636490 1086
1636500 1088
1636510 1090
1636520 1090
1636530 1092
1636540 1091
1636550 1091
1636560 1094
1636570 1097
1636580 1097
1636590 1099
1636600 1102
1636610 1102
1636620 1105
1636630 1109
1636640 1109
1636650 1113
1636660 1117
1636670 1117
1636680 1121
1636690 1124
1636700 1124
1636710 1127
1636720 1130
1636730 1130
1636740 1133
1636750 1137
1636760 1137
1636770 1141
1636780 1146
1636790 1152
1636800 1152
1636810 1157
1636820 1161
1636830 1161
1636840 1163
1636850 1167
1636860 1167
1636870 1172
1636880 1175
1636890 1175
1636900 1178
1636910 1180
1636920 1180
1636930 1182
1636940 1187
1636950 1187
1636960 1193
1636970 1202
1636980 1202
1636990 1211
1637000 1221
1637010 1221
1637020 1230
1637030 1236
1637040 1236
1637050 1238
1637060 1240
1637070 1240
1637080 1240
1637090 1242
1637100 1242
1637110 1242
1637120 1239
1637130 1240
1637140 1240
1637150 1241
1637160 1246
1637170 1246
1637180 1250
1637190 1254
1637200 1254
1637210 1258
1637220 1262
1637230 1262
1637240 1268
1637250 1275
1637260 1275
1637270 1283
1637280 1291
1637290 1291
1637300 1295
1637310 1297
1637320 1297
1637330 1297
1637340 1298
1637350 1298
1637360 1298
1637370 1300
1637380 1294
1637390 1296
1637400 1297
1637410 1297
1637420 1298
1637430 1299
1637440 1299
1637450 1300
1637460 1302
1637470 1302
1637480 1302
1637490 1301
1637500 1301
1637510 1301
1637520 1307
1637530 1314
1637540 1314
1637550 1318
1637560 1321
1637570 1321
1637580 1324
1637590 1327
1637600 1327
1637610 1330
1637620 1331
1637630 1331
1637640 1333
1637650 1333
1637660 1333
1637670 1333
1637680 1335
1637690 1335
1637700 1336
1637710 1338
1637720 1338
1637730 1339
1637740 1340
1637750 1340
1637760 1340
1637770 1344
1637780 1344
1637790 1350
1637800 1354
1637810 1354
1637820 1356
1637830 1358
1637840 1362
1637850 1362
1637860 1365
1637870 1366
1637880 1366
1637890 1367
1637900 1369
1637910 1369
1637920 1373
1637930 1378
1637940 1378
1637950 1386
1637960 1393
1637970 1393
1637980 1399
1637990 1404
1638000 1404
1638010 1409
1638020 1414
1638030 1414
1638040 1418
1638050 1423
1638060 1423
1638070 1427
1638080 1433
1638090 1433
1638100 1439
1638110 1445
1638120 1445
1638130 1450
1638140 1456
1638150 1456
1638160 1462
1638170 1467
1638180 1472
1638190 1472
1638200 1478
1638210 1484
1638220 1487
1638230 1492
1638240 1497
1638250 1497
1638260 1503
1638270 1508
1638280 1508
1638290 1514
1638300 1520
1638310 1520
1638320 1525
1638330 1531
1638340 1531
1638350 1537
1638360 1542
1638370 1542
1638380 1548
1638390 1553
1638400 1553
1638410 1559
1638420 1565
1638430 1565
1638440 1571
1638450 1576
1638460 1576
1638470 1582
1638480 1587
1638490 1587
1638500 1592
1638510 1593
1638520 1596
1638530 1596
1638540 1600
1638550 1600
1638560 1600
1638570 1600
1638580 1598
1638590 1598
1638600 1597
1638610 1598
1638620 1598
1638630 1592
1638640 1584
1638650 1584
1638660 1576
1638670 1568
1638680 1568
1638690 1560
1638700 1553
1638710 1553
1638720 1545
1638730 1539
1638740 1539
1638750 1532
1638760 1526
1638770 1526
1638780 1520
1638790 1513
1638800 1513
1638810 1505
1638820 1498
1638830 1498
1638840 1492
1638850 1485
1638860 1479
1638870 1479
1638880 1473
1638890 1467
1638900 1467
1638910 1461
1638920 1455
1638930 1455
1638940 1447
1638950 1439
1638960 1439
1638970 1433
1638980 1427
1638990 1427
1639000 1421
1639010 1416
1639020 1416
1639030 1412
1639040 1408
1639050 1408
1639060 1403
1639070 1398
1639080 1398
1639090 1392
1639100 1386
1639110 1386
1639120 1385
1639130 1390
1639140 1390
1639150 1394
1639160 1397
1639170 1397
1639180 1400
1639190 1402
1639200 1406
1639210 1406
1639220 1409
1639230 1412
1639240 1412
1639250 1414
1639260 1418
1639270 1418
1639280 1422
1639290 1425
1639300 1425
1639310 1430
1639320 1436
1639330 1436
1639340 1442
1639350 1447
1639360 1447
1639370 1453
1639380 1460
1639390 1460
1639400 1467
1639410 1474
1639420 1474
1639430 1480
1639440 1486
1639450 1486
1639460 1492
1639470 1497
1639480 1497
1639490 1503
1639500 1511
1639510 1511
1639520 1521
1639530 1531
1639540 1540
1639550 1540
1639560 1549
1639570 1557
1639580 1557
1639590 1565
1639600 1571
1639610 1571
1639620 1575
1639630 1580
1639640 1580
1639650 1584
1639660 1589
1639670 1589
1639680 1590
1639690 1592
1639700 1592
1639710 1594
1639720 1598
1639730 1598
1639740 1606
1639750 1611
1639760 1611
1639770 1611
1639780 1611
1639790 1611
1639800 1611
1639810 1611
1639820 1611
1639830 1610
1639840 1613
1639850 1613
1639860 1621
1639870 1626
1639880 1632
1639890 1632
1639900 1637
1639910 1643
1639920 1643
1639930 1650
1639940 1656
1639950 1656
1639960 1663
1639970 1669
1639980 1669
1639990 1673
