1620000 1012
1620010 1017
1620020 1020
1620030 1020
1620040 1023
1620050 1026
1620060 1026
1620070 1030
1620080 1032
1620090 1032
1620100 1036
1620110 1040
1620120 1040
1620130 1044
1620140 1048
1620150 1048
1620160 1051
1620170 1054
1620180 1058
1620190 1058
1620200 1064
1620210 1067
1620220 1067
1620230 1071
1620240 1074
1620250 1074
1620260 1076
1620270 1077
1620280 1077
1620290 1078
1620300 1079
1620310 1082
1620320 1086
1620330 1093
1620340 1093
1620350 1096
1620360 1095
1620370 1095
1620380 1095
1620390 1099
1620400 1099
1620410 1104
1620420 1107
1620430 1107
1620440 1107
1620450 1107
1620460 1107
1620470 1107
1620480 1107
1620490 1107
1620500 1107
1620510 1108
1620520 1110
1620530 1110
1620540 1113
1620550 1117
1620560 1117
1620570 1124
1620580 1127
1620590 1127
1620600 1130
1620610 1130
1620620 1130
1620630 1129
1620640 1128
1620650 1128
1620660 1126
1620670 1123
1620680 1123
1620690 1121
1620700 1117
1620710 1117
1620720 1114
1620730 1110
1620740 1110
1620750 1106
1620760 1101
1620770 1101
1620780 1096
1620790 1095
1620800 1095
1620810 1095
1620820 1095
1620830 1095
1620840 1094
1620850 1093
1620860 1092
1620870 1092
1620880 1090
1620890 1089
1620900 1089
1620910 1088
1620920 1086
1620930 1086
1620940 1085
1620950 1085
1620960 1085
1620970 1085
1620980 1086
1620990 1086
1621000 1087
1621010 1087
1621020 1087
1621030 1088
1621040 1088
1621050 1088
1621060 1088
1621070 1088
1621080 1088
1621090 1086
1621100 1084
1621110 1084
1621120 1082
1621130 1080
1621140 1080
1621150 1079
1621160 1077
1621170 1077
1621180 1075
1621190 1071
1621200 1071
1621210 1071
1621220 1076
1621230 1084
1621240 1084
1621250 1087
1621260 1096
1621270 1096
1621280 1102
1621290 1104
1621300 1104
1621310 1105
1621320 1104
1621330 1104
1621340 1101
1621350 1097
1621360 1097
1621370 1094
1621380 1095
1621390 1095
1621400 1101
1621410 1107
1621420 1107
1621430 1113
1621440 1119
1621450 1119
1621460 1123
1621470 1128
1621480 1128
1621490 1132
1621500 1136
1621510 1136
1621520 1139
1621530 1143
1621540 1144
1621550 1144
1621560 1144
1621570 1144
1621580 1144
1621590 1147
1621600 1154
1621610 1154
1621620 1158
1621630 1164
1621640 1164
1621650 1170
1621660 1176
1621670 1176
1621680 1182
1621690 1188
1621700 1188
1621710 1195
1621720 1201
1621730 1201
1621740 1207
1621750 1214
1621760 1214
1621770 1219
1621780 1226
1621790 1226
1621800 1231
1621810 1238
1621820 1238
1621830 1244
1621840 1250
1621850 1250
1621860 1256
1621870 1262
1621880 1267
1621890 1267
1621900 1272
1621910 1277
1621920 1277
1621930 1283
1621940 1288
1621950 1288
1621960 1293
1621970 1299
1621980 1299
1621990 1304
1622000 1310
1622010 1310
1622020 1316
1622030 1322
1622040 1322
1622050 1328
1622060 1333
1622070 1333
1622080 1337
1622090 1339
1622100 1339
1622110 1340
1622120 1339
1622130 1339
1622140 1335
1622150 1333
1622160 1333
1622170 1332
1622180 1331
1622190 1338
1622200 1337
1622210 1335
1622220 1332
1622230 1332
1622240 1329
1622250 1325
1622260 1325
1622270 1323
1622280 1323
1622290 1323
1622300 1324
1622310 1324
1622320 1324
1622330 1322
1622340 1319
1622350 1319
1622360 1316
1622370 1313
1622380 1313
1622390 1311
1622400 1310
1622410 1310
1622420 1308
1622430 1305
1622440 1305
1622450 1300
1622460 1295
1622470 1295
1622480 1287
1622490 1282
1622500 1282
1622510 1288
1622520 1292
1622530 1292
1622540 1295
1622550 1296
1622560 1295
1622570 1295
1622580 1294
1622590 1293
1622600 1293
1622610 1293
1622620 1294
1622630 1294
1622640 1296
1622650 1299
1622660 1299
1622670 1304
1622680 1309
1622690 1309
1622700 1313
1622710 1317
1622720 1317
1622730 1323
1622740 1325
1622750 1325
1622760 1326
1622770 1332
1622780 1332
1622790 1334
1622800 1333
1622810 1333
1622820 1334
1622830 1338
1622840 1338
1622850 1341
1622860 1344
1622870 1344
1622880 1347
1622890 1351
1622900 1356
1622910 1356
1622920 1360
1622930 1365
1622940 1365
1622950 1370
1622960 1374
1622970 1374
1622980 1378
1622990 1381
1623000 1381
1623010 1385
1623020 1388
1623030 1388
1623040 1391
1623050 1394
1623060 1394
1623070 1397
1623080 1403
1623090 1403
1623100 1409
1623110 1412
1623120 1412
1623130 1415
1623140 1419
1623150 1419
1623160 1422
1623170 1426
1623180 1426
1623190 1431
1623200 1436
1623210 1436
1623220 1441
1623230 1446
1623240 1450
1623250 1450
1623260 1454
1623270 1458
1623280 1458
1623290 1461
1623300 1466
1623310 1466
1623320 1471
1623330 1477
1623340 1477
1623350 1483
1623360 1488
1623370 1488
1623380 1493
1623390 1500
1623400 1500
1623410 1505
1623420 1510
1623430 1510
1623440 1515
1623450 1520
1623460 1520
1623470 1524
1623480 1528
1623490 1528
1623500 1533
1623510 1538
1623520 1538
1623530 1543
1623540 1548
1623550 1548
1623560 1552
1623570 1557
1623580 1562
1623590 1562
1623600 1566
1623610 1569
1623620 1569
1623630 1574
1623640 1577
1623650 1577
1623660 1580
1623670 1583
1623680 1583
1623690 1586
1623700 1590
1623710 1590
1623720 1593
1623730 1596
1623740 1596
1623750 1601
1623760 1604
1623770 1604
1623780 1607
1623790 1611
1623800 1611
1623810 1615
1623820 1619
1623830 1619
1623840 1622
1623850 1625
1623860 1625
1623870 1628
1623880 1630
1623890 1630
1623900 1633
1623910 1636
1623920 1639
1623930 1639
1623940 1640
1623950 1642
1623960 1642
1623970 1643
1623980 1642
1623990 1642
1624000 1640
1624010 1637
1624020 1637
1624030 1627
1624040 1624
1624050 1624
1624060 1621
1624070 1618
1624080 1618
1624090 1615
1624100 1611
1624110 1611
1624120 1607
1624130 1603
1624140 1603
1624150 1600
1624160 1595
1624170 1595
1624180 1592
1624190 1590
1624200 1590
1624210 1586
1624220 1584
1624230 1584
1624240 1582
1624250 1581
1624260 1581
1624270 1581
1624280 1580
1624290 1577
1624300 1577
1624310 1573
1624320 1569
1624330 1569
1624340 1568
1624350 1569
1624360 1569
1624370 1570
1624380 1571
1624390 1571
1624400 1572
1624410 1575
1624420 1575
1624430 1580
1624440 1585
1624450 1585
1624460 1590
1624470 1596
1624480 1596
1624490 1601
1624500 1607
1624510 1607
1624520 1613
1624530 1618
1624540 1618
1624550 1625
1624560 1630
1624570 1630
1624580 1634
1624590 1636
1624600 1639
1624610 1639
1624620 1644
1624630 1649
1624640 1649
1624650 1651
1624660 1653
1624670 1653
1624680 1656
1624690 1662
1624700 1662
1624710 1661
1624720 1659
1624730 1659
1624740 1661
1624750 1664
1624760 1664
1624770 1664
1624780 1664
1624790 1664
1624800 1663
1624810 1663
1624820 1663
1624830 1662
1624840 1659
1624850 1659
1624860 1655
1624870 1651
1624880 1651
1624890 1647
1624900 1642
1624910 1642
1624920 1635
1624930 1627
1624940 1628
1624950 1615
1624960 1620
1624970 1616
1624980 1616
1624990 1619
1625000 1622
1625010 1622
1625020 1612
1625030 1598
1625040 1598
1625050 1594
1625060 1593
1625070 1593
1625080 1594
1625090 1592
1625100 1592
1625110 1581
1625120 1576
1625130 1576
1625140 1570
1625150 1564
1625160 1564
1625170 1564
1625180 1561
1625190 1561
1625200 1557
1625210 1553
1625220 1553
1625230 1552
1625240 1550
1625250 1550
1625260 1549
1625270 1547
1625280 1545
1625290 1545
1625300 1542
1625310 1540
1625320 1540
1625330 1537
1625340 1534
1625350 1534
1625360 1531
1625370 1529
1625380 1529
1625390 1528
1625400 1526
1625410 1526
1625420 1525
1625430 1526
1625440 1526
1625450 1527
1625460 1529
1625470 1529
1625480 1531
1625490 1533
1625500 1533
1625510 1534
1625520 1535
1625530 1535
1625540 1536
1625550 1536
1625560 1536
1625570 1537
1625580 1538
1625590 1538
1625600 1538
1625610 1539
1625620 1539
1625630 1539
1625640 1538
1625650 1533
1625660 1533
1625670 1534
1625680 1529
1625690 1529
1625700 1532
1625710 1538
1625720 1538
1625730 1543
1625740 1548
1625750 1548
1625760 1552
1625770 1555
1625780 1555
1625790 1559
1625800 1562
1625810 1562
1625820 1565
1625830 1568
1625840 1568
1625850 1571
1625860 1574
1625870 1574
1625880 1576
1625890 1579
1625900 1579
1625910 1582
1625920 1584
1625930 1584
1625940 1587
1625950 1589
1625960 1592
1625970 1592
1625980 1595
1625990 1597
1626000 1597
1626010 1600
1626020 1604
1626030 1604
1626040 1608
1626050 1612
1626060 1612
1626070 1616
1626080 1619
1626090 1619
1626100 1622
1626110 1625
1626120 1625
1626130 1628
1626140 1630
1626150 1630
1626160 1633
1626170 1637
1626180 1637
1626190 1641
1626200 1645
1626210 1645
1626220 1647
1626230 1650
1626240 1650
1626250 1652
1626260 1654
1626270 1654
1626280 1656
1626290 1657
1626300 1659
1626310 1659
1626320 1660
1626330 1661
1626340 1661
1626350 1663
1626360 1665
1626370 1665
1626380 1667
1626390 1669
1626400 1669
1626410 1671
1626420 1674
1626430 1674
1626440 1677
1626450 1679
1626460 1679
1626470 1682
1626480 1686
1626490 1686
1626500 1690
1626510 1692
1626520 1692
1626530 1695
1626540 1698
1626550 1698
1626560 1701
1626570 1704
1626580 1704
1626590 1709
1626600 1713
1626610 1713
1626620 1714
1626630 1714
1626640 1713
1626650 1713
1626660 1713
1626670 1713
1626680 1713
1626690 1715
1626700 1717
1626710 1717
1626720 1719
1626730 1723
1626740 1723
1626750 1726
1626760 1730
1626770 1730
1626780 1734
1626790 1738
1626800 1738
1626810 1742
1626820 1747
1626830 1747
1626840 1751
1626850 1757
1626860 1757
1626870 1763
1626880 1769
1626890 1769
1626900 1776
1626910 1783
1626920 1783
1626930 1790
1626940 1796
1626950 1796
1626960 1803
1626970 1811
1626980 1818
1626990 1818
1627000 1825
1627010 1832
1627020 1832
1627030 1838
1627040 1845
1627050 1845
1627060 1852
1627070 1859
1627080 1859
1627090 1865
1627100 1870
1627110 1870
1627120 1875
1627130 1880
1627140 1880
1627150 1885
1627160 1889
1627170 1889
1627180 1893
1627190 1898
1627200 1898
1627210 1902
1627220 1906
1627230 1906
1627240 1910
1627250 1915
1627260 1915
1627270 1919
1627280 1923
1627290 1923
1627300 1927
1627310 1930
1627320 1931
1627330 1931
1627340 1925
1627350 1915
1627360 1915
1627370 1906
1627380 1897
1627390 1897
1627400 1889
1627410 1882
1627420 1882
1627430 1876
1627440 1869
1627450 1869
1627460 1860
1627470 1850
1627480 1850
1627490 1842
1627500 1835
1627510 1835
1627520 1828
1627530 1821
1627540 1821
1627550 1815
1627560 1809
1627570 1809
1627580 1803
1627590 1799
1627600 1799
1627610 1793
1627620 1789
1627630 1789
1627640 1785
1627650 1786
1627660 1782
1627670 1782
1627680 1778
1627690 1775
1627700 1775
1627710 1772
1627720 1770
1627730 1770
1627740 1767
1627750 1764
1627760 1764
1627770 1761
1627780 1759
1627790 1759
1627800 1757
1627810 1756
1627820 1756
1627830 1754
1627840 1753
1627850 1753
1627860 1752
1627870 1750
1627880 1750
1627890 1750
1627900 1748
1627910 1748
1627920 1747
1627930 1745
1627940 1745
1627950 1744
1627960 1744
1627970 1744
1627980 1743
1627990 1742
1628000 1740
1628010 1740
1628020 1738
1628030 1734
1628040 1734
1628050 1732
1628060 1730
1628070 1730
1628080 1730
1628090 1730
1628100 1730
1628110 1731
1628120 1732
1628130 1732
1628140 1731
1628150 1729
1628160 1729
1628170 1724
1628180 1718
1628190 1718
1628200 1712
1628210 1707
1628220 1707
1628230 1703
1628240 1701
1628250 1701
1628260 1701
1628270 1701
1628280 1701
1628290 1699
1628300 1696
1628310 1696
1628320 1694
1628330 1689
1628340 1684
1628350 1684
1628360 1678
1628370 1673
1628380 1673
1628390 1667
1628400 1662
1628410 1662
1628420 1657
1628430 1646
1628440 1646
1628450 1638
1628460 1627
1628470 1627
1628480 1617
1628490 1607
1628500 1607
1628510 1599
1628520 1592
1628530 1592
1628540 1583
1628550 1577
1628560 1577
1628570 1571
1628580 1565
1628590 1565
1628600 1559
1628610 1553
1628620 1553
1628630 1549
1628640 1545
1628650 1545
1628660 1542
1628670 1539
1628680 1537
1628690 1537
1628700 1533
1628710 1530
1628720 1530
1628730 1529
1628740 1528
1628750 1528
1628760 1527
1628770 1526
1628780 1526
1628790 1526
1628800 1525
1628810 1525
1628820 1523
1628830 1521
1628840 1521
1628850 1519
1628860 1519
1628870 1519
1628880 1517
1628890 1517
1628900 1517
1628910 1516
1628920 1515
1628930 1515
1628940 1514
1628950 1513
1628960 1513
1628970 1512
1628980 1512
1628990 1512
1629000 1515
1629010 1518
1629020 1518
1629030 1518
1629040 1518
1629050 1518
1629060 1518
1629070 1519
1629080 1521
1629090 1521
1629100 1522
1629110 1522
1629120 1522
1629130 1522
1629140 1522
1629150 1522
1629160 1521
1629170 1521
1629180 1521
1629190 1523
1629200 1524
1629210 1524
1629220 1525
1629230 1525
1629240 1525
1629250 1525
1629260 1524
1629270 1524
1629280 1525
1629290 1525
1629300 1525
1629310 1525
1629320 1525
1629330 1525
1629340 1525
1629350 1525
1629360 1525
1629370 1525
1629380 1524
1629390 1522
1629400 1522
1629410 1525
1629420 1526
1629430 1520
1629440 1521
1629450 1521
1629460 1521
1629470 1522
1629480 1522
1629490 1522
1629500 1521
1629510 1517
1629520 1517
1629530 1514
1629540 1522
1629550 1522
1629560 1531
1629570 1539
1629580 1539
1629590 1545
1629600 1552
1629610 1552
1629620 1555
1629630 1558
1629640 1558
1629650 1560
1629660 1561
1629670 1561
1629680 1563
1629690 1564
1629700 1566
1629710 1566
1629720 1567
1629730 1567
1629740 1567
1629750 1572
1629760 1576
1629770 1576
1629780 1581
1629790 1588
1629800 1588
1629810 1594
1629820 1597
1629830 1597
1629840 1601
1629850 1608
1629860 1608
1629870 1616
1629880 1622
1629890 1622
1629900 1628
1629910 1635
1629920 1635
1629930 1641
1629940 1648
1629950 1648
1629960 1653
1629970 1658
1629980 1658
1629990 1662
1630000 1666
1630010 1666
1630020 1669
1630030 1674
1630040 1681
1630050 1681
1630060 1689
1630070 1697
1630080 1697
1630090 1705
1630100 1713
1630110 1713
1630120 1720
1630130 1726
1630140 1726
1630150 1732
1630160 1739
1630170 1739
1630180 1744
1630190 1749
1630200 1749
1630210 1752
1630220 1756
1630230 1756
1630240 1759
1630250 1763
1630260 1763
1630270 1766
1630280 1771
1630290 1771
1630300 1777
1630310 1781
1630320 1781
1630330 1788
1630340 1793
1630350 1793
1630360 1797
1630370 1800
1630380 1804
1630390 1804
1630400 1812
1630410 1818
1630420 1818
1630430 1824
1630440 1833
1630450 1833
1630460 1840
1630470 1844
1630480 1844
1630490 1846
1630500 1849
1630510 1849
1630520 1848
1630530 1846
1630540 1846
1630550 1843
1630560 1841
1630570 1841
1630580 1839
1630590 1836
1630600 1836
1630610 1834
1630620 1831
1630630 1831
1630640 1828
1630650 1826
1630660 1826
1630670 1823
1630680 1821
1630690 1821
1630700 1818
1630710 1816
1630720 1814
1630730 1814
1630740 1811
1630750 1808
1630760 1808
1630770 1805
1630780 1802
1630790 1802
1630800 1799
1630810 1796
1630820 1796
1630830 1793
1630840 1789
1630850 1789
1630860 1781
1630870 1774
1630880 1774
1630890 1766
1630900 1762
1630910 1762
1630920 1759
1630930 1757
1630940 1757
1630950 1753
1630960 1749
1630970 1749
1630980 1745
1630990 1742
1631000 1742
1631010 1739
1631020 1738
1631030 1738
1631040 1737
1631050 1735
1631060 1733
1631070 1733
1631080 1731
1631090 1729
1631100 1729
1631110 1727
1631120 1725
1631130 1725
1631140 1723
1631150 1723
1631160 1723
1631170 1724
1631180 1719
1631190 1719
1631200 1716
1631210 1716
1631220 1716
1631230 1718
1631240 1718
1631250 1718
1631260 1718
1631270 1717
1631280 1717
1631290 1717
1631300 1716
1631310 1716
1631320 1714
1631330 1712
1631340 1712
1631350 1711
1631360 1710
1631370 1710
1631380 1708
1631390 1707
1631400 1707
1631410 1707
1631420 1705
1631430 1702
1631440 1702
1631450 1697
1631460 1685
1631470 1685
1631480 1672
1631490 1661
1631500 1661
1631510 1652
1631520 1644
1631530 1644
1631540 1637
1631550 1631
1631560 1631
1631570 1626
1631580 1621
1631590 1621
1631600 1618
1631610 1616
1631620 1616
1631630 1616
1631640 1616
1631650 1616
1631660 1615
1631670 1614
1631680 1614
1631690 1614
1631700 1616
1631710 1616
1631720 1615
1631730 1614
1631740 1609
1631750 1609
1631760 1604
1631770 1598
1631780 1598
1631790 1590
1631800 1582
1631810 1582
1631820 1573
1631830 1566
1631840 1566
1631850 1558
1631860 1550
1631870 1550
1631880 1544
1631890 1539
1631900 1539
1631910 1534
1631920 1529
1631930 1529
1631940 1523
1631950 1518
1631960 1518
1631970 1513
1631980 1507
1631990 1507
1632000 1502
1632010 1498
1632020 1498
1632030 1494
1632040 1494
1632050 1490
1632060 1491
1632070 1494
1632080 1500
1632090 1500
1632100 1505
1632110 1510
1632120 1510
1632130 1514
1632140 1520
1632150 1520
1632160 1526
1632170 1531
1632180 1531
1632190 1536
1632200 1545
1632210 1545
1632220 1552
1632230 1559
1632240 1559
1632250 1564
1632260 1568
1632270 1568
1632280 1574
1632290 1580
1632300 1580
1632310 1588
1632320 1594
1632330 1594
1632340 1597
1632350 1599
1632360 1599
1632370 1604
1632380 1611
1632390 1611
1632400 1618
1632410 1624
1632420 1628
1632430 1628
1632440 1633
1632450 1641
1632460 1641
1632470 1652
1632480 1661
1632490 1661
1632500 1668
1632510 1675
1632520 1675
1632530 1680
1632540 1685
1632550 1685
1632560 1689
1632570 1690
1632580 1690
1632590 1691
1632600 1692
1632610 1692
1632620 1694
1632630 1694
1632640 1694
1632650 1694
1632660 1694
1632670 1694
1632680 1694
1632690 1693
1632700 1693
1632710 1693
1632720 1692
1632730 1692
1632740 1692
1632750 1692
1632760 1691
1632770 1691
1632780 1692
1632790 1691
1632800 1691
1632810 1692
1632820 1691
1632830 1691
1632840 1690
1632850 1688
1632860 1688
1632870 1686
1632880 1686
1632890 1686
1632900 1687
1632910 1689
1632920 1686
1632930 1689
1632940 1690
1632950 1690
1632960 1689
1632970 1688
1632980 1688
1632990 1686
1633000 1684
1633010 1684
1633020 1682
1633030 1680
1633040 1680
1633050 1678
1633060 1675
1633070 1675
1633080 1673
1633090 1670
1633100 1666
1633110 1666
1633120 1662
1633130 1660
1633140 1660
1633150 1658
1633160 1656
1633170 1656
1633180 1655
1633190 1655
1633200 1655
1633210 1655
1633220 1654
1633230 1654
1633240 1654
1633250 1654
1633260 1654
1633270 1653
1633280 1652
1633290 1652
1633300 1652
1633310 1651
1633320 1651
1633330 1649
1633340 1646
1633350 1646
1633360 1642
1633370 1641
1633380 1641
1633390 1639
1633400 1637
1633410 1637
1633420 1634
1633430 1631
1633440 1628
1633450 1628
1633460 1627
1633470 1629
1633480 1629
1633490 1630
1633500 1631
1633510 1631
1633520 1632
1633530 1633
1633540 1633
1633550 1635
1633560 1636
1633570 1636
1633580 1637
1633590 1639
1633600 1639
1633610 1642
1633620 1647
1633630 1647
1633640 1652
1633650 1657
1633660 1657
1633670 1660
1633680 1660
1633690 1660
1633700 1657
1633710 1654
1633720 1654
1633730 1650
1633740 1647
1633750 1647
1633760 1644
1633770 1641
1633780 1640
1633790 1640
1633800 1634
1633810 1627
1633820 1627
1633830 1622
1633840 1618
1633850 1618
1633860 1614
1633870 1608
1633880 1608
1633890 1606
1633900 1606
1633910 1606
1633920 1604
1633930 1598
1633940 1598
1633950 1598
1633960 1596
1633970 1596
1633980 1593
1633990 1590
1634000 1590
1634010 1585
1634020 1580
1634030 1580
1634040 1578
1634050 1575
1634060 1575
1634070 1572
1634080 1568
1634090 1568
1634100 1564
1634110 1563
1634120 1561
1634130 1561
1634140 1559
1634150 1558
1634160 1558
1634170 1558
1634180 1558
1634190 1558
1634200 1559
1634210 1560
1634220 1560
1634230 1562
1634240 1562
1634250 1562
1634260 1564
1634270 1563
1634280 1563
1634290 1561
1634300 1558
1634310 1558
1634320 1554
1634330 1549
1634340 1549
1634350 1544
1634360 1538
1634370 1538
1634380 1533
1634390 1527
1634400 1527
1634410 1521
1634420 1517
1634430 1517
1634440 1511
1634450 1506
1634460 1502
1634470 1502
1634480 1498
1634490 1495
1634500 1495
1634510 1492
1634520 1491
1634530 1491
1634540 1489
1634550 1488
1634560 1488
1634570 1487
1634580 1485
1634590 1485
1634600 1483
1634610 1480
1634620 1480
1634630 1480
1634640 1476
1634650 1476
1634660 1471
1634670 1466
1634680 1466
1634690 1462
1634700 1457
1634710 1457
1634720 1452
1634730 1449
1634740 1449
1634750 1447
1634760 1444
1634770 1444
1634780 1442
1634790 1440
1634800 1438
1634810 1438
1634820 1437
1634830 1436
1634840 1436
1634850 1435
1634860 1434
1634870 1434
1634880 1433
1634890 1433
1634900 1433
1634910 1431
1634920 1430
1634930 1430
1634940 1428
1634950 1425
1634960 1425
1634970 1422
1634980 1418
1634990 1418
1635000 1413
1635010 1409
1635020 1409
1635030 1408
1635040 1408
1635050 1408
1635060 1407
1635070 1405
1635080 1405
1635090 1404
1635100 1398
1635110 1398
1635120 1392
1635130 1385
1635140 1380
1635150 1380
1635160 1375
1635170 1372
1635180 1372
1635190 1371
1635200 1371
1635210 1371
1635220 1371
1635230 1369
1635240 1369
1635250 1366
1635260 1361
1635270 1361
1635280 1359
1635290 1355
1635300 1355
1635310 1349
1635320 1346
1635330 1346
1635340 1343
1635350 1341
1635360 1341
1635370 1338
1635380 1334
1635390 1334
1635400 1330
1635410 1322
1635420 1322
1635430 1313
1635440 1308
1635450 1308
1635460 1304
1635470 1296
1635480 1289
1635490 1289
1635500 1279
1635510 1272
1635520 1272
1635530 1264
1635540 1256
1635550 1256
1635560 1248
1635570 1239
1635580 1239
1635590 1232
1635600 1225
1635610 1225
1635620 1224
1635630 1224
1635640 1224
1635650 1224
1635660 1222
1635670 1222
1635680 1219
1635690 1217
1635700 1217
1635710 1215
1635720 1210
1635730 1210
1635740 1210
1635750 1211
1635760 1211
1635770 1213
1635780 1211
1635790 1211
1635800 1210
1635810 1209
1635820 1209
1635830 1209
1635840 1208
1635850 1207
1635860 1207
1635870 1204
1635880 1196
1635890 1196
1635900 1186
1635910 1175
1635920 1175
1635930 1165
1635940 1156
1635950 1156
1635960 1148
1635970 1140
1635980 1140
1635990 1134
1636000 1128
1636010 1128
1636020 1124
1636030 1122
1636040 1122
1636050 1119
1636060 1115
1636070 1115
1636080 1110
1636090 1105
1636100 1105
1636110 1101
1636120 1096
1636130 1096
1636140 1092
1636150 1087
1636160 1081
1636170 1081
1636180 1073
1636190 1071
1636200 1071
1636210 1071
1636220 1070
1636230 1070
1636240 1071
1636250 1072
1636260 1072
1636270 1073
1636280 1075
1636290 1075
1636300 1077
1636310 1077
1636320 1075
1636330 1077
1636340 1077
1636350 1077
1636360 1081
1636370 1083
1636380 1083
1636390 1085
1636400 1086
1636410 1086
1636420 1087
1636430 1087
1636440 1087
1636450 1086
1636460 1087
1636470 1087
1636480 1087
1636490 1087
1636500 1090
1636510 1090
1636520 1098
1636530 1106
1636540 1106
1636550 1112
1636560 1117
1636570 1117
1636580 1121
1636590 1127
1636600 1127
1636610 1132
1636620 1139
1636630 1139
1636640 1145
1636650 1151
1636660 1151
1636670 1156
1636680 1161
1636690 1161
1636700 1165
1636710 1169
1636720 1169
1636730 1171
1636740 1176
1636750 1176
1636760 1180
1636770 1185
1636780 1185
1636790 1190
1636800 1197
1636810 1197
1636820 1204
1636830 1211
1636840 1220
1636850 1220
1636860 1228
1636870 1236
1636880 1236
1636890 1242
1636900 1248
1636910 1248
1636920 1254
1636930 1260
1636940 1260
1636950 1265
1636960 1270
1636970 1270
1636980 1276
1636990 1280
1637000 1280
1637010 1285
1637020 1290
1637030 1290
1637040 1294
1637050 1298
1637060 1298
1637070 1303
1637080 1308
1637090 1308
1637100 1311
1637110 1314
1637120 1314
1637130 1317
1637140 1321
1637150 1321
1637160 1326
1637170 1330
1637180 1333
1637190 1333
1637200 1336
1637210 1339
1637220 1339
1637230 1343
1637240 1345
1637250 1345
1637260 1347
1637270 1348
1637280 1348
1637290 1349
1637300 1350
1637310 1350
1637320 1351
1637330 1352
1637340 1352
1637350 1354
1637360 1358
1637370 1358
1637380 1362
1637390 1368
1637400 1368
1637410 1374
1637420 1379
1637430 1379
1637440 1386
1637450 1391
1637460 1391
1637470 1396
1637480 1401
1637490 1401
1637500 1406
1637510 1411
1637520 1415
1637530 1415
1637540 1420
1637550 1424
1637560 1424
1637570 1428
1637580 1432
1637590 1432
1637600 1436
1637610 1439
1637620 1439
1637630 1443
1637640 1447
1637650 1447
1637660 1451
1637670 1455
1637680 1455
1637690 1460
1637700 1463
1637710 1463
1637720 1465
1637730 1471
1637740 1471
1637750 1475
1637760 1479
1637770 1479
1637780 1483
1637790 1488
1637800 1488
1637810 1493
1637820 1497
1637830 1497
1637840 1501
1637850 1506
1637860 1511
1637870 1511
1637880 1515
1637890 1520
1637900 1520
1637910 1524
1637920 1529
1637930 1529
1637940 1535
1637950 1541
1637960 1541
1637970 1547
1637980 1555
1637990 1555
1638000 1566
1638010 1575
1638020 1575
1638030 1586
1638040 1592
1638050 1592
1638060 1594
1638070 1595
1638080 1595
1638090 1595
1638100 1595
1638110 1595
1638120 1595
1638130 1595
1638140 1595
1638150 1596
1638160 1596
1638170 1596
1638180 1596
1638190 1596
1638200 1597
1638210 1597
1638220 1597
1638230 1597
1638240 1597
1638250 1599
1638260 1602
1638270 1602
1638280 1604
1638290 1607
1638300 1607
1638310 1609
1638320 1611
1638330 1611
1638340 1614
1638350 1616
1638360 1616
1638370 1617
1638380 1618
1638390 1618
1638400 1619
1638410 1619
1638420 1619
1638430 1619
1638440 1615
1638450 1615
1638460 1607
1638470 1602
1638480 1602
1638490 1597
1638500 1592
1638510 1592
1638520 1586
1638530 1581
1638540 1577
1638550 1577
1638560 1572
1638570 1567
1638580 1567
1638590 1562
1638600 1557
1638610 1557
1638620 1552
1638630 1546
1638640 1546
1638650 1540
1638660 1536
1638670 1536
1638680 1532
1638690 1528
1638700 1528
1638710 1527
1638720 1524
1638730 1524
1638740 1520
1638750 1517
1638760 1517
1638770 1516
1638780 1514
1638790 1514
1638800 1513
1638810 1510
1638820 1510
1638830 1500
1638840 1498
1638850 1498
1638860 1495
1638870 1492
1638880 1487
1638890 1487
1638900 1482
1638910 1477
1638920 1477
1638930 1474
1638940 1471
1638950 1471
1638960 1468
1638970 1466
1638980 1466
1638990 1464
1639000 1463
1639010 1463
1639020 1463
1639030 1462
1639040 1462
1639050 1462
1639060 1462
1639070 1462
1639080 1459
1639090 1464
1639100 1464
1639110 1465
1639120 1463
1639130 1463
1639140 1467
1639150 1476
1639160 1476
1639170 1484
1639180 1493
1639190 1493
1639200 1501
1639210 1508
1639220 1511
1639230 1511
1639240 1513
1639250 1514
1639260 1514
1639270 1515
1639280 1517
1639290 1517
1639300 1519
1639310 1522
1639320 1522
1639330 1525
1639340 1526
1639350 1526
1639360 1527
1639370 1530
1639380 1530
1639390 1533
1639400 1536
1639410 1536
1639420 1540
1639430 1545
1639440 1545
1639450 1549
1639460 1555
1639470 1555
1639480 1561
1639490 1567
1639500 1567
1639510 1574
1639520 1581
1639530 1581
1639540 1588
1639550 1595
1639560 1602
1639570 1602
1639580 1610
1639590 1617
1639600 1617
1639610 1624
1639620 1632
1639630 1632
1639640 1640
1639650 1648
1639660 1647
1639670 1655
1639680 1662
1639690 1662
1639700 1670
1639710 1677
1639720 1677
1639730 1685
1639740 1693
1639750 1693
1639760 1701
1639770 1709
1639780 1709
1639790 1716
1639800 1723
1639810 1723
1639820 1730
1639830 1739
1639840 1739
1639850 1746
1639860 1753
1639870 1753
1639880 1758
1639890 1761
1639900 1759
1639910 1759
1639920 1757
1639930 1753
1639940 1753
1639950 1748
1639960 1742
1639970 1742
1639980 1736
1639990 1730
