1620000 1423
1620010 1427
1620020 1430
1620030 1430
1620040 1432
1620050 1433
1620060 1433
1620070 1437
1620080 1441
1620090 1441
1620100 1447
1620110 1453
1620120 1453
1620130 1459
1620140 1465
1620150 1465
1620160 1471
1620170 1478
1620180 1478
1620190 1483
1620200 1488
1620210 1488
1620220 1492
1620230 1496
1620240 1496
1620250 1499
1620260 1502
1620270 1502
1620280 1505
1620290 1507
1620300 1509
1620310 1509
1620320 1511
1620330 1512
1620340 1512
1620350 1513
1620360 1513
1620370 1513
1620380 1511
1620390 1507
1620400 1507
1620410 1502
1620420 1497
1620430 1497
1620440 1491
1620450 1487
1620460 1487
1620470 1483
1620480 1479
1620490 1479
1620500 1476
1620510 1473
1620520 1473
1620530 1469
1620540 1466
1620550 1466
1620560 1464
1620570 1460
1620580 1460
1620590 1456
1620600 1452
1620610 1452
1620620 1449
1620630 1445
1620640 1442
1620650 1442
1620660 1438
1620670 1433
1620680 1433
1620690 1430
1620700 1427
1620710 1427
1620720 1424
1620730 1420
1620740 1420
1620750 1416
1620760 1412
1620770 1412
1620780 1407
1620790 1404
1620800 1404
1620810 1401
1620820 1396
1620830 1396
1620840 1392
1620850 1386
1620860 1386
1620870 1381
1620880 1378
1620890 1378
1620900 1377
1620910 1377
1620920 1377
1620930 1377
1620940 1375
1620950 1375
1620960 1373
1620970 1371
1620980 1371
1620990 1369
1621000 1368
1621010 1367
1621020 1367
1621030 1366
1621040 1366
1621050 1366
1621060 1367
1621070 1368
1621080 1368
1621090 1370
1621100 1372
1621110 1372
1621120 1374
1621130 1375
1621140 1375
1621150 1376
1621160 1377
1621170 1377
1621180 1377
1621190 1377
1621200 1377
1621210 1376
1621220 1375
1621230 1375
1621240 1375
1621250 1373
1621260 1373
1621270 1370
1621280 1368
1621290 1368
1621300 1365
1621310 1360
1621320 1360
1621330 1355
1621340 1350
1621350 1345
1621360 1345
1621370 1341
1621380 1337
1621390 1337
1621400 1330
1621410 1324
1621420 1324
1621430 1318
1621440 1311
1621450 1311
1621460 1304
1621470 1295
1621480 1295
1621490 1288
1621500 1284
1621510 1284
1621520 1280
1621530 1273
1621540 1273
1621550 1266
1621560 1258
1621570 1258
1621580 1252
1621590 1251
1621600 1251
1621610 1247
1621620 1248
1621630 1248
1621640 1249
1621650 1251
1621660 1251
1621670 1257
1621680 1261
1621690 1263
1621700 1263
1621710 1263
1621720 1261
1621730 1261
1621740 1260
1621750 1257
1621760 1257
1621770 1251
1621780 1247
1621790 1247
1621800 1244
1621810 1242
1621820 1242
1621830 1240
1621840 1238
1621850 1238
1621860 1234
1621870 1232
1621880 1232
1621890 1234
1621900 1235
1621910 1235
1621920 1235
1621930 1238
1621940 1238
1621950 1239
1621960 1239
1621970 1239
1621980 1237
1621990 1237
1622000 1237
1622010 1237
1622020 1233
1622030 1233
1622040 1227
1622050 1221
1622060 1222
1622070 1222
1622080 1227
1622090 1235
1622100 1235
1622110 1240
1622120 1244
1622130 1244
1622140 1251
1622150 1258
1622160 1258
1622170 1263
1622180 1266
1622190 1266
1622200 1268
1622210 1269
1622220 1269
1622230 1270
1622240 1272
1622250 1272
1622260 1274
1622270 1278
1622280 1278
1622290 1282
1622300 1287
1622310 1287
1622320 1292
1622330 1298
1622340 1298
1622350 1303
1622360 1309
1622370 1309
1622380 1314
1622390 1320
1622400 1327
1622410 1327
1622420 1334
1622430 1340
1622440 1340
1622450 1347
1622460 1353
1622470 1353
1622480 1360
1622490 1367
1622500 1367
1622510 1374
1622520 1381
1622530 1381
1622540 1386
1622550 1392
1622560 1392
1622570 1396
1622580 1402
1622590 1402
1622600 1407
1622610 1410
1622620 1410
1622630 1412
1622640 1413
1622650 1413
1622660 1413
1622670 1412
1622680 1412
1622690 1414
1622700 1420
1622710 1420
1622720 1426
1622730 1430
1622740 1432
1622750 1432
1622760 1432
1622770 1436
1622780 1436
1622790 1441
1622800 1445
1622810 1445
1622820 1451
1622830 1456
1622840 1456
1622850 1462
1622860 1468
1622870 1468
1622880 1473
1622890 1476
1622900 1476
1622910 1480
1622920 1483
1622930 1483
1622940 1485
1622950 1487
1622960 1487
1622970 1488
1622980 1488
1622990 1488
1623000 1477
1623010 1458
1623020 1458
1623030 1444
1623040 1436
1623050 1436
1623060 1427
1623070 1418
1623080 1418
1623090 1410
1623100 1403
1623110 1395
1623120 1395
1623130 1387
1623140 1382
1623150 1382
1623160 1377
1623170 1373
1623180 1373
1623190 1372
1623200 1372
1623210 1372
1623220 1372
1623230 1372
1623240 1372
1623250 1371
1623260 1371
1623270 1371
1623280 1370
1623290 1370
1623300 1370
1623310 1369
1623320 1371
1623330 1371
1623340 1377
1623350 1385
1623360 1385
1623370 1392
1623380 1398
1623390 1398
1623400 1403
1623410 1409
1623420 1409
1623430 1415
1623440 1419
1623450 1422
1623460 1422
1623470 1420
1623480 1422
1623490 1422
1623500 1423
1623510 1426
1623520 1426
1623530 1429
1623540 1431
1623550 1431
1623560 1435
1623570 1441
1623580 1441
1623590 1446
1623600 1450
1623610 1450
1623620 1457
1623630 1465
1623640 1465
1623650 1474
1623660 1483
1623670 1483
1623680 1491
1623690 1499
1623700 1499
1623710 1506
1623720 1513
1623730 1513
1623740 1519
1623750 1525
1623760 1525
1623770 1530
1623780 1534
1623790 1538
1623800 1538
1623810 1540
1623820 1541
1623830 1541
1623840 1540
1623850 1539
1623860 1539
1623870 1538
1623880 1538
1623890 1538
1623900 1538
1623910 1535
1623920 1535
1623930 1530
1623940 1526
1623950 1526
1623960 1524
1623970 1522
1623980 1522
1623990 1523
1624000 1526
1624010 1526
1624020 1529
1624030 1527
1624040 1527
1624050 1523
1624060 1519
1624070 1519
1624080 1516
1624090 1512
1624100 1512
1624110 1507
1624120 1503
1624130 1503
1624140 1498
1624150 1495
1624160 1492
1624170 1492
1624180 1490
1624190 1489
1624200 1489
1624210 1488
1624220 1486
1624230 1486
1624240 1488
1624250 1491
1624260 1491
1624270 1489
1624280 1484
1624290 1484
1624300 1477
1624310 1470
1624320 1470
1624330 1462
1624340 1455
1624350 1455
1624360 1448
1624370 1444
1624380 1437
1624390 1433
1624400 1430
1624410 1430
1624420 1427
1624430 1424
1624440 1424
1624450 1418
1624460 1411
1624470 1411
1624480 1404
1624490 1397
1624500 1392
1624510 1392
1624520 1386
1624530 1381
1624540 1381
1624550 1375
1624560 1368
1624570 1368
1624580 1362
1624590 1356
1624600 1356
1624610 1350
1624620 1343
1624630 1343
1624640 1336
1624650 1329
1624660 1329
1624670 1321
1624680 1314
1624690 1314
1624700 1309
1624710 1307
1624720 1307
1624730 1305
1624740 1304
1624750 1304
1624760 1303
1624770 1303
1624780 1303
1624790 1303
1624800 1304
1624810 1304
1624820 1305
1624830 1304
1624840 1300
1624850 1300
1624860 1295
1624870 1292
1624880 1292
1624890 1289
1624900 1290
1624910 1290
1624920 1294
1624930 1297
1624940 1297
1624950 1301
1624960 1302
1624970 1302
1624980 1302
1624990 1302
1625000 1302
1625010 1302
1625020 1303
1625030 1303
1625040 1301
1625050 1298
1625060 1298
1625070 1294
1625080 1291
1625090 1291
1625100 1287
1625110 1283
1625120 1283
1625130 1279
1625140 1275
1625150 1275
1625160 1271
1625170 1266
1625180 1266
1625190 1262
1625200 1256
1625210 1250
1625220 1250
1625230 1245
1625240 1242
1625250 1242
1625260 1240
1625270 1239
1625280 1239
1625290 1237
1625300 1227
1625310 1227
1625320 1223
1625330 1215
1625340 1215
1625350 1207
1625360 1199
1625370 1199
1625380 1189
1625390 1177
1625400 1177
1625410 1166
1625420 1153
1625430 1153
1625440 1139
1625450 1128
1625460 1128
1625470 1118
1625480 1109
1625490 1109
1625500 1098
1625510 1087
1625520 1087
1625530 1074
1625540 1060
1625550 1045
1625560 1045
1625570 1032
1625580 1024
1625590 1024
1625600 1016
1625610 1009
1625620 1009
1625630 1003
1625640 996
1625650 996
1625660 990
1625670 984
1625680 984
1625690 978
1625700 972
1625710 972
1625720 967
1625730 963
1625740 963
1625750 958
1625760 955
1625770 955
1625780 955
1625790 959
1625800 959
1625810 968
1625820 977
1625830 977
1625840 987
1625850 996
1625860 996
1625870 1005
1625880 1016
1625890 1016
1625900 1027
1625910 1034
1625920 1053
1625930 1053
1625940 1070
1625950 1084
1625960 1084
1625970 1091
1625980 1092
1625990 1092
1626000 1092
1626010 1092
1626020 1092
1626030 1092
1626040 1092
1626050 1092
1626060 1091
1626070 1091
1626080 1091
1626090 1089
1626100 1086
1626110 1086
1626120 1083
1626130 1081
1626140 1081
1626150 1078
1626160 1076
1626170 1076
1626180 1074
1626190 1073
1626200 1069
1626210 1067
1626220 1066
1626230 1066
1626240 1066
1626250 1066
1626260 1067
1626270 1067
1626280 1066
1626290 1067
1626300 1067
1626310 1067
1626320 1066
1626330 1066
1626340 1065
1626350 1064
1626360 1064
1626370 1063
1626380 1064
1626390 1064
1626400 1064
1626410 1063
1626420 1063
1626430 1063
1626440 1062
1626450 1062
1626460 1060
1626470 1058
1626480 1058
1626490 1057
1626500 1055
1626510 1055
1626520 1051
1626530 1033
1626540 1033
1626550 988
1626560 976
1626570 976
1626580 971
1626590 967
1626600 964
1626610 964
1626620 961
1626630 961
1626640 961
1626650 961
1626660 962
1626670 962
1626680 962
1626690 960
1626700 960
1626710 962
1626720 962
1626730 962
1626740 961
1626750 959
1626760 959
1626770 958
1626780 958
1626790 958
1626800 957
1626810 956
1626820 956
1626830 954
1626840 948
1626850 948
1626860 944
1626870 945
1626880 945
1626890 945
1626900 948
1626910 948
1626920 952
1626930 953
1626940 953
1626950 953
1626960 953
1626970 953
1626980 953
1626990 953
1627000 952
1627010 952
1627020 950
1627030 950
1627040 950
1627050 953
1627060 956
1627070 956
1627080 959
1627090 960
1627100 960
1627110 956
1627120 954
1627130 954
1627140 951
1627150 949
1627160 949
1627170 948
1627180 945
1627190 945
1627200 945
1627210 948
1627220 948
1627230 949
1627240 951
1627250 951
1627260 953
1627270 956
1627280 956
1627290 958
1627300 957
1627310 956
1627320 956
1627330 954
1627340 952
1627350 952
1627360 949
1627370 947
1627380 947
1627390 943
1627400 937
1627410 937
1627420 936
1627430 937
1627440 937
1627450 936
1627460 937
1627470 937
1627480 946
1627490 952
1627500 952
1627510 954
1627520 956
1627530 956
1627540 957
1627550 958
1627560 958
1627570 960
1627580 963
1627590 963
1627600 966
1627610 969
1627620 969
1627630 972
1627640 973
1627650 971
1627660 971
1627670 969
1627680 968
1627690 968
1627700 969
1627710 968
1627720 968
1627730 969
1627740 971
1627750 971
1627760 972
1627770 973
1627780 973
1627790 973
1627800 973
1627810 973
1627820 972
1627830 971
1627840 971
1627850 971
1627860 970
1627870 970
1627880 969
1627890 968
1627900 968
1627910 967
1627920 967
1627930 967
1627940 967
1627950 967
1627960 967
1627970 968
1627980 969
1627990 969
1628000 966
1628010 967
1628020 968
1628030 968
1628040 969
1628050 970
1628060 970
1628070 971
1628080 973
1628090 973
1628100 974
1628110 974
1628120 974
1628130 974
1628140 973
1628150 973
1628160 972
1628170 972
1628180 972
1628190 971
1628200 969
1628210 969
1628220 968
1628230 965
1628240 965
1628250 963
1628260 960
1628270 960
1628280 955
1628290 949
1628300 949
1628310 945
1628320 940
1628330 940
1628340 936
1628350 932
1628360 929
1628370 929
1628380 929
1628390 924
1628400 924
1628410 929
1628420 935
1628430 935
1628440 939
1628450 943
1628460 943
1628470 947
1628480 951
1628490 951
1628500 955
1628510 957
1628520 957
1628530 958
1628540 956
1628550 956
1628560 953
1628570 951
1628580 951
1628590 952
1628600 954
1628610 954
1628620 954
1628630 955
1628640 955
1628650 956
1628660 956
1628670 956
1628680 954
1628690 954
1628700 954
1628710 954
1628720 952
1628730 951
1628740 951
1628750 952
1628760 953
1628770 953
1628780 956
1628790 958
1628800 958
1628810 954
1628820 954
1628830 954
1628840 958
1628850 964
1628860 964
1628870 970
1628880 974
1628890 971
1628900 972
1628910 973
1628920 973
1628930 974
1628940 974
1628950 974
1628960 974
1628970 975
1628980 975
1628990 976
1629000 978
1629010 978
1629020 980
1629030 981
1629040 981
1629050 980
1629060 981
1629070 982
1629080 982
1629090 981
1629100 982
1629110 982
1629120 979
1629130 977
1629140 977
1629150 976
1629160 973
1629170 973
1629180 976
1629190 982
1629200 982
1629210 985
1629220 986
1629230 986
1629240 986
1629250 991
1629260 991
1629270 995
1629280 999
1629290 999
1629300 1001
1629310 1002
1629320 1002
1629330 1003
1629340 1006
1629350 1006
1629360 1008
1629370 1009
1629380 1009
1629390 1010
1629400 1015
1629410 1017
1629420 1017
1629430 1019
1629440 1021
1629450 1021
1629460 1022
1629470 1024
1629480 1024
1629490 1025
1629500 1026
1629510 1026
1629520 1029
1629530 1034
1629540 1034
1629550 1037
1629560 1039
1629570 1039
1629580 1041
1629590 1043
1629600 1043
1629610 1045
1629620 1046
1629630 1046
1629640 1047
1629650 1046
1629660 1046
1629670 1048
1629680 1050
1629690 1050
1629700 1052
1629710 1053
1629720 1053
1629730 1055
1629740 1056
1629750 1058
1629760 1058
1629770 1057
1629780 1060
1629790 1060
1629800 1062
1629810 1065
1629820 1065
1629830 1065
1629840 1066
1629850 1066
1629860 1065
1629870 1064
1629880 1064
1629890 1063
1629900 1061
1629910 1061
1629920 1058
1629930 1055
1629940 1055
1629950 1051
1629960 1047
1629970 1047
1629980 1043
1629990 1039
1630000 1039
1630010 1036
1630020 1033
1630030 1033
1630040 1030
1630050 1027
1630060 1027
1630070 1024
1630080 1022
1630090 1022
1630100 1018
1630110 1014
1630120 1013
1630130 1013
1630140 1011
1630150 1008
1630160 1008
1630170 1005
1630180 1000
1630190 1000
1630200 996
1630210 991
1630220 991
1630230 986
1630240 983
1630250 983
1630260 981
1630270 980
1630280 980
1630290 980
1630300 980
1630310 980
1630320 980
1630330 981
1630340 981
1630350 985
1630360 991
1630370 991
1630380 996
1630390 999
1630400 999
1630410 1002
1630420 1005
1630430 1005
1630440 1006
1630450 1008
1630460 1010
1630470 1010
1630480 1012
1630490 1013
1630500 1013
1630510 1016
1630520 1018
1630530 1018
1630540 1021
1630550 1023
1630560 1023
1630570 1025
1630580 1027
1630590 1027
1630600 1030
1630610 1033
1630620 1033
1630630 1036
1630640 1040
1630650 1042
1630660 1047
1630670 1051
1630680 1051
1630690 1057
1630700 1063
1630710 1063
1630720 1069
1630730 1077
1630740 1077
1630750 1093
1630760 1114
1630770 1114
1630780 1125
1630790 1135
1630800 1136
1630810 1136
1630820 1138
1630830 1136
1630840 1136
1630850 1135
1630860 1138
1630870 1138
1630880 1141
1630890 1145
1630900 1145
1630910 1150
1630920 1157
1630930 1157
1630940 1164
1630950 1166
1630960 1166
1630970 1171
1630980 1181
1630990 1181
1631000 1192
1631010 1197
1631020 1197
1631030 1203
1631040 1207
1631050 1207
1631060 1212
1631070 1217
1631080 1217
1631090 1221
1631100 1223
1631110 1223
1631120 1219
1631130 1206
1631140 1206
1631150 1196
1631160 1195
1631170 1201
1631180 1201
1631190 1203
1631200 1205
1631210 1205
1631220 1206
1631230 1206
1631240 1206
1631250 1209
1631260 1211
1631270 1211
1631280 1215
1631290 1217
1631300 1217
1631310 1218
1631320 1215
1631330 1215
1631340 1210
1631350 1203
1631360 1203
1631370 1202
1631380 1205
1631390 1205
1631400 1209
1631410 1213
1631420 1213
1631430 1217
1631440 1221
1631450 1221
1631460 1226
1631470 1229
1631480 1229
1631490 1232
1631500 1236
1631510 1238
1631520 1238
1631530 1246
1631540 1246
1631550 1246
1631560 1247
1631570 1247
1631580 1247
1631590 1249
1631600 1251
1631610 1251
1631620 1253
1631630 1255
1631640 1255
1631650 1257
1631660 1260
1631670 1260
1631680 1263
1631690 1265
1631700 1265
1631710 1266
1631720 1268
1631730 1268
1631740 1270
1631750 1273
1631760 1273
1631770 1275
1631780 1276
1631790 1276
1631800 1277
1631810 1280
1631820 1280
1631830 1283
1631840 1285
1631850 1287
1631860 1287
1631870 1289
1631880 1291
1631890 1291
1631900 1292
1631910 1294
1631920 1294
1631930 1296
1631940 1297
1631950 1297
1631960 1298
1631970 1297
1631980 1297
1631990 1297
1632000 1298
1632010 1298
1632020 1300
1632030 1301
1632040 1301
1632050 1302
1632060 1303
1632070 1303
1632080 1303
1632090 1300
1632100 1300
1632110 1299
1632120 1298
1632130 1298
1632140 1300
1632150 1301
1632160 1301
1632170 1304
1632180 1307
1632190 1307
1632200 1310
1632210 1313
1632220 1316
1632230 1316
1632240 1318
1632250 1319
1632260 1319
1632270 1321
1632280 1322
1632290 1322
1632300 1324
1632310 1327
1632320 1327
1632330 1329
1632340 1331
1632350 1331
1632360 1333
1632370 1334
1632380 1334
1632390 1340
1632400 1344
1632410 1344
1632420 1346
1632430 1347
1632440 1347
1632450 1346
1632460 1343
1632470 1343
1632480 1341
1632490 1341
1632500 1341
1632510 1342
1632520 1345
1632530 1345
1632540 1346
1632550 1346
1632560 1347
1632570 1347
1632580 1349
1632590 1350
1632600 1350
1632610 1350
1632620 1352
1632630 1352
1632640 1354
1632650 1357
1632660 1357
1632670 1360
1632680 1363
1632690 1363
1632700 1366
1632710 1370
1632720 1370
1632730 1373
1632740 1375
1632750 1375
1632760 1378
1632770 1382
1632780 1382
1632790 1387
1632800 1390
1632810 1390
1632820 1394
1632830 1400
1632840 1400
1632850 1404
1632860 1410
1632870 1410
1632880 1415
1632890 1419
1632900 1419
1632910 1422
1632920 1425
1632930 1427
1632940 1427
1632950 1429
1632960 1432
1632970 1432
1632980 1433
1632990 1435
1633000 1435
1633010 1435
1633020 1436
1633030 1436
1633040 1437
1633050 1438
1633060 1438
1633070 1438
1633080 1437
1633090 1437
1633100 1436
1633110 1435
1633120 1435
1633130 1434
1633140 1435
1633150 1435
1633160 1435
1633170 1434
1633180 1434
1633190 1433
1633200 1432
1633210 1432
1633220 1430
1633230 1428
1633240 1428
1633250 1427
1633260 1423
1633270 1421
1633280 1421
1633290 1419
1633300 1418
1633310 1418
1633320 1418
1633330 1417
1633340 1417
1633350 1417
1633360 1417
1633370 1417
1633380 1416
1633390 1415
1633400 1415
1633410 1415
1633420 1414
1633430 1414
1633440 1414
1633450 1414
1633460 1414
1633470 1414
1633480 1413
1633490 1413
1633500 1413
1633510 1412
1633520 1412
1633530 1412
1633540 1409
1633550 1409
1633560 1406
1633570 1406
1633580 1406
1633590 1404
1633600 1402
1633610 1397
1633620 1397
1633630 1393
1633640 1391
1633650 1391
1633660 1388
1633670 1387
1633680 1387
1633690 1383
1633700 1382
1633710 1382
1633720 1382
1633730 1386
1633740 1386
1633750 1387
1633760 1388
1633770 1388
1633780 1390
1633790 1391
1633800 1391
1633810 1394
1633820 1396
1633830 1396
1633840 1399
1633850 1401
1633860 1401
1633870 1404
1633880 1407
1633890 1407
1633900 1410
1633910 1412
1633920 1412
1633930 1415
1633940 1416
1633950 1416
1633960 1418
1633970 1420
1633980 1421
1633990 1421
1634000 1422
1634010 1424
1634020 1424
1634030 1425
1634040 1426
1634050 1426
1634060 1427
1634070 1428
1634080 1428
1634090 1429
1634100 1430
1634110 1429
1634120 1430
1634130 1431
1634140 1431
1634150 1431
1634160 1432
1634170 1432
1634180 1433
1634190 1434
1634200 1434
1634210 1434
1634220 1435
1634230 1435
1634240 1435
1634250 1436
1634260 1436
1634270 1436
1634280 1437
1634290 1437
1634300 1437
1634310 1437
1634320 1438
1634330 1438
1634340 1438
1634350 1438
1634360 1438
1634370 1438
1634380 1438
1634390 1438
1634400 1438
1634410 1438
1634420 1438
1634430 1438
1634440 1438
1634450 1438
1634460 1438
1634470 1437
1634480 1437
1634490 1437
1634500 1436
1634510 1436
1634520 1437
1634530 1437
1634540 1437
1634550 1436
1634560 1436
1634570 1436
1634580 1436
1634590 1436
1634600 1436
1634610 1435
1634620 1435
1634630 1435
1634640 1435
1634650 1434
1634660 1434
1634670 1434
1634680 1434
1634690 1433
1634700 1433
1634710 1434
1634720 1433
1634730 1433
1634740 1432
1634750 1431
1634760 1431
1634770 1429
1634780 1428
1634790 1428
1634800 1427
1634810 1426
1634820 1426
1634830 1425
1634840 1423
1634850 1423
1634860 1419
1634870 1417
1634880 1417
1634890 1411
1634900 1407
1634910 1407
1634920 1404
1634930 1402
1634940 1402
1634950 1400
1634960 1395
1634970 1397
1634980 1395
1634990 1392
1635000 1392
1635010 1388
1635020 1384
1635030 1379
1635040 1379
1635050 1374
1635060 1373
1635070 1373
1635080 1374
1635090 1371
1635100 1371
1635110 1368
1635120 1366
1635130 1366
1635140 1365
1635150 1363
1635160 1363
1635170 1363
1635180 1363
1635190 1363
1635200 1362
1635210 1361
1635220 1361
1635230 1359
1635240 1357
1635250 1357
1635260 1355
1635270 1355
1635280 1355
1635290 1356
1635300 1357
1635310 1357
1635320 1355
1635330 1352
1635340 1352
1635350 1348
1635360 1346
1635370 1344
1635380 1344
1635390 1342
1635400 1340
1635410 1340
1635420 1337
1635430 1334
1635440 1334
1635450 1331
1635460 1329
1635470 1329
1635480 1327
1635490 1324
1635500 1324
1635510 1321
1635520 1318
1635530 1318
1635540 1316
1635550 1314
1635560 1314
1635570 1311
1635580 1307
1635590 1307
1635600 1304
1635610 1302
1635620 1302
1635630 1299
1635640 1297
1635650 1297
1635660 1293
1635670 1289
1635680 1289
1635690 1285
1635700 1281
1635710 1280
1635720 1280
1635730 1278
1635740 1277
1635750 1277
1635760 1277
1635770 1277
1635780 1277
1635790 1279
1635800 1277
1635810 1277
1635820 1276
1635830 1273
1635840 1273
1635850 1270
1635860 1268
1635870 1268
1635880 1263
1635890 1258
1635900 1258
1635910 1251
1635920 1244
1635930 1244
1635940 1236
1635950 1228
1635960 1228
1635970 1221
1635980 1213
1635990 1213
1636000 1203
1636010 1192
1636020 1192
1636030 1184
1636040 1173
1636050 1173
1636060 1162
1636070 1153
1636080 1146
1636090 1146
1636100 1139
1636110 1134
1636120 1134
1636130 1130
1636140 1124
1636150 1124
1636160 1120
1636170 1118
1636180 1118
1636190 1119
1636200 1116
1636210 1116
1636220 1113
1636230 1111
1636240 1111
1636250 1110
1636260 1110
1636270 1110
1636280 1108
1636290 1101
1636300 1101
1636310 1097
1636320 1096
1636330 1096
1636340 1097
1636350 1096
1636360 1096
1636370 1091
1636380 1083
1636390 1083
1636400 1075
1636410 1069
1636420 1063
1636430 1063
1636440 1058
1636450 1058
1636460 1058
1636470 1061
1636480 1068
1636490 1068
1636500 1075
1636510 1076
1636520 1076
1636530 1075
1636540 1073
1636550 1073
1636560 1073
1636570 1073
1636580 1073
1636590 1072
1636600 1075
1636610 1075
1636620 1077
1636630 1079
1636640 1079
1636650 1084
1636660 1093
1636670 1093
1636680 1095
1636690 1097
1636700 1097
1636710 1098
1636720 1097
1636730 1097
1636740 1095
1636750 1090
1636760 1090
1636770 1083
1636780 1074
1636790 1066
1636800 1066
1636810 1061
1636820 1054
1636830 1054
1636840 1047
1636850 1041
1636860 1041
1636870 1034
1636880 1025
1636890 1025
1636900 1015
1636910 1012
1636920 1012
1636930 1024
1636940 1028
1636950 1028
1636960 1027
1636970 1023
1636980 1023
1636990 1019
1637000 1014
1637010 1014
1637020 1007
1637030 999
1637040 999
1637050 992
1637060 985
1637070 985
1637080 979
1637090 974
1637100 974
1637110 969
1637120 963
1637130 960
1637140 960
1637150 954
1637160 948
1637170 948
1637180 942
1637190 938
1637200 938
1637210 935
1637220 932
1637230 932
1637240 929
1637250 926
1637260 926
1637270 924
1637280 921
1637290 921
1637300 919
1637310 917
1637320 917
1637330 916
1637340 915
1637350 915
1637360 912
1637370 911
1637380 911
1637390 910
1637400 909
1637410 909
1637420 908
1637430 908
1637440 908
1637450 909
1637460 909
1637470 910
1637480 910
1637490 910
1637500 909
1637510 909
1637520 904
1637530 903
1637540 903
1637550 903
1637560 903
1637570 903
1637580 904
1637590 904
1637600 904
1637610 904
1637620 904
1637630 904
1637640 903
1637650 904
1637660 904
1637670 904
1637680 904
1637690 904
1637700 904
1637710 904
1637720 904
1637730 904
1637740 904
1637750 904
1637760 904
1637770 904
1637780 904
1637790 904
1637800 903
1637810 903
1637820 903
1637830 903
1637840 904
1637850 904
1637860 908
1637870 910
1637880 910
1637890 909
1637900 909
1637910 909
1637920 908
1637930 908
1637940 908
1637950 907
1637960 907
1637970 907
1637980 909
1637990 913
1638000 913
1638010 919
1638020 925
1638030 925
1638040 930
1638050 937
1638060 937
1638070 943
1638080 950
1638090 950
1638100 957
1638110 963
1638120 963
1638130 970
1638140 974
1638150 974
1638160 976
1638170 981
1638180 987
1638190 987
1638200 992
1638210 996
1638220 996
1638230 999
1638240 1003
1638250 1003
1638260 1010
1638270 1017
1638280 1017
1638290 1022
1638300 1027
1638310 1027
1638320 1033
1638330 1041
1638340 1041
1638350 1048
1638360 1055
1638370 1055
1638380 1062
1638390 1068
1638400 1068
1638410 1075
1638420 1079
1638430 1079
1638440 1081
1638450 1081
1638460 1081
1638470 1082
1638480 1084
1638490 1084
1638500 1087
1638510 1090
1638520 1095
1638530 1095
1638540 1099
1638550 1104
1638560 1104
1638570 1109
1638580 1114
1638590 1114
1638600 1116
1638610 1119
1638620 1119
1638630 1122
1638640 1125
1638650 1125
1638660 1129
1638670 1138
1638680 1138
1638690 1147
1638700 1157
1638710 1157
1638720 1167
1638730 1178
1638740 1178
1638750 1188
1638760 1197
1638770 1197
1638780 1206
1638790 1212
1638800 1212
1638810 1215
1638820 1218
1638830 1218
1638840 1218
1638850 1218
1638860 1218
1638870 1218
1638880 1219
1638890 1221
1638900 1221
1638910 1223
1638920 1225
1638930 1225
1638940 1226
1638950 1226
1638960 1226
1638970 1227
1638980 1227
1638990 1227
1639000 1228
1639010 1228
1639020 1228
1639030 1229
1639040 1230
1639050 1230
1639060 1233
1639070 1236
1639080 1236
1639090 1238
1639100 1239
1639110 1239
1639120 1239
1639130 1240
1639140 1240
1639150 1243
1639160 1241
1639170 1241
1639180 1243
1639190 1244
1639200 1244
1639210 1243
1639220 1242
1639230 1243
1639240 1243
1639250 1246
1639260 1248
1639270 1248
1639280 1250
1639290 1252
1639300 1252
1639310 1254
1639320 1254
1639330 1254
1639340 1254
1639350 1254
1639360 1254
1639370 1254
1639380 1256
1639390 1256
1639400 1258
1639410 1260
1639420 1260
1639430 1262
1639440 1263
1639450 1263
1639460 1265
1639470 1263
1639480 1263
1639490 1261
1639500 1262
1639510 1262
1639520 1263
1639530 1261
1639540 1261
1639550 1258
1639560 1256
1639570 1256
1639580 1254
1639590 1251
1639600 1246
1639610 1246
1639620 1246
1639630 1246
1639640 1246
1639650 1246
1639660 1246
1639670 1246
1639680 1247
1639690 1248
1639700 1248
1639710 1249
1639720 1250
1639730 1250
1639740 1253
1639750 1255
1639760 1255
1639770 1256
1639780 1258
1639790 1258
1639800 1259
1639810 1258
1639820 1258
1639830 1256
1639840 1256
1639850 1256
1639860 1258
1639870 1260
1639880 1260
1639890 1256
1639900 1254
1639910 1254
1639920 1258
1639930 1262
1639940 1265
1639950 1265
1639960 1268
1639970 1271
1639980 1271
1639990 1268
