1620000 1644
1620010 1632
1620020 1616
1620030 1616
1620040 1607
1620050 1597
1620060 1597
1620070 1587
1620080 1579
1620090 1579
1620100 1573
1620110 1567
1620120 1567
1620130 1559
1620140 1552
1620150 1552
1620160 1546
1620170 1539
1620180 1539
1620190 1533
1620200 1526
1620210 1526
1620220 1522
1620230 1518
1620240 1518
1620250 1513
1620260 1507
1620270 1502
1620280 1502
1620290 1498
1620300 1498
1620310 1498
1620320 1494
1620330 1490
1620340 1490
1620350 1487
1620360 1480
1620370 1480
1620380 1474
1620390 1469
1620400 1469
1620410 1465
1620420 1460
1620430 1460
1620440 1456
1620450 1452
1620460 1452
1620470 1447
1620480 1442
1620490 1442
1620500 1436
1620510 1432
1620520 1432
1620530 1428
1620540 1423
1620550 1423
1620560 1417
1620570 1411
1620580 1411
1620590 1407
1620600 1402
1620610 1402
1620620 1398
1620630 1394
1620640 1392
1620650 1392
1620660 1393
1620670 1392
1620680 1392
1620690 1388
1620700 1383
1620710 1383
1620720 1378
1620730 1374
1620740 1374
1620750 1369
1620760 1364
1620770 1364
1620780 1356
1620790 1350
1620800 1350
1620810 1345
1620820 1343
1620830 1343
1620840 1341
1620850 1340
1620860 1340
1620870 1337
1620880 1334
1620890 1334
1620900 1332
1620910 1328
1620920 1328
1620930 1325
1620940 1322
1620950 1322
1620960 1318
1620970 1314
1620980 1311
1620990 1311
1621000 1307
1621010 1303
1621020 1303
1621030 1300
1621040 1296
1621050 1296
1621060 1293
1621070 1290
1621080 1290
1621090 1288
1621100 1286
1621110 1286
1621120 1283
1621130 1282
1621140 1282
1621150 1280
1621160 1278
1621170 1278
1621180 1276
1621190 1274
1621200 1274
1621210 1271
1621220 1266
1621230 1266
1621240 1270
1621250 1270
1621260 1270
1621270 1266
1621280 1269
1621290 1269
1621300 1268
1621310 1268
1621320 1268
1621330 1266
1621340 1268
1621350 1271
1621360 1271
1621370 1274
1621380 1279
1621390 1279
1621400 1284
1621410 1291
1621420 1291
1621430 1301
1621440 1308
1621450 1308
1621460 1309
1621470 1311
1621480 1311
1621490 1325
1621500 1325
1621510 1325
1621520 1338
1621530 1335
1621540 1335
1621550 1324
1621560 1309
1621570 1309
1621580 1297
1621590 1292
1621600 1292
1621610 1287
1621620 1287
1621630 1287
1621640 1290
1621650 1295
1621660 1295
1621670 1301
1621680 1304
1621690 1304
1621700 1304
1621710 1308
1621720 1313
1621730 1313
1621740 1314
1621750 1317
1621760 1317
1621770 1319
1621780 1319
1621790 1319
1621800 1327
1621810 1321
1621820 1321
1621830 1309
1621840 1300
1621850 1300
1621860 1289
1621870 1289
1621880 1289
1621890 1285
1621900 1278
1621910 1278
1621920 1271
1621930 1268
1621940 1268
1621950 1270
1621960 1268
1621970 1268
1621980 1263
1621990 1259
1622000 1259
1622010 1255
1622020 1249
1622030 1249
1622040 1241
1622050 1234
1622060 1227
1622070 1227
1622080 1220
1622090 1212
1622100 1212
1622110 1204
1622120 1197
1622130 1197
1622140 1189
1622150 1179
1622160 1179
1622170 1171
1622180 1164
1622190 1164
1622200 1158
1622210 1153
1622220 1153
1622230 1146
1622240 1139
1622250 1139
1622260 1132
1622270 1123
1622280 1123
1622290 1114
1622300 1104
1622310 1104
1622320 1094
1622330 1084
1622340 1084
1622350 1073
1622360 1065
1622370 1065
1622380 1059
1622390 1052
1622400 1052
1622410 1044
1622420 1038
1622430 1033
1622440 1033
1622450 1029
1622460 1023
1622470 1023
1622480 1018
1622490 1014
1622500 1014
1622510 1009
1622520 1003
1622530 1003
1622540 996
1622550 991
1622560 991
1622570 986
1622580 982
1622590 982
1622600 980
1622610 974
1622620 974
1622630 966
1622640 956
1622650 956
1622660 945
1622670 937
1622680 937
1622690 931
1622700 925
1622710 925
1622720 919
1622730 911
1622740 911
1622750 904
1622760 897
1622770 892
1622780 892
1622790 887
1622800 883
1622810 883
1622820 878
1622830 874
1622840 874
1622850 872
1622860 869
1622870 869
1622880 864
1622890 860
1622900 860
1622910 853
1622920 847
1622930 847
1622940 841
1622950 833
1622960 833
1622970 827
1622980 824
1622990 824
1623000 821
1623010 819
1623020 819
1623030 817
1623040 813
1623050 813
1623060 808
1623070 805
1623080 805
1623090 803
1623100 798
1623110 798
1623120 795
1623130 792
1623140 790
1623150 790
1623160 788
1623170 785
1623180 785
1623190 782
1623200 780
1623210 780
1623220 778
1623230 778
1623240 778
1623250 775
1623260 770
1623270 770
1623280 766
1623290 765
1623300 765
1623310 763
1623320 762
1623330 762
1623340 759
1623350 757
1623360 757
1623370 757
1623380 754
1623390 754
1623400 752
1623410 751
1623420 751
1623430 748
1623440 746
1623450 746
1623460 743
1623470 741
1623480 741
1623490 739
1623500 737
1623510 735
1623520 735
1623530 732
1623540 728
1623550 728
1623560 724
1623570 723
1623580 723
1623590 726
1623600 729
1623610 729
1623620 732
1623630 736
1623640 736
1623650 741
1623660 749
1623670 749
1623680 757
1623690 764
1623700 764
1623710 769
1623720 773
1623730 773
1623740 778
1623750 783
1623760 783
1623770 788
1623780 793
1623790 793
1623800 798
1623810 804
1623820 804
1623830 811
1623840 817
1623850 822
1623860 822
1623870 828
1623880 835
1623890 835
1623900 841
1623910 848
1623920 848
1623930 856
1623940 863
1623950 863
1623960 869
1623970 876
1623980 876
1623990 883
1624000 890
1624010 890
1624020 899
1624030 908
1624040 908
1624050 915
1624060 923
1624070 923
1624080 929
1624090 933
1624100 933
1624110 936
1624120 941
1624130 941
1624140 946
1624150 951
1624160 951
1624170 956
1624180 961
1624190 961
1624200 965
1624210 970
1624220 974
1624230 974
1624240 977
1624250 980
1624260 980
1624270 982
1624280 983
1624290 983
1624300 983
1624310 983
1624320 983
1624330 981
1624340 980
1624350 980
1624360 978
1624370 975
1624380 975
1624390 971
1624400 968
1624410 968
1624420 967
1624430 964
1624440 964
1624450 960
1624460 957
1624470 957
1624480 955
1624490 957
1624500 957
1624510 958
1624520 961
1624530 961
1624540 963
1624550 965
1624560 963
1624570 963
1624580 960
1624590 958
1624600 958
1624610 956
1624620 954
1624630 954
1624640 957
1624650 959
1624660 959
1624670 960
1624680 965
1624690 965
1624700 972
1624710 979
1624720 979
1624730 986
1624740 993
1624750 993
1624760 1000
1624770 1007
1624780 1007
1624790 1014
1624800 1021
1624810 1021
1624820 1028
1624830 1038
1624840 1038
1624850 1051
1624860 1057
1624870 1057
1624880 1058
1624890 1062
1624900 1062
1624910 1067
1624920 1072
1624930 1078
1624940 1082
1624950 1088
1624960 1095
1624970 1095
1624980 1102
1624990 1109
1625000 1109
1625010 1116
1625020 1123
1625030 1123
1625040 1129
1625050 1132
1625060 1132
1625070 1132
1625080 1133
1625090 1133
1625100 1134
1625110 1138
1625120 1138
1625130 1143
1625140 1149
1625150 1149
1625160 1156
1625170 1161
1625180 1161
1625190 1166
1625200 1172
1625210 1172
1625220 1172
1625230 1171
1625240 1171
1625250 1168
1625260 1164
1625270 1164
1625280 1159
1625290 1154
1625300 1150
1625310 1150
1625320 1147
1625330 1143
1625340 1143
1625350 1142
1625360 1141
1625370 1141
1625380 1139
1625390 1136
1625400 1136
1625410 1133
1625420 1133
1625430 1133
1625440 1136
1625450 1138
1625460 1138
1625470 1140
1625480 1141
1625490 1141
1625500 1143
1625510 1146
1625520 1146
1625530 1149
1625540 1154
1625550 1154
1625560 1159
1625570 1163
1625580 1163
1625590 1167
1625600 1171
1625610 1171
1625620 1174
1625630 1178
1625640 1180
1625650 1180
1625660 1183
1625670 1187
1625680 1187
1625690 1191
1625700 1194
1625710 1194
1625720 1196
1625730 1198
1625740 1198
1625750 1201
1625760 1204
1625770 1204
1625780 1210
1625790 1217
1625800 1217
1625810 1224
1625820 1231
1625830 1231
1625840 1238
1625850 1245
1625860 1245
1625870 1252
1625880 1260
1625890 1260
1625900 1267
1625910 1275
1625920 1275
1625930 1282
1625940 1290
1625950 1290
1625960 1298
1625970 1305
1625980 1305
1625990 1312
1626000 1320
1626010 1328
1626020 1328
1626030 1335
1626040 1342
1626050 1342
1626060 1347
1626070 1353
1626080 1353
1626090 1359
1626100 1360
1626110 1360
1626120 1358
1626130 1364
1626140 1364
1626150 1372
1626160 1375
1626170 1375
1626180 1379
1626190 1390
1626200 1390
1626210 1399
1626220 1404
1626230 1404
1626240 1411
1626250 1419
1626260 1419
1626270 1429
1626280 1433
1626290 1433
1626300 1439
1626310 1440
1626320 1440
1626330 1443
1626340 1437
1626350 1437
1626360 1440
1626370 1440
1626380 1439
1626390 1439
1626400 1438
1626410 1433
1626420 1433
1626430 1411
1626440 1404
1626450 1404
1626460 1405
1626470 1407
1626480 1407
1626490 1410
1626500 1407
1626510 1407
1626520 1407
1626530 1400
1626540 1400
1626550 1398
1626560 1400
1626570 1400
1626580 1400
1626590 1396
1626600 1396
1626610 1384
1626620 1372
1626630 1372
1626640 1359
1626650 1351
1626660 1351
1626670 1349
1626680 1342
1626690 1342
1626700 1337
1626710 1334
1626720 1331
1626730 1331
1626740 1330
1626750 1338
1626760 1338
1626770 1341
1626780 1344
1626790 1344
1626800 1347
1626810 1351
1626820 1351
1626830 1354
1626840 1355
1626850 1355
1626860 1357
1626870 1360
1626880 1360
1626890 1364
1626900 1368
1626910 1368
1626920 1371
1626930 1374
1626940 1374
1626950 1377
1626960 1381
1626970 1381
1626980 1385
1626990 1391
1627000 1391
1627010 1398
1627020 1403
1627030 1403
1627040 1407
1627050 1411
1627060 1411
1627070 1416
1627080 1420
1627090 1424
1627100 1424
1627110 1429
1627120 1436
1627130 1436
1627140 1443
1627150 1448
1627160 1448
1627170 1452
1627180 1454
1627190 1454
1627200 1458
1627210 1463
1627220 1463
1627230 1467
1627240 1463
1627250 1463
1627260 1456
1627270 1443
1627280 1443
1627290 1442
1627300 1447
1627310 1447
1627320 1454
1627330 1462
1627340 1462
1627350 1479
1627360 1489
1627370 1489
1627380 1489
1627390 1490
1627400 1490
1627410 1491
1627420 1495
1627430 1499
1627440 1499
1627450 1500
1627460 1497
1627470 1497
1627480 1496
1627490 1496
1627500 1496
1627510 1494
1627520 1491
1627530 1491
1627540 1487
1627550 1479
1627560 1479
1627570 1471
1627580 1463
1627590 1463
1627600 1455
1627610 1449
1627620 1449
1627630 1443
1627640 1436
1627650 1439
1627660 1432
1627670 1425
1627680 1425
1627690 1418
1627700 1411
1627710 1411
1627720 1405
1627730 1398
1627740 1398
1627750 1391
1627760 1384
1627770 1384
1627780 1378
1627790 1373
1627800 1366
1627810 1366
1627820 1359
1627830 1354
1627840 1354
1627850 1348
1627860 1343
1627870 1343
1627880 1336
1627890 1330
1627900 1330
1627910 1325
1627920 1320
1627930 1320
1627940 1315
1627950 1309
1627960 1309
1627970 1303
1627980 1297
1627990 1297
1628000 1291
1628010 1285
1628020 1285
1628030 1279
1628040 1273
1628050 1273
1628060 1266
1628070 1259
1628080 1259
1628090 1253
1628100 1246
1628110 1246
1628120 1239
1628130 1233
1628140 1233
1628150 1227
1628160 1221
1628170 1216
1628180 1216
1628190 1211
1628200 1206
1628210 1206
1628220 1202
1628230 1198
1628240 1198
1628250 1194
1628260 1190
1628270 1190
1628280 1187
1628290 1184
1628300 1184
1628310 1182
1628320 1182
1628330 1182
1628340 1185
1628350 1190
1628360 1190
1628370 1195
1628380 1199
1628390 1199
1628400 1204
1628410 1210
1628420 1210
1628430 1216
1628440 1220
1628450 1220
1628460 1223
1628470 1225
1628480 1225
1628490 1228
1628500 1230
1628510 1230
1628520 1230
1628530 1232
1628540 1234
1628550 1234
1628560 1233
1628570 1236
1628580 1236
1628590 1241
1628600 1246
1628610 1246
1628620 1250
1628630 1255
1628640 1255
1628650 1261
1628660 1270
1628670 1270
1628680 1276
1628690 1282
1628700 1282
1628710 1288
1628720 1295
1628730 1295
1628740 1301
1628750 1306
1628760 1306
1628770 1312
1628780 1317
1628790 1317
1628800 1323
1628810 1328
1628820 1328
1628830 1334
1628840 1340
1628850 1340
1628860 1346
1628870 1351
1628880 1357
1628890 1357
1628900 1364
1628910 1374
1628920 1374
1628930 1384
1628940 1390
1628950 1390
1628960 1394
1628970 1395
1628980 1395
1628990 1397
1629000 1402
1629010 1402
1629020 1409
1629030 1412
1629040 1412
1629050 1413
1629060 1415
1629070 1415
1629080 1419
1629090 1427
1629100 1427
1629110 1434
1629120 1437
1629130 1437
1629140 1442
1629150 1448
1629160 1448
1629170 1452
1629180 1455
1629190 1455
1629200 1458
1629210 1462
1629220 1462
1629230 1466
1629240 1471
1629250 1476
1629260 1476
1629270 1480
1629280 1484
1629290 1484
1629300 1488
1629310 1492
1629320 1492
1629330 1498
1629340 1504
1629350 1504
1629360 1511
1629370 1518
1629380 1518
1629390 1522
1629400 1522
1629410 1522
1629420 1523
1629430 1518
1629440 1518
1629450 1520
1629460 1521
1629470 1521
1629480 1524
1629490 1528
1629500 1528
1629510 1529
1629520 1529
1629530 1529
1629540 1531
1629550 1533
1629560 1533
1629570 1536
1629580 1540
1629590 1542
1629600 1542
1629610 1543
1629620 1547
1629630 1547
1629640 1560
1629650 1564
1629660 1564
1629670 1557
1629680 1557
1629690 1557
1629700 1559
1629710 1562
1629720 1562
1629730 1567
1629740 1573
1629750 1573
1629760 1580
1629770 1588
1629780 1588
1629790 1590
1629800 1596
1629810 1596
1629820 1612
1629830 1629
1629840 1629
1629850 1631
1629860 1627
1629870 1627
1629880 1619
1629890 1619
1629900 1619
1629910 1627
1629920 1631
1629930 1631
1629940 1636
1629950 1644
1629960 1651
1629970 1651
1629980 1654
1629990 1657
1630000 1657
1630010 1659
1630020 1663
1630030 1663
1630040 1668
1630050 1674
1630060 1674
1630070 1681
1630080 1686
1630090 1686
1630100 1690
1630110 1694
1630120 1694
1630130 1696
1630140 1698
1630150 1698
1630160 1698
1630170 1698
1630180 1698
1630190 1699
1630200 1700
1630210 1700
1630220 1700
1630230 1701
1630240 1701
1630250 1701
1630260 1700
1630270 1700
1630280 1699
1630290 1699
1630300 1700
1630310 1705
1630320 1706
1630330 1705
1630340 1705
1630350 1704
1630360 1703
1630370 1703
1630380 1702
1630390 1703
1630400 1703
1630410 1705
1630420 1706
1630430 1706
1630440 1709
1630450 1712
1630460 1712
1630470 1715
1630480 1718
1630490 1718
1630500 1721
1630510 1722
1630520 1722
1630530 1724
1630540 1727
1630550 1727
1630560 1731
1630570 1734
1630580 1734
1630590 1738
1630600 1744
1630610 1744
1630620 1749
1630630 1751
1630640 1751
1630650 1753
1630660 1755
1630670 1757
1630680 1757
1630690 1760
1630700 1762
1630710 1762
1630720 1766
1630730 1770
1630740 1770
1630750 1774
1630760 1778
1630770 1778
1630780 1782
1630790 1786
1630800 1786
1630810 1791
1630820 1795
1630830 1795
1630840 1800
1630850 1805
1630860 1805
1630870 1810
1630880 1815
1630890 1815
1630900 1821
1630910 1826
1630920 1826
1630930 1832
1630940 1847
1630950 1847
1630960 1863
1630970 1876
1630980 1876
1630990 1886
1631000 1893
1631010 1893
1631020 1896
1631030 1907
1631040 1921
1631050 1921
1631060 1929
1631070 1935
1631080 1935
1631090 1942
1631100 1947
1631110 1947
1631120 1952
1631130 1952
1631140 1952
1631150 1956
1631160 1959
1631170 1959
1631180 1957
1631190 1968
1631200 1968
1631210 1964
1631220 1956
1631230 1956
1631240 1950
1631250 1944
1631260 1944
1631270 1944
1631280 1950
1631290 1950
1631300 1951
1631310 1947
1631320 1947
1631330 1947
1631340 1950
1631350 1950
1631360 1953
1631370 1959
1631380 1965
1631390 1965
1631400 1973
1631410 1983
1631420 1983
1631430 1980
1631440 1978
1631450 1978
1631460 1979
1631470 1982
1631480 1982
1631490 1985
1631500 1990
1631510 1990
1631520 1995
1631530 1995
1631540 1995
1631550 1995
1631560 1996
1631570 1996
1631580 1996
1631590 1995
1631600 1995
1631610 1992
1631620 1993
1631630 1993
1631640 1995
1631650 1997
1631660 1997
1631670 2000
1631680 2002
1631690 2002
1631700 2003
1631710 2003
1631720 2003
1631730 2002
1631740 1999
1631750 1998
1631760 1998
1631770 1998
1631780 1999
1631790 1999
1631800 2002
1631810 2005
1631820 2005
1631830 2008
1631840 2009
1631850 2009
1631860 2013
1631870 2013
1631880 2013
1631890 2013
1631900 2014
1631910 2014
1631920 2015
1631930 2012
1631940 2012
1631950 2010
1631960 2009
1631970 2009
1631980 2008
1631990 2006
1632000 2006
1632010 2004
1632020 2005
1632030 2005
1632040 2005
1632050 2005
1632060 2011
1632070 2000
1632080 1983
1632090 1983
1632100 1965
1632110 1947
1632120 1928
1632130 1928
1632140 1916
1632150 1905
1632160 1905
1632170 1895
1632180 1890
1632190 1890
1632200 1884
1632210 1878
1632220 1878
1632230 1872
1632240 1866
1632250 1866
1632260 1860
1632270 1852
1632280 1852
1632290 1845
1632300 1837
1632310 1837
1632320 1831
1632330 1826
1632340 1826
1632350 1821
1632360 1817
1632370 1817
1632380 1813
1632390 1811
1632400 1811
1632410 1809
1632420 1809
1632430 1809
1632440 1808
1632450 1808
1632460 1808
1632470 1808
1632480 1809
1632490 1811
1632500 1811
1632510 1813
1632520 1818
1632530 1818
1632540 1825
1632550 1831
1632560 1831
1632570 1836
1632580 1840
1632590 1840
1632600 1845
1632610 1852
1632620 1852
1632630 1861
1632640 1862
1632650 1862
1632660 1866
1632670 1880
1632680 1880
1632690 1893
1632700 1901
1632710 1901
1632720 1908
1632730 1915
1632740 1915
1632750 1922
1632760 1928
1632770 1928
1632780 1927
1632790 1928
1632800 1928
1632810 1928
1632820 1924
1632830 1919
1632840 1919
1632850 1915
1632860 1911
1632870 1911
1632880 1908
1632890 1905
1632900 1905
1632910 1903
1632920 1907
1632930 1907
1632940 1906
1632950 1904
1632960 1904
1632970 1902
1632980 1902
1632990 1902
1633000 1900
1633010 1899
1633020 1899
1633030 1899
1633040 1899
1633050 1899
1633060 1898
1633070 1894
1633080 1894
1633090 1890
1633100 1889
1633110 1889
1633120 1889
1633130 1890
1633140 1890
1633150 1891
1633160 1892
1633170 1894
1633180 1894
1633190 1893
1633200 1894
1633210 1894
1633220 1894
1633230 1895
1633240 1895
1633250 1896
1633260 1897
1633270 1897
1633280 1899
1633290 1902
1633300 1902
1633310 1904
1633320 1907
1633330 1907
1633340 1909
1633350 1910
1633360 1910
1633370 1910
1633380 1912
1633390 1912
1633400 1913
1633410 1915
1633420 1915
1633430 1916
1633440 1917
1633450 1917
1633460 1918
1633470 1919
1633480 1919
1633490 1922
1633500 1924
1633510 1924
1633520 1925
1633530 1926
1633540 1927
1633550 1927
1633560 1927
1633570 1927
1633580 1927
1633590 1927
1633600 1926
1633610 1926
1633620 1926
1633630 1925
1633640 1925
1633650 1925
1633660 1923
1633670 1923
1633680 1922
1633690 1921
1633700 1921
1633710 1919
1633720 1917
1633730 1917
1633740 1914
1633750 1912
1633760 1912
1633770 1910
1633780 1910
1633790 1910
1633800 1906
1633810 1900
1633820 1900
1633830 1893
1633840 1886
1633850 1886
1633860 1879
1633870 1871
1633880 1871
1633890 1863
1633900 1856
1633910 1850
1633920 1850
1633930 1844
1633940 1839
1633950 1839
1633960 1834
1633970 1830
1633980 1830
1633990 1827
1634000 1823
1634010 1823
1634020 1819
1634030 1812
1634040 1812
1634050 1806
1634060 1799
1634070 1799
1634080 1797
1634090 1790
1634100 1790
1634110 1783
1634120 1770
1634130 1770
1634140 1762
1634150 1758
1634160 1758
1634170 1745
1634180 1731
1634190 1731
1634200 1725
1634210 1723
1634220 1723
1634230 1720
1634240 1717
1634250 1714
1634260 1714
1634270 1710
1634280 1706
1634290 1706
1634300 1703
1634310 1699
1634320 1699
1634330 1696
1634340 1693
1634350 1693
1634360 1689
1634370 1683
1634380 1683
1634390 1677
1634400 1673
1634410 1673
1634420 1669
1634430 1664
1634440 1664
1634450 1658
1634460 1657
1634470 1657
1634480 1656
1634490 1656
1634500 1656
1634510 1655
1634520 1650
1634530 1650
1634540 1646
1634550 1639
1634560 1639
1634570 1630
1634580 1623
1634590 1623
1634600 1617
1634610 1612
1634620 1606
1634630 1606
1634640 1607
1634650 1603
1634660 1603
1634670 1599
1634680 1595
1634690 1595
1634700 1592
1634710 1589
1634720 1589
1634730 1586
1634740 1583
1634750 1583
1634760 1580
1634770 1577
1634780 1577
1634790 1575
1634800 1573
1634810 1573
1634820 1572
1634830 1572
1634840 1572
1634850 1571
1634860 1570
1634870 1570
1634880 1568
1634890 1567
1634900 1567
1634910 1566
1634920 1566
1634930 1566
1634940 1566
1634950 1566
1634960 1566
1634970 1566
1634980 1566
1634990 1567
1635000 1567
1635010 1569
1635020 1569
1635030 1569
1635040 1569
1635050 1569
1635060 1569
1635070 1567
1635080 1565
1635090 1565
1635100 1563
1635110 1561
1635120 1561
1635130 1558
1635140 1557
1635150 1557
1635160 1556
1635170 1554
1635180 1554
1635190 1552
1635200 1551
1635210 1551
1635220 1551
1635230 1550
1635240 1550
1635250 1547
1635260 1544
1635270 1544
1635280 1543
1635290 1544
1635300 1544
1635310 1545
1635320 1544
1635330 1545
1635340 1545
1635350 1547
1635360 1550
1635370 1550
1635380 1553
1635390 1556
1635400 1556
1635410 1559
1635420 1563
1635430 1563
1635440 1569
1635450 1575
1635460 1575
1635470 1586
1635480 1595
1635490 1587
1635500 1596
1635510 1603
1635520 1603
1635530 1610
1635540 1618
1635550 1618
1635560 1632
1635570 1646
1635580 1646
1635590 1652
1635600 1661
1635610 1661
1635620 1670
1635630 1677
1635640 1677
1635650 1686
1635660 1690
1635670 1690
1635680 1694
1635690 1699
1635700 1703
1635710 1703
1635720 1704
1635730 1707
1635740 1707
1635750 1711
1635760 1716
1635770 1716
1635780 1721
1635790 1723
1635800 1723
1635810 1724
1635820 1724
1635830 1724
1635840 1725
1635850 1725
1635860 1725
1635870 1724
1635880 1724
1635890 1724
1635900 1727
1635910 1729
1635920 1729
1635930 1732
1635940 1734
1635950 1734
1635960 1736
1635970 1739
1635980 1739
1635990 1742
1636000 1746
1636010 1746
1636020 1751
1636030 1755
1636040 1755
1636050 1760
1636060 1764
1636070 1767
1636080 1767
1636090 1771
1636100 1775
1636110 1775
1636120 1779
1636130 1782
1636140 1782
1636150 1786
1636160 1789
1636170 1789
1636180 1790
1636190 1788
1636200 1788
1636210 1781
1636220 1770
1636230 1770
1636240 1760
1636250 1751
1636260 1751
1636270 1742
1636280 1734
1636290 1734
1636300 1726
1636310 1719
1636320 1719
1636330 1714
1636340 1708
1636350 1708
1636360 1701
1636370 1695
1636380 1695
1636390 1689
1636400 1682
1636410 1676
1636420 1676
1636430 1670
1636440 1664
1636450 1664
1636460 1658
1636470 1652
1636480 1652
1636490 1645
1636500 1639
1636510 1639
1636520 1633
1636530 1627
1636540 1627
1636550 1621
1636560 1615
1636570 1615
1636580 1609
1636590 1604
1636600 1604
1636610 1599
1636620 1594
1636630 1594
1636640 1590
1636650 1586
1636660 1586
1636670 1582
1636680 1577
1636690 1577
1636700 1573
1636710 1570
1636720 1570
1636730 1567
1636740 1564
1636750 1564
1636760 1561
1636770 1558
1636780 1555
1636790 1555
1636800 1553
1636810 1550
1636820 1550
1636830 1547
1636840 1544
1636850 1544
1636860 1541
1636870 1539
1636880 1539
1636890 1537
1636900 1534
1636910 1534
1636920 1532
1636930 1531
1636940 1531
1636950 1531
1636960 1530
1636970 1530
1636980 1530
1636990 1531
1637000 1531
1637010 1531
1637020 1533
1637030 1533
1637040 1535
1637050 1537
1637060 1537
1637070 1541
1637080 1543
1637090 1543
1637100 1547
1637110 1550
1637120 1550
1637130 1553
1637140 1556
1637150 1559
1637160 1559
1637170 1562
1637180 1566
1637190 1566
1637200 1570
1637210 1574
1637220 1574
1637230 1579
1637240 1583
1637250 1583
1637260 1588
1637270 1593
1637280 1593
1637290 1598
1637300 1603
1637310 1603
1637320 1608
1637330 1613
1637340 1613
1637350 1618
1637360 1623
1637370 1623
1637380 1629
1637390 1635
1637400 1635
1637410 1640
1637420 1645
1637430 1645
1637440 1651
1637450 1657
1637460 1657
1637470 1663
1637480 1668
1637490 1674
1637500 1674
1637510 1680
1637520 1686
1637530 1686
1637540 1692
1637550 1699
1637560 1699
1637570 1705
1637580 1711
1637590 1711
1637600 1717
1637610 1723
1637620 1723
1637630 1729
1637640 1735
1637650 1735
1637660 1741
1637670 1747
1637680 1747
1637690 1753
1637700 1759
1637710 1759
1637720 1765
1637730 1771
1637740 1771
1637750 1777
1637760 1782
1637770 1782
1637780 1784
1637790 1771
1637800 1771
1637810 1763
1637820 1764
1637830 1764
1637840 1757
1637850 1747
1637860 1742
1637870 1742
1637880 1738
1637890 1717
1637900 1717
1637910 1699
1637920 1692
1637930 1692
1637940 1672
1637950 1663
1637960 1663
1637970 1659
1637980 1654
1637990 1654
1638000 1655
1638010 1650
1638020 1650
1638030 1641
1638040 1633
1638050 1633
1638060 1627
1638070 1619
1638080 1619
1638090 1614
1638100 1619
1638110 1619
1638120 1619
1638130 1615
1638140 1615
1638150 1614
1638160 1612
1638170 1612
1638180 1611
1638190 1614
1638200 1608
1638210 1608
1638220 1600
1638230 1590
1638240 1590
1638250 1575
1638260 1563
1638270 1563
1638280 1556
1638290 1543
1638300 1543
1638310 1527
1638320 1515
1638330 1515
1638340 1503
1638350 1495
1638360 1495
1638370 1493
1638380 1492
1638390 1492
1638400 1482
1638410 1468
1638420 1468
1638430 1453
1638440 1436
1638450 1436
1638460 1418
1638470 1395
1638480 1395
1638490 1382
1638500 1374
1638510 1374
1638520 1366
1638530 1359
1638540 1359
1638550 1353
1638560 1348
1638570 1346
1638580 1346
1638590 1343
1638600 1339
1638610 1339
1638620 1335
1638630 1332
1638640 1332
1638650 1329
1638660 1327
1638670 1327
1638680 1324
1638690 1322
1638700 1322
1638710 1319
1638720 1316
1638730 1316
1638740 1312
1638750 1309
1638760 1309
1638770 1305
1638780 1302
1638790 1302
1638800 1298
1638810 1294
1638820 1294
1638830 1292
1638840 1295
1638850 1295
1638860 1292
1638870 1288
1638880 1288
1638890 1285
1638900 1283
1638910 1283
1638920 1279
1638930 1278
1638940 1278
1638950 1278
1638960 1274
1638970 1270
1638980 1270
1638990 1266
1639000 1261
1639010 1261
1639020 1252
1639030 1243
1639040 1243
1639050 1236
1639060 1232
1639070 1232
1639080 1229
1639090 1228
1639100 1228
1639110 1226
1639120 1221
1639130 1221
1639140 1214
1639150 1208
1639160 1208
1639170 1202
1639180 1197
1639190 1197
1639200 1194
1639210 1192
1639220 1192
1639230 1190
1639240 1187
1639250 1187
1639260 1183
1639270 1180
1639280 1176
1639290 1176
1639300 1171
1639310 1168
1639320 1168
1639330 1164
1639340 1159
1639350 1159
1639360 1155
1639370 1152
1639380 1152
1639390 1148
1639400 1144
1639410 1144
1639420 1139
1639430 1133
1639440 1133
1639450 1129
1639460 1125
1639470 1125
1639480 1121
1639490 1115
1639500 1115
1639510 1109
1639520 1107
1639530 1107
1639540 1098
1639550 1090
1639560 1090
1639570 1083
1639580 1079
1639590 1079
1639600 1078
1639610 1073
1639620 1073
1639630 1069
1639640 1074
1639650 1077
1639660 1077
1639670 1086
1639680 1088
1639690 1088
1639700 1088
1639710 1086
1639720 1086
1639730 1083
1639740 1082
1639750 1082
1639760 1084
1639770 1087
1639780 1087
1639790 1090
1639800 1093
1639810 1093
1639820 1097
1639830 1100
1639840 1100
1639850 1105
1639860 1108
1639870 1108
1639880 1111
1639890 1114
1639900 1114
1639910 1116
1639920 1118
1639930 1118
1639940 1119
1639950 1119
1639960 1119
1639970 1118
1639980 1117
1639990 1117
