1620000 1799
1620010 1803
1620020 1791
1620030 1782
1620040 1764
1620050 1764
1620060 1754
1620070 1749
1620080 1749
1620090 1756
1620100 1763
1620110 1763
1620120 1753
1620130 1744
1620140 1744
1620150 1741
1620160 1755
1620170 1755
1620180 1775
1620190 1786
1620200 1786
1620210 1783
1620220 1776
1620230 1776
1620240 1767
1620250 1758
1620260 1758
1620270 1749
1620280 1740
1620290 1740
1620300 1730
1620310 1719
1620320 1719
1620330 1703
1620340 1692
1620350 1692
1620360 1682
1620370 1674
1620380 1674
1620390 1671
1620400 1649
1620410 1631
1620420 1631
1620430 1622
1620440 1614
1620450 1614
1620460 1608
1620470 1603
1620480 1603
1620490 1601
1620500 1591
1620510 1591
1620520 1581
1620530 1579
1620540 1579
1620550 1597
1620560 1612
1620570 1612
1620580 1602
1620590 1585
1620600 1585
1620610 1575
1620620 1570
1620630 1570
1620640 1558
1620650 1553
1620660 1553
1620670 1555
1620680 1557
1620690 1557
1620700 1561
1620710 1567
1620720 1567
1620730 1565
1620740 1556
1620750 1550
1620760 1550
1620770 1545
1620780 1536
1620790 1536
1620800 1523
1620810 1508
1620820 1508
1620830 1495
1620840 1487
1620850 1487
1620860 1479
1620870 1470
1620880 1470
1620890 1465
1620900 1467
1620910 1467
1620920 1462
1620930 1464
1620940 1464
1620950 1487
1620960 1484
1620970 1484
1620980 1475
1620990 1466
1621000 1466
1621010 1459
1621020 1453
1621030 1453
1621040 1458
1621050 1463
1621060 1463
1621070 1464
1621080 1469
1621090 1469
1621100 1468
1621110 1460
1621120 1449
1621130 1449
1621140 1442
1621150 1448
1621160 1448
1621170 1461
1621180 1473
1621190 1473
1621200 1476
1621210 1457
1621220 1457
1621230 1446
1621240 1438
1621250 1438
1621260 1450
1621270 1472
1621280 1472
1621290 1488
1621300 1484
1621310 1484
1621320 1464
1621330 1454
1621340 1454
1621350 1457
1621360 1462
1621370 1462
1621380 1469
1621390 1476
1621400 1476
1621410 1491
1621420 1494
1621430 1494
1621440 1493
1621450 1493
1621460 1494
1621470 1494
1621480 1500
1621490 1513
1621500 1513
1621510 1514
1621520 1502
1621530 1502
1621540 1489
1621550 1481
1621560 1481
1621570 1473
1621580 1461
1621590 1461
1621600 1450
1621610 1438
1621620 1438
1621630 1425
1621640 1409
1621650 1409
1621660 1402
1621670 1386
1621680 1386
1621690 1356
1621700 1340
1621710 1340
1621720 1335
1621730 1335
1621740 1335
1621750 1337
1621760 1326
1621770 1326
1621780 1320
1621790 1324
1621800 1324
1621810 1334
1621820 1339
1621830 1329
1621840 1329
1621850 1325
1621860 1319
1621870 1319
1621880 1319
1621890 1312
1621900 1312
1621910 1322
1621920 1333
1621930 1333
1621940 1328
1621950 1318
1621960 1318
1621970 1308
1621980 1299
1621990 1299
1622000 1292
1622010 1284
1622020 1284
1622030 1278
1622040 1273
1622050 1273
1622060 1271
1622070 1271
1622080 1271
1622090 1272
1622100 1274
1622110 1274
1622120 1270
1622130 1264
1622140 1264
1622150 1258
1622160 1253
1622170 1253
1622180 1249
1622190 1245
1622200 1239
1622210 1239
1622220 1231
1622230 1226
1622240 1226
1622250 1221
1622260 1217
1622270 1217
1622280 1213
1622290 1204
1622300 1204
1622310 1190
1622320 1180
1622330 1180
1622340 1170
1622350 1161
1622360 1161
1622370 1155
1622380 1149
1622390 1149
1622400 1145
1622410 1142
1622420 1142
1622430 1143
1622440 1147
1622450 1147
1622460 1149
1622470 1151
1622480 1151
1622490 1146
1622500 1137
1622510 1137
1622520 1130
1622530 1131
1622540 1135
1622550 1135
1622560 1140
1622570 1142
1622580 1142
1622590 1139
1622600 1130
1622610 1130
1622620 1122
1622630 1122
1622640 1122
1622650 1118
1622660 1111
1622670 1111
1622680 1109
1622690 1107
1622700 1107
1622710 1100
1622720 1093
1622730 1093
1622740 1085
1622750 1073
1622760 1073
1622770 1068
1622780 1068
1622790 1068
1622800 1068
1622810 1065
1622820 1081
1622830 1067
1622840 1047
1622850 1047
1622860 1018
1622870 1007
1622880 1007
1622890 1002
1622900 996
1622910 990
1622920 990
1622930 984
1622940 977
1622950 977
1622960 971
1622970 964
1622980 964
1622990 958
1623000 952
1623010 952
1623020 947
1623030 941
1623040 941
1623050 936
1623060 930
1623070 930
1623080 923
1623090 917
1623100 917
1623110 911
1623120 907
1623130 907
1623140 903
1623150 899
1623160 899
1623170 895
1623180 892
1623190 892
1623200 888
1623210 885
1623220 885
1623230 883
1623240 887
1623250 887
1623260 889
1623270 881
1623280 874
1623290 874
1623300 866
1623310 860
1623320 860
1623330 855
1623340 838
1623350 838
1623360 828
1623370 834
1623380 834
1623390 830
1623400 805
1623410 805
1623420 777
1623430 746
1623440 746
1623450 730
1623460 720
1623470 720
1623480 713
1623490 707
1623500 707
1623510 705
1623520 706
1623530 706
1623540 709
1623550 710
1623560 710
1623570 715
1623580 722
1623590 722
1623600 726
1623610 733
1623620 741
1623630 741
1623640 749
1623650 757
1623660 757
1623670 771
1623680 793
1623690 793
1623700 804
1623710 815
1623720 815
1623730 837
1623740 861
1623750 861
1623760 869
1623770 881
1623780 881
1623790 896
1623800 907
1623810 907
1623820 913
1623830 923
1623840 923
1623850 932
1623860 939
1623870 939
1623880 941
1623890 937
1623900 937
1623910 947
1623920 961
1623930 961
1623940 974
1623950 982
1623960 982
1623970 991
1623980 986
1623990 973
1624000 973
1624010 967
1624020 960
1624030 960
1624040 958
1624050 969
1624060 969
1624070 989
1624080 1005
1624090 1005
1624100 1019
1624110 1025
1624120 1025
1624130 1028
1624140 1033
1624150 1033
1624160 1042
1624170 1050
1624180 1050
1624190 1057
1624200 1064
1624210 1064
1624220 1072
1624230 1080
1624240 1080
1624250 1087
1624260 1095
1624270 1095
1624280 1103
1624290 1110
1624300 1110
1624310 1118
1624320 1125
1624330 1125
1624340 1132
1624350 1140
1624360 1144
1624370 1144
1624380 1148
1624390 1151
1624400 1151
1624410 1153
1624420 1155
1624430 1155
1624440 1157
1624450 1160
1624460 1160
1624470 1164
1624480 1167
1624490 1167
1624500 1169
1624510 1172
1624520 1172
1624530 1177
1624540 1184
1624550 1184
1624560 1185
1624570 1182
1624580 1182
1624590 1170
1624600 1154
1624610 1154
1624620 1145
1624630 1147
1624640 1147
1624650 1151
1624660 1162
1624670 1162
1624680 1169
1624690 1173
1624700 1177
1624710 1177
1624720 1184
1624730 1190
1624740 1190
1624750 1196
1624760 1206
1624770 1206
1624780 1212
1624790 1219
1624800 1219
1624810 1225
1624820 1234
1624830 1234
1624840 1245
1624850 1244
1624860 1244
1624870 1240
1624880 1241
1624890 1241
1624900 1233
1624910 1218
1624920 1218
1624930 1209
1624940 1209
1624950 1209
1624960 1208
1624970 1202
1624980 1202
1624990 1202
1625000 1204
1625010 1204
1625020 1208
1625030 1217
1625040 1217
1625050 1233
1625060 1254
1625070 1272
1625080 1272
1625090 1286
1625100 1291
1625110 1291
1625120 1297
1625130 1306
1625140 1306
1625150 1310
1625160 1307
1625170 1307
1625180 1302
1625190 1297
1625200 1297
1625210 1281
1625220 1271
1625230 1271
1625240 1280
1625250 1294
1625260 1294
1625270 1280
1625280 1269
1625290 1269
1625300 1266
1625310 1268
1625320 1268
1625330 1280
1625340 1296
1625350 1296
1625360 1307
1625370 1314
1625380 1314
1625390 1319
1625400 1325
1625410 1325
1625420 1327
1625430 1321
1625440 1316
1625450 1316
1625460 1311
1625470 1306
1625480 1306
1625490 1302
1625500 1301
1625510 1301
1625520 1301
1625530 1303
1625540 1303
1625550 1304
1625560 1306
1625570 1311
1625580 1313
1625590 1314
1625600 1314
1625610 1316
1625620 1321
1625630 1321
1625640 1327
1625650 1332
1625660 1332
1625670 1336
1625680 1340
1625690 1340
1625700 1345
1625710 1350
1625720 1350
1625730 1353
1625740 1357
1625750 1357
1625760 1362
1625770 1367
1625780 1373
1625790 1373
1625800 1376
1625810 1380
1625820 1380
1625830 1385
1625840 1390
1625850 1390
1625860 1394
1625870 1402
1625880 1402
1625890 1408
1625900 1412
1625910 1412
1625920 1420
1625930 1424
1625940 1424
1625950 1431
1625960 1438
1625970 1438
1625980 1434
1625990 1433
1626000 1433
1626010 1439
1626020 1448
1626030 1448
1626040 1461
1626050 1470
1626060 1470
1626070 1479
1626080 1484
1626090 1484
1626100 1495
1626110 1506
1626120 1506
1626130 1521
1626140 1531
1626150 1535
1626160 1535
1626170 1541
1626180 1547
1626190 1547
1626200 1552
1626210 1551
1626220 1551
1626230 1552
1626240 1559
1626250 1559
1626260 1561
1626270 1558
1626280 1558
1626290 1556
1626300 1555
1626310 1555
1626320 1552
1626330 1549
1626340 1549
1626350 1537
1626360 1513
1626370 1513
1626380 1496
1626390 1487
1626400 1487
1626410 1480
1626420 1476
1626430 1476
1626440 1472
1626450 1467
1626460 1467
1626470 1462
1626480 1463
1626490 1463
1626500 1459
1626510 1456
1626520 1453
1626530 1453
1626540 1451
1626550 1452
1626560 1452
1626570 1448
1626580 1443
1626590 1443
1626600 1441
1626610 1440
1626620 1440
1626630 1439
1626640 1442
1626650 1442
1626660 1443
1626670 1445
1626680 1445
1626690 1447
1626700 1449
1626710 1449
1626720 1450
1626730 1450
1626740 1450
1626750 1450
1626760 1450
1626770 1450
1626780 1454
1626790 1466
1626800 1466
1626810 1469
1626820 1474
1626830 1474
1626840 1483
1626850 1488
1626860 1492
1626870 1492
1626880 1491
1626890 1496
1626900 1496
1626910 1507
1626920 1511
1626930 1511
1626940 1525
1626950 1532
1626960 1532
1626970 1536
1626980 1542
1626990 1542
1627000 1544
1627010 1543
1627020 1543
1627030 1543
1627040 1545
1627050 1545
1627060 1547
1627070 1549
1627080 1549
1627090 1555
1627100 1570
1627110 1570
1627120 1591
1627130 1606
1627140 1606
1627150 1609
1627160 1605
1627170 1605
1627180 1602
1627190 1608
1627200 1608
1627210 1613
1627220 1619
1627230 1622
1627240 1622
1627250 1622
1627260 1623
1627270 1623
1627280 1624
1627290 1626
1627300 1626
1627310 1629
1627320 1628
1627330 1628
1627340 1632
1627350 1638
1627360 1638
1627370 1645
1627380 1661
1627390 1661
1627400 1660
1627410 1652
1627420 1652
1627430 1648
1627440 1638
1627450 1638
1627460 1627
1627470 1618
1627480 1618
1627490 1611
1627500 1606
1627510 1606
1627520 1602
1627530 1596
1627540 1596
1627550 1589
1627560 1579
1627570 1579
1627580 1571
1627590 1560
1627600 1546
1627610 1546
1627620 1537
1627630 1530
1627640 1530
1627650 1526
1627660 1526
1627670 1526
1627680 1532
1627690 1534
1627700 1534
1627710 1530
1627720 1526
1627730 1526
1627740 1521
1627750 1517
1627760 1517
1627770 1514
1627780 1511
1627790 1511
1627800 1506
1627810 1501
1627820 1501
1627830 1492
1627840 1470
1627850 1470
1627860 1450
1627870 1436
1627880 1436
1627890 1430
1627900 1426
1627910 1426
1627920 1420
1627930 1415
1627940 1411
1627950 1411
1627960 1405
1627970 1393
1627980 1393
1627990 1382
1628000 1359
1628010 1359
1628020 1342
1628030 1334
1628040 1334
1628050 1324
1628060 1315
1628070 1315
1628080 1308
1628090 1301
1628100 1301
1628110 1294
1628120 1287
1628130 1287
1628140 1282
1628150 1278
1628160 1278
1628170 1276
1628180 1275
1628190 1275
1628200 1273
1628210 1271
1628220 1271
1628230 1267
1628240 1263
1628250 1263
1628260 1260
1628270 1258
1628280 1258
1628290 1255
1628300 1254
1628310 1252
1628320 1252
1628330 1250
1628340 1247
1628350 1247
1628360 1244
1628370 1242
1628380 1242
1628390 1240
1628400 1237
1628410 1237
1628420 1235
1628430 1231
1628440 1231
1628450 1228
1628460 1228
1628470 1228
1628480 1228
1628490 1229
1628500 1229
1628510 1229
1628520 1229
1628530 1229
1628540 1229
1628550 1229
1628560 1229
1628570 1229
1628580 1229
1628590 1229
1628600 1230
1628610 1231
1628620 1231
1628630 1235
1628640 1241
1628650 1241
1628660 1253
1628670 1271
1628680 1274
1628690 1274
1628700 1281
1628710 1292
1628720 1292
1628730 1293
1628740 1296
1628750 1296
1628760 1299
1628770 1300
1628780 1300
1628790 1300
1628800 1301
1628810 1301
1628820 1305
1628830 1308
1628840 1308
1628850 1311
1628860 1313
1628870 1313
1628880 1315
1628890 1317
1628900 1317
1628910 1315
1628920 1315
1628930 1315
1628940 1317
1628950 1319
1628960 1319
1628970 1317
1628980 1316
1628990 1316
1629000 1314
1629010 1316
1629020 1318
1629030 1318
1629040 1318
1629050 1317
1629060 1317
1629070 1318
1629080 1319
1629090 1319
1629100 1320
1629110 1321
1629120 1321
1629130 1322
1629140 1323
1629150 1323
1629160 1325
1629170 1326
1629180 1326
1629190 1328
1629200 1331
1629210 1331
1629220 1333
1629230 1336
1629240 1336
1629250 1338
1629260 1340
1629270 1340
1629280 1342
1629290 1345
1629300 1345
1629310 1348
1629320 1352
1629330 1352
1629340 1355
1629350 1357
1629360 1357
1629370 1360
1629380 1362
1629390 1366
1629400 1366
1629410 1368
1629420 1370
1629430 1370
1629440 1372
1629450 1374
1629460 1374
1629470 1376
1629480 1378
1629490 1378
1629500 1380
1629510 1381
1629520 1381
1629530 1383
1629540 1385
1629550 1385
1629560 1387
1629570 1389
1629580 1389
1629590 1391
1629600 1393
1629610 1393
1629620 1394
1629630 1396
1629640 1396
1629650 1398
1629660 1400
1629670 1400
1629680 1404
1629690 1406
1629700 1406
1629710 1409
1629720 1411
1629730 1411
1629740 1416
1629750 1420
1629760 1422
1629770 1422
1629780 1424
1629790 1424
1629800 1424
1629810 1428
1629820 1437
1629830 1437
1629840 1455
1629850 1469
1629860 1469
1629870 1474
1629880 1478
1629890 1478
1629900 1482
1629910 1483
1629920 1483
1629930 1483
1629940 1483
1629950 1483
1629960 1484
1629970 1487
1629980 1487
1629990 1492
1630000 1496
1630010 1496
1630020 1499
1630030 1502
1630040 1502
1630050 1505
1630060 1507
1630070 1507
1630080 1510
1630090 1512
1630100 1514
1630110 1514
1630120 1516
1630130 1518
1630140 1518
1630150 1521
1630160 1525
1630170 1525
1630180 1530
1630190 1536
1630200 1536
1630210 1542
1630220 1549
1630230 1549
1630240 1555
1630250 1560
1630260 1560
1630270 1563
1630280 1567
1630290 1567
1630300 1570
1630310 1574
1630320 1574
1630330 1578
1630340 1584
1630350 1584
1630360 1591
1630370 1599
1630380 1599
1630390 1606
1630400 1614
1630410 1614
1630420 1621
1630430 1628
1630440 1628
1630450 1635
1630460 1642
1630470 1649
1630480 1649
1630490 1657
1630500 1693
1630510 1693
1630520 1729
1630530 1733
1630540 1733
1630550 1739
1630560 1746
1630570 1746
1630580 1753
1630590 1760
1630600 1760
1630610 1767
1630620 1775
1630630 1775
1630640 1781
1630650 1789
1630660 1789
1630670 1796
1630680 1804
1630690 1804
1630700 1812
1630710 1820
1630720 1820
1630730 1827
1630740 1832
1630750 1832
1630760 1836
1630770 1839
1630780 1839
1630790 1842
1630800 1845
1630810 1845
1630820 1848
1630830 1850
1630840 1853
1630850 1853
1630860 1855
1630870 1857
1630880 1857
1630890 1859
1630900 1861
1630910 1861
1630920 1861
1630930 1863
1630940 1863
1630950 1866
1630960 1869
1630970 1869
1630980 1871
1630990 1874
1631000 1874
1631010 1878
1631020 1881
1631030 1881
1631040 1885
1631050 1889
1631060 1889
1631070 1892
1631080 1894
1631090 1894
1631100 1897
1631110 1899
1631120 1899
1631130 1902
1631140 1905
1631150 1905
1631160 1908
1631170 1911
1631180 1914
1631190 1914
1631200 1916
1631210 1919
1631220 1919
1631230 1922
1631240 1925
1631250 1925
1631260 1928
1631270 1931
1631280 1931
1631290 1933
1631300 1935
1631310 1935
1631320 1937
1631330 1940
1631340 1940
1631350 1942
1631360 1943
1631370 1943
1631380 1943
1631390 1943
1631400 1943
1631410 1945
1631420 1947
1631430 1947
1631440 1949
1631450 1952
1631460 1952
1631470 1954
1631480 1957
1631490 1957
1631500 1961
1631510 1964
1631520 1964
1631530 1967
1631540 1970
1631550 1974
1631560 1974
1631570 1977
1631580 1979
1631590 1979
1631600 1981
1631610 1983
1631620 1983
1631630 1986
1631640 1989
1631650 1989
1631660 1993
1631670 1997
1631680 1997
1631690 2002
1631700 2006
1631710 2006
1631720 2010
1631730 2015
1631740 2015
1631750 2020
1631760 2024
1631770 2024
1631780 2025
1631790 2019
1631800 2019
1631810 2013
1631820 2010
1631830 2010
1631840 2006
1631850 2002
1631860 2002
1631870 1998
1631880 1996
1631890 1996
1631900 1995
1631910 1991
1631920 1990
1631930 1990
1631940 1990
1631950 1987
1631960 1987
1631970 1985
1631980 1967
1631990 1967
1632000 1956
1632010 1950
1632020 1950
1632030 1946
1632040 1942
1632050 1942
1632060 1937
1632070 1932
1632080 1932
1632090 1929
1632100 1926
1632110 1926
1632120 1924
1632130 1922
1632140 1922
1632150 1921
1632160 1923
1632170 1923
1632180 1921
1632190 1917
1632200 1917
1632210 1913
1632220 1908
1632230 1908
1632240 1904
1632250 1900
1632260 1897
1632270 1897
1632280 1894
1632290 1891
1632300 1891
1632310 1889
1632320 1887
1632330 1887
1632340 1884
1632350 1881
1632360 1881
1632370 1880
1632380 1879
1632390 1879
1632400 1879
1632410 1879
1632420 1879
1632430 1879
1632440 1879
1632450 1879
1632460 1880
1632470 1880
1632480 1880
1632490 1882
1632500 1886
1632510 1886
1632520 1891
1632530 1894
1632540 1894
1632550 1897
1632560 1902
1632570 1902
1632580 1907
1632590 1912
1632600 1912
1632610 1917
1632620 1923
1632630 1927
1632640 1927
1632650 1933
1632660 1946
1632670 1946
1632680 1954
1632690 1956
1632700 1956
1632710 1955
1632720 1953
1632730 1953
1632740 1946
1632750 1939
1632760 1939
1632770 1935
1632780 1928
1632790 1928
1632800 1921
1632810 1915
1632820 1915
1632830 1912
1632840 1908
1632850 1908
1632860 1894
1632870 1881
1632880 1881
1632890 1874
1632900 1868
1632910 1868
1632920 1863
1632930 1857
1632940 1857
1632950 1852
1632960 1848
1632970 1848
1632980 1843
1632990 1839
1633000 1835
1633010 1835
1633020 1831
1633030 1828
1633040 1828
1633050 1826
1633060 1825
1633070 1825
1633080 1823
1633090 1821
1633100 1821
1633110 1819
1633120 1817
1633130 1817
1633140 1813
1633150 1808
1633160 1808
1633170 1803
1633180 1798
1633190 1798
1633200 1792
1633210 1787
1633220 1787
1633230 1784
1633240 1781
1633250 1781
1633260 1779
1633270 1777
1633280 1777
1633290 1773
1633300 1769
1633310 1769
1633320 1765
1633330 1761
1633340 1758
1633350 1758
1633360 1754
1633370 1750
1633380 1750
1633390 1746
1633400 1743
1633410 1743
1633420 1741
1633430 1739
1633440 1739
1633450 1734
1633460 1730
1633470 1730
1633480 1727
1633490 1727
1633500 1727
1633510 1729
1633520 1734
1633530 1734
1633540 1732
1633550 1731
1633560 1731
1633570 1730
1633580 1729
1633590 1729
1633600 1729
1633610 1730
1633620 1730
1633630 1729
1633640 1729
1633650 1729
1633660 1728
1633670 1726
1633680 1726
1633690 1723
1633700 1720
1633710 1717
1633720 1717
1633730 1715
1633740 1714
1633750 1714
1633760 1713
1633770 1713
1633780 1713
1633790 1712
1633800 1709
1633810 1709
1633820 1704
1633830 1699
1633840 1699
1633850 1695
1633860 1693
1633870 1693
1633880 1691
1633890 1687
1633900 1687
1633910 1683
1633920 1678
1633930 1678
1633940 1675
1633950 1672
1633960 1672
1633970 1668
1633980 1662
1633990 1662
1634000 1656
1634010 1649
1634020 1649
1634030 1642
1634040 1636
1634050 1636
1634060 1630
1634070 1624
1634080 1619
1634090 1619
1634100 1614
1634110 1608
1634120 1608
1634130 1604
1634140 1599
1634150 1599
1634160 1594
1634170 1589
1634180 1589
1634190 1585
1634200 1582
1634210 1582
1634220 1579
1634230 1576
1634240 1576
1634250 1573
1634260 1569
1634270 1569
1634280 1566
1634290 1565
1634300 1565
1634310 1564
1634320 1562
1634330 1562
1634340 1561
1634350 1560
1634360 1560
1634370 1559
1634380 1558
1634390 1558
1634400 1555
1634410 1554
1634420 1552
1634430 1552
1634440 1550
1634450 1548
1634460 1548
1634470 1547
1634480 1547
1634490 1547
1634500 1545
1634510 1545
1634520 1545
1634530 1546
1634540 1546
1634550 1546
1634560 1546
1634570 1546
1634580 1546
1634590 1545
1634600 1545
1634610 1545
1634620 1544
1634630 1544
1634640 1544
1634650 1543
1634660 1543
1634670 1543
1634680 1542
1634690 1542
1634700 1542
1634710 1541
1634720 1541
1634730 1541
1634740 1542
1634750 1543
1634760 1543
1634770 1543
1634780 1543
1634790 1543
1634800 1543
1634810 1542
1634820 1543
1634830 1543
1634840 1542
1634850 1541
1634860 1541
1634870 1540
1634880 1538
1634890 1538
1634900 1536
1634910 1534
1634920 1534
1634930 1530
1634940 1526
1634950 1526
1634960 1523
1634970 1521
1634980 1521
1634990 1518
1635000 1517
1635010 1517
1635020 1514
1635030 1511
1635040 1511
1635050 1507
1635060 1508
1635070 1508
1635080 1509
1635090 1505
1635100 1505
1635110 1502
1635120 1501
1635130 1501
1635140 1501
1635150 1503
1635160 1505
1635170 1505
1635180 1508
1635190 1511
1635200 1511
1635210 1515
1635220 1518
1635230 1516
1635240 1518
1635250 1520
1635260 1520
1635270 1518
1635280 1518
1635290 1518
1635300 1519
1635310 1519
1635320 1519
1635330 1518
1635340 1518
1635350 1518
1635360 1517
1635370 1518
1635380 1518
1635390 1521
1635400 1523
1635410 1523
1635420 1523
1635430 1526
1635440 1526
1635450 1530
1635460 1533
1635470 1533
1635480 1534
1635490 1537
1635500 1539
1635510 1539
1635520 1546
1635530 1551
1635540 1551
1635550 1552
1635560 1553
1635570 1553
1635580 1558
1635590 1560
1635600 1560
1635610 1561
1635620 1563
1635630 1563
1635640 1565
1635650 1569
1635660 1569
1635670 1573
1635680 1582
1635690 1582
1635700 1588
1635710 1592
1635720 1592
1635730 1596
1635740 1602
1635750 1602
1635760 1608
1635770 1614
1635780 1614
1635790 1618
1635800 1622
1635810 1622
1635820 1628
1635830 1635
1635840 1635
1635850 1647
1635860 1653
1635870 1659
1635880 1659
1635890 1669
1635900 1679
1635910 1679
1635920 1688
1635930 1698
1635940 1698
1635950 1704
1635960 1711
1635970 1711
1635980 1714
1635990 1718
1636000 1718
1636010 1726
1636020 1731
1636030 1731
1636040 1736
1636050 1741
1636060 1741
1636070 1745
1636080 1747
1636090 1747
1636100 1751
1636110 1743
1636120 1743
1636130 1745
1636140 1740
1636150 1740
1636160 1735
1636170 1731
1636180 1731
1636190 1726
1636200 1722
1636210 1722
1636220 1719
1636230 1715
1636240 1712
1636250 1712
1636260 1710
1636270 1710
1636280 1710
1636290 1710
1636300 1712
1636310 1712
1636320 1714
1636330 1717
1636340 1717
1636350 1718
1636360 1720
1636370 1720
1636380 1718
1636390 1708
1636400 1708
1636410 1697
1636420 1690
1636430 1690
1636440 1685
1636450 1680
1636460 1680
1636470 1673
1636480 1667
1636490 1667
1636500 1661
1636510 1655
1636520 1655
1636530 1649
1636540 1642
1636550 1642
1636560 1636
1636570 1631
1636580 1631
1636590 1624
1636600 1617
1636610 1610
1636620 1610
1636630 1602
1636640 1595
1636650 1595
1636660 1589
1636670 1580
1636680 1580
1636690 1572
1636700 1565
1636710 1565
1636720 1559
1636730 1554
1636740 1554
1636750 1548
1636760 1543
1636770 1543
1636780 1538
1636790 1533
1636800 1533
1636810 1529
1636820 1525
1636830 1525
1636840 1522
1636850 1520
1636860 1520
1636870 1518
1636880 1516
1636890 1516
1636900 1515
1636910 1515
1636920 1514
1636930 1515
1636940 1519
1636950 1524
1636960 1524
1636970 1528
1636980 1531
1636990 1531
1637000 1534
1637010 1537
1637020 1537
1637030 1540
1637040 1543
1637050 1543
1637060 1546
1637070 1549
1637080 1549
1637090 1551
1637100 1554
1637110 1554
1637120 1556
1637130 1560
1637140 1560
1637150 1563
1637160 1566
1637170 1566
1637180 1570
1637190 1573
1637200 1573
1637210 1575
1637220 1578
1637230 1578
1637240 1581
1637250 1584
1637260 1584
1637270 1587
1637280 1590
1637290 1590
1637300 1593
1637310 1597
1637320 1600
1637330 1600
1637340 1604
1637350 1607
1637360 1607
1637370 1610
1637380 1614
1637390 1614
1637400 1617
1637410 1621
1637420 1621
1637430 1624
1637440 1628
1637450 1628
1637460 1632
1637470 1636
1637480 1636
1637490 1640
1637500 1644
1637510 1644
1637520 1648
1637530 1652
1637540 1652
1637550 1657
1637560 1662
1637570 1662
1637580 1666
1637590 1671
1637600 1671
1637610 1676
1637620 1680
1637630 1680
1637640 1685
1637650 1689
1637660 1689
1637670 1694
1637680 1699
1637690 1704
1637700 1704
1637710 1709
1637720 1715
1637730 1715
1637740 1720
1637750 1726
1637760 1724
1637770 1729
1637780 1735
1637790 1735
1637800 1741
1637810 1746
1637820 1746
1637830 1752
1637840 1757
1637850 1757
1637860 1762
1637870 1769
1637880 1769
1637890 1775
1637900 1781
1637910 1781
1637920 1787
1637930 1793
1637940 1793
1637950 1798
1637960 1805
1637970 1805
1637980 1811
1637990 1816
1638000 1816
1638010 1822
1638020 1827
1638030 1833
1638040 1833
1638050 1838
1638060 1843
1638070 1843
1638080 1848
1638090 1853
1638100 1853
1638110 1851
1638120 1840
1638130 1840
1638140 1833
1638150 1826
1638160 1826
1638170 1818
1638180 1808
1638190 1808
1638200 1799
1638210 1792
1638220 1792
1638230 1785
1638240 1777
1638250 1777
1638260 1770
1638270 1763
1638280 1763
1638290 1755
1638300 1747
1638310 1747
1638320 1738
1638330 1726
1638340 1726
1638350 1715
1638360 1706
1638370 1706
1638380 1695
1638390 1684
1638400 1675
1638410 1675
1638420 1666
1638430 1655
1638440 1655
1638450 1645
1638460 1634
1638470 1634
1638480 1624
1638490 1615
1638500 1615
1638510 1603
1638520 1589
1638530 1589
1638540 1578
1638550 1565
1638560 1565
1638570 1542
1638580 1527
1638590 1535
1638600 1520
1638610 1525
1638620 1525
1638630 1515
1638640 1506
1638650 1506
1638660 1513
1638670 1525
1638680 1525
1638690 1532
1638700 1528
1638710 1528
1638720 1523
1638730 1517
1638740 1517
1638750 1511
1638760 1503
1638770 1495
1638780 1495
1638790 1487
1638800 1479
1638810 1479
1638820 1475
1638830 1454
1638840 1454
1638850 1449
1638860 1451
1638870 1451
1638880 1441
1638890 1425
1638900 1425
1638910 1412
1638920 1399
1638930 1399
1638940 1389
1638950 1378
1638960 1378
1638970 1375
1638980 1373
1638990 1373
1639000 1362
1639010 1354
1639020 1354
1639030 1346
1639040 1342
1639050 1342
1639060 1344
1639070 1340
1639080 1340
1639090 1333
1639100 1326
1639110 1321
1639120 1321
1639130 1317
1639140 1312
1639150 1312
1639160 1307
1639170 1303
1639180 1303
1639190 1300
1639200 1297
1639210 1297
1639220 1294
1639230 1286
1639240 1286
1639250 1277
1639260 1278
1639270 1278
1639280 1276
1639290 1277
1639300 1277
1639310 1276
1639320 1273
1639330 1273
1639340 1270
1639350 1266
1639360 1266
1639370 1261
1639380 1257
1639390 1257
1639400 1253
1639410 1250
1639420 1256
1639430 1252
1639440 1252
1639450 1252
1639460 1255
1639470 1256
1639480 1254
1639490 1254
1639500 1254
1639510 1254
1639520 1254
1639530 1253
1639540 1252
1639550 1252
1639560 1250
1639570 1252
1639580 1252
1639590 1252
1639600 1252
1639610 1252
1639620 1254
1639630 1256
1639640 1256
1639650 1257
1639660 1262
1639670 1262
1639680 1266
1639690 1267
1639700 1267
1639710 1267
1639720 1267
1639730 1267
1639740 1268
1639750 1268
1639760 1268
1639770 1268
1639780 1268
1639790 1268
1639800 1265
1639810 1261
1639820 1261
1639830 1257
1639840 1251
1639850 1246
1639860 1246
1639870 1240
1639880 1235
1639890 1235
1639900 1229
1639910 1223
1639920 1223
1639930 1218
1639940 1214
1639950 1214
1639960 1209
1639970 1205
1639980 1205
1639990 1202
