1620000 1449
1620010 1443
1620020 1443
1620030 1441
1620040 1470
1620050 1470
1620060 1498
1620070 1504
1620080 1504
1620090 1491
1620100 1480
1620110 1480
1620120 1470
1620130 1454
1620140 1454
1620150 1441
1620160 1429
1620170 1429
1620180 1418
1620190 1409
1620200 1409
1620210 1401
1620220 1397
1620230 1394
1620240 1394
1620250 1389
1620260 1380
1620270 1380
1620280 1377
1620290 1378
1620300 1378
1620310 1361
1620320 1337
1620330 1337
1620340 1335
1620350 1356
1620360 1356
1620370 1395
1620380 1402
1620390 1402
1620400 1407
1620410 1395
1620420 1395
1620430 1397
1620440 1405
1620450 1405
1620460 1449
1620470 1493
1620480 1493
1620490 1506
1620500 1497
1620510 1497
1620520 1488
1620530 1480
1620540 1480
1620550 1472
1620560 1464
1620570 1464
1620580 1454
1620590 1443
1620600 1428
1620610 1428
1620620 1420
1620630 1410
1620640 1410
1620650 1398
1620660 1390
1620670 1390
1620680 1380
1620690 1369
1620700 1369
1620710 1358
1620720 1341
1620730 1341
1620740 1332
1620750 1323
1620760 1323
1620770 1318
1620780 1311
1620790 1311
1620800 1317
1620810 1320
1620820 1320
1620830 1329
1620840 1358
1620850 1358
1620860 1355
1620870 1349
1620880 1349
1620890 1352
1620900 1344
1620910 1344
1620920 1338
1620930 1330
1620940 1330
1620950 1327
1620960 1323
1620970 1311
1620980 1311
1620990 1301
1621000 1301
1621010 1301
1621020 1302
1621030 1289
1621040 1289
1621050 1279
1621060 1272
1621070 1272
1621080 1266
1621090 1255
1621100 1255
1621110 1249
1621120 1270
1621130 1270
1621140 1283
1621150 1258
1621160 1258
1621170 1241
1621180 1230
1621190 1230
1621200 1215
1621210 1221
1621220 1221
1621230 1230
1621240 1206
1621250 1206
1621260 1188
1621270 1174
1621280 1174
1621290 1172
1621300 1179
1621310 1179
1621320 1187
1621330 1189
1621340 1195
1621350 1191
1621360 1198
1621370 1202
1621380 1202
1621390 1203
1621400 1208
1621410 1208
1621420 1228
1621430 1245
1621440 1245
1621450 1279
1621460 1288
1621470 1288
1621480 1309
1621490 1332
1621500 1332
1621510 1350
1621520 1353
1621530 1353
1621540 1361
1621550 1364
1621560 1364
1621570 1382
1621580 1402
1621590 1402
1621600 1401
1621610 1387
1621620 1387
1621630 1374
1621640 1370
1621650 1370
1621660 1367
1621670 1363
1621680 1361
1621690 1361
1621700 1355
1621710 1346
1621720 1346
1621730 1333
1621740 1319
1621750 1319
1621760 1307
1621770 1295
1621780 1295
1621790 1290
1621800 1282
1621810 1282
1621820 1272
1621830 1272
1621840 1272
1621850 1269
1621860 1263
1621870 1263
1621880 1255
1621890 1245
1621900 1245
1621910 1233
1621920 1221
1621930 1221
1621940 1218
1621950 1224
1621960 1224
1621970 1226
1621980 1226
1621990 1226
1622000 1228
1622010 1225
1622020 1225
1622030 1219
1622040 1210
1622050 1201
1622060 1201
1622070 1192
1622080 1178
1622090 1178
1622100 1163
1622110 1153
1622120 1153
1622130 1142
1622140 1135
1622150 1135
1622160 1132
1622170 1126
1622180 1126
1622190 1119
1622200 1106
1622210 1106
1622220 1095
1622230 1088
1622240 1088
1622250 1079
1622260 1070
1622270 1070
1622280 1061
1622290 1049
1622300 1049
1622310 1046
1622320 1041
1622330 1041
1622340 1031
1622350 1018
1622360 1018
1622370 1002
1622380 994
1622390 994
1622400 992
1622410 988
1622420 985
1622430 985
1622440 979
1622450 972
1622460 972
1622470 965
1622480 958
1622490 958
1622500 951
1622510 943
1622520 943
1622530 931
1622540 920
1622550 920
1622560 910
1622570 904
1622580 904
1622590 900
1622600 892
1622610 892
1622620 884
1622630 877
1622640 877
1622650 866
1622660 862
1622670 862
1622680 856
1622690 842
1622700 842
1622710 835
1622720 835
1622730 835
1622740 847
1622750 849
1622760 849
1622770 841
1622780 836
1622790 845
1622800 845
1622810 840
1622820 831
1622830 831
1622840 825
1622850 828
1622860 828
1622870 823
1622880 827
1622890 827
1622900 833
1622910 839
1622920 839
1622930 841
1622940 855
1622950 855
1622960 859
1622970 858
1622980 858
1622990 855
1623000 863
1623010 863
1623020 869
1623030 873
1623040 873
1623050 870
1623060 874
1623070 874
1623080 872
1623090 861
1623100 861
1623110 859
1623120 870
1623130 853
1623140 853
1623150 859
1623160 855
1623170 855
1623180 849
1623190 845
1623200 845
1623210 832
1623220 830
1623230 830
1623240 828
1623250 822
1623260 822
1623270 815
1623280 806
1623290 806
1623300 794
1623310 779
1623320 779
1623330 761
1623340 738
1623350 738
1623360 724
1623370 713
1623380 713
1623390 705
1623400 698
1623410 698
1623420 691
1623430 686
1623440 686
1623450 685
1623460 685
1623470 685
1623480 685
1623490 684
1623500 683
1623510 683
1623520 686
1623530 690
1623540 690
1623550 693
1623560 697
1623570 697
1623580 701
1623590 706
1623600 706
1623610 710
1623620 712
1623630 712
1623640 717
1623650 718
1623660 718
1623670 719
1623680 724
1623690 724
1623700 729
1623710 733
1623720 733
1623730 740
1623740 746
1623750 746
1623760 752
1623770 757
1623780 757
1623790 769
1623800 778
1623810 778
1623820 767
1623830 774
1623840 774
1623850 783
1623860 786
1623870 790
1623880 790
1623890 795
1623900 801
1623910 801
1623920 806
1623930 808
1623940 808
1623950 840
1623960 904
1623970 904
1623980 944
1623990 956
1624000 956
1624010 966
1624020 978
1624030 978
1624040 980
1624050 974
1624060 974
1624070 975
1624080 960
1624090 960
1624100 975
1624110 998
1624120 998
1624130 1003
1624140 1042
1624150 1042
1624160 1045
1624170 1047
1624180 1047
1624190 1050
1624200 1037
1624210 1047
1624220 1047
1624230 1061
1624240 1064
1624250 1064
1624260 1081
1624270 1080
1624280 1080
1624290 1087
1624300 1082
1624310 1082
1624320 1096
1624330 1123
1624340 1123
1624350 1140
1624360 1149
1624370 1149
1624380 1138
1624390 1136
1624400 1136
1624410 1162
1624420 1170
1624430 1170
1624440 1187
1624450 1200
1624460 1200
1624470 1210
1624480 1219
1624490 1219
1624500 1213
1624510 1218
1624520 1218
1624530 1234
1624540 1233
1624550 1233
1624560 1232
1624570 1246
1624580 1268
1624590 1268
1624600 1278
1624610 1256
1624620 1256
1624630 1246
1624640 1255
1624650 1255
1624660 1268
1624670 1284
1624680 1284
1624690 1301
1624700 1308
1624710 1308
1624720 1308
1624730 1296
1624740 1296
1624750 1306
1624760 1316
1624770 1316
1624780 1320
1624790 1321
1624800 1321
1624810 1328
1624820 1342
1624830 1342
1624840 1353
1624850 1365
1624860 1365
1624870 1378
1624880 1378
1624890 1378
1624900 1367
1624910 1359
1624920 1359
1624930 1353
1624940 1355
1624950 1363
1624960 1363
1624970 1374
1624980 1376
1624990 1376
1625000 1379
1625010 1394
1625020 1394
1625030 1396
1625040 1397
1625050 1406
1625060 1411
1625070 1417
1625080 1417
1625090 1430
1625100 1437
1625110 1437
1625120 1447
1625130 1448
1625140 1448
1625150 1448
1625160 1445
1625170 1445
1625180 1447
1625190 1457
1625200 1457
1625210 1472
1625220 1483
1625230 1483
1625240 1492
1625250 1506
1625260 1506
1625270 1518
1625280 1536
1625290 1536
1625300 1544
1625310 1551
1625320 1551
1625330 1551
1625340 1554
1625350 1560
1625360 1560
1625370 1567
1625380 1576
1625390 1576
1625400 1585
1625410 1591
1625420 1591
1625430 1596
1625440 1606
1625450 1606
1625460 1617
1625470 1625
1625480 1625
1625490 1633
1625500 1667
1625510 1667
1625520 1695
1625530 1706
1625540 1706
1625550 1722
1625560 1746
1625570 1746
1625580 1775
1625590 1784
1625600 1784
1625610 1768
1625620 1763
1625630 1763
1625640 1756
1625650 1748
1625660 1752
1625670 1752
1625680 1754
1625690 1761
1625700 1761
1625710 1771
1625720 1795
1625730 1795
1625740 1809
1625750 1821
1625760 1821
1625770 1845
1625780 1856
1625790 1856
1625800 1865
1625810 1882
1625820 1882
1625830 1889
1625840 1899
1625850 1899
1625860 1909
1625870 1911
1625880 1911
1625890 1919
1625900 1917
1625910 1917
1625920 1898
1625930 1896
1625940 1896
1625950 1918
1625960 1930
1625970 1930
1625980 1913
1625990 1883
1626000 1883
1626010 1880
1626020 1879
1626030 1885
1626040 1885
1626050 1898
1626060 1906
1626070 1906
1626080 1909
1626090 1938
1626100 1938
1626110 1964
1626120 1989
1626130 1989
1626140 2004
1626150 2001
1626160 2001
1626170 1981
1626180 1941
1626190 1941
1626200 1922
1626210 1910
1626220 1910
1626230 1910
1626240 1907
1626250 1907
1626260 1902
1626270 1900
1626280 1900
1626290 1896
1626300 1891
1626310 1891
1626320 1888
1626330 1885
1626340 1885
1626350 1877
1626360 1877
1626370 1877
1626380 1875
1626390 1877
1626400 1879
1626410 1879
1626420 1881
1626430 1881
1626440 1881
1626450 1876
1626460 1869
1626470 1869
1626480 1861
1626490 1856
1626500 1856
1626510 1852
1626520 1849
1626530 1849
1626540 1844
1626550 1838
1626560 1838
1626570 1831
1626580 1827
1626590 1827
1626600 1825
1626610 1827
1626620 1827
1626630 1824
1626640 1817
1626650 1817
1626660 1806
1626670 1794
1626680 1794
1626690 1782
1626700 1770
1626710 1770
1626720 1787
1626730 1809
1626740 1809
1626750 1792
1626760 1780
1626770 1789
1626780 1789
1626790 1794
1626800 1806
1626810 1806
1626820 1793
1626830 1766
1626840 1766
1626850 1768
1626860 1779
1626870 1779
1626880 1778
1626890 1775
1626900 1775
1626910 1779
1626920 1768
1626930 1768
1626940 1752
1626950 1730
1626960 1730
1626970 1707
1626980 1688
1626990 1688
1627000 1688
1627010 1688
1627020 1688
1627030 1688
1627040 1683
1627050 1683
1627060 1681
1627070 1672
1627080 1672
1627090 1666
1627100 1663
1627110 1657
1627120 1657
1627130 1655
1627140 1648
1627150 1648
1627160 1652
1627170 1642
1627180 1642
1627190 1627
1627200 1616
1627210 1616
1627220 1610
1627230 1608
1627240 1608
1627250 1604
1627260 1599
1627270 1599
1627280 1588
1627290 1571
1627300 1571
1627310 1561
1627320 1557
1627330 1557
1627340 1561
1627350 1555
1627360 1555
1627370 1548
1627380 1539
1627390 1539
1627400 1535
1627410 1532
1627420 1532
1627430 1532
1627440 1533
1627450 1533
1627460 1533
1627470 1530
1627480 1527
1627490 1527
1627500 1522
1627510 1522
1627520 1522
1627530 1519
1627540 1514
1627550 1514
1627560 1510
1627570 1505
1627580 1505
1627590 1502
1627600 1501
1627610 1501
1627620 1500
1627630 1508
1627640 1508
1627650 1512
1627660 1514
1627670 1514
1627680 1516
1627690 1516
1627700 1516
1627710 1516
1627720 1517
1627730 1517
1627740 1516
1627750 1515
1627760 1521
1627770 1522
1627780 1520
1627790 1520
1627800 1517
1627810 1516
1627820 1516
1627830 1516
1627840 1516
1627850 1517
1627860 1517
1627870 1515
1627880 1515
1627890 1515
1627900 1514
1627910 1513
1627920 1513
1627930 1511
1627940 1509
1627950 1509
1627960 1508
1627970 1507
1627980 1507
1627990 1506
1628000 1508
1628010 1508
1628020 1511
1628030 1514
1628040 1514
1628050 1518
1628060 1524
1628070 1524
1628080 1528
1628090 1532
1628100 1532
1628110 1534
1628120 1535
1628130 1535
1628140 1537
1628150 1537
1628160 1537
1628170 1537
1628180 1534
1628190 1534
1628200 1529
1628210 1524
1628220 1521
1628230 1521
1628240 1519
1628250 1516
1628260 1516
1628270 1515
1628280 1516
1628290 1516
1628300 1519
1628310 1521
1628320 1521
1628330 1522
1628340 1523
1628350 1523
1628360 1523
1628370 1520
1628380 1520
1628390 1516
1628400 1511
1628410 1511
1628420 1511
1628430 1510
1628440 1510
1628450 1509
1628460 1508
1628470 1508
1628480 1505
1628490 1504
1628500 1504
1628510 1504
1628520 1505
1628530 1505
1628540 1508
1628550 1512
1628560 1516
1628570 1516
1628580 1523
1628590 1529
1628600 1529
1628610 1533
1628620 1532
1628630 1532
1628640 1530
1628650 1533
1628660 1533
1628670 1536
1628680 1542
1628690 1542
1628700 1548
1628710 1551
1628720 1551
1628730 1550
1628740 1546
1628750 1546
1628760 1545
1628770 1543
1628780 1543
1628790 1545
1628800 1550
1628810 1550
1628820 1553
1628830 1557
1628840 1557
1628850 1563
1628860 1570
1628870 1570
1628880 1577
1628890 1584
1628900 1584
1628910 1595
1628920 1611
1628930 1625
1628940 1625
1628950 1648
1628960 1655
1628970 1655
1628980 1662
1628990 1668
1629000 1668
1629010 1675
1629020 1681
1629030 1681
1629040 1686
1629050 1692
1629060 1692
1629070 1699
1629080 1704
1629090 1704
1629100 1709
1629110 1714
1629120 1714
1629130 1713
1629140 1700
1629150 1700
1629160 1702
1629170 1711
1629180 1711
1629190 1718
1629200 1727
1629210 1727
1629220 1738
1629230 1745
1629240 1745
1629250 1746
1629260 1720
1629270 1720
1629280 1690
1629290 1681
1629300 1679
1629310 1679
1629320 1686
1629330 1696
1629340 1696
1629350 1707
1629360 1716
1629370 1716
1629380 1724
1629390 1731
1629400 1731
1629410 1737
1629420 1741
1629430 1741
1629440 1743
1629450 1744
1629460 1744
1629470 1745
1629480 1746
1629490 1746
1629500 1745
1629510 1745
1629520 1745
1629530 1722
1629540 1671
1629550 1671
1629560 1659
1629570 1653
1629580 1653
1629590 1646
1629600 1643
1629610 1643
1629620 1641
1629630 1636
1629640 1636
1629650 1631
1629660 1625
1629670 1619
1629680 1619
1629690 1612
1629700 1604
1629710 1604
1629720 1600
1629730 1597
1629740 1597
1629750 1593
1629760 1589
1629770 1589
1629780 1585
1629790 1582
1629800 1582
1629810 1578
1629820 1575
1629830 1575
1629840 1574
1629850 1572
1629860 1572
1629870 1572
1629880 1573
1629890 1573
1629900 1574
1629910 1574
1629920 1574
1629930 1576
1629940 1577
1629950 1577
1629960 1576
1629970 1575
1629980 1575
1629990 1573
1630000 1570
1630010 1568
1630020 1568
1630030 1565
1630040 1562
1630050 1562
1630060 1560
1630070 1559
1630080 1559
1630090 1556
1630100 1553
1630110 1553
1630120 1551
1630130 1549
1630140 1549
1630150 1547
1630160 1546
1630170 1546
1630180 1545
1630190 1544
1630200 1544
1630210 1541
1630220 1537
1630230 1537
1630240 1535
1630250 1535
1630260 1535
1630270 1538
1630280 1544
1630290 1544
1630300 1549
1630310 1554
1630320 1554
1630330 1561
1630340 1568
1630350 1568
1630360 1572
1630370 1575
1630380 1577
1630390 1577
1630400 1579
1630410 1580
1630420 1580
1630430 1584
1630440 1588
1630450 1588
1630460 1592
1630470 1598
1630480 1598
1630490 1604
1630500 1608
1630510 1608
1630520 1611
1630530 1615
1630540 1615
1630550 1615
1630560 1620
1630570 1620
1630580 1622
1630590 1622
1630600 1622
1630610 1616
1630620 1610
1630630 1610
1630640 1608
1630650 1608
1630660 1608
1630670 1608
1630680 1609
1630690 1609
1630700 1606
1630710 1603
1630720 1603
1630730 1600
1630740 1596
1630750 1594
1630760 1594
1630770 1596
1630780 1599
1630790 1599
1630800 1602
1630810 1607
1630820 1607
1630830 1610
1630840 1618
1630850 1618
1630860 1623
1630870 1627
1630880 1627
1630890 1628
1630900 1625
1630910 1625
1630920 1622
1630930 1620
1630940 1620
1630950 1619
1630960 1617
1630970 1617
1630980 1615
1630990 1614
1631000 1614
1631010 1612
1631020 1611
1631030 1611
1631040 1610
1631050 1610
1631060 1610
1631070 1610
1631080 1611
1631090 1613
1631100 1613
1631110 1615
1631120 1616
1631130 1616
1631140 1617
1631150 1617
1631160 1617
1631170 1617
1631180 1617
1631190 1617
1631200 1618
1631210 1620
1631220 1620
1631230 1621
1631240 1623
1631250 1623
1631260 1625
1631270 1629
1631280 1629
1631290 1630
1631300 1635
1631310 1635
1631320 1641
1631330 1648
1631340 1648
1631350 1655
1631360 1662
1631370 1662
1631380 1668
1631390 1673
1631400 1673
1631410 1678
1631420 1686
1631430 1686
1631440 1698
1631450 1709
1631460 1716
1631470 1716
1631480 1734
1631490 1743
1631500 1743
1631510 1748
1631520 1758
1631530 1758
1631540 1766
1631550 1775
1631560 1775
1631570 1782
1631580 1790
1631590 1790
1631600 1796
1631610 1801
1631620 1801
1631630 1807
1631640 1815
1631650 1815
1631660 1822
1631670 1829
1631680 1829
1631690 1832
1631700 1837
1631710 1837
1631720 1841
1631730 1844
1631740 1844
1631750 1849
1631760 1852
1631770 1852
1631780 1857
1631790 1862
1631800 1862
1631810 1867
1631820 1871
1631830 1875
1631840 1875
1631850 1879
1631860 1882
1631870 1882
1631880 1886
1631890 1890
1631900 1890
1631910 1894
1631920 1895
1631930 1895
1631940 1895
1631950 1895
1631960 1895
1631970 1894
1631980 1894
1631990 1894
1632000 1893
1632010 1893
1632020 1893
1632030 1893
1632040 1894
1632050 1894
1632060 1895
1632070 1895
1632080 1895
1632090 1897
1632100 1901
1632110 1901
1632120 1903
1632130 1905
1632140 1905
1632150 1907
1632160 1904
1632170 1904
1632180 1906
1632190 1910
1632200 1915
1632210 1915
1632220 1918
1632230 1923
1632240 1923
1632250 1927
1632260 1930
1632270 1930
1632280 1935
1632290 1940
1632300 1940
1632310 1945
1632320 1949
1632330 1949
1632340 1955
1632350 1959
1632360 1959
1632370 1964
1632380 1979
1632390 1979
1632400 1991
1632410 1990
1632420 1990
1632430 1991
1632440 1998
1632450 1998
1632460 2006
1632470 2011
1632480 2011
1632490 2011
1632500 2011
1632510 2011
1632520 2011
1632530 2011
1632540 2011
1632550 2011
1632560 2012
1632570 2012
1632580 2012
1632590 2013
1632600 2014
1632610 2014
1632620 2014
1632630 2015
1632640 2015
1632650 2015
1632660 2016
1632670 2016
1632680 2017
1632690 2018
1632700 2018
1632710 2019
1632720 2021
1632730 2021
1632740 2022
1632750 2023
1632760 2023
1632770 2024
1632780 2024
1632790 2024
1632800 2025
1632810 2025
1632820 2025
1632830 2025
1632840 2024
1632850 2024
1632860 2024
1632870 2025
1632880 2025
1632890 2025
1632900 2025
1632910 2024
1632920 2024
1632930 2022
1632940 2021
1632950 2021
1632960 2019
1632970 2019
1632980 2019
1632990 2017
1633000 2018
1633010 2018
1633020 2016
1633030 2017
1633040 2017
1633050 2016
1633060 2016
1633070 2016
1633080 2020
1633090 2030
1633100 2030
1633110 2038
1633120 2043
1633130 2043
1633140 2047
1633150 2050
1633160 2050
1633170 2057
1633180 2059
1633190 2059
1633200 2060
1633210 2060
1633220 2060
1633230 2060
1633240 2059
1633250 2059
1633260 2058
1633270 2058
1633280 2057
1633290 2057
1633300 2058
1633310 2055
1633320 2055
1633330 2055
1633340 2055
1633350 2055
1633360 2053
1633370 2053
1633380 2053
1633390 2051
1633400 2049
1633410 2049
1633420 2046
1633430 2043
1633440 2043
1633450 2040
1633460 2037
1633470 2037
1633480 2033
1633490 2027
1633500 2027
1633510 2020
1633520 2013
1633530 2013
1633540 2003
1633550 1997
1633560 1997
1633570 1991
1633580 1983
1633590 1983
1633600 1972
1633610 1965
1633620 1965
1633630 1958
1633640 1952
1633650 1946
1633660 1946
1633670 1940
1633680 1935
1633690 1935
1633700 1935
1633710 1931
1633720 1931
1633730 1926
1633740 1920
1633750 1920
1633760 1916
1633770 1913
1633780 1913
1633790 1910
1633800 1906
1633810 1906
1633820 1901
1633830 1896
1633840 1896
1633850 1893
1633860 1889
1633870 1889
1633880 1889
1633890 1885
1633900 1885
1633910 1880
1633920 1874
1633930 1874
1633940 1868
1633950 1862
1633960 1862
1633970 1854
1633980 1846
1633990 1846
1634000 1839
1634010 1832
1634020 1826
1634030 1826
1634040 1820
1634050 1813
1634060 1813
1634070 1805
1634080 1796
1634090 1796
1634100 1786
1634110 1780
1634120 1780
1634130 1773
1634140 1769
1634150 1769
1634160 1765
1634170 1761
1634180 1761
1634190 1757
1634200 1752
1634210 1752
1634220 1747
1634230 1742
1634240 1742
1634250 1737
1634260 1732
1634270 1732
1634280 1726
1634290 1717
1634300 1717
1634310 1706
1634320 1696
1634330 1696
1634340 1691
1634350 1684
1634360 1674
1634370 1674
1634380 1668
1634390 1663
1634400 1663
1634410 1659
1634420 1654
1634430 1654
1634440 1649
1634450 1645
1634460 1645
1634470 1644
1634480 1650
1634490 1650
1634500 1658
1634510 1661
1634520 1661
1634530 1657
1634540 1651
1634550 1651
1634560 1650
1634570 1650
1634580 1650
1634590 1649
1634600 1647
1634610 1647
1634620 1648
1634630 1646
1634640 1646
1634650 1643
1634660 1641
1634670 1641
1634680 1639
1634690 1637
1634700 1637
1634710 1637
1634720 1636
1634730 1634
1634740 1633
1634750 1630
1634760 1629
1634770 1629
1634780 1628
1634790 1626
1634800 1626
1634810 1625
1634820 1624
1634830 1624
1634840 1620
1634850 1617
1634860 1617
1634870 1613
1634880 1609
1634890 1609
1634900 1605
1634910 1600
1634920 1600
1634930 1595
1634940 1590
1634950 1590
1634960 1586
1634970 1583
1634980 1583
1634990 1580
1635000 1577
1635010 1577
1635020 1574
1635030 1570
1635040 1570
1635050 1567
1635060 1562
1635070 1562
1635080 1558
1635090 1554
1635100 1547
1635110 1547
1635120 1536
1635130 1524
1635140 1524
1635150 1512
1635160 1495
1635170 1495
1635180 1477
1635190 1472
1635200 1472
1635210 1469
1635220 1467
1635230 1467
1635240 1466
1635250 1465
1635260 1465
1635270 1464
1635280 1463
1635290 1463
1635300 1462
1635310 1461
1635320 1461
1635330 1458
1635340 1456
1635350 1456
1635360 1453
1635370 1450
1635380 1450
1635390 1448
1635400 1447
1635410 1447
1635420 1445
1635430 1445
1635440 1445
1635450 1447
1635460 1449
1635470 1449
1635480 1449
1635490 1448
1635500 1446
1635510 1446
1635520 1445
1635530 1444
1635540 1444
1635550 1442
1635560 1439
1635570 1439
1635580 1436
1635590 1438
1635600 1438
1635610 1436
1635620 1435
1635630 1435
1635640 1435
1635650 1434
1635660 1434
1635670 1435
1635680 1435
1635690 1435
1635700 1434
1635710 1435
1635720 1435
1635730 1435
1635740 1433
1635750 1433
1635760 1429
1635770 1425
1635780 1425
1635790 1423
1635800 1423
1635810 1422
1635820 1422
1635830 1421
1635840 1420
1635850 1420
1635860 1419
1635870 1418
1635880 1418
1635890 1417
1635900 1416
1635910 1416
1635920 1412
1635930 1409
1635940 1409
1635950 1407
1635960 1404
1635970 1404
1635980 1402
1635990 1400
1636000 1400
1636010 1398
1636020 1396
1636030 1396
1636040 1395
1636050 1395
1636060 1395
1636070 1394
1636080 1393
1636090 1393
1636100 1392
1636110 1392
1636120 1392
1636130 1394
1636140 1395
1636150 1395
1636160 1395
1636170 1396
1636180 1397
1636190 1397
1636200 1399
1636210 1402
1636220 1402
1636230 1406
1636240 1408
1636250 1408
1636260 1409
1636270 1410
1636280 1410
1636290 1412
1636300 1412
1636310 1412
1636320 1412
1636330 1409
1636340 1409
1636350 1408
1636360 1406
1636370 1406
1636380 1405
1636390 1405
1636400 1405
1636410 1409
1636420 1414
1636430 1417
1636440 1427
1636450 1436
1636460 1436
1636470 1445
1636480 1451
1636490 1451
1636500 1458
1636510 1461
1636520 1461
1636530 1466
1636540 1474
1636550 1481
1636560 1481
1636570 1486
1636580 1492
1636590 1492
1636600 1498
1636610 1504
1636620 1504
1636630 1508
1636640 1512
1636650 1512
1636660 1516
1636670 1514
1636680 1514
1636690 1509
1636700 1504
1636710 1504
1636720 1500
1636730 1496
1636740 1496
1636750 1492
1636760 1489
1636770 1489
1636780 1486
1636790 1483
1636800 1483
1636810 1480
1636820 1477
1636830 1477
1636840 1475
1636850 1474
1636860 1474
1636870 1472
1636880 1470
1636890 1470
1636900 1469
1636910 1469
1636920 1468
1636930 1468
1636940 1467
1636950 1467
1636960 1467
1636970 1467
1636980 1468
1636990 1468
1637000 1468
1637010 1469
1637020 1469
1637030 1470
1637040 1471
1637050 1471
1637060 1473
1637070 1475
1637080 1475
1637090 1479
1637100 1484
1637110 1484
1637120 1488
1637130 1493
1637140 1493
1637150 1499
1637160 1503
1637170 1503
1637180 1508
1637190 1513
1637200 1513
1637210 1517
1637220 1521
1637230 1521
1637240 1525
1637250 1530
1637260 1530
1637270 1532
1637280 1537
1637290 1542
1637300 1542
1637310 1547
1637320 1553
1637330 1553
1637340 1558
1637350 1563
1637360 1563
1637370 1569
1637380 1574
1637390 1574
1637400 1579
1637410 1584
1637420 1584
1637430 1590
1637440 1595
1637450 1595
1637460 1600
1637470 1605
1637480 1605
1637490 1610
1637500 1616
1637510 1616
1637520 1621
1637530 1627
1637540 1627
1637550 1632
1637560 1637
1637570 1637
1637580 1643
1637590 1649
1637600 1649
1637610 1655
1637620 1660
1637630 1666
1637640 1666
1637650 1672
1637660 1678
1637670 1678
1637680 1683
1637690 1691
1637700 1691
1637710 1698
1637720 1704
1637730 1704
1637740 1711
1637750 1717
1637760 1717
1637770 1723
1637780 1729
1637790 1729
1637800 1736
1637810 1743
1637820 1743
1637830 1750
1637840 1758
1637850 1758
1637860 1767
1637870 1791
1637880 1791
1637890 1814
1637900 1824
1637910 1824
1637920 1828
1637930 1832
1637940 1832
1637950 1840
1637960 1852
1637970 1852
1637980 1870
1637990 1876
1638000 1880
1638010 1880
1638020 1888
1638030 1901
1638040 1901
1638050 1915
1638060 1925
1638070 1925
1638080 1942
1638090 1977
1638100 1977
1638110 2003
1638120 2023
1638130 2023
1638140 2030
1638150 2031
1638160 2031
1638170 2032
1638180 2035
1638190 2035
1638200 2036
1638210 2037
1638220 2037
1638230 2038
1638240 2039
1638250 2039
1638260 2041
1638270 2042
1638280 2042
1638290 2043
1638300 2045
1638310 2045
1638320 2048
1638330 2051
1638340 2051
1638350 2055
1638360 2059
1638370 2061
1638380 2061
1638390 2067
1638400 2071
1638410 2071
1638420 2074
1638430 2078
1638440 2078
1638450 2084
1638460 2087
1638470 2087
1638480 2087
1638490 2089
1638500 2089
1638510 2093
1638520 2097
1638530 2097
1638540 2104
1638550 2109
1638560 2109
1638570 2113
1638580 2117
1638590 2117
1638600 2117
1638610 2110
1638620 2110
1638630 2103
1638640 2107
1638650 2107
1638660 2112
1638670 2096
1638680 2096
1638690 2076
1638700 2064
1638710 2064
1638720 2053
1638730 2045
1638740 2039
1638750 2039
1638760 2037
1638770 2029
1638780 2029
1638790 2025
1638800 2023
1638810 2023
1638820 2020
1638830 2017
1638840 2017
1638850 2015
1638860 2008
1638870 2008
1638880 1999
1638890 1984
1638900 1984
1638910 1965
1638920 1937
1638930 1937
1638940 1913
1638950 1891
1638960 1891
1638970 1861
1638980 1845
1638990 1845
1639000 1835
1639010 1815
1639020 1815
1639030 1803
1639040 1795
1639050 1795
1639060 1786
1639070 1781
1639080 1775
1639090 1775
1639100 1768
1639110 1761
1639120 1761
1639130 1756
1639140 1723
1639150 1723
1639160 1645
1639170 1607
1639180 1607
1639190 1592
1639200 1582
1639210 1582
1639220 1560
1639230 1545
1639240 1545
1639250 1532
1639260 1518
1639270 1518
1639280 1504
1639290 1499
1639300 1499
1639310 1491
1639320 1486
1639330 1486
1639340 1481
1639350 1476
1639360 1476
1639370 1472
1639380 1472
1639390 1472
1639400 1467
1639410 1455
1639420 1455
1639430 1446
1639440 1437
1639450 1429
1639460 1429
1639470 1422
1639480 1415
1639490 1415
1639500 1409
1639510 1404
1639520 1404
1639530 1398
1639540 1388
1639550 1388
1639560 1378
1639570 1373
1639580 1373
1639590 1368
1639600 1358
1639610 1358
1639620 1349
1639630 1348
1639640 1348
1639650 1346
1639660 1331
1639670 1331
1639680 1326
1639690 1332
1639700 1332
1639710 1334
1639720 1328
1639730 1328
1639740 1324
1639750 1328
1639760 1328
1639770 1336
1639780 1329
1639790 1329
1639800 1314
1639810 1304
1639820 1295
1639830 1295
1639840 1267
1639850 1245
1639860 1245
1639870 1252
1639880 1242
1639890 1242
1639900 1227
1639910 1218
1639920 1218
1639930 1202
1639940 1178
1639950 1178
1639960 1166
1639970 1158
1639980 1158
1639990 1150
