1620000 1199
1620010 1202
1620020 1202
1620030 1204
1620040 1206
1620050 1206
1620060 1205
1620070 1202
1620080 1202
1620090 1198
1620100 1194
1620110 1194
1620120 1190
1620130 1186
1620140 1186
1620150 1181
1620160 1175
1620170 1175
1620180 1170
1620190 1164
1620200 1159
1620210 1159
1620220 1153
1620230 1148
1620240 1148
1620250 1143
1620260 1139
1620270 1139
1620280 1136
1620290 1133
1620300 1133
1620310 1129
1620320 1124
1620330 1124
1620340 1119
1620350 1112
1620360 1112
1620370 1111
1620380 1116
1620390 1116
1620400 1119
1620410 1112
1620420 1112
1620430 1104
1620440 1106
1620450 1106
1620460 1110
1620470 1116
1620480 1116
1620490 1121
1620500 1127
1620510 1127
1620520 1134
1620530 1141
1620540 1141
1620550 1147
1620560 1146
1620570 1146
1620580 1145
1620590 1150
1620600 1153
1620610 1153
1620620 1147
1620630 1144
1620640 1144
1620650 1140
1620660 1137
1620670 1137
1620680 1137
1620690 1135
1620700 1135
1620710 1132
1620720 1127
1620730 1127
1620740 1128
1620750 1132
1620760 1132
1620770 1135
1620780 1137
1620790 1137
1620800 1137
1620810 1134
1620820 1134
1620830 1129
1620840 1124
1620850 1124
1620860 1121
1620870 1119
1620880 1119
1620890 1119
1620900 1118
1620910 1118
1620920 1116
1620930 1119
1620940 1119
1620950 1116
1620960 1112
1620970 1112
1620980 1106
1620990 1100
1621000 1096
1621010 1096
1621020 1094
1621030 1090
1621040 1090
1621050 1085
1621060 1084
1621070 1084
1621080 1089
1621090 1096
1621100 1096
1621110 1103
1621120 1109
1621130 1109
1621140 1115
1621150 1122
1621160 1122
1621170 1129
1621180 1136
1621190 1136
1621200 1143
1621210 1149
1621220 1149
1621230 1155
1621240 1160
1621250 1160
1621260 1165
1621270 1170
1621280 1170
1621290 1175
1621300 1180
1621310 1180
1621320 1184
1621330 1188
1621340 1188
1621350 1190
1621360 1193
1621370 1196
1621380 1196
1621390 1198
1621400 1200
1621410 1200
1621420 1202
1621430 1203
1621440 1203
1621450 1205
1621460 1208
1621470 1208
1621480 1212
1621490 1216
1621500 1216
1621510 1219
1621520 1223
1621530 1223
1621540 1226
1621550 1230
1621560 1230
1621570 1234
1621580 1238
1621590 1238
1621600 1242
1621610 1245
1621620 1245
1621630 1248
1621640 1248
1621650 1248
1621660 1242
1621670 1234
1621680 1234
1621690 1228
1621700 1232
1621710 1232
1621720 1232
1621730 1228
1621740 1228
1621750 1231
1621760 1230
1621770 1230
1621780 1230
1621790 1225
1621800 1217
1621810 1217
1621820 1216
1621830 1210
1621840 1210
1621850 1194
1621860 1192
1621870 1192
1621880 1180
1621890 1171
1621900 1171
1621910 1175
1621920 1183
1621930 1183
1621940 1194
1621950 1201
1621960 1201
1621970 1209
1621980 1218
1621990 1218
1622000 1228
1622010 1239
1622020 1239
1622030 1248
1622040 1257
1622050 1257
1622060 1266
1622070 1273
1622080 1273
1622090 1267
1622100 1254
1622110 1254
1622120 1238
1622130 1227
1622140 1227
1622150 1229
1622160 1231
1622170 1225
1622180 1225
1622190 1228
1622200 1239
1622210 1239
1622220 1248
1622230 1255
1622240 1255
1622250 1263
1622260 1271
1622270 1271
1622280 1279
1622290 1288
1622300 1288
1622310 1293
1622320 1294
1622330 1294
1622340 1291
1622350 1294
1622360 1294
1622370 1287
1622380 1280
1622390 1280
1622400 1277
1622410 1278
1622420 1278
1622430 1280
1622440 1279
1622450 1279
1622460 1279
1622470 1283
1622480 1283
1622490 1289
1622500 1294
1622510 1294
1622520 1298
1622530 1302
1622540 1307
1622550 1307
1622560 1312
1622570 1316
1622580 1316
1622590 1320
1622600 1324
1622610 1324
1622620 1328
1622630 1328
1622640 1328
1622650 1326
1622660 1324
1622670 1324
1622680 1321
1622690 1319
1622700 1319
1622710 1315
1622720 1309
1622730 1309
1622740 1301
1622750 1286
1622760 1286
1622770 1269
1622780 1265
1622790 1276
1622800 1276
1622810 1270
1622820 1270
1622830 1257
1622840 1234
1622850 1234
1622860 1227
1622870 1222
1622880 1222
1622890 1218
1622900 1212
1622910 1212
1622920 1200
1622930 1186
1622940 1171
1622950 1171
1622960 1163
1622970 1160
1622980 1160
1622990 1162
1623000 1143
1623010 1143
1623020 1130
1623030 1122
1623040 1122
1623050 1121
1623060 1110
1623070 1110
1623080 1100
1623090 1097
1623100 1097
1623110 1090
1623120 1087
1623130 1087
1623140 1074
1623150 1057
1623160 1057
1623170 1033
1623180 1016
1623190 1016
1623200 1003
1623210 1005
1623220 1005
1623230 1020
1623240 1035
1623250 1035
1623260 1056
1623270 1066
1623280 1066
1623290 1047
1623300 1013
1623310 1013
1623320 990
1623330 985
1623340 978
1623350 978
1623360 982
1623370 989
1623380 989
1623390 999
1623400 1007
1623410 1007
1623420 1014
1623430 1021
1623440 1021
1623450 1028
1623460 1037
1623470 1037
1623480 1047
1623490 1057
1623500 1057
1623510 1065
1623520 1072
1623530 1072
1623540 1075
1623550 1080
1623560 1080
1623570 1088
1623580 1101
1623590 1101
1623600 1112
1623610 1126
1623620 1126
1623630 1138
1623640 1152
1623650 1152
1623660 1169
1623670 1181
1623680 1181
1623690 1195
1623700 1207
1623710 1219
1623720 1221
1623730 1250
1623740 1269
1623750 1269
1623760 1281
1623770 1291
1623780 1291
1623790 1299
1623800 1307
1623810 1307
1623820 1317
1623830 1319
1623840 1319
1623850 1298
1623860 1282
1623870 1282
1623880 1281
1623890 1282
1623900 1282
1623910 1283
1623920 1286
1623930 1286
1623940 1293
1623950 1301
1623960 1301
1623970 1310
1623980 1317
1623990 1317
1624000 1328
1624010 1350
1624020 1350
1624030 1367
1624040 1380
1624050 1380
1624060 1395
1624070 1407
1624080 1407
1624090 1410
1624100 1416
1624110 1417
1624120 1417
1624130 1415
1624140 1408
1624150 1408
1624160 1393
1624170 1382
1624180 1382
1624190 1385
1624200 1398
1624210 1398
1624220 1393
1624230 1367
1624240 1367
1624250 1343
1624260 1339
1624270 1339
1624280 1339
1624290 1348
1624300 1348
1624310 1360
1624320 1355
1624330 1355
1624340 1339
1624350 1339
1624360 1339
1624370 1347
1624380 1348
1624390 1348
1624400 1361
1624410 1358
1624420 1358
1624430 1361
1624440 1361
1624450 1361
1624460 1360
1624470 1358
1624480 1358
1624490 1357
1624500 1354
1624510 1350
1624520 1350
1624530 1350
1624540 1345
1624550 1345
1624560 1344
1624570 1347
1624580 1347
1624590 1348
1624600 1350
1624610 1350
1624620 1353
1624630 1360
1624640 1360
1624650 1361
1624660 1360
1624670 1360
1624680 1359
1624690 1357
1624700 1357
1624710 1356
1624720 1355
1624730 1355
1624740 1355
1624750 1354
1624760 1354
1624770 1354
1624780 1354
1624790 1354
1624800 1352
1624810 1347
1624820 1347
1624830 1340
1624840 1332
1624850 1332
1624860 1324
1624870 1316
1624880 1309
1624890 1309
1624900 1302
1624910 1299
1624920 1299
1624930 1298
1624940 1298
1624950 1298
1624960 1294
1624970 1283
1624980 1283
1624990 1279
1625000 1283
1625010 1283
1625020 1291
1625030 1298
1625040 1298
1625050 1305
1625060 1309
1625070 1309
1625080 1310
1625090 1310
1625100 1310
1625110 1312
1625120 1318
1625130 1318
1625140 1321
1625150 1321
1625160 1321
1625170 1324
1625180 1328
1625190 1328
1625200 1330
1625210 1331
1625220 1331
1625230 1333
1625240 1335
1625250 1335
1625260 1335
1625270 1334
1625280 1334
1625290 1334
1625300 1331
1625310 1331
1625320 1331
1625330 1331
1625340 1331
1625350 1331
1625360 1333
1625370 1334
1625380 1334
1625390 1333
1625400 1333
1625410 1333
1625420 1332
1625430 1331
1625440 1331
1625450 1329
1625460 1327
1625470 1327
1625480 1325
1625490 1323
1625500 1323
1625510 1321
1625520 1320
1625530 1320
1625540 1319
1625550 1325
1625560 1325
1625570 1324
1625580 1326
1625590 1326
1625600 1327
1625610 1328
1625620 1328
1625630 1330
1625640 1332
1625650 1332
1625660 1335
1625670 1338
1625680 1340
1625690 1340
1625700 1341
1625710 1342
1625720 1342
1625730 1343
1625740 1343
1625750 1343
1625760 1344
1625770 1345
1625780 1345
1625790 1346
1625800 1346
1625810 1346
1625820 1345
1625830 1345
1625840 1345
1625850 1344
1625860 1345
1625870 1345
1625880 1345
1625890 1345
1625900 1345
1625910 1345
1625920 1346
1625930 1346
1625940 1346
1625950 1348
1625960 1348
1625970 1348
1625980 1347
1625990 1347
1626000 1348
1626010 1349
1626020 1349
1626030 1343
1626040 1339
1626050 1339
1626060 1336
1626070 1330
1626080 1330
1626090 1330
1626100 1337
1626110 1336
1626120 1336
1626130 1337
1626140 1341
1626150 1341
1626160 1345
1626170 1349
1626180 1349
1626190 1352
1626200 1359
1626210 1359
1626220 1366
1626230 1365
1626240 1365
1626250 1370
1626260 1376
1626270 1376
1626280 1378
1626290 1382
1626300 1382
1626310 1385
1626320 1387
1626330 1387
1626340 1390
1626350 1394
1626360 1394
1626370 1400
1626380 1401
1626390 1401
1626400 1402
1626410 1404
1626420 1404
1626430 1407
1626440 1406
1626450 1415
1626460 1415
1626470 1416
1626480 1422
1626490 1422
1626500 1425
1626510 1425
1626520 1425
1626530 1428
1626540 1430
1626550 1430
1626560 1439
1626570 1448
1626580 1448
1626590 1456
1626600 1466
1626610 1466
1626620 1480
1626630 1494
1626640 1494
1626650 1503
1626660 1510
1626670 1510
1626680 1516
1626690 1518
1626700 1518
1626710 1517
1626720 1516
1626730 1516
1626740 1515
1626750 1515
1626760 1515
1626770 1512
1626780 1507
1626790 1507
1626800 1507
1626810 1507
1626820 1507
1626830 1508
1626840 1509
1626850 1511
1626860 1511
1626870 1514
1626880 1518
1626890 1518
1626900 1519
1626910 1522
1626920 1522
1626930 1522
1626940 1516
1626950 1516
1626960 1509
1626970 1502
1626980 1502
1626990 1494
1627000 1488
1627010 1488
1627020 1481
1627030 1473
1627040 1473
1627050 1466
1627060 1459
1627070 1459
1627080 1452
1627090 1446
1627100 1446
1627110 1438
1627120 1430
1627130 1430
1627140 1423
1627150 1416
1627160 1416
1627170 1408
1627180 1401
1627190 1401
1627200 1393
1627210 1384
1627220 1384
1627230 1377
1627240 1371
1627250 1363
1627260 1363
1627270 1355
1627280 1348
1627290 1348
1627300 1341
1627310 1335
1627320 1335
1627330 1328
1627340 1321
1627350 1321
1627360 1315
1627370 1309
1627380 1309
1627390 1302
1627400 1296
1627410 1296
1627420 1290
1627430 1284
1627440 1284
1627450 1277
1627460 1272
1627470 1272
1627480 1266
1627490 1260
1627500 1260
1627510 1254
1627520 1248
1627530 1248
1627540 1242
1627550 1236
1627560 1236
1627570 1228
1627580 1221
1627590 1221
1627600 1214
1627610 1209
1627620 1203
1627630 1203
1627640 1198
1627650 1192
1627660 1192
1627670 1187
1627680 1182
1627690 1182
1627700 1177
1627710 1173
1627720 1173
1627730 1167
1627740 1162
1627750 1162
1627760 1156
1627770 1150
1627780 1150
1627790 1144
1627800 1138
1627810 1138
1627820 1130
1627830 1124
1627840 1124
1627850 1119
1627860 1114
1627870 1114
1627880 1109
1627890 1104
1627900 1104
1627910 1098
1627920 1092
1627930 1092
1627940 1086
1627950 1081
1627960 1081
1627970 1077
1627980 1071
1627990 1071
1628000 1065
1628010 1060
1628020 1055
1628030 1055
1628040 1050
1628050 1046
1628060 1046
1628070 1041
1628080 1035
1628090 1035
1628100 1029
1628110 1024
1628120 1024
1628130 1020
1628140 1017
1628150 1017
1628160 1013
1628170 1011
1628180 1011
1628190 1008
1628200 1006
1628210 1006
1628220 1004
1628230 1002
1628240 1002
1628250 1000
1628260 994
1628270 994
1628280 988
1628290 981
1628300 981
1628310 975
1628320 971
1628330 971
1628340 966
1628350 964
1628360 964
1628370 958
1628380 950
1628390 950
1628400 943
1628410 936
1628420 930
1628430 930
1628440 925
1628450 920
1628460 920
1628470 915
1628480 912
1628490 912
1628500 909
1628510 905
1628520 905
1628530 903
1628540 900
1628550 900
1628560 897
1628570 892
1628580 892
1628590 885
1628600 878
1628610 878
1628620 872
1628630 867
1628640 867
1628650 865
1628660 866
1628670 866
1628680 869
1628690 871
1628700 871
1628710 872
1628720 872
1628730 872
1628740 871
1628750 872
1628760 872
1628770 873
1628780 875
1628790 875
1628800 875
1628810 873
1628820 874
1628830 874
1628840 876
1628850 878
1628860 878
1628870 878
1628880 877
1628890 877
1628900 873
1628910 869
1628920 869
1628930 864
1628940 858
1628950 858
1628960 852
1628970 843
1628980 843
1628990 834
1629000 826
1629010 826
1629020 820
1629030 822
1629040 822
1629050 826
1629060 830
1629070 830
1629080 835
1629090 841
1629100 841
1629110 846
1629120 850
1629130 850
1629140 861
1629150 864
1629160 864
1629170 867
1629180 871
1629190 875
1629200 875
1629210 879
1629220 880
1629230 880
1629240 881
1629250 885
1629260 885
1629270 888
1629280 890
1629290 890
1629300 892
1629310 895
1629320 895
1629330 898
1629340 900
1629350 900
1629360 902
1629370 903
1629380 903
1629390 894
1629400 884
1629410 884
1629420 877
1629430 870
1629440 870
1629450 862
1629460 857
1629470 857
1629480 851
1629490 844
1629500 844
1629510 840
1629520 833
1629530 833
1629540 826
1629550 819
1629560 819
1629570 812
1629580 807
1629590 802
1629600 802
1629610 798
1629620 793
1629630 793
1629640 790
1629650 786
1629660 786
1629670 780
1629680 775
1629690 775
1629700 771
1629710 767
1629720 767
1629730 762
1629740 757
1629750 757
1629760 752
1629770 746
1629780 746
1629790 740
1629800 733
1629810 733
1629820 727
1629830 721
1629840 721
1629850 714
1629860 707
1629870 707
1629880 700
1629890 694
1629900 694
1629910 690
1629920 686
1629930 686
1629940 685
1629950 685
1629960 685
1629970 685
1629980 685
1629990 686
1630000 686
1630010 688
1630020 690
1630030 690
1630040 691
1630050 691
1630060 691
1630070 693
1630080 695
1630090 695
1630100 701
1630110 706
1630120 706
1630130 705
1630140 704
1630150 704
1630160 709
1630170 717
1630180 717
1630190 724
1630200 728
1630210 728
1630220 732
1630230 739
1630240 739
1630250 745
1630260 752
1630270 752
1630280 759
1630290 766
1630300 766
1630310 772
1630320 770
1630330 770
1630340 767
1630350 763
1630360 759
1630370 759
1630380 758
1630390 760
1630400 760
1630410 765
1630420 771
1630430 771
1630440 777
1630450 782
1630460 782
1630470 784
1630480 781
1630490 781
1630500 776
1630510 771
1630520 771
1630530 766
1630540 762
1630550 762
1630560 758
1630570 754
1630580 754
1630590 750
1630600 746
1630610 746
1630620 743
1630630 740
1630640 740
1630650 738
1630660 737
1630670 737
1630680 736
1630690 735
1630700 735
1630710 736
1630720 740
1630730 740
1630740 744
1630750 747
1630760 746
1630770 746
1630780 743
1630790 738
1630800 738
1630810 734
1630820 732
1630830 732
1630840 732
1630850 731
1630860 731
1630870 732
1630880 733
1630890 733
1630900 734
1630910 737
1630920 737
1630930 744
1630940 751
1630950 751
1630960 758
1630970 765
1630980 765
1630990 766
1631000 762
1631010 762
1631020 757
1631030 753
1631040 753
1631050 747
1631060 740
1631070 740
1631080 736
1631090 732
1631100 732
1631110 730
1631120 731
1631130 734
1631140 734
1631150 737
1631160 741
1631170 741
1631180 745
1631190 748
1631200 748
1631210 751
1631220 755
1631230 755
1631240 757
1631250 759
1631260 759
1631270 761
1631280 763
1631290 763
1631300 766
1631310 769
1631320 769
1631330 772
1631340 775
1631350 775
1631360 779
1631370 783
1631380 783
1631390 786
1631400 790
1631410 790
1631420 793
1631430 796
1631440 796
1631450 800
1631460 802
1631470 802
1631480 805
1631490 808
1631500 808
1631510 811
1631520 815
1631530 818
1631540 818
1631550 822
1631560 825
1631570 825
1631580 828
1631590 832
1631600 832
1631610 835
1631620 838
1631630 838
1631640 841
1631650 843
1631660 843
1631670 845
1631680 847
1631690 847
1631700 849
1631710 851
1631720 851
1631730 853
1631740 855
1631750 855
1631760 857
1631770 857
1631780 857
1631790 859
1631800 861
1631810 861
1631820 863
1631830 866
1631840 866
1631850 869
1631860 872
1631870 872
1631880 875
1631890 878
1631900 878
1631910 880
1631920 883
1631930 885
1631940 885
1631950 887
1631960 890
1631970 890
1631980 893
1631990 897
1632000 897
1632010 900
1632020 903
1632030 903
1632040 905
1632050 908
1632060 908
1632070 911
1632080 913
1632090 913
1632100 915
1632110 917
1632120 917
1632130 919
1632140 921
1632150 921
1632160 923
1632170 925
1632180 925
1632190 927
1632200 929
1632210 929
1632220 930
1632230 931
1632240 931
1632250 931
1632260 933
1632270 933
1632280 934
1632290 935
1632300 935
1632310 936
1632320 937
1632330 937
1632340 937
1632350 938
1632360 939
1632370 939
1632380 940
1632390 941
1632400 941
1632410 943
1632420 944
1632430 944
1632440 945
1632450 945
1632460 945
1632470 946
1632480 948
1632490 948
1632500 950
1632510 952
1632520 952
1632530 954
1632540 955
1632550 955
1632560 957
1632570 958
1632580 958
1632590 959
1632600 959
1632610 959
1632620 959
1632630 958
1632640 953
1632650 953
1632660 954
1632670 954
1632680 955
1632690 956
1632700 957
1632710 957
1632720 958
1632730 959
1632740 959
1632750 960
1632760 961
1632770 961
1632780 962
1632790 963
1632800 963
1632810 965
1632820 967
1632830 967
1632840 969
1632850 970
1632860 970
1632870 972
1632880 974
1632890 974
1632900 975
1632910 977
1632920 977
1632930 978
1632940 979
1632950 979
1632960 979
1632970 979
1632980 979
1632990 979
1633000 981
1633010 981
1633020 982
1633030 982
1633040 982
1633050 982
1633060 983
1633070 983
1633080 983
1633090 984
1633100 986
1633110 986
1633120 989
1633130 992
1633140 992
1633150 995
1633160 998
1633170 998
1633180 1001
1633190 1004
1633200 1004
1633210 1007
1633220 1009
1633230 1009
1633240 1008
1633250 1008
1633260 1008
1633270 1011
1633280 1014
1633290 1014
1633300 1016
1633310 1017
1633320 1017
1633330 1018
1633340 1019
1633350 1019
1633360 1021
1633370 1022
1633380 1022
1633390 1023
1633400 1023
1633410 1023
1633420 1024
1633430 1025
1633440 1025
1633450 1027
1633460 1029
1633470 1029
1633480 1031
1633490 1032
1633500 1028
1633510 1028
1633520 1029
1633530 1031
1633540 1031
1633550 1033
1633560 1035
1633570 1035
1633580 1038
1633590 1040
1633600 1040
1633610 1043
1633620 1047
1633630 1047
1633640 1050
1633650 1051
1633660 1051
1633670 1053
1633680 1056
1633690 1056
1633700 1059
1633710 1062
1633720 1062
1633730 1064
1633740 1067
1633750 1067
1633760 1069
1633770 1073
1633780 1073
1633790 1077
1633800 1081
1633810 1081
1633820 1084
1633830 1088
1633840 1088
1633850 1090
1633860 1093
1633870 1096
1633880 1096
1633890 1099
1633900 1102
1633910 1102
1633920 1104
1633930 1107
1633940 1107
1633950 1109
1633960 1110
1633970 1110
1633980 1111
1633990 1113
1634000 1113
1634010 1116
1634020 1119
1634030 1119
1634040 1122
1634050 1124
1634060 1124
1634070 1127
1634080 1130
1634090 1130
1634100 1133
1634110 1137
1634120 1137
1634130 1141
1634140 1146
1634150 1146
1634160 1150
1634170 1155
1634180 1155
1634190 1159
1634200 1164
1634210 1164
1634220 1168
1634230 1172
1634240 1172
1634250 1177
1634260 1180
1634270 1183
1634280 1183
1634290 1186
1634300 1189
1634310 1189
1634320 1192
1634330 1196
1634340 1196
1634350 1201
1634360 1200
1634370 1200
1634380 1203
1634390 1207
1634400 1207
1634410 1213
1634420 1218
1634430 1218
1634440 1226
1634450 1225
1634460 1225
1634470 1227
1634480 1228
1634490 1228
1634500 1231
1634510 1235
1634520 1235
1634530 1237
1634540 1238
1634550 1238
1634560 1237
1634570 1239
1634580 1239
1634590 1240
1634600 1240
1634610 1240
1634620 1238
1634630 1236
1634640 1236
1634650 1232
1634660 1230
1634670 1229
1634680 1229
1634690 1228
1634700 1224
1634710 1224
1634720 1219
1634730 1215
1634740 1215
1634750 1212
1634760 1208
1634770 1208
1634780 1205
1634790 1202
1634800 1202
1634810 1200
1634820 1198
1634830 1198
1634840 1196
1634850 1193
1634860 1193
1634870 1189
1634880 1186
1634890 1186
1634900 1182
1634910 1180
1634920 1180
1634930 1177
1634940 1175
1634950 1175
1634960 1172
1634970 1170
1634980 1170
1634990 1167
1635000 1165
1635010 1165
1635020 1164
1635030 1166
1635040 1170
1635050 1170
1635060 1174
1635070 1176
1635080 1176
1635090 1177
1635100 1178
1635110 1178
1635120 1179
1635130 1181
1635140 1181
1635150 1183
1635160 1184
1635170 1184
1635180 1185
1635190 1185
1635200 1185
1635210 1185
1635220 1184
1635230 1184
1635240 1184
1635250 1184
1635260 1184
1635270 1182
1635280 1179
1635290 1179
1635300 1176
1635310 1171
1635320 1171
1635330 1165
1635340 1157
1635350 1157
1635360 1147
1635370 1140
1635380 1140
1635390 1134
1635400 1129
1635410 1129
1635420 1124
1635430 1121
1635440 1121
1635450 1121
1635460 1122
1635470 1121
1635480 1121
1635490 1118
1635500 1116
1635510 1116
1635520 1116
1635530 1118
1635540 1118
1635550 1117
1635560 1120
1635570 1120
1635580 1121
1635590 1121
1635600 1121
1635610 1122
1635620 1125
1635630 1125
1635640 1129
1635650 1132
1635660 1132
1635670 1135
1635680 1138
1635690 1138
1635700 1141
1635710 1145
1635720 1145
1635730 1146
1635740 1147
1635750 1147
1635760 1150
1635770 1153
1635780 1153
1635790 1157
1635800 1161
1635810 1161
1635820 1163
1635830 1165
1635840 1167
1635850 1167
1635860 1171
1635870 1175
1635880 1175
1635890 1180
1635900 1185
1635910 1185
1635920 1189
1635930 1192
1635940 1192
1635950 1194
1635960 1197
1635970 1197
1635980 1199
1635990 1201
1636000 1201
1636010 1205
1636020 1207
1636030 1207
1636040 1210
1636050 1213
1636060 1216
1636070 1219
1636080 1221
1636090 1221
1636100 1222
1636110 1223
1636120 1223
1636130 1225
1636140 1226
1636150 1226
1636160 1227
1636170 1228
1636180 1228
1636190 1229
1636200 1230
1636210 1230
1636220 1230
1636230 1229
1636240 1228
1636250 1228
1636260 1226
1636270 1225
1636280 1225
1636290 1223
1636300 1220
1636310 1220
1636320 1218
1636330 1215
1636340 1215
1636350 1212
1636360 1210
1636370 1210
1636380 1207
1636390 1205
1636400 1205
1636410 1204
1636420 1201
1636430 1201
1636440 1200
1636450 1199
1636460 1199
1636470 1198
1636480 1196
1636490 1196
1636500 1196
1636510 1196
1636520 1196
1636530 1194
1636540 1193
1636550 1193
1636560 1190
1636570 1188
1636580 1188
1636590 1185
1636600 1179
1636610 1173
1636620 1173
1636630 1165
1636640 1155
1636650 1155
1636660 1145
1636670 1139
1636680 1139
1636690 1134
1636700 1129
1636710 1129
1636720 1125
1636730 1121
1636740 1121
1636750 1118
1636760 1114
1636770 1114
1636780 1110
1636790 1105
1636800 1105
1636810 1099
1636820 1094
1636830 1094
1636840 1090
1636850 1087
1636860 1087
1636870 1085
1636880 1084
1636890 1084
1636900 1090
1636910 1088
1636920 1088
1636930 1086
1636940 1085
1636950 1085
1636960 1083
1636970 1080
1636980 1080
1636990 1077
1637000 1072
1637010 1065
1637020 1065
1637030 1057
1637040 1051
1637050 1051
1637060 1045
1637070 1040
1637080 1040
1637090 1035
1637100 1030
1637110 1030
1637120 1026
1637130 1021
1637140 1021
1637150 1017
1637160 1012
1637170 1012
1637180 1008
1637190 1003
1637200 1003
1637210 999
1637220 997
1637230 997
1637240 993
1637250 989
1637260 989
1637270 982
1637280 976
1637290 976
1637300 968
1637310 962
1637320 962
1637330 956
1637340 951
1637350 951
1637360 949
1637370 949
1637380 949
1637390 949
1637400 948
1637410 947
1637420 947
1637430 946
1637440 945
1637450 945
1637460 943
1637470 941
1637480 941
1637490 938
1637500 935
1637510 935
1637520 932
1637530 929
1637540 929
1637550 926
1637560 923
1637570 923
1637580 919
1637590 916
1637600 916
1637610 913
1637620 910
1637630 910
1637640 907
1637650 904
1637660 904
1637670 902
1637680 899
1637690 899
1637700 897
1637710 895
1637720 895
1637730 895
1637740 889
1637750 889
1637760 891
1637770 891
1637780 892
1637790 892
1637800 893
1637810 893
1637820 893
1637830 893
1637840 891
1637850 891
1637860 887
1637870 883
1637880 883
1637890 878
1637900 873
1637910 873
1637920 868
1637930 862
1637940 862
1637950 857
1637960 852
1637970 852
1637980 847
1637990 843
1638000 843
1638010 838
1638020 833
1638030 833
1638040 829
1638050 825
1638060 825
1638070 821
1638080 818
1638090 818
1638100 814
1638110 811
1638120 811
1638130 808
1638140 805
1638150 805
1638160 802
1638170 799
1638180 796
1638190 796
1638200 794
1638210 791
1638220 791
1638230 788
1638240 785
1638250 785
1638260 782
1638270 779
1638280 779
1638290 777
1638300 773
1638310 773
1638320 771
1638330 770
1638340 770
1638350 768
1638360 766
1638370 766
1638380 764
1638390 761
1638400 761
1638410 756
1638420 750
1638430 750
1638440 744
1638450 737
1638460 737
1638470 730
1638480 725
1638490 725
1638500 720
1638510 715
1638520 715
1638530 712
1638540 708
1638550 708
1638560 705
1638570 701
1638580 696
1638590 696
1638600 693
1638610 690
1638620 690
1638630 687
1638640 684
1638650 684
1638660 681
1638670 678
1638680 678
1638690 676
1638700 674
1638710 674
1638720 672
1638730 670
1638740 670
1638750 667
1638760 665
1638770 665
1638780 662
1638790 660
1638800 660
1638810 658
1638820 655
1638830 655
1638840 653
1638850 650
1638860 650
1638870 648
1638880 645
1638890 645
1638900 644
1638910 642
1638920 642
1638930 639
1638940 635
1638950 635
1638960 630
1638970 625
1638980 620
1638990 620
1639000 615
1639010 609
1639020 609
1639030 605
1639040 601
1639050 601
1639060 597
1639070 594
1639080 594
1639090 591
1639100 588
1639110 588
1639120 585
1639130 582
1639140 582
1639150 579
1639160 577
1639170 577
1639180 574
1639190 568
1639200 568
1639210 562
1639220 556
1639230 556
1639240 549
1639250 541
1639260 541
1639270 534
1639280 525
1639290 525
1639300 510
1639310 503
1639320 503
1639330 495
1639340 489
1639350 487
1639360 487
1639370 487
1639380 487
1639390 487
1639400 488
1639410 491
1639420 491
1639430 497
1639440 499
1639450 499
1639460 500
1639470 507
1639480 507
1639490 515
1639500 520
1639510 520
1639520 521
1639530 521
1639540 521
1639550 524
1639560 528
1639570 528
1639580 535
1639590 542
1639600 542
1639610 549
1639620 550
1639630 550
1639640 546
1639650 541
1639660 541
1639670 537
1639680 537
1639690 537
1639700 540
1639710 543
1639720 543
1639730 546
1639740 550
1639750 554
1639760 554
1639770 558
1639780 559
1639790 559
1639800 560
1639810 562
1639820 562
1639830 562
1639840 562
1639850 562
1639860 562
1639870 562
1639880 562
1639890 563
1639900 565
1639910 565
1639920 565
1639930 566
1639940 566
1639950 566
1639960 566
1639970 566
1639980 567
1639990 567
