1620000 779
1620010 779
1620020 779
1620030 781
1620040 782
1620050 782
1620060 782
1620070 781
1620080 781
1620090 781
1620100 782
1620110 782
1620120 782
1620130 784
1620140 784
1620150 783
1620160 781
1620170 781
1620180 780
1620190 780
1620200 780
1620210 779
1620220 778
1620230 778
1620240 778
1620250 778
1620260 778
1620270 778
1620280 779
1620290 779
1620300 778
1620310 779
1620320 779
1620330 778
1620340 778
1620350 778
1620360 778
1620370 776
1620380 776
1620390 774
1620400 774
1620410 774
1620420 774
1620430 774
1620440 774
1620450 774
1620460 774
1620470 774
1620480 774
1620490 775
1620500 775
1620510 775
1620520 775
1620530 774
1620540 774
1620550 772
1620560 773
1620570 773
1620580 775
1620590 775
1620600 775
1620610 775
1620620 775
1620630 775
1620640 775
1620650 775
1620660 775
1620670 775
1620680 775
1620690 775
1620700 775
1620710 775
1620720 775
1620730 775
1620740 775
1620750 775
1620760 775
1620770 774
1620780 774
1620790 774
1620800 775
1620810 775
1620820 776
1620830 776
1620840 776
1620850 776
1620860 776
1620870 777
1620880 777
1620890 778
1620900 779
1620910 779
1620920 780
1620930 781
1620940 781
1620950 781
1620960 782
1620970 782
1620980 782
1620990 783
1621000 783
1621010 784
1621020 785
1621030 785
1621040 786
1621050 787
1621060 787
1621070 788
1621080 788
1621090 788
1621100 790
1621110 792
1621120 792
1621130 794
1621140 797
1621150 797
1621160 800
1621170 803
1621180 803
1621190 806
1621200 808
1621210 808
1621220 810
1621230 812
1621240 812
1621250 816
1621260 819
1621270 823
1621280 823
1621290 826
1621300 828
1621310 828
1621320 830
1621330 833
1621340 833
1621350 836
1621360 839
1621370 839
1621380 843
1621390 847
1621400 847
1621410 850
1621420 854
1621430 854
1621440 858
1621450 862
1621460 862
1621470 867
1621480 872
1621490 872
1621500 877
1621510 883
1621520 883
1621530 888
1621540 893
1621550 893
1621560 898
1621570 903
1621580 903
1621590 908
1621600 913
1621610 913
1621620 918
1621630 924
1621640 924
1621650 929
1621660 934
1621670 936
1621680 936
1621690 934
1621700 930
1621710 930
1621720 925
1621730 918
1621740 918
1621750 911
1621760 901
1621770 901
1621780 895
1621790 888
1621800 888
1621810 881
1621820 874
1621830 874
1621840 868
1621850 863
1621860 863
1621870 857
1621880 851
1621890 851
1621900 846
1621910 836
1621920 836
1621930 826
1621940 818
1621950 818
1621960 814
1621970 813
1621980 813
1621990 813
1622000 811
1622010 811
1622020 807
1622030 806
1622040 806
1622050 805
1622060 805
1622070 805
1622080 805
1622090 807
1622100 808
1622110 808
1622120 811
1622130 818
1622140 818
1622150 826
1622160 832
1622170 832
1622180 837
1622190 843
1622200 843
1622210 848
1622220 853
1622230 853
1622240 859
1622250 866
1622260 866
1622270 873
1622280 878
1622290 878
1622300 881
1622310 881
1622320 881
1622330 879
1622340 879
1622350 879
1622360 878
1622370 878
1622380 878
1622390 880
1622400 882
1622410 882
1622420 881
1622430 881
1622440 881
1622450 884
1622460 889
1622470 889
1622480 893
1622490 895
1622500 893
1622510 893
1622520 889
1622530 887
1622540 887
1622550 885
1622560 882
1622570 882
1622580 880
1622590 878
1622600 878
1622610 876
1622620 870
1622630 870
1622640 865
1622650 859
1622660 859
1622670 853
1622680 848
1622690 848
1622700 849
1622710 851
1622720 851
1622730 855
1622740 860
1622750 860
1622760 868
1622770 875
1622780 875
1622790 882
1622800 889
1622810 889
1622820 898
1622830 905
1622840 905
1622850 910
1622860 914
1622870 914
1622880 920
1622890 928
1622900 936
1622910 936
1622920 945
1622930 952
1622940 952
1622950 959
1622960 967
1622970 967
1622980 973
1622990 979
1623000 979
1623010 985
1623020 992
1623030 992
1623040 997
1623050 1002
1623060 1002
1623070 1008
1623080 1012
1623090 1012
1623100 1015
1623110 1018
1623120 1018
1623130 1020
1623140 1022
1623150 1022
1623160 1024
1623170 1025
1623180 1025
1623190 1026
1623200 1026
1623210 1026
1623220 1027
1623230 1028
1623240 1028
1623250 1027
1623260 1023
1623270 1023
1623280 1018
1623290 1016
1623300 1014
1623310 1014
1623320 1014
1623330 1013
1623340 1013
1623350 1012
1623360 1008
1623370 1008
1623380 1003
1623390 997
1623400 997
1623410 991
1623420 986
1623430 986
1623440 986
1623450 988
1623460 988
1623470 990
1623480 991
1623490 991
1623500 993
1623510 992
1623520 992
1623530 989
1623540 989
1623550 989
1623560 991
1623570 993
1623580 993
1623590 995
1623600 998
1623610 998
1623620 1001
1623630 1001
1623640 1001
1623650 1002
1623660 1005
1623670 1005
1623680 1007
1623690 1011
1623700 1013
1623710 1013
1623720 1017
1623730 1021
1623740 1021
1623750 1024
1623760 1026
1623770 1026
1623780 1026
1623790 1027
1623800 1027
1623810 1027
1623820 1029
1623830 1029
1623840 1032
1623850 1037
1623860 1037
1623870 1042
1623880 1047
1623890 1047
1623900 1051
1623910 1056
1623920 1056
1623930 1058
1623940 1058
1623950 1058
1623960 1057
1623970 1056
1623980 1056
1623990 1055
1624000 1056
1624010 1056
1624020 1057
1624030 1057
1624040 1057
1624050 1058
1624060 1060
1624070 1060
1624080 1062
1624090 1065
1624100 1065
1624110 1069
1624120 1073
1624130 1077
1624140 1077
1624150 1082
1624160 1088
1624170 1088
1624180 1093
1624190 1102
1624200 1102
1624210 1110
1624220 1115
1624230 1115
1624240 1120
1624250 1124
1624260 1124
1624270 1129
1624280 1135
1624290 1135
1624300 1141
1624310 1144
1624320 1144
1624330 1148
1624340 1151
1624350 1151
1624360 1153
1624370 1156
1624380 1156
1624390 1157
1624400 1158
1624410 1158
1624420 1155
1624430 1155
1624440 1155
1624450 1156
1624460 1155
1624470 1155
1624480 1150
1624490 1145
1624500 1145
1624510 1143
1624520 1143
1624530 1138
1624540 1138
1624550 1119
1624560 1111
1624570 1111
1624580 1104
1624590 1096
1624600 1096
1624610 1090
1624620 1085
1624630 1085
1624640 1080
1624650 1078
1624660 1078
1624670 1077
1624680 1077
1624690 1077
1624700 1076
1624710 1071
1624720 1071
1624730 1068
1624740 1066
1624750 1066
1624760 1064
1624770 1073
1624780 1073
1624790 1085
1624800 1095
1624810 1095
1624820 1107
1624830 1114
1624840 1114
1624850 1122
1624860 1130
1624870 1130
1624880 1135
1624890 1142
1624900 1142
1624910 1149
1624920 1156
1624930 1162
1624940 1162
1624950 1167
1624960 1172
1624970 1172
1624980 1173
1624990 1174
1625000 1174
1625010 1178
1625020 1184
1625030 1184
1625040 1190
1625050 1195
1625060 1195
1625070 1203
1625080 1212
1625090 1212
1625100 1221
1625110 1230
1625120 1230
1625130 1238
1625140 1246
1625150 1246
1625160 1252
1625170 1258
1625180 1258
1625190 1265
1625200 1270
1625210 1270
1625220 1276
1625230 1279
1625240 1279
1625250 1282
1625260 1287
1625270 1287
1625280 1293
1625290 1301
1625300 1301
1625310 1310
1625320 1317
1625330 1317
1625340 1325
1625350 1333
1625360 1340
1625370 1340
1625380 1342
1625390 1343
1625400 1343
1625410 1345
1625420 1348
1625430 1348
1625440 1350
1625450 1349
1625460 1349
1625470 1362
1625480 1358
1625490 1358
1625500 1362
1625510 1371
1625520 1371
1625530 1382
1625540 1390
1625550 1390
1625560 1397
1625570 1404
1625580 1404
1625590 1408
1625600 1409
1625610 1409
1625620 1394
1625630 1363
1625640 1363
1625650 1361
1625660 1362
1625670 1362
1625680 1366
1625690 1369
1625700 1369
1625710 1368
1625720 1362
1625730 1362
1625740 1352
1625750 1308
1625760 1277
1625770 1277
1625780 1265
1625790 1261
1625800 1261
1625810 1262
1625820 1257
1625830 1257
1625840 1252
1625850 1246
1625860 1246
1625870 1239
1625880 1235
1625890 1235
1625900 1239
1625910 1236
1625920 1236
1625930 1218
1625940 1212
1625950 1212
1625960 1212
1625970 1204
1625980 1204
1625990 1184
1626000 1176
1626010 1176
1626020 1168
1626030 1160
1626040 1160
1626050 1154
1626060 1148
1626070 1148
1626080 1142
1626090 1137
1626100 1137
1626110 1135
1626120 1133
1626130 1133
1626140 1133
1626150 1131
1626160 1128
1626170 1128
1626180 1125
1626190 1122
1626200 1122
1626210 1118
1626220 1115
1626230 1115
1626240 1111
1626250 1106
1626260 1106
1626270 1102
1626280 1100
1626290 1100
1626300 1094
1626310 1086
1626320 1086
1626330 1082
1626340 1082
1626350 1082
1626360 1082
1626370 1080
1626380 1080
1626390 1084
1626400 1088
1626410 1088
1626420 1088
1626430 1088
1626440 1088
1626450 1086
1626460 1085
1626470 1085
1626480 1085
1626490 1085
1626500 1085
1626510 1084
1626520 1085
1626530 1085
1626540 1084
1626550 1081
1626560 1080
1626570 1080
1626580 1081
1626590 1083
1626600 1083
1626610 1084
1626620 1083
1626630 1083
1626640 1085
1626650 1092
1626660 1092
1626670 1096
1626680 1100
1626690 1100
1626700 1103
1626710 1107
1626720 1107
1626730 1111
1626740 1117
1626750 1117
1626760 1126
1626770 1145
1626780 1145
1626790 1162
1626800 1174
1626810 1174
1626820 1196
1626830 1211
1626840 1211
1626850 1216
1626860 1231
1626870 1231
1626880 1245
1626890 1253
1626900 1253
1626910 1261
1626920 1260
1626930 1260
1626940 1260
1626950 1260
1626960 1260
1626970 1260
1626980 1261
1626990 1261
1627000 1261
1627010 1260
1627020 1260
1627030 1260
1627040 1264
1627050 1267
1627060 1267
1627070 1268
1627080 1268
1627090 1268
1627100 1270
1627110 1272
1627120 1272
1627130 1272
1627140 1273
1627150 1273
1627160 1269
1627170 1269
1627180 1269
1627190 1273
1627200 1276
1627210 1276
1627220 1278
1627230 1282
1627240 1282
1627250 1291
1627260 1299
1627270 1301
1627280 1308
1627290 1312
1627300 1312
1627310 1319
1627320 1326
1627330 1326
1627340 1332
1627350 1338
1627360 1338
1627370 1344
1627380 1350
1627390 1356
1627400 1356
1627410 1362
1627420 1368
1627430 1368
1627440 1373
1627450 1375
1627460 1375
1627470 1376
1627480 1379
1627490 1379
1627500 1381
1627510 1386
1627520 1386
1627530 1391
1627540 1396
1627550 1396
1627560 1401
1627570 1407
1627580 1407
1627590 1411
1627600 1416
1627610 1416
1627620 1421
1627630 1428
1627640 1428
1627650 1434
1627660 1441
1627670 1441
1627680 1449
1627690 1457
1627700 1457
1627710 1467
1627720 1489
1627730 1489
1627740 1505
1627750 1509
1627760 1509
1627770 1515
1627780 1524
1627790 1538
1627800 1538
1627810 1550
1627820 1560
1627830 1560
1627840 1571
1627850 1581
1627860 1581
1627870 1589
1627880 1594
1627890 1594
1627900 1596
1627910 1598
1627920 1598
1627930 1600
1627940 1603
1627950 1603
1627960 1607
1627970 1615
1627980 1615
1627990 1621
1628000 1628
1628010 1628
1628020 1635
1628030 1643
1628040 1643
1628050 1650
1628060 1658
1628070 1658
1628080 1664
1628090 1670
1628100 1670
1628110 1675
1628120 1680
1628130 1680
1628140 1686
1628150 1693
1628160 1693
1628170 1701
1628180 1708
1628190 1708
1628200 1716
1628210 1723
1628220 1730
1628230 1730
1628240 1738
1628250 1745
1628260 1745
1628270 1752
1628280 1759
1628290 1759
1628300 1766
1628310 1773
1628320 1773
1628330 1780
1628340 1787
1628350 1787
1628360 1792
1628370 1798
1628380 1798
1628390 1799
1628400 1798
1628410 1798
1628420 1798
1628430 1798
1628440 1798
1628450 1798
1628460 1800
1628470 1800
1628480 1796
1628490 1778
1628500 1778
1628510 1764
1628520 1730
1628530 1730
1628540 1722
1628550 1720
1628560 1720
1628570 1707
1628580 1684
1628590 1684
1628600 1665
1628610 1630
1628620 1612
1628630 1612
1628640 1595
1628650 1579
1628660 1579
1628670 1565
1628680 1555
1628690 1555
1628700 1546
1628710 1538
1628720 1538
1628730 1534
1628740 1530
1628750 1530
1628760 1523
1628770 1517
1628780 1517
1628790 1511
1628800 1505
1628810 1505
1628820 1498
1628830 1492
1628840 1492
1628850 1485
1628860 1478
1628870 1478
1628880 1471
1628890 1464
1628900 1464
1628910 1458
1628920 1451
1628930 1451
1628940 1445
1628950 1440
1628960 1440
1628970 1433
1628980 1427
1628990 1427
1629000 1422
1629010 1416
1629020 1411
1629030 1411
1629040 1405
1629050 1399
1629060 1401
1629070 1396
1629080 1391
1629090 1391
1629100 1386
1629110 1382
1629120 1382
1629130 1377
1629140 1373
1629150 1373
1629160 1368
1629170 1364
1629180 1364
1629190 1359
1629200 1355
1629210 1355
1629220 1351
1629230 1347
1629240 1347
1629250 1343
1629260 1338
1629270 1338
1629280 1333
1629290 1330
1629300 1330
1629310 1326
1629320 1323
1629330 1323
1629340 1319
1629350 1315
1629360 1315
1629370 1311
1629380 1307
1629390 1307
1629400 1303
1629410 1299
1629420 1299
1629430 1296
1629440 1293
1629450 1290
1629460 1290
1629470 1286
1629480 1282
1629490 1282
1629500 1278
1629510 1274
1629520 1274
1629530 1270
1629540 1267
1629550 1267
1629560 1264
1629570 1261
1629580 1261
1629590 1257
1629600 1254
1629610 1254
1629620 1251
1629630 1248
1629640 1248
1629650 1245
1629660 1242
1629670 1242
1629680 1238
1629690 1235
1629700 1235
1629710 1232
1629720 1228
1629730 1228
1629740 1226
1629750 1223
1629760 1223
1629770 1220
1629780 1217
1629790 1217
1629800 1214
1629810 1210
1629820 1210
1629830 1207
1629840 1203
1629850 1200
1629860 1200
1629870 1198
1629880 1197
1629890 1197
1629900 1196
1629910 1193
1629920 1193
1629930 1191
1629940 1188
1629950 1188
1629960 1184
1629970 1181
1629980 1181
1629990 1178
1630000 1175
1630010 1175
1630020 1174
1630030 1172
1630040 1172
1630050 1173
1630060 1173
1630070 1173
1630080 1171
1630090 1171
1630100 1171
1630110 1171
1630120 1170
1630130 1170
1630140 1169
1630150 1169
1630160 1169
1630170 1168
1630180 1167
1630190 1167
1630200 1164
1630210 1166
1630220 1166
1630230 1167
1630240 1166
1630250 1166
1630260 1166
1630270 1166
1630280 1166
1630290 1166
1630300 1165
1630310 1163
1630320 1163
1630330 1163
1630340 1162
1630350 1162
1630360 1163
1630370 1163
1630380 1163
1630390 1163
1630400 1161
1630410 1161
1630420 1159
1630430 1159
1630440 1159
1630450 1160
1630460 1160
1630470 1160
1630480 1161
1630490 1161
1630500 1161
1630510 1161
1630520 1160
1630530 1160
1630540 1159
1630550 1158
1630560 1158
1630570 1160
1630580 1162
1630590 1162
1630600 1164
1630610 1165
1630620 1165
1630630 1166
1630640 1165
1630650 1168
1630660 1168
1630670 1173
1630680 1175
1630690 1175
1630700 1177
1630710 1181
1630720 1181
1630730 1183
1630740 1183
1630750 1183
1630760 1182
1630770 1181
1630780 1181
1630790 1180
1630800 1181
1630810 1181
1630820 1178
1630830 1178
1630840 1178
1630850 1178
1630860 1179
1630870 1179
1630880 1178
1630890 1178
1630900 1178
1630910 1179
1630920 1181
1630930 1181
1630940 1181
1630950 1182
1630960 1182
1630970 1182
1630980 1184
1630990 1184
1631000 1186
1631010 1189
1631020 1189
1631030 1192
1631040 1195
1631050 1195
1631060 1196
1631070 1196
1631080 1197
1631090 1197
1631100 1200
1631110 1202
1631120 1202
1631130 1204
1631140 1208
1631150 1208
1631160 1211
1631170 1213
1631180 1213
1631190 1216
1631200 1220
1631210 1220
1631220 1225
1631230 1230
1631240 1230
1631250 1235
1631260 1239
1631270 1239
1631280 1245
1631290 1251
1631300 1251
1631310 1258
1631320 1264
1631330 1264
1631340 1270
1631350 1275
1631360 1275
1631370 1281
1631380 1287
1631390 1287
1631400 1295
1631410 1299
1631420 1299
1631430 1305
1631440 1317
1631450 1317
1631460 1334
1631470 1335
1631480 1335
1631490 1335
1631500 1338
1631510 1352
1631520 1352
1631530 1360
1631540 1368
1631550 1368
1631560 1378
1631570 1384
1631580 1384
1631590 1386
1631600 1375
1631610 1375
1631620 1365
1631630 1357
1631640 1357
1631650 1347
1631660 1338
1631670 1338
1631680 1332
1631690 1324
1631700 1321
1631710 1315
1631720 1308
1631730 1308
1631740 1303
1631750 1297
1631760 1297
1631770 1292
1631780 1286
1631790 1286
1631800 1281
1631810 1275
1631820 1275
1631830 1269
1631840 1263
1631850 1263
1631860 1257
1631870 1251
1631880 1245
1631890 1245
1631900 1240
1631910 1236
1631920 1236
1631930 1231
1631940 1226
1631950 1226
1631960 1221
1631970 1217
1631980 1217
1631990 1215
1632000 1214
1632010 1214
1632020 1213
1632030 1212
1632040 1212
1632050 1210
1632060 1208
1632070 1208
1632080 1205
1632090 1203
1632100 1203
1632110 1200
1632120 1200
1632130 1200
1632140 1200
1632150 1200
1632160 1200
1632170 1198
1632180 1196
1632190 1196
1632200 1193
1632210 1189
1632220 1189
1632230 1184
1632240 1179
1632250 1179
1632260 1173
1632270 1170
1632280 1170
1632290 1166
1632300 1161
1632310 1157
1632320 1157
1632330 1151
1632340 1147
1632350 1147
1632360 1147
1632370 1145
1632380 1145
1632390 1145
1632400 1151
1632410 1151
1632420 1154
1632430 1149
1632440 1149
1632450 1141
1632460 1135
1632470 1135
1632480 1127
1632490 1121
1632500 1121
1632510 1116
1632520 1112
1632530 1112
1632540 1108
1632550 1105
1632560 1105
1632570 1101
1632580 1097
1632590 1097
1632600 1092
1632610 1088
1632620 1088
1632630 1086
1632640 1087
1632650 1087
1632660 1086
1632670 1085
1632680 1085
1632690 1081
1632700 1083
1632710 1090
1632720 1090
1632730 1095
1632740 1097
1632750 1097
1632760 1097
1632770 1095
1632780 1095
1632790 1094
1632800 1091
1632810 1091
1632820 1087
1632830 1081
1632840 1081
1632850 1076
1632860 1073
1632870 1073
1632880 1070
1632890 1067
1632900 1067
1632910 1064
1632920 1053
1632930 1053
1632940 1046
1632950 1038
1632960 1038
1632970 1030
1632980 1032
1632990 1032
1633000 1040
1633010 1047
1633020 1047
1633030 1058
1633040 1064
1633050 1064
1633060 1067
1633070 1069
1633080 1069
1633090 1071
1633100 1073
1633110 1075
1633120 1075
1633130 1075
1633140 1069
1633150 1069
1633160 1062
1633170 1056
1633180 1056
1633190 1051
1633200 1045
1633210 1045
1633220 1038
1633230 1031
1633240 1031
1633250 1025
1633260 1019
1633270 1019
1633280 1014
1633290 1008
1633300 1008
1633310 1003
1633320 997
1633330 997
1633340 992
1633350 988
1633360 988
1633370 983
1633380 980
1633390 980
1633400 978
1633410 976
1633420 976
1633430 972
1633440 972
1633450 972
1633460 971
1633470 970
1633480 970
1633490 970
1633500 969
1633510 969
1633520 969
1633530 972
1633540 977
1633550 977
1633560 982
1633570 987
1633580 987
1633590 992
1633600 998
1633610 998
1633620 1004
1633630 1010
1633640 1010
1633650 1015
1633660 1022
1633670 1022
1633680 1027
1633690 1033
1633700 1033
1633710 1039
1633720 1045
1633730 1045
1633740 1050
1633750 1056
1633760 1056
1633770 1059
1633780 1060
1633790 1060
1633800 1060
1633810 1060
1633820 1060
1633830 1058
1633840 1054
1633850 1054
1633860 1052
1633870 1052
1633880 1052
1633890 1056
1633900 1058
1633910 1058
1633920 1058
1633930 1051
1633940 1042
1633950 1042
1633960 1043
1633970 1052
1633980 1052
1633990 1058
1634000 1064
1634010 1064
1634020 1071
1634030 1078
1634040 1078
1634050 1086
1634060 1093
1634070 1093
1634080 1099
1634090 1104
1634100 1104
1634110 1110
1634120 1116
1634130 1116
1634140 1121
1634150 1127
1634160 1127
1634170 1131
1634180 1134
1634190 1134
1634200 1136
1634210 1137
1634220 1137
1634230 1137
1634240 1135
1634250 1135
1634260 1133
1634270 1131
1634280 1131
1634290 1123
1634300 1119
1634310 1119
1634320 1116
1634330 1115
1634340 1118
1634350 1118
1634360 1119
1634370 1117
1634380 1117
1634390 1115
1634400 1114
1634410 1114
1634420 1115
1634430 1112
1634440 1112
1634450 1107
1634460 1104
1634470 1104
1634480 1106
1634490 1109
1634500 1109
1634510 1112
1634520 1117
1634530 1117
1634540 1122
1634550 1127
1634560 1127
1634570 1133
1634580 1138
1634590 1138
1634600 1143
1634610 1149
1634620 1149
1634630 1154
1634640 1160
1634650 1160
1634660 1165
1634670 1171
1634680 1171
1634690 1176
1634700 1181
1634710 1181
1634720 1186
1634730 1191
1634740 1191
1634750 1195
1634760 1200
1634770 1203
1634780 1203
1634790 1206
1634800 1208
1634810 1208
1634820 1210
1634830 1212
1634840 1212
1634850 1214
1634860 1216
1634870 1216
1634880 1219
1634890 1221
1634900 1221
1634910 1225
1634920 1227
1634930 1227
1634940 1225
1634950 1215
1634960 1215
1634970 1207
1634980 1199
1634990 1199
1635000 1192
1635010 1188
1635020 1188
1635030 1182
1635040 1172
1635050 1172
1635060 1163
1635070 1155
1635080 1155
1635090 1146
1635100 1137
1635110 1137
1635120 1129
1635130 1122
1635140 1120
1635150 1112
1635160 1105
1635170 1101
1635180 1101
1635190 1100
1635200 1096
1635210 1096
1635220 1093
1635230 1084
1635240 1084
1635250 1085
1635260 1093
1635270 1093
1635280 1094
1635290 1085
1635300 1085
1635310 1078
1635320 1070
1635330 1070
1635340 1063
1635350 1063
1635360 1063
1635370 1053
1635380 1041
1635390 1041
1635400 1033
1635410 1028
1635420 1028
1635430 1024
1635440 1025
1635450 1025
1635460 1028
1635470 1024
1635480 1024
1635490 1017
1635500 1014
1635510 1014
1635520 1005
1635530 986
1635540 986
1635550 971
1635560 967
1635570 950
1635580 950
1635590 932
1635600 933
1635610 933
1635620 936
1635630 934
1635640 934
1635650 919
1635660 909
1635670 909
1635680 900
1635690 892
1635700 892
1635710 886
1635720 880
1635730 880
1635740 874
1635750 868
1635760 868
1635770 861
1635780 856
1635790 856
1635800 851
1635810 845
1635820 845
1635830 840
1635840 836
1635850 836
1635860 831
1635870 826
1635880 826
1635890 823
1635900 822
1635910 822
1635920 820
1635930 817
1635940 817
1635950 812
1635960 807
1635970 807
1635980 802
1635990 794
1636000 795
1636010 795
1636020 796
1636030 796
1636040 796
1636050 795
1636060 795
1636070 795
1636080 795
1636090 795
1636100 795
1636110 795
1636120 795
1636130 795
1636140 796
1636150 794
1636160 794
1636170 793
1636180 791
1636190 791
1636200 792
1636210 795
1636220 795
1636230 797
1636240 799
1636250 799
1636260 800
1636270 801
1636280 801
1636290 802
1636300 804
1636310 804
1636320 807
1636330 811
1636340 811
1636350 816
1636360 820
1636370 820
1636380 825
1636390 831
1636400 836
1636410 836
1636420 842
1636430 849
1636440 849
1636450 855
1636460 860
1636470 860
1636480 867
1636490 873
1636500 873
1636510 879
1636520 885
1636530 885
1636540 891
1636550 898
1636560 898
1636570 905
1636580 912
1636590 912
1636600 919
1636610 924
1636620 924
1636630 923
1636640 922
1636650 922
1636660 922
1636670 921
1636680 921
1636690 920
1636700 920
1636710 920
1636720 922
1636730 923
1636740 923
1636750 927
1636760 933
1636770 933
1636780 940
1636790 946
1636800 950
1636810 950
1636820 954
1636830 956
1636840 950
1636850 952
1636860 954
1636870 954
1636880 955
1636890 954
1636900 954
1636910 953
1636920 957
1636930 957
1636940 961
1636950 965
1636960 965
1636970 969
1636980 973
1636990 973
1637000 976
1637010 979
1637020 979
1637030 982
1637040 985
1637050 985
1637060 987
1637070 989
1637080 989
1637090 992
1637100 995
1637110 995
1637120 996
1637130 996
1637140 996
1637150 995
1637160 994
1637170 994
1637180 992
1637190 991
1637200 991
1637210 989
1637220 986
1637230 985
1637240 985
1637250 984
1637260 982
1637270 982
1637280 982
1637290 981
1637300 981
1637310 979
1637320 978
1637330 978
1637340 985
1637350 994
1637360 994
1637370 1003
1637380 1009
1637390 1009
1637400 1015
1637410 1021
1637420 1021
1637430 1027
1637440 1033
1637450 1033
1637460 1039
1637470 1044
1637480 1044
1637490 1048
1637500 1048
1637510 1048
1637520 1048
1637530 1049
1637540 1049
1637550 1050
1637560 1051
1637570 1051
1637580 1054
1637590 1055
1637600 1055
1637610 1056
1637620 1056
1637630 1063
1637640 1063
1637650 1071
1637660 1079
1637670 1077
1637680 1081
1637690 1084
1637700 1084
1637710 1081
1637720 1077
1637730 1077
1637740 1073
1637750 1073
1637760 1073
1637770 1068
1637780 1061
1637790 1061
1637800 1067
1637810 1078
1637820 1078
1637830 1090
1637840 1094
1637850 1094
1637860 1094
1637870 1096
1637880 1096
1637890 1105
1637900 1114
1637910 1114
1637920 1122
1637930 1131
1637940 1131
1637950 1139
1637960 1143
1637970 1143
1637980 1145
1637990 1145
1638000 1145
1638010 1144
1638020 1142
1638030 1143
1638040 1143
1638050 1144
1638060 1143
1638070 1143
1638080 1143
1638090 1145
1638100 1145
1638110 1145
1638120 1146
1638130 1146
1638140 1146
1638150 1145
1638160 1145
1638170 1146
1638180 1149
1638190 1149
1638200 1149
1638210 1150
1638220 1150
1638230 1150
1638240 1150
1638250 1150
1638260 1152
1638270 1152
1638280 1152
1638290 1153
1638300 1155
1638310 1155
1638320 1160
1638330 1169
1638340 1169
1638350 1175
1638360 1180
1638370 1180
1638380 1186
1638390 1190
1638400 1190
1638410 1190
1638420 1187
1638430 1187
1638440 1182
1638450 1177
1638460 1171
1638470 1171
1638480 1165
1638490 1162
1638500 1162
1638510 1156
1638520 1153
1638530 1153
1638540 1150
1638550 1148
1638560 1148
1638570 1143
1638580 1141
1638590 1141
1638600 1138
1638610 1135
1638620 1135
1638630 1132
1638640 1129
1638650 1129
1638660 1127
1638670 1127
1638680 1127
1638690 1128
1638700 1128
1638710 1128
1638720 1127
1638730 1126
1638740 1126
1638750 1126
1638760 1126
1638770 1126
1638780 1127
1638790 1127
1638800 1127
1638810 1126
1638820 1125
1638830 1125
1638840 1123
1638850 1121
1638860 1121
1638870 1121
1638880 1121
1638890 1118
1638900 1118
1638910 1114
1638920 1108
1638930 1108
1638940 1106
1638950 1110
1638960 1110
1638970 1115
1638980 1113
1638990 1113
1639000 1117
1639010 1118
1639020 1118
1639030 1119
1639040 1120
1639050 1120
1639060 1122
1639070 1122
1639080 1122
1639090 1122
1639100 1121
1639110 1121
1639120 1120
1639130 1119
1639140 1119
1639150 1120
1639160 1122
1639170 1122
1639180 1124
1639190 1124
1639200 1124
1639210 1122
1639220 1121
1639230 1121
1639240 1122
1639250 1118
1639260 1119
1639270 1119
1639280 1119
1639290 1118
1639300 1118
1639310 1118
1639320 1121
1639330 1121
1639340 1111
1639350 1111
1639360 1111
1639370 1111
1639380 1111
1639390 1111
1639400 1105
1639410 1100
1639420 1100
1639430 1104
1639440 1110
1639450 1110
1639460 1116
1639470 1118
1639480 1118
1639490 1127
1639500 1136
1639510 1136
1639520 1134
1639530 1132
1639540 1132
1639550 1127
1639560 1125
1639570 1125
1639580 1125
1639590 1123
1639600 1123
1639610 1121
1639620 1115
1639630 1115
1639640 1113
1639650 1113
1639660 1113
1639670 1110
1639680 1107
1639690 1103
1639700 1103
1639710 1098
1639720 1092
1639730 1092
1639740 1089
1639750 1086
1639760 1086
1639770 1083
1639780 1079
1639790 1079
1639800 1076
1639810 1076
1639820 1076
1639830 1075
1639840 1072
1639850 1072
1639860 1069
1639870 1066
1639880 1066
1639890 1063
1639900 1059
1639910 1059
1639920 1054
1639930 1048
1639940 1048
1639950 1042
1639960 1040
1639970 1040
1639980 1039
1639990 1037
