1620000 789
1620010 789
1620020 789
1620030 789
1620040 788
1620050 788
1620060 788
1620070 787
1620080 787
1620090 787
1620100 786
1620110 786
1620120 786
1620130 785
1620140 785
1620150 785
1620160 784
1620170 784
1620180 784
1620190 783
1620200 783
1620210 783
1620220 783
1620230 782
1620240 782
1620250 782
1620260 782
1620270 782
1620280 781
1620290 781
1620300 781
1620310 781
1620320 780
1620330 780
1620340 779
1620350 778
1620360 778
1620370 775
1620380 773
1620390 773
1620400 772
1620410 772
1620420 772
1620430 773
1620440 774
1620450 774
1620460 776
1620470 776
1620480 776
1620490 776
1620500 776
1620510 776
1620520 776
1620530 775
1620540 775
1620550 775
1620560 775
1620570 775
1620580 775
1620590 774
1620600 774
1620610 774
1620620 773
1620630 772
1620640 772
1620650 771
1620660 770
1620670 770
1620680 769
1620690 769
1620700 769
1620710 768
1620720 768
1620730 768
1620740 768
1620750 767
1620760 767
1620770 767
1620780 766
1620790 766
1620800 766
1620810 767
1620820 767
1620830 767
1620840 766
1620850 766
1620860 765
1620870 760
1620880 760
1620890 755
1620900 755
1620910 755
1620920 759
1620930 764
1620940 764
1620950 767
1620960 769
1620970 770
1620980 770
1620990 771
1621000 771
1621010 771
1621020 771
1621030 770
1621040 770
1621050 767
1621060 762
1621070 762
1621080 762
1621090 763
1621100 763
1621110 761
1621120 762
1621130 762
1621140 764
1621150 765
1621160 765
1621170 769
1621180 773
1621190 773
1621200 777
1621210 781
1621220 781
1621230 783
1621240 785
1621250 785
1621260 786
1621270 784
1621280 784
1621290 783
1621300 781
1621310 781
1621320 777
1621330 774
1621340 774
1621350 773
1621360 775
1621370 773
1621380 773
1621390 772
1621400 772
1621410 772
1621420 772
1621430 772
1621440 772
1621450 774
1621460 779
1621470 779
1621480 785
1621490 790
1621500 790
1621510 795
1621520 798
1621530 798
1621540 799
1621550 799
1621560 799
1621570 800
1621580 804
1621590 804
1621600 809
1621610 812
1621620 812
1621630 813
1621640 815
1621650 815
1621660 817
1621670 818
1621680 818
1621690 818
1621700 818
1621710 818
1621720 817
1621730 813
1621740 813
1621750 812
1621760 812
1621770 811
1621780 811
1621790 811
1621800 810
1621810 810
1621820 808
1621830 806
1621840 806
1621850 805
1621860 803
1621870 803
1621880 800
1621890 795
1621900 795
1621910 789
1621920 785
1621930 785
1621940 784
1621950 786
1621960 786
1621970 788
1621980 787
1621990 787
1622000 780
1622010 779
1622020 779
1622030 775
1622040 777
1622050 777
1622060 783
1622070 791
1622080 791
1622090 799
1622100 807
1622110 807
1622120 811
1622130 811
1622140 811
1622150 809
1622160 807
1622170 807
1622180 804
1622190 801
1622200 797
1622210 797
1622220 793
1622230 787
1622240 787
1622250 783
1622260 785
1622270 785
1622280 786
1622290 789
1622300 789
1622310 792
1622320 797
1622330 797
1622340 800
1622350 803
1622360 803
1622370 804
1622380 805
1622390 805
1622400 806
1622410 807
1622420 807
1622430 808
1622440 808
1622450 808
1622460 809
1622470 810
1622480 810
1622490 810
1622500 812
1622510 812
1622520 815
1622530 819
1622540 819
1622550 824
1622560 829
1622570 829
1622580 833
1622590 836
1622600 838
1622610 838
1622620 839
1622630 840
1622640 840
1622650 838
1622660 834
1622670 834
1622680 834
1622690 834
1622700 834
1622710 836
1622720 837
1622730 837
1622740 839
1622750 841
1622760 841
1622770 843
1622780 845
1622790 845
1622800 848
1622810 850
1622820 850
1622830 852
1622840 854
1622850 854
1622860 856
1622870 858
1622880 858
1622890 860
1622900 862
1622910 862
1622920 864
1622930 866
1622940 866
1622950 868
1622960 870
1622970 870
1622980 872
1622990 874
1623000 874
1623010 876
1623020 877
1623030 879
1623040 879
1623050 880
1623060 881
1623070 881
1623080 882
1623090 883
1623100 883
1623110 885
1623120 886
1623130 886
1623140 887
1623150 888
1623160 888
1623170 888
1623180 889
1623190 889
1623200 889
1623210 889
1623220 889
1623230 889
1623240 891
1623250 891
1623260 891
1623270 891
1623280 891
1623290 892
1623300 892
1623310 892
1623320 892
1623330 892
1623340 892
1623350 892
1623360 891
1623370 891
1623380 887
1623390 887
1623400 887
1623410 887
1623420 889
1623430 890
1623440 890
1623450 889
1623460 888
1623470 888
1623480 887
1623490 887
1623500 887
1623510 888
1623520 888
1623530 888
1623540 886
1623550 883
1623560 883
1623570 880
1623580 878
1623590 878
1623600 877
1623610 877
1623620 877
1623630 877
1623640 877
1623650 877
1623660 880
1623670 884
1623680 884
1623690 889
1623700 895
1623710 895
1623720 901
1623730 908
1623740 908
1623750 914
1623760 921
1623770 921
1623780 927
1623790 933
1623800 933
1623810 939
1623820 945
1623830 952
1623840 952
1623850 959
1623860 966
1623870 966
1623880 972
1623890 979
1623900 979
1623910 985
1623920 992
1623930 992
1623940 998
1623950 1005
1623960 1005
1623970 1012
1623980 1019
1623990 1019
1624000 1018
1624010 1012
1624020 1012
1624030 1008
1624040 1004
1624050 1004
1624060 1002
1624070 1003
1624080 1003
1624090 1004
1624100 1006
1624110 1006
1624120 1005
1624130 995
1624140 995
1624150 984
1624160 977
1624170 977
1624180 970
1624190 964
1624200 964
1624210 958
1624220 952
1624230 952
1624240 947
1624250 941
1624260 936
1624270 936
1624280 935
1624290 937
1624300 937
1624310 936
1624320 931
1624330 931
1624340 924
1624350 916
1624360 916
1624370 910
1624380 908
1624390 908
1624400 904
1624410 898
1624420 898
1624430 894
1624440 890
1624450 890
1624460 887
1624470 885
1624480 885
1624490 881
1624500 876
1624510 876
1624520 874
1624530 872
1624540 872
1624550 872
1624560 884
1624570 884
1624580 900
1624590 910
1624600 910
1624610 918
1624620 928
1624630 928
1624640 936
1624650 941
1624660 947
1624670 947
1624680 953
1624690 960
1624700 960
1624710 969
1624720 977
1624730 977
1624740 984
1624750 991
1624760 991
1624770 1000
1624780 1007
1624790 1007
1624800 1014
1624810 1021
1624820 1021
1624830 1027
1624840 1031
1624850 1031
1624860 1032
1624870 1034
1624880 1034
1624890 1039
1624900 1045
1624910 1045
1624920 1050
1624930 1053
1624940 1053
1624950 1056
1624960 1058
1624970 1058
1624980 1052
1624990 1048
1625000 1048
1625010 1042
1625020 1038
1625030 1038
1625040 1049
1625050 1058
1625060 1058
1625070 1058
1625080 1059
1625090 1044
1625100 1044
1625110 1040
1625120 1042
1625130 1042
1625140 1047
1625150 1040
1625160 1040
1625170 1041
1625180 1043
1625190 1043
1625200 1051
1625210 1059
1625220 1059
1625230 1057
1625240 1058
1625250 1058
1625260 1058
1625270 1053
1625280 1053
1625290 1056
1625300 1063
1625310 1063
1625320 1071
1625330 1079
1625340 1079
1625350 1082
1625360 1086
1625370 1086
1625380 1096
1625390 1099
1625400 1099
1625410 1065
1625420 1049
1625430 1049
1625440 1054
1625450 1049
1625460 1049
1625470 1041
1625480 1019
1625490 980
1625500 980
1625510 983
1625520 993
1625530 993
1625540 996
1625550 996
1625560 996
1625570 1020
1625580 1033
1625590 1033
1625600 1039
1625610 1036
1625620 1036
1625630 1031
1625640 1029
1625650 1029
1625660 1022
1625670 1021
1625680 1001
1625690 1001
1625700 999
1625710 999
1625720 988
1625730 981
1625740 981
1625750 968
1625760 966
1625770 966
1625780 974
1625790 978
1625800 978
1625810 975
1625820 972
1625830 972
1625840 978
1625850 987
1625860 987
1625870 984
1625880 978
1625890 981
1625900 981
1625910 982
1625920 980
1625930 980
1625940 976
1625950 973
1625960 973
1625970 970
1625980 968
1625990 968
1626000 965
1626010 964
1626020 964
1626030 964
1626040 965
1626050 965
1626060 964
1626070 962
1626080 962
1626090 956
1626100 950
1626110 950
1626120 949
1626130 949
1626140 949
1626150 951
1626160 953
1626170 953
1626180 955
1626190 955
1626200 955
1626210 954
1626220 958
1626230 958
1626240 965
1626250 973
1626260 973
1626270 981
1626280 989
1626290 989
1626300 997
1626310 1005
1626320 1016
1626330 1016
1626340 1042
1626350 1080
1626360 1080
1626370 1089
1626380 1089
1626390 1089
1626400 1089
1626410 1087
1626420 1087
1626430 1088
1626440 1094
1626450 1094
1626460 1100
1626470 1105
1626480 1105
1626490 1108
1626500 1109
1626510 1109
1626520 1111
1626530 1111
1626540 1111
1626550 1111
1626560 1111
1626570 1111
1626580 1112
1626590 1110
1626600 1110
1626610 1111
1626620 1111
1626630 1111
1626640 1113
1626650 1114
1626660 1114
1626670 1116
1626680 1117
1626690 1117
1626700 1120
1626710 1122
1626720 1125
1626730 1125
1626740 1127
1626750 1130
1626760 1130
1626770 1133
1626780 1136
1626790 1136
1626800 1139
1626810 1143
1626820 1143
1626830 1146
1626840 1150
1626850 1150
1626860 1154
1626870 1158
1626880 1158
1626890 1162
1626900 1166
1626910 1166
1626920 1170
1626930 1175
1626940 1175
1626950 1180
1626960 1185
1626970 1185
1626980 1190
1626990 1196
1627000 1196
1627010 1202
1627020 1208
1627030 1208
1627040 1214
1627050 1221
1627060 1221
1627070 1227
1627080 1234
1627090 1234
1627100 1239
1627110 1245
1627120 1251
1627130 1251
1627140 1257
1627150 1264
1627160 1264
1627170 1270
1627180 1277
1627190 1277
1627200 1285
1627210 1291
1627220 1291
1627230 1298
1627240 1305
1627250 1305
1627260 1312
1627270 1319
1627280 1319
1627290 1326
1627300 1332
1627310 1332
1627320 1338
1627330 1344
1627340 1344
1627350 1349
1627360 1353
1627370 1353
1627380 1357
1627390 1361
1627400 1361
1627410 1365
1627420 1368
1627430 1368
1627440 1372
1627450 1375
1627460 1375
1627470 1379
1627480 1382
1627490 1379
1627500 1381
1627510 1381
1627520 1381
1627530 1383
1627540 1383
1627550 1385
1627560 1385
1627570 1389
1627580 1391
1627590 1391
1627600 1391
1627610 1385
1627620 1385
1627630 1383
1627640 1389
1627650 1389
1627660 1396
1627670 1402
1627680 1402
1627690 1407
1627700 1409
1627710 1409
1627720 1414
1627730 1418
1627740 1418
1627750 1422
1627760 1421
1627770 1421
1627780 1417
1627790 1414
1627800 1414
1627810 1416
1627820 1422
1627830 1422
1627840 1429
1627850 1435
1627860 1435
1627870 1440
1627880 1444
1627890 1444
1627900 1445
1627910 1446
1627920 1446
1627930 1448
1627940 1453
1627950 1459
1627960 1459
1627970 1466
1627980 1474
1627990 1474
1628000 1481
1628010 1488
1628020 1488
1628030 1494
1628040 1500
1628050 1500
1628060 1506
1628070 1511
1628080 1511
1628090 1516
1628100 1520
1628110 1520
1628120 1522
1628130 1521
1628140 1521
1628150 1517
1628160 1509
1628170 1509
1628180 1498
1628190 1489
1628200 1489
1628210 1479
1628220 1472
1628230 1472
1628240 1462
1628250 1450
1628260 1450
1628270 1444
1628280 1440
1628290 1440
1628300 1441
1628310 1446
1628320 1446
1628330 1447
1628340 1449
1628350 1449
1628360 1449
1628370 1449
1628380 1445
1628390 1445
1628400 1446
1628410 1449
1628420 1449
1628430 1451
1628440 1451
1628450 1451
1628460 1450
1628470 1447
1628480 1447
1628490 1445
1628500 1443
1628510 1443
1628520 1440
1628530 1438
1628540 1438
1628550 1438
1628560 1438
1628570 1438
1628580 1434
1628590 1429
1628600 1429
1628610 1425
1628620 1424
1628630 1424
1628640 1419
1628650 1413
1628660 1413
1628670 1414
1628680 1418
1628690 1418
1628700 1421
1628710 1423
1628720 1423
1628730 1423
1628740 1424
1628750 1424
1628760 1428
1628770 1432
1628780 1435
1628790 1435
1628800 1436
1628810 1438
1628820 1438
1628830 1435
1628840 1434
1628850 1434
1628860 1436
1628870 1436
1628880 1436
1628890 1438
1628900 1439
1628910 1439
1628920 1440
1628930 1457
1628940 1457
1628950 1459
1628960 1456
1628970 1456
1628980 1453
1628990 1459
1629000 1459
1629010 1467
1629020 1471
1629030 1471
1629040 1465
1629050 1467
1629060 1467
1629070 1478
1629080 1491
1629090 1491
1629100 1502
1629110 1505
1629120 1505
1629130 1508
1629140 1512
1629150 1512
1629160 1517
1629170 1525
1629180 1534
1629190 1534
1629200 1542
1629210 1550
1629220 1550
1629230 1552
1629240 1553
1629250 1553
1629260 1553
1629270 1554
1629280 1554
1629290 1546
1629300 1533
1629310 1533
1629320 1523
1629330 1514
1629340 1514
1629350 1506
1629360 1497
1629370 1497
1629380 1490
1629390 1482
1629400 1482
1629410 1475
1629420 1466
1629430 1466
1629440 1457
1629450 1449
1629460 1449
1629470 1442
1629480 1435
1629490 1435
1629500 1426
1629510 1419
1629520 1419
1629530 1412
1629540 1405
1629550 1405
1629560 1399
1629570 1392
1629580 1392
1629590 1386
1629600 1380
1629610 1375
1629620 1375
1629630 1369
1629640 1363
1629650 1363
1629660 1358
1629670 1353
1629680 1353
1629690 1348
1629700 1345
1629710 1345
1629720 1344
1629730 1339
1629740 1339
1629750 1334
1629760 1329
1629770 1329
1629780 1325
1629790 1322
1629800 1322
1629810 1317
1629820 1309
1629830 1309
1629840 1302
1629850 1296
1629860 1296
1629870 1289
1629880 1281
1629890 1281
1629900 1273
1629910 1265
1629920 1265
1629930 1256
1629940 1249
1629950 1249
1629960 1240
1629970 1229
1629980 1229
1629990 1208
1630000 1187
1630010 1179
1630020 1179
1630030 1171
1630040 1168
1630050 1168
1630060 1163
1630070 1157
1630080 1157
1630090 1149
1630100 1143
1630110 1143
1630120 1139
1630130 1139
1630140 1139
1630150 1148
1630160 1138
1630170 1138
1630180 1130
1630190 1122
1630200 1122
1630210 1116
1630220 1111
1630230 1111
1630240 1105
1630250 1099
1630260 1099
1630270 1093
1630280 1087
1630290 1087
1630300 1082
1630310 1077
1630320 1077
1630330 1072
1630340 1068
1630350 1068
1630360 1066
1630370 1064
1630380 1064
1630390 1062
1630400 1059
1630410 1059
1630420 1056
1630430 1053
1630440 1050
1630450 1050
1630460 1047
1630470 1045
1630480 1045
1630490 1042
1630500 1039
1630510 1039
1630520 1036
1630530 1032
1630540 1032
1630550 1028
1630560 1026
1630570 1026
1630580 1023
1630590 1020
1630600 1020
1630610 1017
1630620 1015
1630630 1015
1630640 1015
1630650 1017
1630660 1017
1630670 1019
1630680 1020
1630690 1020
1630700 1020
1630710 1019
1630720 1019
1630730 1018
1630740 1019
1630750 1019
1630760 1021
1630770 1023
1630780 1023
1630790 1025
1630800 1026
1630810 1026
1630820 1025
1630830 1024
1630840 1024
1630850 1024
1630860 1024
1630870 1025
1630880 1025
1630890 1025
1630900 1024
1630910 1024
1630920 1019
1630930 1014
1630940 1014
1630950 1009
1630960 1005
1630970 1005
1630980 1003
1630990 1003
1631000 1003
1631010 1004
1631020 1005
1631030 998
1631040 999
1631050 999
1631060 999
1631070 998
1631080 995
1631090 995
1631100 989
1631110 984
1631120 984
1631130 982
1631140 982
1631150 982
1631160 981
1631170 980
1631180 980
1631190 983
1631200 984
1631210 984
1631220 984
1631230 983
1631240 979
1631250 979
1631260 974
1631270 970
1631280 970
1631290 970
1631300 970
1631310 970
1631320 971
1631330 971
1631340 971
1631350 978
1631360 983
1631370 983
1631380 987
1631390 990
1631400 990
1631410 988
1631420 987
1631430 987
1631440 992
1631450 999
1631460 999
1631470 1000
1631480 997
1631490 997
1631500 996
1631510 997
1631520 997
1631530 1001
1631540 1007
1631550 1007
1631560 1015
1631570 1027
1631580 1027
1631590 1040
1631600 1048
1631610 1048
1631620 1050
1631630 1052
1631640 1052
1631650 1058
1631660 1062
1631670 1066
1631680 1066
1631690 1070
1631700 1074
1631710 1074
1631720 1078
1631730 1081
1631740 1081
1631750 1082
1631760 1083
1631770 1083
1631780 1083
1631790 1081
1631800 1081
1631810 1078
1631820 1074
1631830 1074
1631840 1070
1631850 1068
1631860 1068
1631870 1068
1631880 1070
1631890 1070
1631900 1066
1631910 1066
1631920 1066
1631930 1066
1631940 1066
1631950 1066
1631960 1066
1631970 1065
1631980 1065
1631990 1063
1632000 1062
1632010 1062
1632020 1061
1632030 1060
1632040 1060
1632050 1058
1632060 1056
1632070 1054
1632080 1054
1632090 1052
1632100 1050
1632110 1050
1632120 1049
1632130 1047
1632140 1047
1632150 1044
1632160 1042
1632170 1042
1632180 1040
1632190 1039
1632200 1039
1632210 1037
1632220 1036
1632230 1036
1632240 1035
1632250 1034
1632260 1034
1632270 1033
1632280 1032
1632290 1032
1632300 1030
1632310 1026
1632320 1026
1632330 1019
1632340 1011
1632350 1011
1632360 1005
1632370 1003
1632380 1003
1632390 1003
1632400 1004
1632410 1004
1632420 1005
1632430 1007
1632440 1007
1632450 1010
1632460 1011
1632470 1012
1632480 1012
1632490 1013
1632500 1013
1632510 1013
1632520 1011
1632530 1008
1632540 1008
1632550 1006
1632560 1005
1632570 1005
1632580 1004
1632590 1005
1632600 1005
1632610 1006
1632620 1006
1632630 1006
1632640 1006
1632650 1007
1632660 1007
1632670 1008
1632680 1007
1632690 1007
1632700 1005
1632710 1004
1632720 1004
1632730 1001
1632740 999
1632750 999
1632760 996
1632770 991
1632780 991
1632790 989
1632800 990
1632810 990
1632820 991
1632830 993
1632840 993
1632850 994
1632860 995
1632870 995
1632880 994
1632890 991
1632900 989
1632910 989
1632920 986
1632930 982
1632940 982
1632950 976
1632960 967
1632970 967
1632980 957
1632990 953
1633000 953
1633010 960
1633020 968
1633030 968
1633040 974
1633050 977
1633060 977
1633070 980
1633080 983
1633090 983
1633100 985
1633110 987
1633120 987
1633130 990
1633140 993
1633150 993
1633160 997
1633170 1002
1633180 1002
1633190 1006
1633200 1010
1633210 1010
1633220 1014
1633230 1015
1633240 1015
1633250 1015
1633260 1014
1633270 1014
1633280 1014
1633290 1016
1633300 1018
1633310 1018
1633320 1016
1633330 1010
1633340 1010
1633350 1005
1633360 1001
1633370 1001
1633380 999
1633390 996
1633400 996
1633410 981
1633420 971
1633430 971
1633440 963
1633450 956
1633460 956
1633470 950
1633480 945
1633490 945
1633500 940
1633510 937
1633520 937
1633530 934
1633540 931
1633550 931
1633560 928
1633570 925
1633580 925
1633590 925
1633600 925
1633610 925
1633620 925
1633630 925
1633640 925
1633650 924
1633660 924
1633670 924
1633680 924
1633690 925
1633700 925
1633710 925
1633720 925
1633730 925
1633740 925
1633750 925
1633760 925
1633770 925
1633780 926
1633790 926
1633800 926
1633810 926
1633820 930
1633830 930
1633840 936
1633850 941
1633860 941
1633870 947
1633880 953
1633890 953
1633900 959
1633910 964
1633920 964
1633930 971
1633940 977
1633950 977
1633960 983
1633970 989
1633980 989
1633990 992
1634000 993
1634010 993
1634020 993
1634030 992
1634040 992
1634050 993
1634060 998
1634070 998
1634080 1003
1634090 1005
1634100 1005
1634110 1008
1634120 1011
1634130 1014
1634140 1014
1634150 1017
1634160 1021
1634170 1021
1634180 1024
1634190 1027
1634200 1027
1634210 1031
1634220 1035
1634230 1035
1634240 1041
1634250 1046
1634260 1046
1634270 1051
1634280 1054
1634290 1054
1634300 1056
1634310 1058
1634320 1058
1634330 1059
1634340 1060
1634350 1060
1634360 1060
1634370 1059
1634380 1059
1634390 1059
1634400 1059
1634410 1059
1634420 1059
1634430 1058
1634440 1058
1634450 1057
1634460 1056
1634470 1056
1634480 1054
1634490 1046
1634500 1046
1634510 1043
1634520 1039
1634530 1039
1634540 1036
1634550 1034
1634560 1037
1634570 1037
1634580 1039
1634590 1041
1634600 1041
1634610 1042
1634620 1039
1634630 1039
1634640 1032
1634650 1026
1634660 1026
1634670 1020
1634680 1014
1634690 1014
1634700 1008
1634710 1002
1634720 1002
1634730 997
1634740 990
1634750 990
1634760 983
1634770 976
1634780 976
1634790 970
1634800 964
1634810 964
1634820 957
1634830 951
1634840 951
1634850 944
1634860 938
1634870 938
1634880 932
1634890 926
1634900 926
1634910 920
1634920 914
1634930 914
1634940 909
1634950 904
1634960 899
1634970 899
1634980 893
1634990 886
1635000 886
1635010 880
1635020 876
1635030 876
1635040 873
1635050 868
1635060 868
1635070 863
1635080 856
1635090 856
1635100 852
1635110 848
1635120 848
1635130 844
1635140 840
1635150 840
1635160 836
1635170 833
1635180 833
1635190 831
1635200 828
1635210 828
1635220 824
1635230 822
1635240 822
1635250 819
1635260 816
1635270 816
1635280 810
1635290 804
1635300 804
1635310 800
1635320 798
1635330 798
1635340 793
1635350 792
1635360 790
1635370 790
1635380 788
1635390 787
1635400 787
1635410 784
1635420 781
1635430 781
1635440 778
1635450 776
1635460 776
1635470 773
1635480 770
1635490 770
1635500 768
1635510 765
1635520 765
1635530 763
1635540 761
1635550 761
1635560 759
1635570 756
1635580 756
1635590 754
1635600 751
1635610 751
1635620 749
1635630 746
1635640 746
1635650 744
1635660 741
1635670 741
1635680 739
1635690 737
1635700 737
1635710 735
1635720 733
1635730 733
1635740 731
1635750 729
1635760 729
1635770 728
1635780 726
1635790 724
1635800 724
1635810 722
1635820 720
1635830 720
1635840 718
1635850 716
1635860 716
1635870 714
1635880 712
1635890 712
1635900 710
1635910 708
1635920 708
1635930 707
1635940 706
1635950 706
1635960 705
1635970 705
1635980 705
1635990 705
1636000 706
1636010 706
1636020 707
1636030 707
1636040 707
1636050 707
1636060 708
1636070 708
1636080 706
1636090 705
1636100 705
1636110 708
1636120 716
1636130 716
1636140 724
1636150 731
1636160 731
1636170 738
1636180 744
1636190 751
1636200 751
1636210 757
1636220 764
1636230 764
1636240 771
1636250 778
1636260 778
1636270 786
1636280 793
1636290 793
1636300 800
1636310 807
1636320 807
1636330 811
1636340 808
1636350 808
1636360 808
1636370 808
1636380 808
1636390 811
1636400 813
1636410 813
1636420 813
1636430 814
1636440 814
1636450 818
1636460 824
1636470 824
1636480 829
1636490 833
1636500 833
1636510 837
1636520 842
1636530 842
1636540 845
1636550 848
1636560 848
1636570 853
1636580 860
1636590 860
1636600 868
1636610 876
1636620 881
1636630 881
1636640 883
1636650 881
1636660 881
1636670 881
1636680 882
1636690 882
1636700 884
1636710 885
1636720 885
1636730 891
1636740 897
1636750 897
1636760 902
1636770 904
1636780 904
1636790 906
1636800 904
1636810 904
1636820 903
1636830 905
1636840 905
1636850 908
1636860 907
1636870 907
1636880 907
1636890 908
1636900 908
1636910 909
1636920 908
1636930 908
1636940 904
1636950 901
1636960 901
1636970 902
1636980 902
1636990 902
1637000 902
1637010 902
1637020 903
1637030 909
1637040 909
1637050 910
1637060 910
1637070 913
1637080 916
1637090 916
1637100 920
1637110 924
1637120 924
1637130 929
1637140 935
1637150 935
1637160 939
1637170 945
1637180 945
1637190 947
1637200 950
1637210 950
1637220 952
1637230 955
1637240 955
1637250 957
1637260 959
1637270 959
1637280 961
1637290 963
1637300 963
1637310 962
1637320 958
1637330 958
1637340 956
1637350 956
1637360 956
1637370 956
1637380 959
1637390 959
1637400 963
1637410 967
1637420 970
1637430 970
1637440 973
1637450 977
1637460 977
1637470 982
1637480 991
1637490 991
1637500 994
1637510 995
1637520 995
1637530 997
1637540 997
1637550 997
1637560 997
1637570 995
1637580 995
1637590 991
1637600 988
1637610 988
1637620 988
1637630 987
1637640 987
1637650 987
1637660 987
1637670 987
1637680 988
1637690 988
1637700 988
1637710 988
1637720 987
1637730 987
1637740 985
1637750 983
1637760 983
1637770 980
1637780 981
1637790 981
1637800 980
1637810 980
1637820 980
1637830 985
1637840 990
1637850 994
1637860 994
1637870 993
1637880 997
1637890 997
1637900 1000
1637910 1004
1637920 1004
1637930 1009
1637940 1012
1637950 1012
1637960 1014
1637970 1017
1637980 1017
1637990 1020
1638000 1024
1638010 1024
1638020 1025
1638030 1028
1638040 1028
1638050 1030
1638060 1031
1638070 1031
1638080 1031
1638090 1029
1638100 1029
1638110 1025
1638120 1023
1638130 1023
1638140 1028
1638150 1028
1638160 1028
1638170 1027
1638180 1031
1638190 1031
1638200 1037
1638210 1041
1638220 1041
1638230 1044
1638240 1046
1638250 1048
1638260 1048
1638270 1050
1638280 1053
1638290 1053
1638300 1057
1638310 1061
1638320 1061
1638330 1064
1638340 1068
1638350 1068
1638360 1072
1638370 1075
1638380 1075
1638390 1077
1638400 1079
1638410 1079
1638420 1081
1638430 1082
1638440 1082
1638450 1083
1638460 1083
1638470 1083
1638480 1083
1638490 1083
1638500 1083
1638510 1083
1638520 1082
1638530 1082
1638540 1081
1638550 1081
1638560 1081
1638570 1081
1638580 1081
1638590 1081
1638600 1080
1638610 1079
1638620 1079
1638630 1079
1638640 1080
1638650 1080
1638660 1080
1638670 1081
1638680 1081
1638690 1081
1638700 1081
1638710 1080
1638720 1080
1638730 1080
1638740 1080
1638750 1080
1638760 1079
1638770 1079
1638780 1079
1638790 1078
1638800 1077
1638810 1077
1638820 1077
1638830 1077
1638840 1077
1638850 1077
1638860 1076
1638870 1076
1638880 1076
1638890 1075
1638900 1075
1638910 1073
1638920 1071
1638930 1071
1638940 1069
1638950 1068
1638960 1068
1638970 1067
1638980 1065
1638990 1065
1639000 1062
1639010 1061
1639020 1061
1639030 1060
1639040 1058
1639050 1058
1639060 1056
1639070 1056
1639080 1055
1639090 1055
1639100 1052
1639110 1048
1639120 1048
1639130 1042
1639140 1035
1639150 1035
1639160 1029
1639170 1026
1639180 1026
1639190 1024
1639200 1022
1639210 1022
1639220 1013
1639230 1005
1639240 1005
1639250 1002
1639260 1000
1639270 1000
1639280 997
1639290 990
1639300 990
1639310 980
1639320 973
1639330 973
1639340 962
1639350 957
1639360 957
1639370 950
1639380 944
1639390 944
1639400 937
1639410 931
1639420 931
1639430 925
1639440 919
1639450 919
1639460 916
1639470 913
1639480 913
1639490 909
1639500 909
1639510 908
1639520 908
1639530 908
1639540 904
1639550 904
1639560 904
1639570 904
1639580 904
1639590 902
1639600 900
1639610 900
1639620 900
1639630 898
1639640 898
1639650 894
1639660 891
1639670 891
1639680 892
1639690 891
1639700 891
1639710 888
1639720 886
1639730 886
1639740 883
1639750 881
1639760 881
1639770 879
1639780 877
1639790 877
1639800 877
1639810 876
1639820 876
1639830 878
1639840 880
1639850 880
1639860 882
1639870 884
1639880 884
1639890 888
1639900 893
1639910 898
1639920 898
1639930 902
1639940 908
1639950 908
1639960 915
1639970 927
1639980 927
1639990 941
