1620000 967
1620010 967
1620020 967
1620030 967
1620040 966
1620050 965
1620060 965
1620070 965
1620080 964
1620090 964
1620100 963
1620110 962
1620120 962
1620130 962
1620140 961
1620150 961
1620160 959
1620170 957
1620180 957
1620190 955
1620200 954
1620210 954
1620220 953
1620230 951
1620240 949
1620250 949
1620260 947
1620270 945
1620280 945
1620290 944
1620300 942
1620310 942
1620320 941
1620330 940
1620340 940
1620350 940
1620360 940
1620370 940
1620380 941
1620390 940
1620400 940
1620410 938
1620420 938
1620430 938
1620440 939
1620450 940
1620460 940
1620470 940
1620480 940
1620490 940
1620500 939
1620510 937
1620520 937
1620530 938
1620540 939
1620550 939
1620560 937
1620570 932
1620580 932
1620590 929
1620600 927
1620610 927
1620620 932
1620630 938
1620640 945
1620650 945
1620660 949
1620670 951
1620680 951
1620690 948
1620700 946
1620710 946
1620720 947
1620730 949
1620740 949
1620750 952
1620760 955
1620770 955
1620780 954
1620790 946
1620800 946
1620810 937
1620820 928
1620830 928
1620840 922
1620850 920
1620860 920
1620870 918
1620880 913
1620890 913
1620900 907
1620910 902
1620920 902
1620930 903
1620940 909
1620950 909
1620960 915
1620970 923
1620980 923
1620990 929
1621000 930
1621010 930
1621020 929
1621030 930
1621040 930
1621050 929
1621060 933
1621070 936
1621080 945
1621090 944
1621100 944
1621110 944
1621120 945
1621130 948
1621140 948
1621150 950
1621160 951
1621170 951
1621180 953
1621190 952
1621200 952
1621210 946
1621220 937
1621230 937
1621240 931
1621250 923
1621260 923
1621270 915
1621280 907
1621290 907
1621300 903
1621310 907
1621320 907
1621330 912
1621340 912
1621350 912
1621360 911
1621370 910
1621380 910
1621390 911
1621400 910
1621410 910
1621420 903
1621430 892
1621440 892
1621450 882
1621460 875
1621470 869
1621480 869
1621490 865
1621500 861
1621510 861
1621520 856
1621530 848
1621540 848
1621550 841
1621560 838
1621570 838
1621580 840
1621590 838
1621600 838
1621610 837
1621620 834
1621630 834
1621640 829
1621650 828
1621660 828
1621670 830
1621680 835
1621690 835
1621700 841
1621710 845
1621720 845
1621730 844
1621740 845
1621750 845
1621760 846
1621770 845
1621780 845
1621790 844
1621800 842
1621810 842
1621820 841
1621830 837
1621840 837
1621850 831
1621860 825
1621870 825
1621880 820
1621890 819
1621900 819
1621910 819
1621920 818
1621930 816
1621940 816
1621950 813
1621960 809
1621970 809
1621980 804
1621990 801
1622000 801
1622010 805
1622020 803
1622030 803
1622040 802
1622050 801
1622060 801
1622070 799
1622080 799
1622090 799
1622100 795
1622110 791
1622120 791
1622130 791
1622140 793
1622150 793
1622160 787
1622170 785
1622180 785
1622190 783
1622200 781
1622210 781
1622220 778
1622230 774
1622240 774
1622250 769
1622260 763
1622270 763
1622280 757
1622290 752
1622300 752
1622310 746
1622320 740
1622330 735
1622340 735
1622350 729
1622360 723
1622370 723
1622380 717
1622390 711
1622400 711
1622410 706
1622420 700
1622430 700
1622440 695
1622450 692
1622460 692
1622470 688
1622480 683
1622490 683
1622500 678
1622510 672
1622520 672
1622530 667
1622540 661
1622550 661
1622560 656
1622570 649
1622580 649
1622590 644
1622600 640
1622610 640
1622620 640
1622630 640
1622640 640
1622650 641
1622660 640
1622670 640
1622680 640
1622690 641
1622700 641
1622710 642
1622720 643
1622730 644
1622740 644
1622750 644
1622760 642
1622770 642
1622780 642
1622790 644
1622800 644
1622810 647
1622820 650
1622830 650
1622840 654
1622850 658
1622860 658
1622870 662
1622880 663
1622890 663
1622900 664
1622910 663
1622920 663
1622930 662
1622940 660
1622950 660
1622960 661
1622970 662
1622980 662
1622990 662
1623000 661
1623010 661
1623020 659
1623030 658
1623040 658
1623050 656
1623060 651
1623070 651
1623080 645
1623090 641
1623100 641
1623110 642
1623120 644
1623130 644
1623140 646
1623150 645
1623160 643
1623170 643
1623180 642
1623190 640
1623200 640
1623210 637
1623220 633
1623230 633
1623240 629
1623250 628
1623260 628
1623270 627
1623280 627
1623290 627
1623300 628
1623310 629
1623320 629
1623330 630
1623340 630
1623350 630
1623360 628
1623370 627
1623380 627
1623390 625
1623400 625
1623410 625
1623420 628
1623430 633
1623440 633
1623450 638
1623460 639
1623470 639
1623480 638
1623490 638
1623500 638
1623510 640
1623520 642
1623530 642
1623540 644
1623550 647
1623560 651
1623570 651
1623580 655
1623590 659
1623600 659
1623610 663
1623620 666
1623630 666
1623640 668
1623650 669
1623660 669
1623670 671
1623680 674
1623690 674
1623700 679
1623710 685
1623720 685
1623730 691
1623740 697
1623750 697
1623760 703
1623770 710
1623780 710
1623790 715
1623800 717
1623810 717
1623820 716
1623830 715
1623840 715
1623850 713
1623860 711
1623870 711
1623880 709
1623890 709
1623900 709
1623910 708
1623920 706
1623930 706
1623940 702
1623950 698
1623960 698
1623970 695
1623980 694
1623990 693
1624000 693
1624010 692
1624020 692
1624030 692
1624040 692
1624050 692
1624060 692
1624070 691
1624080 691
1624090 691
1624100 691
1624110 690
1624120 690
1624130 689
1624140 683
1624150 683
1624160 676
1624170 669
1624180 669
1624190 666
1624200 666
1624210 666
1624220 670
1624230 675
1624240 675
1624250 682
1624260 686
1624270 686
1624280 687
1624290 687
1624300 687
1624310 686
1624320 685
1624330 685
1624340 679
1624350 669
1624360 669
1624370 660
1624380 651
1624390 651
1624400 644
1624410 641
1624420 640
1624430 640
1624440 641
1624450 641
1624460 641
1624470 641
1624480 640
1624490 640
1624500 640
1624510 639
1624520 639
1624530 638
1624540 637
1624550 637
1624560 638
1624570 641
1624580 641
1624590 645
1624600 649
1624610 649
1624620 653
1624630 657
1624640 657
1624650 661
1624660 668
1624670 668
1624680 674
1624690 680
1624700 680
1624710 686
1624720 692
1624730 692
1624740 696
1624750 696
1624760 696
1624770 692
1624780 679
1624790 679
1624800 677
1624810 672
1624820 667
1624830 667
1624840 663
1624850 657
1624860 657
1624870 653
1624880 654
1624890 654
1624900 656
1624910 659
1624920 659
1624930 670
1624940 682
1624950 682
1624960 688
1624970 695
1624980 695
1624990 701
1625000 708
1625010 708
1625020 712
1625030 715
1625040 715
1625050 719
1625060 725
1625070 725
1625080 731
1625090 737
1625100 737
1625110 743
1625120 750
1625130 750
1625140 757
1625150 765
1625160 765
1625170 774
1625180 782
1625190 782
1625200 793
1625210 805
1625220 805
1625230 813
1625240 819
1625250 825
1625260 825
1625270 833
1625280 838
1625290 838
1625300 841
1625310 843
1625320 843
1625330 846
1625340 847
1625350 847
1625360 847
1625370 847
1625380 847
1625390 848
1625400 851
1625410 851
1625420 855
1625430 860
1625440 860
1625450 862
1625460 861
1625470 861
1625480 860
1625490 861
1625500 861
1625510 865
1625520 873
1625530 873
1625540 882
1625550 883
1625560 883
1625570 888
1625580 896
1625590 896
1625600 903
1625610 909
1625620 909
1625630 915
1625640 922
1625650 929
1625660 929
1625670 936
1625680 941
1625690 932
1625700 935
1625710 938
1625720 938
1625730 941
1625740 944
1625750 944
1625760 948
1625770 953
1625780 953
1625790 958
1625800 964
1625810 964
1625820 973
1625830 982
1625840 982
1625850 989
1625860 995
1625870 995
1625880 997
1625890 998
1625900 998
1625910 998
1625920 999
1625930 999
1625940 1001
1625950 1001
1625960 1001
1625970 999
1625980 997
1625990 997
1626000 995
1626010 994
1626020 994
1626030 993
1626040 991
1626050 991
1626060 994
1626070 996
1626080 997
1626090 997
1626100 1001
1626110 1006
1626120 1006
1626130 1011
1626140 1016
1626150 1016
1626160 1022
1626170 1029
1626180 1029
1626190 1037
1626200 1042
1626210 1042
1626220 1047
1626230 1053
1626240 1053
1626250 1063
1626260 1071
1626270 1071
1626280 1074
1626290 1078
1626300 1078
1626310 1083
1626320 1088
1626330 1088
1626340 1094
1626350 1099
1626360 1099
1626370 1104
1626380 1112
1626390 1112
1626400 1124
1626410 1135
1626420 1135
1626430 1146
1626440 1150
1626450 1150
1626460 1150
1626470 1154
1626480 1154
1626490 1159
1626500 1165
1626510 1170
1626520 1170
1626530 1177
1626540 1185
1626550 1185
1626560 1194
1626570 1202
1626580 1202
1626590 1209
1626600 1214
1626610 1214
1626620 1221
1626630 1227
1626640 1227
1626650 1234
1626660 1241
1626670 1241
1626680 1249
1626690 1256
1626700 1256
1626710 1265
1626720 1275
1626730 1275
1626740 1287
1626750 1294
1626760 1294
1626770 1296
1626780 1296
1626790 1296
1626800 1295
1626810 1296
1626820 1296
1626830 1304
1626840 1313
1626850 1313
1626860 1320
1626870 1325
1626880 1325
1626890 1330
1626900 1334
1626910 1338
1626920 1338
1626930 1341
1626940 1344
1626950 1344
1626960 1347
1626970 1350
1626980 1350
1626990 1353
1627000 1355
1627010 1355
1627020 1357
1627030 1359
1627040 1359
1627050 1361
1627060 1364
1627070 1364
1627080 1367
1627090 1370
1627100 1370
1627110 1373
1627120 1378
1627130 1378
1627140 1380
1627150 1383
1627160 1383
1627170 1383
1627180 1384
1627190 1384
1627200 1385
1627210 1387
1627220 1387
1627230 1388
1627240 1388
1627250 1388
1627260 1388
1627270 1388
1627280 1388
1627290 1388
1627300 1387
1627310 1387
1627320 1386
1627330 1386
1627340 1386
1627350 1386
1627360 1388
1627370 1391
1627380 1391
1627390 1394
1627400 1396
1627410 1396
1627420 1397
1627430 1399
1627440 1399
1627450 1399
1627460 1400
1627470 1400
1627480 1400
1627490 1398
1627500 1392
1627510 1382
1627520 1373
1627530 1373
1627540 1366
1627550 1360
1627560 1360
1627570 1358
1627580 1355
1627590 1355
1627600 1354
1627610 1351
1627620 1351
1627630 1342
1627640 1340
1627650 1340
1627660 1342
1627670 1336
1627680 1336
1627690 1326
1627700 1320
1627710 1320
1627720 1321
1627730 1324
1627740 1326
1627750 1326
1627760 1327
1627770 1331
1627780 1331
1627790 1336
1627800 1332
1627810 1332
1627820 1328
1627830 1329
1627840 1329
1627850 1331
1627860 1334
1627870 1334
1627880 1340
1627890 1345
1627900 1345
1627910 1339
1627920 1331
1627930 1331
1627940 1318
1627950 1306
1627960 1306
1627970 1301
1627980 1297
1627990 1297
1628000 1293
1628010 1291
1628020 1291
1628030 1281
1628040 1262
1628050 1262
1628060 1236
1628070 1216
1628080 1216
1628090 1206
1628100 1198
1628110 1198
1628120 1190
1628130 1183
1628140 1183
1628150 1177
1628160 1170
1628170 1164
1628180 1164
1628190 1159
1628200 1152
1628210 1152
1628220 1146
1628230 1138
1628240 1138
1628250 1132
1628260 1125
1628270 1125
1628280 1122
1628290 1117
1628300 1117
1628310 1107
1628320 1098
1628330 1098
1628340 1090
1628350 1083
1628360 1083
1628370 1076
1628380 1069
1628390 1070
1628400 1063
1628410 1055
1628420 1055
1628430 1048
1628440 1042
1628450 1042
1628460 1037
1628470 1033
1628480 1033
1628490 1029
1628500 1030
1628510 1030
1628520 1029
1628530 1026
1628540 1026
1628550 1022
1628560 1018
1628570 1018
1628580 1013
1628590 1009
1628600 1003
1628610 1003
1628620 996
1628630 989
1628640 989
1628650 985
1628660 982
1628670 982
1628680 980
1628690 976
1628700 976
1628710 971
1628720 964
1628730 964
1628740 958
1628750 952
1628760 952
1628770 949
1628780 946
1628790 946
1628800 943
1628810 940
1628820 940
1628830 935
1628840 926
1628850 926
1628860 924
1628870 927
1628880 927
1628890 932
1628900 944
1628910 944
1628920 951
1628930 955
1628940 955
1628950 957
1628960 961
1628970 961
1628980 964
1628990 967
1629000 973
1629010 973
1629020 978
1629030 979
1629040 979
1629050 983
1629060 985
1629070 985
1629080 986
1629090 988
1629100 988
1629110 993
1629120 998
1629130 998
1629140 1006
1629150 1015
1629160 1015
1629170 1025
1629180 1036
1629190 1036
1629200 1041
1629210 1045
1629220 1045
1629230 1050
1629240 1053
1629250 1053
1629260 1057
1629270 1059
1629280 1052
1629290 1060
1629300 1066
1629310 1066
1629320 1072
1629330 1079
1629340 1079
1629350 1086
1629360 1091
1629370 1091
1629380 1095
1629390 1102
1629400 1102
1629410 1109
1629420 1116
1629430 1124
1629440 1124
1629450 1132
1629460 1137
1629470 1137
1629480 1142
1629490 1143
1629500 1143
1629510 1140
1629520 1136
1629530 1136
1629540 1136
1629550 1136
1629560 1136
1629570 1134
1629580 1132
1629590 1132
1629600 1130
1629610 1129
1629620 1129
1629630 1127
1629640 1125
1629650 1125
1629660 1123
1629670 1122
1629680 1122
1629690 1121
1629700 1119
1629710 1119
1629720 1118
1629730 1116
1629740 1116
1629750 1112
1629760 1106
1629770 1106
1629780 1100
1629790 1094
1629800 1094
1629810 1088
1629820 1083
1629830 1078
1629840 1078
1629850 1077
1629860 1078
1629870 1078
1629880 1079
1629890 1079
1629900 1079
1629910 1079
1629920 1079
1629930 1079
1629940 1080
1629950 1080
1629960 1080
1629970 1082
1629980 1084
1629990 1084
1630000 1086
1630010 1083
1630020 1083
1630030 1077
1630040 1068
1630050 1068
1630060 1060
1630070 1053
1630080 1053
1630090 1049
1630100 1046
1630110 1046
1630120 1042
1630130 1037
1630140 1037
1630150 1032
1630160 1026
1630170 1025
1630180 1019
1630190 1014
1630200 1014
1630210 1009
1630220 1005
1630230 1005
1630240 1001
1630250 995
1630260 991
1630270 991
1630280 990
1630290 989
1630300 989
1630310 988
1630320 987
1630330 987
1630340 986
1630350 985
1630360 985
1630370 984
1630380 983
1630390 983
1630400 982
1630410 981
1630420 981
1630430 981
1630440 980
1630450 980
1630460 979
1630470 979
1630480 979
1630490 978
1630500 977
1630510 977
1630520 977
1630530 977
1630540 977
1630550 977
1630560 979
1630570 979
1630580 982
1630590 984
1630600 984
1630610 986
1630620 990
1630630 990
1630640 994
1630650 997
1630660 997
1630670 999
1630680 996
1630690 992
1630700 992
1630710 991
1630720 990
1630730 990
1630740 992
1630750 993
1630760 993
1630770 994
1630780 996
1630790 996
1630800 998
1630810 1000
1630820 1000
1630830 1001
1630840 1002
1630850 1002
1630860 1003
1630870 1004
1630880 1004
1630890 1005
1630900 1005
1630910 1005
1630920 1006
1630930 1007
1630940 1007
1630950 1008
1630960 1009
1630970 1009
1630980 1010
1630990 1011
1631000 1011
1631010 1012
1631020 1012
1631030 1012
1631040 1011
1631050 1009
1631060 1009
1631070 1007
1631080 1004
1631090 1002
1631100 1002
1631110 999
1631120 996
1631130 996
1631140 992
1631150 990
1631160 990
1631170 986
1631180 980
1631190 980
1631200 974
1631210 966
1631220 966
1631230 959
1631240 952
1631250 952
1631260 946
1631270 938
1631280 938
1631290 930
1631300 923
1631310 923
1631320 916
1631330 909
1631340 909
1631350 904
1631360 897
1631370 897
1631380 891
1631390 885
1631400 885
1631410 880
1631420 875
1631430 875
1631440 869
1631450 865
1631460 865
1631470 861
1631480 858
1631490 858
1631500 857
1631510 854
1631520 855
1631530 855
1631540 861
1631550 867
1631560 867
1631570 872
1631580 874
1631590 874
1631600 876
1631610 878
1631620 878
1631630 878
1631640 879
1631650 879
1631660 879
1631670 878
1631680 878
1631690 877
1631700 876
1631710 876
1631720 876
1631730 874
1631740 874
1631750 872
1631760 870
1631770 870
1631780 867
1631790 864
1631800 864
1631810 860
1631820 857
1631830 857
1631840 854
1631850 852
1631860 852
1631870 852
1631880 852
1631890 852
1631900 851
1631910 849
1631920 845
1631930 844
1631940 844
1631950 844
1631960 844
1631970 846
1631980 848
1631990 848
1632000 851
1632010 854
1632020 854
1632030 857
1632040 859
1632050 859
1632060 861
1632070 862
1632080 862
1632090 864
1632100 866
1632110 866
1632120 867
1632130 868
1632140 868
1632150 869
1632160 868
1632170 868
1632180 866
1632190 862
1632200 862
1632210 860
1632220 859
1632230 859
1632240 858
1632250 857
1632260 857
1632270 854
1632280 852
1632290 852
1632300 849
1632310 848
1632320 848
1632330 846
1632340 845
1632350 844
1632360 844
1632370 841
1632380 840
1632390 840
1632400 838
1632410 836
1632420 836
1632430 835
1632440 832
1632450 832
1632460 829
1632470 826
1632480 826
1632490 824
1632500 823
1632510 823
1632520 821
1632530 819
1632540 819
1632550 818
1632560 817
1632570 817
1632580 816
1632590 815
1632600 815
1632610 816
1632620 818
1632630 818
1632640 820
1632650 821
1632660 821
1632670 822
1632680 823
1632690 823
1632700 825
1632710 826
1632720 826
1632730 827
1632740 827
1632750 827
1632760 827
1632770 827
1632780 827
1632790 825
1632800 825
1632810 823
1632820 823
1632830 822
1632840 821
1632850 821
1632860 820
1632870 819
1632880 819
1632890 819
1632900 819
1632910 819
1632920 820
1632930 822
1632940 822
1632950 823
1632960 824
1632970 824
1632980 820
1632990 813
1633000 813
1633010 806
1633020 799
1633030 799
1633040 792
1633050 785
1633060 785
1633070 778
1633080 771
1633090 771
1633100 763
1633110 751
1633120 751
1633130 737
1633140 725
1633150 725
1633160 713
1633170 703
1633180 694
1633190 694
1633200 687
1633210 680
1633220 680
1633230 676
1633240 674
1633250 674
1633260 674
1633270 672
1633280 672
1633290 671
1633300 672
1633310 672
1633320 678
1633330 686
1633340 686
1633350 694
1633360 699
1633370 699
1633380 704
1633390 709
1633400 709
1633410 713
1633420 718
1633430 718
1633440 724
1633450 730
1633460 730
1633470 736
1633480 743
1633490 743
1633500 750
1633510 758
1633520 758
1633530 767
1633540 775
1633550 775
1633560 782
1633570 789
1633580 789
1633590 795
1633600 801
1633610 807
1633620 807
1633630 812
1633640 818
1633650 815
1633660 821
1633670 826
1633680 826
1633690 831
1633700 836
1633710 836
1633720 841
1633730 845
1633740 845
1633750 849
1633760 853
1633770 853
1633780 860
1633790 867
1633800 867
1633810 873
1633820 879
1633830 879
1633840 885
1633850 891
1633860 891
1633870 896
1633880 899
1633890 899
1633900 906
1633910 913
1633920 913
1633930 919
1633940 923
1633950 923
1633960 924
1633970 925
1633980 925
1633990 926
1634000 930
1634010 930
1634020 936
1634030 943
1634040 949
1634050 949
1634060 955
1634070 960
1634080 960
1634090 964
1634100 968
1634110 968
1634120 971
1634130 975
1634140 975
1634150 978
1634160 981
1634170 981
1634180 982
1634190 983
1634200 983
1634210 984
1634220 984
1634230 984
1634240 980
1634250 974
1634260 974
1634270 969
1634280 964
1634290 964
1634300 959
1634310 956
1634320 956
1634330 953
1634340 951
1634350 951
1634360 953
1634370 957
1634380 957
1634390 956
1634400 947
1634410 947
1634420 940
1634430 939
1634440 944
1634450 944
1634460 952
1634470 955
1634480 955
1634490 956
1634500 958
1634510 951
1634520 953
1634530 955
1634540 955
1634550 955
1634560 956
1634570 956
1634580 955
1634590 951
1634600 951
1634610 945
1634620 936
1634630 936
1634640 929
1634650 924
1634660 924
1634670 918
1634680 911
1634690 911
1634700 906
1634710 904
1634720 904
1634730 903
1634740 902
1634750 902
1634760 900
1634770 896
1634780 896
1634790 890
1634800 883
1634810 883
1634820 878
1634830 874
1634840 874
1634850 872
1634860 871
1634870 873
1634880 873
1634890 878
1634900 884
1634910 884
1634920 888
1634930 892
1634940 892
1634950 894
1634960 895
1634970 895
1634980 896
1634990 893
1635000 893
1635010 889
1635020 886
1635030 886
1635040 883
1635050 877
1635060 877
1635070 868
1635080 860
1635090 860
1635100 854
1635110 849
1635120 849
1635130 848
1635140 849
1635150 849
1635160 849
1635170 848
1635180 848
1635190 845
1635200 840
1635210 840
1635220 833
1635230 832
1635240 832
1635250 833
1635260 835
1635270 835
1635280 836
1635290 835
1635300 833
1635310 833
1635320 832
1635330 831
1635340 831
1635350 829
1635360 821
1635370 821
1635380 824
1635390 823
1635400 823
1635410 822
1635420 821
1635430 821
1635440 819
1635450 817
1635460 817
1635470 815
1635480 811
1635490 811
1635500 806
1635510 799
1635520 799
1635530 792
1635540 783
1635550 783
1635560 774
1635570 770
1635580 770
1635590 769
1635600 768
1635610 768
1635620 766
1635630 768
1635640 768
1635650 769
1635660 768
1635670 768
1635680 761
1635690 754
1635700 746
1635710 746
1635720 738
1635730 731
1635740 731
1635750 724
1635760 716
1635770 716
1635780 709
1635790 702
1635800 702
1635810 696
1635820 689
1635830 689
1635840 683
1635850 677
1635860 677
1635870 671
1635880 665
1635890 665
1635900 658
1635910 652
1635920 652
1635930 647
1635940 640
1635950 640
1635960 635
1635970 629
1635980 629
1635990 624
1636000 619
1636010 619
1636020 614
1636030 609
1636040 609
1636050 605
1636060 601
1636070 601
1636080 597
1636090 594
1636100 594
1636110 590
1636120 587
1636130 586
1636140 586
1636150 586
1636160 586
1636170 586
1636180 585
1636190 585
1636200 585
1636210 585
1636220 584
1636230 584
1636240 584
1636250 584
1636260 584
1636270 583
1636280 583
1636290 583
1636300 583
1636310 582
1636320 582
1636330 581
1636340 580
1636350 580
1636360 583
1636370 589
1636380 589
1636390 592
1636400 595
1636410 595
1636420 599
1636430 602
1636440 602
1636450 605
1636460 608
1636470 608
1636480 612
1636490 615
1636500 615
1636510 619
1636520 622
1636530 625
1636540 625
1636550 628
1636560 631
1636570 631
1636580 633
1636590 633
1636600 633
1636610 637
1636620 643
1636630 643
1636640 647
1636650 651
1636660 651
1636670 654
1636680 656
1636690 656
1636700 659
1636710 662
1636720 662
1636730 666
1636740 671
1636750 671
1636760 677
1636770 684
1636780 684
1636790 691
1636800 698
1636810 698
1636820 705
1636830 714
1636840 714
1636850 722
1636860 729
1636870 729
1636880 736
1636890 742
1636900 742
1636910 747
1636920 752
1636930 752
1636940 757
1636950 762
1636960 765
1636970 765
1636980 769
1636990 774
1637000 774
1637010 778
1637020 783
1637030 783
1637040 787
1637050 786
1637060 786
1637070 789
1637080 792
1637090 792
1637100 794
1637110 795
1637120 795
1637130 794
1637140 790
1637150 790
1637160 786
1637170 781
1637180 781
1637190 774
1637200 767
1637210 767
1637220 760
1637230 753
1637240 753
1637250 745
1637260 738
1637270 738
1637280 731
1637290 725
1637300 725
1637310 719
1637320 715
1637330 715
1637340 711
1637350 705
1637360 705
1637370 699
1637380 698
1637390 697
1637400 697
1637410 697
1637420 703
1637430 703
1637440 712
1637450 719
1637460 719
1637470 726
1637480 733
1637490 733
1637500 740
1637510 746
1637520 746
1637530 753
1637540 759
1637550 759
1637560 764
1637570 768
1637580 768
1637590 771
1637600 772
1637610 772
1637620 773
1637630 773
1637640 773
1637650 772
1637660 772
1637670 772
1637680 771
1637690 770
1637700 770
1637710 769
1637720 769
1637730 769
1637740 768
1637750 768
1637760 768
1637770 766
1637780 763
1637790 759
1637800 759
1637810 756
1637820 753
1637830 753
1637840 755
1637850 758
1637860 758
1637870 762
1637880 765
1637890 760
1637900 762
1637910 765
1637920 765
1637930 767
1637940 770
1637950 770
1637960 771
1637970 772
1637980 772
1637990 772
1638000 772
1638010 772
1638020 771
1638030 769
1638040 769
1638050 769
1638060 768
1638070 768
1638080 767
1638090 767
1638100 767
1638110 771
1638120 769
1638130 769
1638140 760
1638150 754
1638160 754
1638170 747
1638180 741
1638190 741
1638200 732
1638210 724
1638220 717
1638230 717
1638240 712
1638250 708
1638260 708
1638270 707
1638280 703
1638290 703
1638300 701
1638310 703
1638320 703
1638330 708
1638340 716
1638350 716
1638360 725
1638370 733
1638380 733
1638390 739
1638400 747
1638410 747
1638420 755
1638430 763
1638440 763
1638450 770
1638460 779
1638470 779
1638480 788
1638490 795
1638500 795
1638510 799
1638520 802
1638530 802
1638540 804
1638550 806
1638560 806
1638570 807
1638580 811
1638590 811
1638600 815
1638610 820
1638620 820
1638630 822
1638640 821
1638650 818
1638660 818
1638670 815
1638680 814
1638690 814
1638700 810
1638710 806
1638720 801
1638730 796
1638740 794
1638750 794
1638760 794
1638770 792
1638780 792
1638790 790
1638800 788
1638810 788
1638820 790
1638830 797
1638840 797
1638850 806
1638860 815
1638870 815
1638880 821
1638890 827
1638900 827
1638910 837
1638920 848
1638930 848
1638940 855
1638950 862
1638960 862
1638970 867
1638980 872
1638990 872
1639000 876
1639010 880
1639020 880
1639030 884
1639040 882
1639050 875
1639060 875
1639070 868
1639080 860
1639090 860
1639100 852
1639110 845
1639120 845
1639130 838
1639140 831
1639150 831
1639160 823
1639170 816
1639180 816
1639190 810
1639200 804
1639210 804
1639220 798
1639230 791
1639240 791
1639250 785
1639260 777
1639270 777
1639280 772
1639290 769
1639300 769
1639310 767
1639320 766
1639330 766
1639340 766
1639350 766
1639360 766
1639370 764
1639380 761
1639390 761
1639400 758
1639410 759
1639420 759
1639430 765
1639440 768
1639450 768
1639460 767
1639470 766
1639480 765
1639490 765
1639500 764
1639510 765
1639520 765
1639530 771
1639540 779
1639550 775
1639560 781
1639570 785
1639580 785
1639590 786
1639600 789
1639610 789
1639620 796
1639630 802
1639640 802
1639650 806
1639660 813
1639670 813
1639680 819
1639690 825
1639700 825
1639710 832
1639720 838
1639730 838
1639740 842
1639750 845
1639760 845
1639770 843
1639780 840
1639790 840
1639800 844
1639810 843
1639820 843
1639830 839
1639840 838
1639850 838
1639860 843
1639870 849
1639880 849
1639890 856
1639900 863
1639910 869
1639920 869
1639930 874
1639940 878
1639950 878
1639960 881
1639970 886
1639980 886
1639990 890
