1620000 1306
1620010 1303
1620020 1301
1620030 1301
1620040 1300
1620050 1301
1620060 1301
1620070 1304
1620080 1302
1620090 1302
1620100 1297
1620110 1295
1620120 1295
1620130 1290
1620140 1282
1620150 1282
1620160 1276
1620170 1274
1620180 1274
1620190 1272
1620200 1272
1620210 1272
1620220 1272
1620230 1273
1620240 1284
1620250 1284
1620260 1292
1620270 1302
1620280 1302
1620290 1301
1620300 1297
1620310 1297
1620320 1300
1620330 1305
1620340 1305
1620350 1308
1620360 1318
1620370 1318
1620380 1325
1620390 1322
1620400 1322
1620410 1319
1620420 1317
1620430 1317
1620440 1317
1620450 1313
1620460 1313
1620470 1302
1620480 1287
1620490 1287
1620500 1282
1620510 1284
1620520 1284
1620530 1282
1620540 1277
1620550 1277
1620560 1269
1620570 1263
1620580 1263
1620590 1264
1620600 1270
1620610 1270
1620620 1272
1620630 1274
1620640 1272
1620650 1272
1620660 1264
1620670 1266
1620680 1266
1620690 1265
1620700 1262
1620710 1262
1620720 1263
1620730 1264
1620740 1264
1620750 1267
1620760 1272
1620770 1272
1620780 1276
1620790 1278
1620800 1278
1620810 1279
1620820 1279
1620830 1279
1620840 1278
1620850 1278
1620860 1278
1620870 1279
1620880 1280
1620890 1280
1620900 1281
1620910 1281
1620920 1281
1620930 1281
1620940 1280
1620950 1280
1620960 1280
1620970 1277
1620980 1277
1620990 1274
1621000 1273
1621010 1273
1621020 1272
1621030 1271
1621040 1271
1621050 1270
1621060 1269
1621070 1268
1621080 1268
1621090 1267
1621100 1266
1621110 1266
1621120 1264
1621130 1261
1621140 1261
1621150 1258
1621160 1256
1621170 1256
1621180 1258
1621190 1252
1621200 1252
1621210 1248
1621220 1247
1621230 1247
1621240 1251
1621250 1254
1621260 1254
1621270 1256
1621280 1255
1621290 1255
1621300 1254
1621310 1254
1621320 1254
1621330 1251
1621340 1247
1621350 1247
1621360 1243
1621370 1237
1621380 1237
1621390 1231
1621400 1226
1621410 1226
1621420 1221
1621430 1218
1621440 1218
1621450 1216
1621460 1214
1621470 1214
1621480 1213
1621490 1211
1621500 1209
1621510 1209
1621520 1207
1621530 1205
1621540 1205
1621550 1200
1621560 1195
1621570 1195
1621580 1193
1621590 1188
1621600 1188
1621610 1183
1621620 1180
1621630 1180
1621640 1176
1621650 1171
1621660 1171
1621670 1168
1621680 1165
1621690 1165
1621700 1161
1621710 1157
1621720 1157
1621730 1151
1621740 1148
1621750 1148
1621760 1145
1621770 1141
1621780 1141
1621790 1138
1621800 1135
1621810 1135
1621820 1132
1621830 1129
1621840 1129
1621850 1125
1621860 1121
1621870 1121
1621880 1116
1621890 1111
1621900 1111
1621910 1106
1621920 1101
1621930 1097
1621940 1097
1621950 1094
1621960 1091
1621970 1091
1621980 1089
1621990 1086
1622000 1086
1622010 1084
1622020 1081
1622030 1081
1622040 1076
1622050 1070
1622060 1070
1622070 1066
1622080 1064
1622090 1064
1622100 1061
1622110 1061
1622120 1061
1622130 1057
1622140 1054
1622150 1054
1622160 1052
1622170 1050
1622180 1050
1622190 1048
1622200 1047
1622210 1047
1622220 1046
1622230 1046
1622240 1046
1622250 1047
1622260 1048
1622270 1048
1622280 1048
1622290 1048
1622300 1048
1622310 1048
1622320 1048
1622330 1047
1622340 1047
1622350 1047
1622360 1047
1622370 1047
1622380 1046
1622390 1045
1622400 1045
1622410 1043
1622420 1040
1622430 1040
1622440 1037
1622450 1035
1622460 1035
1622470 1034
1622480 1033
1622490 1033
1622500 1031
1622510 1029
1622520 1029
1622530 1027
1622540 1028
1622550 1028
1622560 1029
1622570 1027
1622580 1027
1622590 1025
1622600 1024
1622610 1024
1622620 1024
1622630 1021
1622640 1021
1622650 1015
1622660 1009
1622670 1009
1622680 1003
1622690 998
1622700 998
1622710 993
1622720 985
1622730 985
1622740 978
1622750 972
1622760 966
1622770 966
1622780 962
1622790 957
1622800 957
1622810 953
1622820 946
1622830 946
1622840 940
1622850 933
1622860 933
1622870 926
1622880 919
1622890 919
1622900 913
1622910 907
1622920 907
1622930 902
1622940 898
1622950 898
1622960 893
1622970 888
1622980 888
1622990 883
1623000 877
1623010 877
1623020 873
1623030 869
1623040 867
1623050 860
1623060 853
1623070 853
1623080 847
1623090 841
1623100 841
1623110 835
1623120 830
1623130 830
1623140 824
1623150 818
1623160 818
1623170 812
1623180 806
1623190 799
1623200 799
1623210 794
1623220 788
1623230 788
1623240 783
1623250 777
1623260 777
1623270 771
1623280 765
1623290 765
1623300 759
1623310 753
1623320 753
1623330 747
1623340 742
1623350 742
1623360 737
1623370 732
1623380 732
1623390 728
1623400 724
1623410 724
1623420 720
1623430 717
1623440 717
1623450 715
1623460 712
1623470 712
1623480 709
1623490 706
1623500 706
1623510 702
1623520 698
1623530 698
1623540 694
1623550 690
1623560 690
1623570 686
1623580 681
1623590 677
1623600 677
1623610 673
1623620 669
1623630 669
1623640 666
1623650 663
1623660 663
1623670 661
1623680 657
1623690 657
1623700 653
1623710 650
1623720 650
1623730 648
1623740 645
1623750 645
1623760 642
1623770 639
1623780 639
1623790 637
1623800 634
1623810 634
1623820 632
1623830 629
1623840 629
1623850 627
1623860 625
1623870 625
1623880 623
1623890 620
1623900 620
1623910 618
1623920 615
1623930 615
1623940 612
1623950 609
1623960 609
1623970 607
1623980 605
1623990 605
1624000 603
1624010 602
1624020 600
1624030 600
1624040 599
1624050 598
1624060 598
1624070 596
1624080 595
1624090 595
1624100 594
1624110 593
1624120 593
1624130 592
1624140 591
1624150 591
1624160 589
1624170 589
1624180 589
1624190 588
1624200 586
1624210 586
1624220 586
1624230 587
1624240 587
1624250 586
1624260 587
1624270 587
1624280 589
1624290 592
1624300 592
1624310 594
1624320 594
1624330 594
1624340 595
1624350 595
1624360 595
1624370 595
1624380 593
1624390 593
1624400 592
1624410 592
1624420 592
1624430 592
1624440 592
1624450 592
1624460 592
1624470 593
1624480 593
1624490 593
1624500 593
1624510 593
1624520 593
1624530 593
1624540 593
1624550 593
1624560 593
1624570 592
1624580 592
1624590 592
1624600 594
1624610 594
1624620 593
1624630 594
1624640 594
1624650 596
1624660 597
1624670 597
1624680 599
1624690 600
1624700 600
1624710 602
1624720 604
1624730 604
1624740 605
1624750 607
1624760 607
1624770 609
1624780 611
1624790 611
1624800 613
1624810 615
1624820 615
1624830 617
1624840 618
1624850 618
1624860 620
1624870 622
1624880 622
1624890 622
1624900 624
1624910 625
1624920 625
1624930 627
1624940 629
1624950 629
1624960 631
1624970 632
1624980 632
1624990 634
1625000 636
1625010 636
1625020 637
1625030 639
1625040 639
1625050 643
1625060 647
1625070 647
1625080 651
1625090 654
1625100 654
1625110 657
1625120 661
1625130 661
1625140 664
1625150 668
1625160 668
1625170 672
1625180 674
1625190 674
1625200 676
1625210 677
1625220 677
1625230 679
1625240 681
1625250 681
1625260 682
1625270 683
1625280 684
1625290 684
1625300 685
1625310 685
1625320 685
1625330 686
1625340 689
1625350 689
1625360 691
1625370 693
1625380 693
1625390 695
1625400 697
1625410 697
1625420 698
1625430 700
1625440 700
1625450 702
1625460 705
1625470 705
1625480 706
1625490 708
1625500 708
1625510 710
1625520 713
1625530 713
1625540 718
1625550 723
1625560 723
1625570 728
1625580 732
1625590 732
1625600 736
1625610 740
1625620 740
1625630 745
1625640 749
1625650 749
1625660 753
1625670 756
1625680 756
1625690 759
1625700 762
1625710 765
1625720 765
1625730 768
1625740 772
1625750 772
1625760 775
1625770 777
1625780 777
1625790 775
1625800 777
1625810 777
1625820 779
1625830 781
1625840 781
1625850 783
1625860 786
1625870 786
1625880 790
1625890 794
1625900 794
1625910 797
1625920 800
1625930 800
1625940 803
1625950 804
1625960 804
1625970 806
1625980 807
1625990 807
1626000 808
1626010 808
1626020 808
1626030 809
1626040 809
1626050 809
1626060 810
1626070 812
1626080 812
1626090 814
1626100 817
1626110 817
1626120 820
1626130 822
1626140 825
1626150 825
1626160 828
1626170 831
1626180 831
1626190 833
1626200 835
1626210 835
1626220 838
1626230 841
1626240 841
1626250 845
1626260 849
1626270 849
1626280 853
1626290 857
1626300 857
1626310 860
1626320 863
1626330 863
1626340 866
1626350 869
1626360 869
1626370 872
1626380 875
1626390 875
1626400 877
1626410 879
1626420 879
1626430 880
1626440 883
1626450 883
1626460 884
1626470 887
1626480 887
1626490 891
1626500 896
1626510 896
1626520 900
1626530 905
1626540 905
1626550 910
1626560 917
1626570 923
1626580 923
1626590 930
1626600 937
1626610 937
1626620 943
1626630 949
1626640 949
1626650 955
1626660 961
1626670 961
1626680 965
1626690 968
1626700 962
1626710 963
1626720 964
1626730 964
1626740 965
1626750 964
1626760 964
1626770 964
1626780 965
1626790 965
1626800 968
1626810 973
1626820 973
1626830 980
1626840 986
1626850 986
1626860 992
1626870 995
1626880 995
1626890 997
1626900 999
1626910 999
1626920 1004
1626930 1009
1626940 1009
1626950 1012
1626960 1013
1626970 1014
1626980 1014
1626990 1017
1627000 1020
1627010 1020
1627020 1022
1627030 1024
1627040 1024
1627050 1027
1627060 1030
1627070 1030
1627080 1034
1627090 1037
1627100 1037
1627110 1039
1627120 1041
1627130 1041
1627140 1044
1627150 1047
1627160 1047
1627170 1052
1627180 1058
1627190 1058
1627200 1063
1627210 1067
1627220 1067
1627230 1071
1627240 1076
1627250 1076
1627260 1080
1627270 1084
1627280 1084
1627290 1086
1627300 1089
1627310 1089
1627320 1091
1627330 1094
1627340 1094
1627350 1100
1627360 1106
1627370 1106
1627380 1111
1627390 1115
1627400 1119
1627410 1119
1627420 1124
1627430 1128
1627440 1128
1627450 1132
1627460 1136
1627470 1136
1627480 1139
1627490 1142
1627500 1142
1627510 1144
1627520 1146
1627530 1146
1627540 1145
1627550 1145
1627560 1145
1627570 1144
1627580 1143
1627590 1143
1627600 1135
1627610 1133
1627620 1133
1627630 1132
1627640 1129
1627650 1129
1627660 1126
1627670 1123
1627680 1123
1627690 1120
1627700 1119
1627710 1119
1627720 1119
1627730 1119
1627740 1119
1627750 1119
1627760 1117
1627770 1117
1627780 1113
1627790 1110
1627800 1110
1627810 1106
1627820 1101
1627830 1096
1627840 1096
1627850 1094
1627860 1092
1627870 1092
1627880 1090
1627890 1087
1627900 1087
1627910 1084
1627920 1081
1627930 1081
1627940 1077
1627950 1072
1627960 1072
1627970 1067
1627980 1062
1627990 1062
1628000 1054
1628010 1048
1628020 1048
1628030 1044
1628040 1040
1628050 1040
1628060 1034
1628070 1028
1628080 1028
1628090 1023
1628100 1020
1628110 1020
1628120 1017
1628130 1014
1628140 1014
1628150 1010
1628160 1005
1628170 1005
1628180 1001
1628190 995
1628200 995
1628210 989
1628220 984
1628230 984
1628240 979
1628250 974
1628260 969
1628270 969
1628280 966
1628290 963
1628300 963
1628310 959
1628320 954
1628330 954
1628340 950
1628350 945
1628360 945
1628370 940
1628380 937
1628390 937
1628400 933
1628410 929
1628420 929
1628430 924
1628440 920
1628450 920
1628460 914
1628470 910
1628480 910
1628490 904
1628500 900
1628510 900
1628520 898
1628530 897
1628540 897
1628550 895
1628560 891
1628570 891
1628580 887
1628590 881
1628600 881
1628610 875
1628620 868
1628630 868
1628640 862
1628650 855
1628660 848
1628670 848
1628680 841
1628690 835
1628700 835
1628710 829
1628720 823
1628730 823
1628740 819
1628750 817
1628760 817
1628770 816
1628780 815
1628790 815
1628800 813
1628810 812
1628820 812
1628830 810
1628840 809
1628850 809
1628860 807
1628870 806
1628880 806
1628890 805
1628900 805
1628910 805
1628920 803
1628930 802
1628940 802
1628950 804
1628960 804
1628970 804
1628980 804
1628990 804
1629000 804
1629010 804
1629020 809
1629030 809
1629040 816
1629050 823
1629060 823
1629070 830
1629080 837
1629090 843
1629100 843
1629110 848
1629120 853
1629130 853
1629140 856
1629150 860
1629160 860
1629170 867
1629180 875
1629190 875
1629200 882
1629210 890
1629220 890
1629230 898
1629240 902
1629250 902
1629260 906
1629270 913
1629280 913
1629290 920
1629300 929
1629310 929
1629320 939
1629330 946
1629340 946
1629350 952
1629360 957
1629370 957
1629380 952
1629390 950
1629400 950
1629410 945
1629420 941
1629430 941
1629440 938
1629450 936
1629460 936
1629470 934
1629480 933
1629490 933
1629500 932
1629510 930
1629520 927
1629530 927
1629540 923
1629550 921
1629560 921
1629570 920
1629580 919
1629590 919
1629600 918
1629610 918
1629620 918
1629630 917
1629640 918
1629650 918
1629660 919
1629670 921
1629680 921
1629690 920
1629700 921
1629710 921
1629720 923
1629730 926
1629740 926
1629750 930
1629760 933
1629770 933
1629780 936
1629790 939
1629800 939
1629810 942
1629820 945
1629830 945
1629840 949
1629850 951
1629860 951
1629870 954
1629880 955
1629890 955
1629900 956
1629910 956
1629920 956
1629930 954
1629940 952
1629950 948
1629960 948
1629970 943
1629980 937
1629990 937
1630000 930
1630010 924
1630020 924
1630030 919
1630040 914
1630050 914
1630060 909
1630070 904
1630080 904
1630090 900
1630100 896
1630110 896
1630120 892
1630130 890
1630140 890
1630150 886
1630160 881
1630170 881
1630180 876
1630190 871
1630200 871
1630210 867
1630220 864
1630230 864
1630240 861
1630250 857
1630260 857
1630270 850
1630280 845
1630290 845
1630300 841
1630310 837
1630320 837
1630330 833
1630340 829
1630350 826
1630360 826
1630370 823
1630380 822
1630390 822
1630400 822
1630410 822
1630420 822
1630430 821
1630440 821
1630450 821
1630460 819
1630470 817
1630480 817
1630490 817
1630500 819
1630510 819
1630520 823
1630530 827
1630540 827
1630550 830
1630560 831
1630570 831
1630580 833
1630590 836
1630600 836
1630610 837
1630620 839
1630630 839
1630640 840
1630650 840
1630660 840
1630670 840
1630680 838
1630690 838
1630700 836
1630710 836
1630720 836
1630730 836
1630740 835
1630750 835
1630760 835
1630770 836
1630780 838
1630790 838
1630800 840
1630810 841
1630820 841
1630830 841
1630840 841
1630850 841
1630860 842
1630870 842
1630880 842
1630890 841
1630900 840
1630910 840
1630920 839
1630930 837
1630940 837
1630950 836
1630960 835
1630970 835
1630980 833
1630990 830
1631000 830
1631010 827
1631020 824
1631030 824
1631040 820
1631050 817
1631060 817
1631070 813
1631080 809
1631090 809
1631100 804
1631110 800
1631120 800
1631130 797
1631140 787
1631150 787
1631160 785
1631170 784
1631180 784
1631190 783
1631200 781
1631210 781
1631220 781
1631230 783
1631240 782
1631250 782
1631260 780
1631270 777
1631280 777
1631290 774
1631300 770
1631310 770
1631320 765
1631330 760
1631340 760
1631350 757
1631360 755
1631370 755
1631380 754
1631390 751
1631400 751
1631410 746
1631420 742
1631430 742
1631440 745
1631450 748
1631460 748
1631470 747
1631480 746
1631490 746
1631500 743
1631510 739
1631520 739
1631530 736
1631540 733
1631550 733
1631560 731
1631570 731
1631580 731
1631590 727
1631600 726
1631610 726
1631620 725
1631630 724
1631640 723
1631650 723
1631660 724
1631670 721
1631680 721
1631690 722
1631700 725
1631710 725
1631720 725
1631730 725
1631740 725
1631750 726
1631760 726
1631770 726
1631780 726
1631790 728
1631800 728
1631810 729
1631820 730
1631830 730
1631840 732
1631850 733
1631860 733
1631870 733
1631880 733
1631890 733
1631900 733
1631910 732
1631920 732
1631930 730
1631940 727
1631950 727
1631960 722
1631970 718
1631980 718
1631990 715
1632000 711
1632010 711
1632020 708
1632030 705
1632040 701
1632050 701
1632060 700
1632070 698
1632080 698
1632090 696
1632100 694
1632110 694
1632120 693
1632130 690
1632140 690
1632150 685
1632160 684
1632170 684
1632180 687
1632190 693
1632200 693
1632210 699
1632220 701
1632230 701
1632240 703
1632250 708
1632260 708
1632270 709
1632280 707
1632290 707
1632300 706
1632310 705
1632320 705
1632330 705
1632340 704
1632350 704
1632360 705
1632370 704
1632380 704
1632390 702
1632400 700
1632410 700
1632420 696
1632430 692
1632440 692
1632450 688
1632460 683
1632470 678
1632480 678
1632490 673
1632500 668
1632510 668
1632520 671
1632530 675
1632540 675
1632550 681
1632560 686
1632570 686
1632580 692
1632590 698
1632600 698
1632610 703
1632620 706
1632630 706
1632640 707
1632650 706
1632660 706
1632670 707
1632680 709
1632690 709
1632700 710
1632710 711
1632720 711
1632730 712
1632740 712
1632750 712
1632760 715
1632770 716
1632780 716
1632790 716
1632800 715
1632810 715
1632820 714
1632830 713
1632840 713
1632850 712
1632860 713
1632870 713
1632880 710
1632890 710
1632900 711
1632910 711
1632920 711
1632930 712
1632940 712
1632950 711
1632960 711
1632970 711
1632980 710
1632990 708
1633000 708
1633010 703
1633020 700
1633030 700
1633040 696
1633050 693
1633060 693
1633070 688
1633080 681
1633090 681
1633100 682
1633110 684
1633120 684
1633130 689
1633140 694
1633150 694
1633160 697
1633170 697
1633180 697
1633190 695
1633200 695
1633210 695
1633220 695
1633230 695
1633240 695
1633250 695
1633260 695
1633270 695
1633280 694
1633290 691
1633300 691
1633310 689
1633320 686
1633330 683
1633340 683
1633350 680
1633360 677
1633370 677
1633380 672
1633390 666
1633400 666
1633410 660
1633420 654
1633430 654
1633440 647
1633450 641
1633460 641
1633470 634
1633480 629
1633490 629
1633500 622
1633510 615
1633520 615
1633530 614
1633540 614
1633550 614
1633560 614
1633570 614
1633580 614
1633590 614
1633600 614
1633610 614
1633620 614
1633630 614
1633640 614
1633650 613
1633660 615
1633670 615
1633680 615
1633690 615
1633700 615
1633710 615
1633720 615
1633730 615
1633740 614
1633750 614
1633760 612
1633770 612
1633780 612
1633790 616
1633800 616
1633810 622
1633820 627
1633830 627
1633840 631
1633850 636
1633860 636
1633870 644
1633880 650
1633890 650
1633900 655
1633910 659
1633920 659
1633930 660
1633940 660
1633950 660
1633960 661
1633970 661
1633980 661
1633990 660
1634000 660
1634010 660
1634020 659
1634030 659
1634040 659
1634050 659
1634060 659
1634070 659
1634080 658
1634090 657
1634100 657
1634110 656
1634120 654
1634130 654
1634140 649
1634150 644
1634160 641
1634170 641
1634180 639
1634190 639
1634200 639
1634210 640
1634220 642
1634230 642
1634240 643
1634250 643
1634260 643
1634270 641
1634280 638
1634290 638
1634300 634
1634310 631
1634320 631
1634330 630
1634340 631
1634350 631
1634360 634
1634370 637
1634380 637
1634390 639
1634400 640
1634410 640
1634420 641
1634430 641
1634440 641
1634450 641
1634460 639
1634470 639
1634480 636
1634490 634
1634500 634
1634510 633
1634520 631
1634530 631
1634540 629
1634550 628
1634560 628
1634570 627
1634580 623
1634590 619
1634600 616
1634610 614
1634620 613
1634630 613
1634640 613
1634650 613
1634660 613
1634670 613
1634680 616
1634690 616
1634700 620
1634710 624
1634720 624
1634730 626
1634740 625
1634750 625
1634760 617
1634770 610
1634780 610
1634790 608
1634800 611
1634810 611
1634820 610
1634830 610
1634840 610
1634850 612
1634860 613
1634870 613
1634880 611
1634890 607
1634900 607
1634910 602
1634920 597
1634930 597
1634940 595
1634950 596
1634960 596
1634970 594
1634980 593
1634990 593
1635000 590
1635010 586
1635020 583
1635030 583
1635040 580
1635050 580
1635060 580
1635070 581
1635080 581
1635090 581
1635100 582
1635110 583
1635120 583
1635130 582
1635140 581
1635150 581
1635160 580
1635170 578
1635180 578
1635190 575
1635200 573
1635210 573
1635220 569
1635230 568
1635240 568
1635250 566
1635260 566
1635270 566
1635280 567
1635290 567
1635300 567
1635310 566
1635320 564
1635330 564
1635340 561
1635350 559
1635360 559
1635370 559
1635380 559
1635390 559
1635400 559
1635410 559
1635420 559
1635430 559
1635440 559
1635450 558
1635460 558
1635470 558
1635480 558
1635490 558
1635500 558
1635510 558
1635520 558
1635530 559
1635540 559
1635550 559
1635560 558
1635570 560
1635580 560
1635590 561
1635600 562
1635610 562
1635620 564
1635630 565
1635640 565
1635650 567
1635660 568
1635670 568
1635680 570
1635690 572
1635700 572
1635710 574
1635720 575
1635730 575
1635740 575
1635750 575
1635760 575
1635770 575
1635780 575
1635790 575
1635800 575
1635810 575
1635820 575
1635830 576
1635840 576
1635850 576
1635860 576
1635870 575
1635880 576
1635890 576
1635900 578
1635910 579
1635920 579
1635930 580
1635940 579
1635950 579
1635960 579
1635970 580
1635980 580
1635990 580
1636000 580
1636010 580
1636020 581
1636030 583
1636040 583
1636050 583
1636060 582
1636070 582
1636080 583
1636090 582
1636100 582
1636110 580
1636120 578
1636130 578
1636140 576
1636150 576
1636160 576
1636170 576
1636180 574
1636190 574
1636200 573
1636210 571
1636220 571
1636230 570
1636240 568
1636250 568
1636260 568
1636270 568
1636280 567
1636290 567
1636300 569
1636310 567
1636320 567
1636330 565
1636340 564
1636350 564
1636360 560
1636370 555
1636380 555
1636390 551
1636400 549
1636410 549
1636420 546
1636430 546
1636440 546
1636450 546
1636460 544
1636470 544
1636480 539
1636490 537
1636500 537
1636510 535
1636520 534
1636530 534
1636540 533
1636550 532
1636560 532
1636570 532
1636580 531
1636590 531
1636600 531
1636610 532
1636620 532
1636630 531
1636640 531
1636650 531
1636660 530
1636670 530
1636680 530
1636690 530
1636700 530
1636710 529
1636720 529
1636730 529
1636740 529
1636750 529
1636760 528
1636770 528
1636780 528
1636790 527
1636800 525
1636810 525
1636820 527
1636830 527
1636840 527
1636850 527
1636860 529
1636870 529
1636880 530
1636890 532
1636900 532
1636910 536
1636920 541
1636930 541
1636940 545
1636950 550
1636960 550
1636970 555
1636980 560
1636990 560
1637000 562
1637010 563
1637020 563
1637030 565
1637040 567
1637050 567
1637060 571
1637070 575
1637080 575
1637090 578
1637100 583
1637110 588
1637120 588
1637130 592
1637140 596
1637150 596
1637160 601
1637170 605
1637180 605
1637190 610
1637200 614
1637210 614
1637220 619
1637230 624
1637240 624
1637250 628
1637260 632
1637270 632
1637280 637
1637290 640
1637300 640
1637310 643
1637320 645
1637330 645
1637340 647
1637350 648
1637360 648
1637370 651
1637380 653
1637390 653
1637400 654
1637410 656
1637420 656
1637430 659
1637440 660
1637450 660
1637460 662
1637470 664
1637480 664
1637490 666
1637500 668
1637510 668
1637520 669
1637530 671
1637540 673
1637550 673
1637560 675
1637570 676
1637580 676
1637590 678
1637600 679
1637610 679
1637620 681
1637630 683
1637640 683
1637650 684
1637660 683
1637670 683
1637680 681
1637690 679
1637700 679
1637710 678
1637720 678
1637730 678
1637740 678
1637750 676
1637760 676
1637770 672
1637780 670
1637790 670
1637800 669
1637810 668
1637820 668
1637830 667
1637840 667
1637850 667
1637860 665
1637870 664
1637880 664
1637890 664
1637900 664
1637910 664
1637920 664
1637930 664
1637940 664
1637950 663
1637960 664
1637970 663
1637980 666
1637990 666
1638000 667
1638010 667
1638020 666
1638030 666
1638040 666
1638050 665
1638060 665
1638070 665
1638080 664
1638090 660
1638100 660
1638110 658
1638120 659
1638130 659
1638140 660
1638150 660
1638160 660
1638170 660
1638180 658
1638190 658
1638200 656
1638210 653
1638220 653
1638230 651
1638240 647
1638250 647
1638260 643
1638270 641
1638280 641
1638290 639
1638300 636
1638310 636
1638320 635
1638330 634
1638340 634
1638350 634
1638360 632
1638370 632
1638380 630
1638390 627
1638400 624
1638410 624
1638420 622
1638430 620
1638440 620
1638450 617
1638460 613
1638470 613
1638480 610
1638490 607
1638500 607
1638510 605
1638520 603
1638530 603
1638540 601
1638550 598
1638560 598
1638570 595
1638580 592
1638590 592
1638600 590
1638610 587
1638620 587
1638630 584
1638640 581
1638650 581
1638660 579
1638670 577
1638680 577
1638690 575
1638700 571
1638710 571
1638720 568
1638730 566
1638740 566
1638750 564
1638760 561
1638770 561
1638780 559
1638790 556
1638800 556
1638810 555
1638820 552
1638830 551
1638840 551
1638850 550
1638860 549
1638870 549
1638880 548
1638890 547
1638900 547
1638910 547
1638920 547
1638930 547
1638940 546
1638950 546
1638960 546
1638970 545
1638980 545
1638990 545
1639000 544
1639010 543
1639020 543
1639030 543
1639040 542
1639050 542
1639060 542
1639070 541
1639080 541
1639090 541
1639100 540
1639110 540
1639120 540
1639130 539
1639140 539
1639150 538
1639160 538
1639170 538
1639180 538
1639190 537
1639200 537
1639210 537
1639220 537
1639230 536
1639240 536
1639250 536
1639260 535
1639270 535
1639280 535
1639290 535
1639300 535
1639310 535
1639320 535
1639330 535
1639340 535
1639350 536
1639360 536
1639370 535
1639380 536
1639390 536
1639400 537
1639410 538
1639420 538
1639430 539
1639440 540
1639450 540
1639460 542
1639470 545
1639480 545
1639490 547
1639500 548
1639510 548
1639520 548
1639530 549
1639540 549
1639550 549
1639560 551
1639570 551
1639580 551
1639590 551
1639600 551
1639610 550
1639620 549
1639630 549
1639640 548
1639650 547
1639660 546
1639670 546
1639680 546
1639690 545
1639700 545
1639710 544
1639720 544
1639730 544
1639740 543
1639750 542
1639760 542
1639770 542
1639780 544
1639790 544
1639800 546
1639810 548
1639820 548
1639830 552
1639840 555
1639850 555
1639860 557
1639870 558
1639880 558
1639890 558
1639900 559
1639910 559
1639920 559
1639930 559
1639940 559
1639950 559
1639960 558
1639970 558
1639980 558
1639990 557
