1620000 1148
1620010 1146
1620020 1146
1620030 1145
1620040 1144
1620050 1144
1620060 1141
1620070 1140
1620080 1140
1620090 1138
1620100 1136
1620110 1136
1620120 1134
1620130 1133
1620140 1133
1620150 1132
1620160 1131
1620170 1130
1620180 1130
1620190 1130
1620200 1129
1620210 1129
1620220 1129
1620230 1128
1620240 1128
1620250 1128
1620260 1127
1620270 1127
1620280 1127
1620290 1126
1620300 1126
1620310 1125
1620320 1124
1620330 1124
1620340 1123
1620350 1123
1620360 1123
1620370 1123
1620380 1123
1620390 1123
1620400 1122
1620410 1122
1620420 1122
1620430 1122
1620440 1122
1620450 1122
1620460 1122
1620470 1123
1620480 1123
1620490 1124
1620500 1124
1620510 1130
1620520 1130
1620530 1130
1620540 1130
1620550 1130
1620560 1128
1620570 1128
1620580 1125
1620590 1124
1620600 1122
1620610 1122
1620620 1119
1620630 1119
1620640 1119
1620650 1119
1620660 1119
1620670 1119
1620680 1120
1620690 1120
1620700 1120
1620710 1119
1620720 1119
1620730 1119
1620740 1118
1620750 1116
1620760 1116
1620770 1114
1620780 1109
1620790 1109
1620800 1103
1620810 1100
1620820 1100
1620830 1100
1620840 1100
1620850 1100
1620860 1099
1620870 1098
1620880 1098
1620890 1096
1620900 1094
1620910 1094
1620920 1093
1620930 1090
1620940 1090
1620950 1087
1620960 1082
1620970 1082
1620980 1078
1620990 1075
1621000 1075
1621010 1070
1621020 1067
1621030 1063
1621040 1063
1621050 1060
1621060 1057
1621070 1057
1621080 1053
1621090 1050
1621100 1050
1621110 1046
1621120 1043
1621130 1043
1621140 1039
1621150 1036
1621160 1036
1621170 1034
1621180 1031
1621190 1031
1621200 1029
1621210 1025
1621220 1025
1621230 1022
1621240 1020
1621250 1020
1621260 1019
1621270 1019
1621280 1019
1621290 1017
1621300 1015
1621310 1015
1621320 1013
1621330 1011
1621340 1011
1621350 1008
1621360 1006
1621370 1006
1621380 1004
1621390 1004
1621400 1004
1621410 1003
1621420 1002
1621430 1002
1621440 1001
1621450 994
1621460 995
1621470 995
1621480 996
1621490 997
1621500 997
1621510 998
1621520 998
1621530 998
1621540 996
1621550 994
1621560 994
1621570 995
1621580 996
1621590 996
1621600 996
1621610 997
1621620 997
1621630 996
1621640 996
1621650 996
1621660 996
1621670 995
1621680 995
1621690 994
1621700 992
1621710 992
1621720 990
1621730 988
1621740 988
1621750 986
1621760 984
1621770 984
1621780 981
1621790 977
1621800 977
1621810 973
1621820 968
1621830 968
1621840 962
1621850 959
1621860 959
1621870 955
1621880 952
1621890 949
1621900 949
1621910 945
1621920 942
1621930 942
1621940 938
1621950 934
1621960 934
1621970 930
1621980 926
1621990 926
1622000 922
1622010 918
1622020 918
1622030 915
1622040 912
1622050 912
1622060 909
1622070 907
1622080 907
1622090 905
1622100 903
1622110 903
1622120 902
1622130 899
1622140 899
1622150 897
1622160 896
1622170 896
1622180 894
1622190 891
1622200 891
1622210 889
1622220 885
1622230 885
1622240 882
1622250 879
1622260 879
1622270 876
1622280 872
1622290 872
1622300 866
1622310 859
1622320 855
1622330 855
1622340 853
1622350 849
1622360 849
1622370 845
1622380 835
1622390 835
1622400 832
1622410 830
1622420 830
1622430 829
1622440 827
1622450 827
1622460 826
1622470 824
1622480 824
1622490 823
1622500 821
1622510 821
1622520 820
1622530 819
1622540 819
1622550 820
1622560 821
1622570 821
1622580 821
1622590 821
1622600 821
1622610 820
1622620 819
1622630 819
1622640 816
1622650 814
1622660 814
1622670 813
1622680 813
1622690 813
1622700 812
1622710 811
1622720 811
1622730 811
1622740 811
1622750 810
1622760 810
1622770 808
1622780 807
1622790 807
1622800 806
1622810 804
1622820 804
1622830 803
1622840 800
1622850 800
1622860 799
1622870 800
1622880 800
1622890 801
1622900 803
1622910 803
1622920 803
1622930 802
1622940 802
1622950 798
1622960 796
1622970 796
1622980 793
1622990 791
1623000 791
1623010 789
1623020 788
1623030 788
1623040 785
1623050 781
1623060 781
1623070 777
1623080 776
1623090 776
1623100 776
1623110 775
1623120 775
1623130 774
1623140 773
1623150 773
1623160 771
1623170 771
1623180 769
1623190 769
1623200 767
1623210 764
1623220 764
1623230 761
1623240 759
1623250 759
1623260 755
1623270 751
1623280 751
1623290 746
1623300 740
1623310 746
1623320 739
1623330 740
1623340 740
1623350 740
1623360 739
1623370 739
1623380 739
1623390 739
1623400 739
1623410 739
1623420 740
1623430 740
1623440 741
1623450 742
1623460 742
1623470 741
1623480 735
1623490 735
1623500 727
1623510 718
1623520 718
1623530 710
1623540 702
1623550 702
1623560 698
1623570 696
1623580 696
1623590 695
1623600 692
1623610 690
1623620 690
1623630 687
1623640 685
1623650 685
1623660 682
1623670 678
1623680 678
1623690 674
1623700 670
1623710 670
1623720 667
1623730 663
1623740 663
1623750 659
1623760 656
1623770 656
1623780 655
1623790 653
1623800 653
1623810 649
1623820 646
1623830 646
1623840 643
1623850 640
1623860 640
1623870 636
1623880 632
1623890 632
1623900 629
1623910 625
1623920 625
1623930 622
1623940 617
1623950 617
1623960 613
1623970 610
1623980 610
1623990 606
1624000 604
1624010 601
1624020 601
1624030 599
1624040 597
1624050 597
1624060 595
1624070 593
1624080 593
1624090 592
1624100 592
1624110 592
1624120 592
1624130 592
1624140 592
1624150 591
1624160 590
1624170 590
1624180 589
1624190 588
1624200 588
1624210 587
1624220 586
1624230 586
1624240 585
1624250 584
1624260 584
1624270 583
1624280 582
1624290 582
1624300 581
1624310 581
1624320 581
1624330 581
1624340 581
1624350 581
1624360 583
1624370 587
1624380 587
1624390 588
1624400 588
1624410 588
1624420 587
1624430 584
1624440 580
1624450 580
1624460 575
1624470 573
1624480 573
1624490 574
1624500 578
1624510 578
1624520 582
1624530 582
1624540 582
1624550 579
1624560 575
1624570 575
1624580 572
1624590 571
1624600 571
1624610 569
1624620 567
1624630 567
1624640 565
1624650 565
1624660 565
1624670 564
1624680 564
1624690 564
1624700 564
1624710 564
1624720 564
1624730 562
1624740 561
1624750 561
1624760 560
1624770 560
1624780 560
1624790 560
1624800 559
1624810 559
1624820 559
1624830 558
1624840 558
1624850 557
1624860 558
1624870 559
1624880 559
1624890 559
1624900 559
1624910 559
1624920 560
1624930 564
1624940 564
1624950 567
1624960 569
1624970 569
1624980 570
1624990 572
1625000 572
1625010 574
1625020 576
1625030 576
1625040 578
1625050 580
1625060 580
1625070 582
1625080 584
1625090 584
1625100 586
1625110 589
1625120 589
1625130 592
1625140 601
1625150 601
1625160 608
1625170 613
1625180 613
1625190 615
1625200 616
1625210 616
1625220 617
1625230 617
1625240 617
1625250 618
1625260 620
1625270 620
1625280 622
1625290 625
1625300 629
1625310 629
1625320 632
1625330 636
1625340 636
1625350 638
1625360 641
1625370 641
1625380 646
1625390 649
1625400 649
1625410 652
1625420 656
1625430 656
1625440 661
1625450 665
1625460 665
1625470 670
1625480 674
1625490 674
1625500 678
1625510 682
1625520 682
1625530 686
1625540 691
1625550 691
1625560 696
1625570 701
1625580 701
1625590 706
1625600 712
1625610 712
1625620 719
1625630 725
1625640 725
1625650 731
1625660 736
1625670 736
1625680 742
1625690 748
1625700 748
1625710 754
1625720 760
1625730 767
1625740 767
1625750 774
1625760 780
1625770 780
1625780 787
1625790 794
1625800 794
1625810 802
1625820 810
1625830 810
1625840 817
1625850 824
1625860 824
1625870 832
1625880 838
1625890 838
1625900 846
1625910 853
1625920 853
1625930 861
1625940 868
1625950 868
1625960 876
1625970 884
1625980 884
1625990 891
1626000 900
1626010 900
1626020 909
1626030 919
1626040 919
1626050 927
1626060 936
1626070 936
1626080 945
1626090 953
1626100 953
1626110 961
1626120 968
1626130 968
1626140 976
1626150 983
1626160 991
1626170 991
1626180 998
1626190 1006
1626200 1006
1626210 1013
1626220 1020
1626230 1020
1626240 1026
1626250 1033
1626260 1033
1626270 1039
1626280 1045
1626290 1045
1626300 1051
1626310 1056
1626320 1056
1626330 1061
1626340 1065
1626350 1065
1626360 1069
1626370 1072
1626380 1072
1626390 1076
1626400 1079
1626410 1079
1626420 1082
1626430 1084
1626440 1084
1626450 1086
1626460 1090
1626470 1090
1626480 1094
1626490 1097
1626500 1097
1626510 1102
1626520 1111
1626530 1111
1626540 1118
1626550 1125
1626560 1125
1626570 1132
1626580 1137
1626590 1142
1626600 1142
1626610 1148
1626620 1154
1626630 1154
1626640 1160
1626650 1164
1626660 1164
1626670 1168
1626680 1172
1626690 1172
1626700 1175
1626710 1178
1626720 1178
1626730 1182
1626740 1186
1626750 1186
1626760 1190
1626770 1196
1626780 1196
1626790 1201
1626800 1207
1626810 1207
1626820 1212
1626830 1218
1626840 1218
1626850 1224
1626860 1229
1626870 1229
1626880 1234
1626890 1238
1626900 1238
1626910 1243
1626920 1246
1626930 1246
1626940 1250
1626950 1253
1626960 1257
1626970 1260
1626980 1263
1626990 1263
1627000 1265
1627010 1266
1627020 1268
1627030 1268
1627040 1270
1627050 1270
1627060 1270
1627070 1272
1627080 1273
1627090 1273
1627100 1273
1627110 1274
1627120 1274
1627130 1275
1627140 1277
1627150 1277
1627160 1279
1627170 1281
1627180 1281
1627190 1283
1627200 1286
1627210 1286
1627220 1287
1627230 1286
1627240 1286
1627250 1284
1627260 1282
1627270 1282
1627280 1279
1627290 1274
1627300 1274
1627310 1268
1627320 1262
1627330 1262
1627340 1255
1627350 1247
1627360 1247
1627370 1240
1627380 1233
1627390 1233
1627400 1226
1627410 1220
1627420 1220
1627430 1214
1627440 1208
1627450 1202
1627460 1202
1627470 1198
1627480 1194
1627490 1194
1627500 1193
1627510 1189
1627520 1189
1627530 1185
1627540 1182
1627550 1182
1627560 1178
1627570 1173
1627580 1173
1627590 1167
1627600 1162
1627610 1162
1627620 1156
1627630 1150
1627640 1150
1627650 1144
1627660 1137
1627670 1137
1627680 1129
1627690 1121
1627700 1121
1627710 1113
1627720 1106
1627730 1106
1627740 1100
1627750 1095
1627760 1095
1627770 1089
1627780 1083
1627790 1083
1627800 1078
1627810 1073
1627820 1073
1627830 1068
1627840 1063
1627850 1063
1627860 1062
1627870 1057
1627880 1051
1627890 1051
1627900 1045
1627910 1038
1627920 1038
1627930 1028
1627940 1020
1627950 1020
1627960 1014
1627970 1013
1627980 1013
1627990 1010
1628000 1004
1628010 1004
1628020 998
1628030 993
1628040 993
1628050 987
1628060 982
1628070 982
1628080 977
1628090 971
1628100 971
1628110 966
1628120 961
1628130 961
1628140 956
1628150 951
1628160 951
1628170 946
1628180 941
1628190 941
1628200 937
1628210 933
1628220 933
1628230 930
1628240 926
1628250 926
1628260 921
1628270 917
1628280 917
1628290 916
1628300 915
1628310 912
1628320 912
1628330 909
1628340 906
1628350 906
1628360 904
1628370 901
1628380 901
1628390 897
1628400 892
1628410 892
1628420 888
1628430 883
1628440 883
1628450 877
1628460 868
1628470 868
1628480 858
1628490 852
1628500 852
1628510 847
1628520 841
1628530 841
1628540 835
1628550 829
1628560 829
1628570 824
1628580 818
1628590 818
1628600 814
1628610 811
1628620 811
1628630 808
1628640 805
1628650 805
1628660 803
1628670 799
1628680 799
1628690 795
1628700 789
1628710 789
1628720 784
1628730 780
1628740 777
1628750 775
1628760 771
1628770 768
1628780 768
1628790 767
1628800 764
1628810 764
1628820 760
1628830 758
1628840 758
1628850 755
1628860 753
1628870 753
1628880 751
1628890 751
1628900 751
1628910 751
1628920 751
1628930 751
1628940 750
1628950 750
1628960 750
1628970 748
1628980 744
1628990 744
1629000 740
1629010 734
1629020 734
1629030 728
1629040 723
1629050 723
1629060 718
1629070 716
1629080 716
1629090 715
1629100 715
1629110 715
1629120 715
1629130 715
1629140 715
1629150 715
1629160 715
1629170 715
1629180 715
1629190 714
1629200 713
1629210 713
1629220 712
1629230 711
1629240 711
1629250 710
1629260 708
1629270 708
1629280 706
1629290 706
1629300 706
1629310 704
1629320 703
1629330 703
1629340 705
1629350 705
1629360 705
1629370 703
1629380 699
1629390 699
1629400 697
1629410 699
1629420 699
1629430 701
1629440 699
1629450 699
1629460 697
1629470 695
1629480 695
1629490 694
1629500 693
1629510 693
1629520 689
1629530 689
1629540 689
1629550 692
1629560 693
1629570 690
1629580 690
1629590 688
1629600 686
1629610 686
1629620 685
1629630 683
1629640 686
1629650 684
1629660 681
1629670 681
1629680 678
1629690 673
1629700 673
1629710 669
1629720 667
1629730 667
1629740 664
1629750 661
1629760 661
1629770 660
1629780 658
1629790 658
1629800 658
1629810 660
1629820 660
1629830 666
1629840 671
1629850 671
1629860 675
1629870 680
1629880 680
1629890 684
1629900 688
1629910 688
1629920 692
1629930 697
1629940 697
1629950 702
1629960 704
1629970 704
1629980 706
1629990 709
1630000 714
1630010 714
1630020 720
1630030 725
1630040 725
1630050 728
1630060 732
1630070 732
1630080 737
1630090 743
1630100 743
1630110 748
1630120 753
1630130 753
1630140 757
1630150 760
1630160 760
1630170 764
1630180 767
1630190 767
1630200 770
1630210 772
1630220 772
1630230 770
1630240 768
1630250 768
1630260 763
1630270 753
1630280 753
1630290 747
1630300 744
1630310 744
1630320 741
1630330 735
1630340 735
1630350 735
1630360 734
1630370 734
1630380 736
1630390 739
1630400 739
1630410 742
1630420 750
1630430 760
1630440 760
1630450 761
1630460 760
1630470 760
1630480 759
1630490 756
1630500 756
1630510 753
1630520 745
1630530 745
1630540 745
1630550 749
1630560 749
1630570 754
1630580 759
1630590 759
1630600 761
1630610 762
1630620 762
1630630 761
1630640 760
1630650 760
1630660 760
1630670 761
1630680 761
1630690 764
1630700 766
1630710 766
1630720 766
1630730 765
1630740 765
1630750 765
1630760 763
1630770 763
1630780 762
1630790 760
1630800 760
1630810 759
1630820 757
1630830 757
1630840 756
1630850 754
1630860 752
1630870 752
1630880 750
1630890 748
1630900 748
1630910 748
1630920 747
1630930 747
1630940 747
1630950 747
1630960 747
1630970 748
1630980 749
1630990 749
1631000 751
1631010 752
1631020 752
1631030 751
1631040 750
1631050 750
1631060 748
1631070 745
1631080 745
1631090 742
1631100 739
1631110 739
1631120 736
1631130 733
1631140 733
1631150 730
1631160 727
1631170 727
1631180 725
1631190 722
1631200 722
1631210 720
1631220 717
1631230 717
1631240 714
1631250 711
1631260 711
1631270 708
1631280 705
1631290 702
1631300 702
1631310 698
1631320 693
1631330 693
1631340 687
1631350 682
1631360 682
1631370 679
1631380 675
1631390 674
1631400 671
1631410 670
1631420 670
1631430 669
1631440 669
1631450 669
1631460 668
1631470 668
1631480 668
1631490 668
1631500 669
1631510 669
1631520 669
1631530 669
1631540 669
1631550 669
1631560 669
1631570 669
1631580 669
1631590 669
1631600 669
1631610 669
1631620 669
1631630 669
1631640 668
1631650 668
1631660 668
1631670 668
1631680 667
1631690 667
1631700 666
1631710 663
1631720 658
1631730 658
1631740 651
1631750 647
1631760 647
1631770 647
1631780 649
1631790 649
1631800 653
1631810 656
1631820 656
1631830 658
1631840 659
1631850 659
1631860 660
1631870 663
1631880 663
1631890 666
1631900 669
1631910 669
1631920 670
1631930 672
1631940 672
1631950 674
1631960 679
1631970 679
1631980 685
1631990 692
1632000 692
1632010 698
1632020 704
1632030 704
1632040 709
1632050 713
1632060 713
1632070 716
1632080 719
1632090 719
1632100 721
1632110 724
1632120 724
1632130 726
1632140 729
1632150 731
1632160 731
1632170 734
1632180 737
1632190 737
1632200 739
1632210 741
1632220 741
1632230 743
1632240 744
1632250 744
1632260 745
1632270 749
1632280 749
1632290 750
1632300 750
1632310 750
1632320 749
1632330 749
1632340 749
1632350 750
1632360 753
1632370 753
1632380 756
1632390 758
1632400 758
1632410 761
1632420 764
1632430 764
1632440 766
1632450 770
1632460 770
1632470 772
1632480 776
1632490 776
1632500 777
1632510 778
1632520 778
1632530 779
1632540 780
1632550 780
1632560 782
1632570 784
1632580 785
1632590 785
1632600 787
1632610 789
1632620 789
1632630 789
1632640 789
1632650 789
1632660 792
1632670 796
1632680 796
1632690 802
1632700 804
1632710 804
1632720 808
1632730 813
1632740 813
1632750 818
1632760 823
1632770 823
1632780 829
1632790 833
1632800 833
1632810 837
1632820 839
1632830 839
1632840 840
1632850 843
1632860 843
1632870 847
1632880 850
1632890 850
1632900 855
1632910 857
1632920 857
1632930 858
1632940 863
1632950 863
1632960 867
1632970 871
1632980 871
1632990 875
1633000 878
1633010 881
1633020 881
1633030 884
1633040 886
1633050 886
1633060 884
1633070 878
1633080 878
1633090 871
1633100 873
1633110 873
1633120 879
1633130 888
1633140 888
1633150 893
1633160 898
1633170 898
1633180 903
1633190 907
1633200 907
1633210 911
1633220 915
1633230 915
1633240 918
1633250 919
1633260 919
1633270 918
1633280 913
1633290 913
1633300 905
1633310 898
1633320 898
1633330 890
1633340 883
1633350 883
1633360 885
1633370 891
1633380 891
1633390 902
1633400 907
1633410 907
1633420 914
1633430 919
1633440 924
1633450 924
1633460 927
1633470 928
1633480 928
1633490 929
1633500 929
1633510 929
1633520 928
1633530 927
1633540 927
1633550 926
1633560 928
1633570 928
1633580 932
1633590 934
1633600 934
1633610 936
1633620 931
1633630 931
1633640 922
1633650 914
1633660 914
1633670 906
1633680 904
1633690 904
1633700 908
1633710 910
1633720 910
1633730 907
1633740 901
1633750 901
1633760 896
1633770 890
1633780 890
1633790 884
1633800 881
1633810 881
1633820 886
1633830 892
1633840 892
1633850 898
1633860 904
1633870 907
1633880 907
1633890 905
1633900 902
1633910 902
1633920 898
1633930 895
1633940 895
1633950 892
1633960 888
1633970 888
1633980 884
1633990 890
1634000 890
1634010 895
1634020 901
1634030 901
1634040 907
1634050 913
1634060 913
1634070 918
1634080 922
1634090 922
1634100 925
1634110 929
1634120 929
1634130 932
1634140 934
1634150 934
1634160 935
1634170 935
1634180 935
1634190 933
1634200 930
1634210 930
1634220 924
1634230 917
1634240 917
1634250 909
1634260 901
1634270 901
1634280 894
1634290 890
1634300 894
1634310 894
1634320 897
1634330 899
1634340 899
1634350 900
1634360 900
1634370 900
1634380 900
1634390 900
1634400 900
1634410 900
1634420 894
1634430 894
1634440 887
1634450 881
1634460 881
1634470 874
1634480 866
1634490 866
1634500 858
1634510 851
1634520 851
1634530 844
1634540 846
1634550 846
1634560 845
1634570 841
1634580 841
1634590 848
1634600 857
1634610 857
1634620 865
1634630 872
1634640 872
1634650 877
1634660 879
1634670 879
1634680 877
1634690 873
1634700 873
1634710 872
1634720 871
1634730 868
1634740 868
1634750 863
1634760 864
1634770 864
1634780 869
1634790 868
1634800 868
1634810 866
1634820 866
1634830 866
1634840 869
1634850 877
1634860 877
1634870 882
1634880 890
1634890 890
1634900 898
1634910 907
1634920 907
1634930 917
1634940 927
1634950 927
1634960 936
1634970 946
1634980 946
1634990 954
1635000 962
1635010 962
1635020 970
1635030 977
1635040 977
1635050 985
1635060 991
1635070 991
1635080 995
1635090 999
1635100 999
1635110 1005
1635120 1011
1635130 1017
1635140 1017
1635150 1024
1635160 1030
1635170 1030
1635180 1037
1635190 1043
1635200 1043
1635210 1048
1635220 1052
1635230 1052
1635240 1056
1635250 1060
1635260 1060
1635270 1063
1635280 1065
1635290 1065
1635300 1066
1635310 1069
1635320 1069
1635330 1073
1635340 1074
1635350 1074
1635360 1074
1635370 1070
1635380 1070
1635390 1065
1635400 1060
1635410 1060
1635420 1056
1635430 1055
1635440 1055
1635450 1055
1635460 1056
1635470 1056
1635480 1058
1635490 1059
1635500 1059
1635510 1061
1635520 1063
1635530 1063
1635540 1066
1635550 1069
1635560 1072
1635570 1072
1635580 1075
1635590 1073
1635600 1073
1635610 1069
1635620 1063
1635630 1063
1635640 1052
1635650 1042
1635660 1042
1635670 1034
1635680 1024
1635690 1024
1635700 1006
1635710 994
1635720 994
1635730 982
1635740 973
1635750 973
1635760 966
1635770 959
1635780 959
1635790 953
1635800 949
1635810 949
1635820 945
1635830 942
1635840 942
1635850 937
1635860 929
1635870 929
1635880 916
1635890 907
1635900 907
1635910 899
1635920 894
1635930 894
1635940 893
1635950 889
1635960 889
1635970 885
1635980 878
1635990 870
1636000 870
1636010 860
1636020 850
1636030 850
1636040 843
1636050 841
1636060 841
1636070 839
1636080 830
1636090 830
1636100 826
1636110 820
1636120 820
1636130 814
1636140 806
1636150 806
1636160 798
1636170 789
1636180 789
1636190 780
1636200 772
1636210 772
1636220 767
1636230 763
1636240 763
1636250 756
1636260 750
1636270 750
1636280 744
1636290 737
1636300 737
1636310 731
1636320 721
1636330 721
1636340 709
1636350 701
1636360 701
1636370 695
1636380 692
1636390 692
1636400 689
1636410 686
1636420 684
1636430 684
1636440 679
1636450 675
1636460 675
1636470 672
1636480 671
1636490 671
1636500 669
1636510 666
1636520 666
1636530 664
1636540 666
1636550 666
1636560 662
1636570 656
1636580 656
1636590 657
1636600 660
1636610 660
1636620 661
1636630 661
1636640 661
1636650 658
1636660 654
1636670 654
1636680 649
1636690 643
1636700 643
1636710 640
1636720 636
1636730 636
1636740 633
1636750 630
1636760 630
1636770 629
1636780 626
1636790 626
1636800 622
1636810 621
1636820 621
1636830 620
1636840 618
1636850 615
1636860 615
1636870 612
1636880 607
1636890 607
1636900 603
1636910 599
1636920 599
1636930 596
1636940 591
1636950 591
1636960 581
1636970 575
1636980 575
1636990 571
1637000 563
1637010 563
1637020 555
1637030 553
1637040 553
1637050 553
1637060 551
1637070 551
1637080 548
1637090 544
1637100 544
1637110 540
1637120 542
1637130 542
1637140 540
1637150 539
1637160 539
1637170 535
1637180 532
1637190 532
1637200 529
1637210 526
1637220 526
1637230 522
1637240 522
1637250 522
1637260 518
1637270 512
1637280 508
1637290 508
1637300 506
1637310 505
1637320 505
1637330 505
1637340 503
1637350 503
1637360 499
1637370 492
1637380 492
1637390 488
1637400 482
1637410 482
1637420 479
1637430 477
1637440 477
1637450 477
1637460 483
1637470 483
1637480 489
1637490 496
1637500 496
1637510 503
1637520 510
1637530 510
1637540 517
1637550 529
1637560 529
1637570 537
1637580 542
1637590 542
1637600 549
1637610 559
1637620 559
1637630 582
1637640 591
1637650 591
1637660 598
1637670 602
1637680 602
1637690 604
1637700 606
1637710 609
1637720 609
1637730 613
1637740 616
1637750 616
1637760 620
1637770 623
1637780 623
1637790 628
1637800 633
1637810 633
1637820 640
1637830 647
1637840 647
1637850 654
1637860 661
1637870 661
1637880 669
1637890 675
1637900 675
1637910 682
1637920 689
1637930 689
1637940 695
1637950 701
1637960 701
1637970 707
1637980 713
1637990 713
1638000 719
1638010 724
1638020 724
1638030 728
1638040 732
1638050 732
1638060 735
1638070 740
1638080 740
1638090 745
1638100 748
1638110 748
1638120 751
1638130 755
1638140 759
1638150 759
1638160 763
1638170 765
1638180 765
1638190 766
1638200 767
1638210 767
1638220 776
1638230 779
1638240 779
1638250 781
1638260 783
1638270 783
1638280 784
1638290 786
1638300 786
1638310 788
1638320 790
1638330 790
1638340 792
1638350 793
1638360 793
1638370 792
1638380 788
1638390 788
1638400 785
1638410 783
1638420 783
1638430 781
1638440 778
1638450 778
1638460 774
1638470 769
1638480 769
1638490 766
1638500 762
1638510 762
1638520 758
1638530 755
1638540 755
1638550 751
1638560 748
1638570 745
1638580 745
1638590 742
1638600 739
1638610 739
1638620 735
1638630 730
1638640 730
1638650 726
1638660 721
1638670 721
1638680 716
1638690 712
1638700 712
1638710 707
1638720 702
1638730 702
1638740 696
1638750 690
1638760 690
1638770 683
1638780 677
1638790 677
1638800 672
1638810 666
1638820 666
1638830 660
1638840 653
1638850 653
1638860 646
1638870 638
1638880 638
1638890 632
1638900 626
1638910 626
1638920 621
1638930 617
1638940 617
1638950 612
1638960 609
1638970 609
1638980 607
1638990 604
1639000 602
1639010 602
1639020 600
1639030 599
1639040 599
1639050 597
1639060 601
1639070 601
1639080 600
1639090 598
1639100 598
1639110 596
1639120 594
1639130 594
1639140 590
1639150 585
1639160 585
1639170 580
1639180 574
1639190 574
1639200 569
1639210 564
1639220 564
1639230 559
1639240 553
1639250 553
1639260 548
1639270 542
1639280 542
1639290 534
1639300 530
1639310 530
1639320 531
1639330 532
1639340 532
1639350 531
1639360 529
1639370 529
1639380 528
1639390 527
1639400 527
1639410 525
1639420 524
1639430 522
1639440 522
1639450 521
1639460 520
1639470 520
1639480 518
1639490 514
1639500 514
1639510 515
1639520 517
1639530 517
1639540 517
1639550 517
1639560 517
1639570 518
1639580 518
1639590 518
1639600 519
1639610 518
1639620 518
1639630 518
1639640 518
1639650 518
1639660 517
1639670 518
1639680 518
1639690 517
1639700 517
1639710 517
1639720 517
1639730 516
1639740 516
1639750 516
1639760 516
1639770 516
1639780 517
1639790 516
1639800 516
1639810 516
1639820 516
1639830 516
1639840 516
1639850 515
1639860 515
1639870 515
1639880 515
1639890 515
1639900 515
1639910 515
1639920 515
1639930 515
1639940 515
1639950 515
1639960 515
1639970 515
1639980 514
1639990 514
