1620000 1502
1620010 1496
1620020 1490
1620030 1490
1620040 1480
1620050 1471
1620060 1465
1620070 1456
1620080 1448
1620090 1448
1620100 1440
1620110 1435
1620120 1435
1620130 1430
1620140 1428
1620150 1428
1620160 1423
1620170 1418
1620180 1418
1620190 1414
1620200 1411
1620210 1411
1620220 1408
1620230 1411
1620240 1411
1620250 1416
1620260 1421
1620270 1421
1620280 1427
1620290 1430
1620300 1429
1620310 1429
1620320 1429
1620330 1433
1620340 1433
1620350 1440
1620360 1442
1620370 1442
1620380 1444
1620390 1446
1620400 1446
1620410 1449
1620420 1444
1620430 1444
1620440 1436
1620450 1426
1620460 1426
1620470 1418
1620480 1410
1620490 1410
1620500 1402
1620510 1395
1620520 1395
1620530 1388
1620540 1381
1620550 1381
1620560 1375
1620570 1369
1620580 1369
1620590 1364
1620600 1360
1620610 1360
1620620 1356
1620630 1355
1620640 1355
1620650 1354
1620660 1353
1620670 1353
1620680 1355
1620690 1357
1620700 1357
1620710 1358
1620720 1359
1620730 1362
1620740 1362
1620750 1366
1620760 1373
1620770 1373
1620780 1378
1620790 1379
1620800 1379
1620810 1380
1620820 1372
1620830 1372
1620840 1364
1620850 1361
1620860 1361
1620870 1361
1620880 1362
1620890 1362
1620900 1363
1620910 1364
1620920 1364
1620930 1364
1620940 1365
1620950 1365
1620960 1363
1620970 1361
1620980 1361
1620990 1357
1621000 1349
1621010 1349
1621020 1345
1621030 1343
1621040 1343
1621050 1340
1621060 1337
1621070 1337
1621080 1334
1621090 1332
1621100 1332
1621110 1329
1621120 1326
1621130 1326
1621140 1322
1621150 1319
1621160 1316
1621170 1316
1621180 1314
1621190 1312
1621200 1312
1621210 1309
1621220 1307
1621230 1307
1621240 1304
1621250 1300
1621260 1300
1621270 1293
1621280 1286
1621290 1286
1621300 1278
1621310 1271
1621320 1271
1621330 1264
1621340 1258
1621350 1258
1621360 1253
1621370 1249
1621380 1249
1621390 1245
1621400 1240
1621410 1240
1621420 1233
1621430 1225
1621440 1225
1621450 1221
1621460 1222
1621470 1222
1621480 1218
1621490 1219
1621500 1219
1621510 1222
1621520 1219
1621530 1219
1621540 1216
1621550 1216
1621560 1216
1621570 1216
1621580 1216
1621590 1216
1621600 1217
1621610 1218
1621620 1220
1621630 1220
1621640 1227
1621650 1234
1621660 1234
1621670 1235
1621680 1231
1621690 1231
1621700 1233
1621710 1239
1621720 1239
1621730 1238
1621740 1239
1621750 1239
1621760 1247
1621770 1254
1621780 1254
1621790 1251
1621800 1237
1621810 1237
1621820 1228
1621830 1218
1621840 1218
1621850 1210
1621860 1205
1621870 1205
1621880 1204
1621890 1209
1621900 1209
1621910 1216
1621920 1212
1621930 1212
1621940 1203
1621950 1194
1621960 1194
1621970 1186
1621980 1178
1621990 1178
1622000 1171
1622010 1166
1622020 1166
1622030 1156
1622040 1144
1622050 1136
1622060 1136
1622070 1128
1622080 1119
1622090 1119
1622100 1107
1622110 1092
1622120 1092
1622130 1082
1622140 1074
1622150 1074
1622160 1066
1622170 1059
1622180 1059
1622190 1051
1622200 1044
1622210 1044
1622220 1037
1622230 1031
1622240 1031
1622250 1026
1622260 1020
1622270 1020
1622280 1015
1622290 1010
1622300 1010
1622310 1006
1622320 1001
1622330 1001
1622340 996
1622350 992
1622360 992
1622370 988
1622380 983
1622390 983
1622400 978
1622410 973
1622420 973
1622430 968
1622440 963
1622450 963
1622460 958
1622470 955
1622480 952
1622490 952
1622500 949
1622510 949
1622520 949
1622530 950
1622540 951
1622550 951
1622560 952
1622570 954
1622580 954
1622590 957
1622600 960
1622610 960
1622620 964
1622630 970
1622640 970
1622650 976
1622660 981
1622670 981
1622680 986
1622690 988
1622700 988
1622710 989
1622720 993
1622730 993
1622740 999
1622750 1006
1622760 1006
1622770 1012
1622780 1018
1622790 1018
1622800 1022
1622810 1026
1622820 1026
1622830 1030
1622840 1035
1622850 1035
1622860 1039
1622870 1039
1622880 1039
1622890 1042
1622900 1045
1622910 1047
1622920 1047
1622930 1048
1622940 1050
1622950 1050
1622960 1051
1622970 1053
1622980 1053
1622990 1053
1623000 1052
1623010 1052
1623020 1047
1623030 1039
1623040 1039
1623050 1031
1623060 1023
1623070 1023
1623080 1016
1623090 1005
1623100 1005
1623110 995
1623120 987
1623130 987
1623140 978
1623150 969
1623160 969
1623170 961
1623180 953
1623190 953
1623200 947
1623210 941
1623220 941
1623230 937
1623240 934
1623250 934
1623260 929
1623270 921
1623280 921
1623290 914
1623300 911
1623310 911
1623320 910
1623330 910
1623340 910
1623350 906
1623360 910
1623370 911
1623380 911
1623390 905
1623400 898
1623410 898
1623420 894
1623430 896
1623440 896
1623450 897
1623460 893
1623470 893
1623480 886
1623490 879
1623500 879
1623510 872
1623520 866
1623530 866
1623540 860
1623550 854
1623560 854
1623570 846
1623580 838
1623590 838
1623600 831
1623610 824
1623620 824
1623630 817
1623640 807
1623650 807
1623660 796
1623670 787
1623680 787
1623690 778
1623700 775
1623710 775
1623720 777
1623730 771
1623740 771
1623750 777
1623760 780
1623770 780
1623780 783
1623790 794
1623800 793
1623810 793
1623820 795
1623830 798
1623840 798
1623850 797
1623860 792
1623870 792
1623880 783
1623890 774
1623900 774
1623910 764
1623920 756
1623930 756
1623940 750
1623950 744
1623960 744
1623970 737
1623980 729
1623990 729
1624000 728
1624010 729
1624020 729
1624030 726
1624040 720
1624050 720
1624060 720
1624070 719
1624080 719
1624090 723
1624100 732
1624110 732
1624120 743
1624130 756
1624140 756
1624150 768
1624160 777
1624170 777
1624180 785
1624190 801
1624200 801
1624210 806
1624220 810
1624230 816
1624240 816
1624250 817
1624260 816
1624270 816
1624280 813
1624290 814
1624300 814
1624310 818
1624320 823
1624330 823
1624340 828
1624350 834
1624360 834
1624370 834
1624380 826
1624390 826
1624400 816
1624410 807
1624420 807
1624430 798
1624440 787
1624450 787
1624460 776
1624470 766
1624480 766
1624490 756
1624500 747
1624510 747
1624520 738
1624530 730
1624540 730
1624550 723
1624560 718
1624570 718
1624580 714
1624590 710
1624600 710
1624610 706
1624620 709
1624630 709
1624640 715
1624650 723
1624660 723
1624670 730
1624680 733
1624690 738
1624700 738
1624710 749
1624720 750
1624730 750
1624740 749
1624750 747
1624760 747
1624770 747
1624780 751
1624790 751
1624800 757
1624810 761
1624820 761
1624830 756
1624840 754
1624850 754
1624860 756
1624870 756
1624880 756
1624890 753
1624900 748
1624910 748
1624920 740
1624930 731
1624940 731
1624950 725
1624960 724
1624970 724
1624980 725
1624990 723
1625000 723
1625010 719
1625020 716
1625030 716
1625040 711
1625050 704
1625060 704
1625070 697
1625080 692
1625090 692
1625100 690
1625110 686
1625120 680
1625130 680
1625140 676
1625150 676
1625160 676
1625170 676
1625180 672
1625190 672
1625200 668
1625210 665
1625220 665
1625230 660
1625240 654
1625250 654
1625260 650
1625270 647
1625280 647
1625290 646
1625300 643
1625310 643
1625320 641
1625330 639
1625340 639
1625350 636
1625360 635
1625370 635
1625380 633
1625390 627
1625400 627
1625410 620
1625420 614
1625430 614
1625440 608
1625450 605
1625460 605
1625470 603
1625480 602
1625490 602
1625500 600
1625510 599
1625520 599
1625530 599
1625540 596
1625550 592
1625560 592
1625570 587
1625580 582
1625590 582
1625600 577
1625610 572
1625620 574
1625630 569
1625640 562
1625650 562
1625660 556
1625670 551
1625680 551
1625690 548
1625700 548
1625710 548
1625720 547
1625730 546
1625740 546
1625750 546
1625760 545
1625770 545
1625780 544
1625790 543
1625800 543
1625810 543
1625820 542
1625830 542
1625840 541
1625850 541
1625860 541
1625870 540
1625880 539
1625890 539
1625900 539
1625910 538
1625920 538
1625930 538
1625940 537
1625950 537
1625960 536
1625970 536
1625980 536
1625990 536
1626000 535
1626010 535
1626020 535
1626030 534
1626040 534
1626050 534
1626060 532
1626070 530
1626080 530
1626090 527
1626100 525
1626110 525
1626120 523
1626130 518
1626140 518
1626150 515
1626160 515
1626170 515
1626180 515
1626190 514
1626200 514
1626210 514
1626220 514
1626230 514
1626240 511
1626250 510
1626260 510
1626270 512
1626280 513
1626290 513
1626300 513
1626310 513
1626320 513
1626330 513
1626340 512
1626350 512
1626360 513
1626370 513
1626380 513
1626390 512
1626400 512
1626410 512
1626420 512
1626430 514
1626440 519
1626450 519
1626460 524
1626470 531
1626480 531
1626490 536
1626500 538
1626510 538
1626520 539
1626530 536
1626540 536
1626550 538
1626560 540
1626570 540
1626580 541
1626590 543
1626600 543
1626610 546
1626620 549
1626630 549
1626640 553
1626650 557
1626660 557
1626670 561
1626680 565
1626690 565
1626700 568
1626710 571
1626720 571
1626730 575
1626740 580
1626750 580
1626760 585
1626770 589
1626780 589
1626790 592
1626800 595
1626810 595
1626820 599
1626830 602
1626840 602
1626850 605
1626860 609
1626870 611
1626880 611
1626890 613
1626900 616
1626910 616
1626920 618
1626930 620
1626940 620
1626950 620
1626960 620
1626970 620
1626980 621
1626990 622
1627000 622
1627010 623
1627020 625
1627030 625
1627040 625
1627050 624
1627060 624
1627070 625
1627080 627
1627090 627
1627100 629
1627110 632
1627120 632
1627130 635
1627140 638
1627150 638
1627160 640
1627170 641
1627180 641
1627190 640
1627200 640
1627210 640
1627220 641
1627230 645
1627240 645
1627250 648
1627260 652
1627270 652
1627280 656
1627290 660
1627300 664
1627310 664
1627320 667
1627330 670
1627340 670
1627350 673
1627360 674
1627370 674
1627380 676
1627390 679
1627400 679
1627410 682
1627420 685
1627430 685
1627440 687
1627450 690
1627460 690
1627470 696
1627480 702
1627490 702
1627500 708
1627510 713
1627520 713
1627530 718
1627540 722
1627550 722
1627560 727
1627570 732
1627580 732
1627590 735
1627600 736
1627610 736
1627620 738
1627630 742
1627640 742
1627650 745
1627660 747
1627670 747
1627680 748
1627690 748
1627700 748
1627710 749
1627720 749
1627730 749
1627740 748
1627750 746
1627760 745
1627770 745
1627780 746
1627790 747
1627800 747
1627810 747
1627820 747
1627830 747
1627840 747
1627850 749
1627860 749
1627870 752
1627880 755
1627890 755
1627900 757
1627910 758
1627920 758
1627930 758
1627940 758
1627950 758
1627960 758
1627970 758
1627980 758
1627990 759
1628000 759
1628010 759
1628020 760
1628030 760
1628040 760
1628050 760
1628060 760
1628070 760
1628080 760
1628090 761
1628100 761
1628110 761
1628120 762
1628130 762
1628140 763
1628150 763
1628160 763
1628170 763
1628180 763
1628190 763
1628200 763
1628210 762
1628220 759
1628230 759
1628240 755
1628250 749
1628260 749
1628270 743
1628280 737
1628290 737
1628300 731
1628310 726
1628320 726
1628330 719
1628340 713
1628350 713
1628360 708
1628370 703
1628380 703
1628390 700
1628400 702
1628410 702
1628420 707
1628430 711
1628440 711
1628450 717
1628460 723
1628470 723
1628480 728
1628490 731
1628500 731
1628510 739
1628520 745
1628530 745
1628540 748
1628550 743
1628560 743
1628570 736
1628580 732
1628590 732
1628600 730
1628610 729
1628620 729
1628630 729
1628640 730
1628650 730
1628660 730
1628670 730
1628680 725
1628690 725
1628700 720
1628710 715
1628720 715
1628730 712
1628740 708
1628750 708
1628760 705
1628770 702
1628780 702
1628790 698
1628800 695
1628810 695
1628820 691
1628830 687
1628840 687
1628850 683
1628860 680
1628870 680
1628880 677
1628890 674
1628900 674
1628910 670
1628920 666
1628930 666
1628940 662
1628950 658
1628960 658
1628970 656
1628980 654
1628990 654
1629000 652
1629010 652
1629020 652
1629030 653
1629040 653
1629050 653
1629060 653
1629070 654
1629080 654
1629090 654
1629100 654
1629110 651
1629120 651
1629130 647
1629140 643
1629150 643
1629160 640
1629170 638
1629180 638
1629190 638
1629200 638
1629210 638
1629220 636
1629230 637
1629240 637
1629250 638
1629260 639
1629270 639
1629280 640
1629290 643
1629300 643
1629310 646
1629320 647
1629330 647
1629340 645
1629350 643
1629360 643
1629370 641
1629380 639
1629390 639
1629400 636
1629410 632
1629420 632
1629430 626
1629440 620
1629450 620
1629460 613
1629470 606
1629480 606
1629490 601
1629500 598
1629510 597
1629520 597
1629530 598
1629540 598
1629550 598
1629560 598
1629570 598
1629580 598
1629590 598
1629600 597
1629610 597
1629620 596
1629630 595
1629640 595
1629650 594
1629660 593
1629670 593
1629680 591
1629690 589
1629700 589
1629710 586
1629720 583
1629730 583
1629740 578
1629750 573
1629760 573
1629770 569
1629780 565
1629790 565
1629800 563
1629810 560
1629820 560
1629830 558
1629840 555
1629850 555
1629860 551
1629870 545
1629880 545
1629890 540
1629900 537
1629910 537
1629920 536
1629930 536
1629940 536
1629950 536
1629960 537
1629970 537
1629980 537
1629990 536
1630000 536
1630010 536
1630020 536
1630030 537
1630040 537
1630050 538
1630060 539
1630070 539
1630080 540
1630090 540
1630100 540
1630110 541
1630120 541
1630130 541
1630140 543
1630150 545
1630160 545
1630170 549
1630180 554
1630190 554
1630200 559
1630210 564
1630220 564
1630230 569
1630240 572
1630250 572
1630260 575
1630270 579
1630280 579
1630290 584
1630300 587
1630310 587
1630320 592
1630330 597
1630340 597
1630350 600
1630360 603
1630370 603
1630380 605
1630390 608
1630400 611
1630410 611
1630420 614
1630430 618
1630440 618
1630450 623
1630460 628
1630470 628
1630480 635
1630490 641
1630500 641
1630510 651
1630520 659
1630530 659
1630540 667
1630550 674
1630560 674
1630570 679
1630580 685
1630590 685
1630600 692
1630610 699
1630620 699
1630630 706
1630640 713
1630650 713
1630660 720
1630670 725
1630680 725
1630690 723
1630700 731
1630710 731
1630720 734
1630730 734
1630740 734
1630750 734
1630760 728
1630770 728
1630780 720
1630790 712
1630800 712
1630810 697
1630820 701
1630830 714
1630840 714
1630850 718
1630860 714
1630870 714
1630880 711
1630890 710
1630900 710
1630910 705
1630920 698
1630930 698
1630940 687
1630950 675
1630960 675
1630970 665
1630980 655
1630990 655
1631000 654
1631010 646
1631020 646
1631030 643
1631040 651
1631050 651
1631060 661
1631070 670
1631080 670
1631090 678
1631100 679
1631110 679
1631120 676
1631130 674
1631140 674
1631150 667
1631160 663
1631170 663
1631180 658
1631190 654
1631200 654
1631210 654
1631220 660
1631230 660
1631240 667
1631250 673
1631260 682
1631270 682
1631280 690
1631290 695
1631300 695
1631310 694
1631320 691
1631330 691
1631340 690
1631350 691
1631360 691
1631370 695
1631380 699
1631390 699
1631400 704
1631410 712
1631420 712
1631430 715
1631440 720
1631450 720
1631460 726
1631470 730
1631480 730
1631490 734
1631500 738
1631510 738
1631520 742
1631530 743
1631540 743
1631550 746
1631560 754
1631570 754
1631580 762
1631590 771
1631600 771
1631610 777
1631620 781
1631630 781
1631640 781
1631650 776
1631660 776
1631670 771
1631680 772
1631690 776
1631700 776
1631710 780
1631720 785
1631730 785
1631740 792
1631750 795
1631760 795
1631770 800
1631780 807
1631790 807
1631800 814
1631810 820
1631820 820
1631830 826
1631840 832
1631850 832
1631860 841
1631870 843
1631880 843
1631890 843
1631900 845
1631910 845
1631920 847
1631930 854
1631940 854
1631950 863
1631960 873
1631970 873
1631980 880
1631990 887
1632000 887
1632010 895
1632020 902
1632030 902
1632040 909
1632050 916
1632060 916
1632070 923
1632080 930
1632090 930
1632100 935
1632110 941
1632120 941
1632130 944
1632140 941
1632150 933
1632160 933
1632170 926
1632180 919
1632190 919
1632200 912
1632210 908
1632220 908
1632230 904
1632240 901
1632250 901
1632260 899
1632270 896
1632280 896
1632290 892
1632300 887
1632310 887
1632320 881
1632330 882
1632340 882
1632350 887
1632360 890
1632370 890
1632380 894
1632390 895
1632400 895
1632410 896
1632420 895
1632430 895
1632440 897
1632450 900
1632460 900
1632470 902
1632480 904
1632490 904
1632500 904
1632510 900
1632520 900
1632530 894
1632540 887
1632550 887
1632560 881
1632570 876
1632580 872
1632590 872
1632600 869
1632610 865
1632620 865
1632630 861
1632640 857
1632650 857
1632660 855
1632670 855
1632680 855
1632690 861
1632700 868
1632710 868
1632720 875
1632730 876
1632740 876
1632750 878
1632760 879
1632770 879
1632780 879
1632790 882
1632800 882
1632810 887
1632820 892
1632830 892
1632840 896
1632850 899
1632860 899
1632870 903
1632880 905
1632890 905
1632900 908
1632910 912
1632920 912
1632930 917
1632940 923
1632950 923
1632960 929
1632970 934
1632980 934
1632990 939
1633000 944
1633010 947
1633020 947
1633030 950
1633040 953
1633050 953
1633060 954
1633070 954
1633080 954
1633090 949
1633100 944
1633110 944
1633120 938
1633130 933
1633140 933
1633150 931
1633160 929
1633170 929
1633180 926
1633190 923
1633200 923
1633210 919
1633220 914
1633230 914
1633240 908
1633250 905
1633260 905
1633270 903
1633280 903
1633290 903
1633300 902
1633310 901
1633320 901
1633330 901
1633340 901
1633350 901
1633360 900
1633370 899
1633380 899
1633390 898
1633400 897
1633410 897
1633420 894
1633430 890
1633440 890
1633450 887
1633460 888
1633470 891
1633480 891
1633490 896
1633500 898
1633510 898
1633520 900
1633530 898
1633540 898
1633550 893
1633560 889
1633570 889
1633580 885
1633590 873
1633600 873
1633610 867
1633620 861
1633630 861
1633640 857
1633650 857
1633660 857
1633670 855
1633680 850
1633690 850
1633700 846
1633710 845
1633720 845
1633730 841
1633740 836
1633750 836
1633760 829
1633770 822
1633780 822
1633790 818
1633800 817
1633810 817
1633820 817
1633830 814
1633840 814
1633850 807
1633860 800
1633870 800
1633880 793
1633890 785
1633900 779
1633910 779
1633920 776
1633930 772
1633940 772
1633950 776
1633960 775
1633970 775
1633980 774
1633990 774
1634000 774
1634010 770
1634020 765
1634030 765
1634040 759
1634050 755
1634060 755
1634070 756
1634080 763
1634090 763
1634100 770
1634110 777
1634120 777
1634130 779
1634140 776
1634150 776
1634160 776
1634170 775
1634180 775
1634190 774
1634200 778
1634210 778
1634220 779
1634230 784
1634240 784
1634250 790
1634260 795
1634270 795
1634280 797
1634290 797
1634300 797
1634310 796
1634320 794
1634330 794
1634340 794
1634350 800
1634360 807
1634370 807
1634380 812
1634390 816
1634400 816
1634410 818
1634420 815
1634430 815
1634440 809
1634450 802
1634460 802
1634470 795
1634480 789
1634490 789
1634500 783
1634510 778
1634520 778
1634530 771
1634540 766
1634550 766
1634560 764
1634570 762
1634580 762
1634590 759
1634600 754
1634610 754
1634620 750
1634630 748
1634640 748
1634650 746
1634660 749
1634670 749
1634680 755
1634690 761
1634700 761
1634710 767
1634720 772
1634730 772
1634740 775
1634750 779
1634760 779
1634770 783
1634780 788
1634790 794
1634800 794
1634810 799
1634820 804
1634830 804
1634840 804
1634850 795
1634860 795
1634870 795
1634880 799
1634890 799
1634900 803
1634910 804
1634920 804
1634930 808
1634940 814
1634950 814
1634960 817
1634970 818
1634980 818
1634990 821
1635000 822
1635010 822
1635020 823
1635030 822
1635040 822
1635050 822
1635060 825
1635070 825
1635080 830
1635090 833
1635100 833
1635110 833
1635120 834
1635130 834
1635140 840
1635150 848
1635160 848
1635170 855
1635180 863
1635190 863
1635200 871
1635210 879
1635220 885
1635230 885
1635240 890
1635250 895
1635260 895
1635270 902
1635280 909
1635290 909
1635300 918
1635310 922
1635320 922
1635330 925
1635340 928
1635350 928
1635360 930
1635370 931
1635380 931
1635390 930
1635400 930
1635410 930
1635420 928
1635430 927
1635440 927
1635450 925
1635460 922
1635470 922
1635480 920
1635490 919
1635500 919
1635510 917
1635520 916
1635530 916
1635540 914
1635550 912
1635560 912
1635570 912
1635580 909
1635590 909
1635600 908
1635610 908
1635620 908
1635630 905
1635640 897
1635650 890
1635660 890
1635670 887
1635680 880
1635690 880
1635700 872
1635710 864
1635720 864
1635730 857
1635740 853
1635750 853
1635760 848
1635770 846
1635780 846
1635790 849
1635800 851
1635810 851
1635820 851
1635830 850
1635840 850
1635850 850
1635860 851
1635870 851
1635880 851
1635890 851
1635900 851
1635910 847
1635920 837
1635930 837
1635940 827
1635950 819
1635960 819
1635970 810
1635980 802
1635990 802
1636000 794
1636010 788
1636020 788
1636030 780
1636040 770
1636050 770
1636060 758
1636070 747
1636080 747
1636090 738
1636100 729
1636110 718
1636120 718
1636130 710
1636140 702
1636150 708
1636160 700
1636170 694
1636180 694
1636190 688
1636200 681
1636210 681
1636220 676
1636230 668
1636240 668
1636250 660
1636260 655
1636270 655
1636280 653
1636290 652
1636300 652
1636310 650
1636320 646
1636330 646
1636340 641
1636350 639
1636360 639
1636370 640
1636380 639
1636390 639
1636400 637
1636410 635
1636420 635
1636430 632
1636440 629
1636450 629
1636460 626
1636470 622
1636480 622
1636490 618
1636500 614
1636510 614
1636520 609
1636530 605
1636540 600
1636550 600
1636560 594
1636570 590
1636580 590
1636590 586
1636600 581
1636610 581
1636620 577
1636630 574
1636640 574
1636650 570
1636660 566
1636670 566
1636680 562
1636690 559
1636700 559
1636710 557
1636720 554
1636730 554
1636740 552
1636750 550
1636760 550
1636770 548
1636780 546
1636790 546
1636800 544
1636810 540
1636820 540
1636830 534
1636840 530
1636850 530
1636860 521
1636870 510
1636880 510
1636890 495
1636900 485
1636910 485
1636920 479
1636930 471
1636940 471
1636950 468
1636960 475
1636970 480
1636980 480
1636990 480
1637000 480
1637010 480
1637020 480
1637030 480
1637040 480
1637050 480
1637060 480
1637070 480
1637080 480
1637090 480
1637100 480
1637110 480
1637120 480
1637130 480
1637140 480
1637150 479
1637160 479
1637170 478
1637180 477
1637190 477
1637200 475
1637210 473
1637220 473
1637230 472
1637240 469
1637250 469
1637260 465
1637270 459
1637280 459
1637290 454
1637300 450
1637310 450
1637320 448
1637330 447
1637340 447
1637350 445
1637360 440
1637370 440
1637380 437
1637390 434
1637400 434
1637410 433
1637420 433
1637430 433
1637440 433
1637450 433
1637460 433
1637470 433
1637480 433
1637490 436
1637500 436
1637510 442
1637520 445
1637530 445
1637540 447
1637550 449
1637560 449
1637570 450
1637580 451
1637590 451
1637600 452
1637610 456
1637620 456
1637630 460
1637640 464
1637650 464
1637660 468
1637670 470
1637680 470
1637690 471
1637700 472
1637710 472
1637720 475
1637730 477
1637740 477
1637750 478
1637760 480
1637770 480
1637780 484
1637790 490
1637800 490
1637810 495
1637820 500
1637830 505
1637840 510
1637850 516
1637860 521
1637870 521
1637880 526
1637890 532
1637900 532
1637910 538
1637920 546
1637930 546
1637940 554
1637950 560
1637960 560
1637970 568
1637980 578
1637990 578
1638000 584
1638010 586
1638020 586
1638030 588
1638040 590
1638050 590
1638060 593
1638070 596
1638080 596
1638090 602
1638100 604
1638110 604
1638120 603
1638130 605
1638140 605
1638150 609
1638160 613
1638170 613
1638180 619
1638190 625
1638200 625
1638210 632
1638220 640
1638230 640
1638240 646
1638250 653
1638260 653
1638270 661
1638280 673
1638290 681
1638300 681
1638310 689
1638320 693
1638330 693
1638340 694
1638350 697
1638360 697
1638370 703
1638380 713
1638390 713
1638400 721
1638410 724
1638420 724
1638430 723
1638440 720
1638450 720
1638460 716
1638470 712
1638480 712
1638490 708
1638500 705
1638510 705
1638520 702
1638530 699
1638540 699
1638550 696
1638560 693
1638570 693
1638580 691
1638590 688
1638600 688
1638610 686
1638620 685
1638630 685
1638640 683
1638650 682
1638660 686
1638670 687
1638680 688
1638690 688
1638700 688
1638710 688
1638720 688
1638730 687
1638740 687
1638750 686
1638760 686
1638770 685
1638780 684
1638790 684
1638800 683
1638810 682
1638820 682
1638830 681
1638840 680
1638850 680
1638860 677
1638870 675
1638880 675
1638890 674
1638900 672
1638910 672
1638920 671
1638930 667
1638940 667
1638950 666
1638960 667
1638970 667
1638980 668
1638990 667
1639000 667
1639010 668
1639020 668
1639030 668
1639040 669
1639050 670
1639060 670
1639070 670
1639080 671
1639090 671
1639100 672
1639110 673
1639120 673
1639130 673
1639140 674
1639150 674
1639160 674
1639170 673
1639180 673
1639190 673
1639200 671
1639210 670
1639220 670
1639230 670
1639240 669
1639250 669
1639260 666
1639270 665
1639280 665
1639290 664
1639300 663
1639310 663
1639320 661
1639330 660
1639340 660
1639350 659
1639360 657
1639370 657
1639380 651
1639390 642
1639400 642
1639410 638
1639420 636
1639430 636
1639440 637
1639450 634
1639460 634
1639470 628
1639480 622
1639490 622
1639500 622
1639510 615
1639520 615
1639530 609
1639540 604
1639550 604
1639560 599
1639570 594
1639580 594
1639590 589
1639600 583
1639610 576
1639620 576
1639630 568
1639640 560
1639650 560
1639660 553
1639670 547
1639680 547
1639690 543
1639700 541
1639710 541
1639720 539
1639730 538
1639740 538
1639750 542
1639760 542
1639770 542
1639780 538
1639790 534
1639800 534
1639810 531
1639820 528
1639830 528
1639840 524
1639850 521
1639860 521
1639870 520
1639880 520
1639890 520
1639900 518
1639910 517
1639920 517
1639930 515
1639940 513
1639950 513
1639960 512
1639970 511
1639980 511
1639990 509
