1620000 1184
1620010 1184
1620020 1181
1620030 1180
1620040 1180
1620050 1181
1620060 1181
1620070 1181
1620080 1181
1620090 1182
1620100 1182
1620110 1182
1620120 1182
1620130 1182
1620140 1183
1620150 1185
1620160 1185
1620170 1187
1620180 1192
1620190 1192
1620200 1197
1620210 1199
1620220 1199
1620230 1201
1620240 1201
1620250 1201
1620260 1200
1620270 1197
1620280 1197
1620290 1194
1620300 1188
1620310 1188
1620320 1185
1620330 1189
1620340 1189
1620350 1189
1620360 1187
1620370 1184
1620380 1184
1620390 1180
1620400 1180
1620410 1180
1620420 1181
1620430 1182
1620440 1182
1620450 1182
1620460 1181
1620470 1181
1620480 1179
1620490 1177
1620500 1177
1620510 1172
1620520 1166
1620530 1166
1620540 1161
1620550 1155
1620560 1155
1620570 1150
1620580 1147
1620590 1147
1620600 1144
1620610 1142
1620620 1142
1620630 1140
1620640 1138
1620650 1138
1620660 1136
1620670 1134
1620680 1134
1620690 1136
1620700 1139
1620710 1139
1620720 1142
1620730 1145
1620740 1145
1620750 1147
1620760 1150
1620770 1153
1620780 1153
1620790 1155
1620800 1156
1620810 1156
1620820 1156
1620830 1154
1620840 1154
1620850 1150
1620860 1146
1620870 1146
1620880 1143
1620890 1140
1620900 1140
1620910 1138
1620920 1134
1620930 1134
1620940 1129
1620950 1129
1620960 1129
1620970 1125
1620980 1121
1620990 1121
1621000 1115
1621010 1111
1621020 1111
1621030 1107
1621040 1103
1621050 1103
1621060 1100
1621070 1099
1621080 1099
1621090 1100
1621100 1103
1621110 1103
1621120 1109
1621130 1111
1621140 1111
1621150 1108
1621160 1107
1621170 1107
1621180 1109
1621190 1112
1621200 1112
1621210 1116
1621220 1117
1621230 1120
1621240 1120
1621250 1123
1621260 1127
1621270 1127
1621280 1131
1621290 1136
1621300 1136
1621310 1140
1621320 1142
1621330 1142
1621340 1141
1621350 1139
1621360 1139
1621370 1137
1621380 1135
1621390 1135
1621400 1132
1621410 1130
1621420 1130
1621430 1126
1621440 1122
1621450 1122
1621460 1118
1621470 1114
1621480 1114
1621490 1110
1621500 1106
1621510 1106
1621520 1103
1621530 1099
1621540 1099
1621550 1096
1621560 1093
1621570 1093
1621580 1089
1621590 1086
1621600 1086
1621610 1084
1621620 1082
1621630 1082
1621640 1081
1621650 1080
1621660 1080
1621670 1081
1621680 1080
1621690 1080
1621700 1080
1621710 1082
1621720 1084
1621730 1084
1621740 1084
1621750 1081
1621760 1081
1621770 1079
1621780 1077
1621790 1077
1621800 1077
1621810 1079
1621820 1079
1621830 1082
1621840 1086
1621850 1086
1621860 1089
1621870 1086
1621880 1089
1621890 1083
1621900 1077
1621910 1077
1621920 1072
1621930 1068
1621940 1068
1621950 1064
1621960 1061
1621970 1061
1621980 1059
1621990 1058
1622000 1058
1622010 1054
1622020 1054
1622030 1054
1622040 1057
1622050 1060
1622060 1060
1622070 1063
1622080 1065
1622090 1065
1622100 1068
1622110 1072
1622120 1073
1622130 1073
1622140 1074
1622150 1075
1622160 1075
1622170 1074
1622180 1068
1622190 1068
1622200 1062
1622210 1056
1622220 1056
1622230 1050
1622240 1044
1622250 1044
1622260 1038
1622270 1033
1622280 1033
1622290 1028
1622300 1023
1622310 1023
1622320 1019
1622330 1015
1622340 1015
1622350 1009
1622360 1004
1622370 1004
1622380 1000
1622390 995
1622400 995
1622410 989
1622420 986
1622430 986
1622440 982
1622450 978
1622460 978
1622470 974
1622480 968
1622490 968
1622500 960
1622510 953
1622520 953
1622530 947
1622540 942
1622550 942
1622560 936
1622570 930
1622580 924
1622590 924
1622600 918
1622610 911
1622620 911
1622630 903
1622640 896
1622650 896
1622660 889
1622670 883
1622680 883
1622690 875
1622700 866
1622710 866
1622720 858
1622730 850
1622740 850
1622750 842
1622760 847
1622770 847
1622780 850
1622790 846
1622800 846
1622810 843
1622820 834
1622830 834
1622840 832
1622850 829
1622860 829
1622870 827
1622880 826
1622890 826
1622900 831
1622910 840
1622920 840
1622930 845
1622940 851
1622950 851
1622960 858
1622970 859
1622980 859
1622990 854
1623000 845
1623010 845
1623020 839
1623030 841
1623040 844
1623050 844
1623060 843
1623070 843
1623080 843
1623090 842
1623100 839
1623110 839
1623120 840
1623130 844
1623140 844
1623150 851
1623160 857
1623170 857
1623180 859
1623190 864
1623200 864
1623210 872
1623220 880
1623230 880
1623240 887
1623250 889
1623260 889
1623270 886
1623280 883
1623290 883
1623300 882
1623310 885
1623320 885
1623330 890
1623340 897
1623350 897
1623360 902
1623370 908
1623380 908
1623390 915
1623400 921
1623410 921
1623420 928
1623430 933
1623440 933
1623450 938
1623460 943
1623470 947
1623480 947
1623490 951
1623500 954
1623510 954
1623520 957
1623530 959
1623540 959
1623550 960
1623560 960
1623570 960
1623580 957
1623590 951
1623600 951
1623610 944
1623620 938
1623630 938
1623640 933
1623650 932
1623660 932
1623670 929
1623680 928
1623690 928
1623700 926
1623710 925
1623720 925
1623730 926
1623740 935
1623750 935
1623760 929
1623770 924
1623780 924
1623790 920
1623800 914
1623810 914
1623820 910
1623830 909
1623840 909
1623850 904
1623860 899
1623870 899
1623880 894
1623890 892
1623900 892
1623910 894
1623920 899
1623930 901
1623940 901
1623950 896
1623960 891
1623970 891
1623980 882
1623990 867
1624000 867
1624010 859
1624020 853
1624030 853
1624040 841
1624050 813
1624060 813
1624070 791
1624080 780
1624090 780
1624100 772
1624110 765
1624120 765
1624130 759
1624140 752
1624150 752
1624160 746
1624170 738
1624180 738
1624190 732
1624200 727
1624210 727
1624220 724
1624230 721
1624240 721
1624250 719
1624260 717
1624270 717
1624280 713
1624290 712
1624300 712
1624310 712
1624320 712
1624330 712
1624340 719
1624350 736
1624360 736
1624370 742
1624380 740
1624390 734
1624400 734
1624410 722
1624420 713
1624430 713
1624440 703
1624450 696
1624460 696
1624470 682
1624480 661
1624490 661
1624500 648
1624510 638
1624520 638
1624530 631
1624540 623
1624550 623
1624560 608
1624570 597
1624580 597
1624590 583
1624600 570
1624610 570
1624620 562
1624630 556
1624640 556
1624650 551
1624660 550
1624670 550
1624680 548
1624690 547
1624700 547
1624710 546
1624720 545
1624730 545
1624740 543
1624750 540
1624760 540
1624770 539
1624780 537
1624790 537
1624800 540
1624810 541
1624820 541
1624830 540
1624840 539
1624850 540
1624860 540
1624870 540
1624880 541
1624890 541
1624900 546
1624910 552
1624920 552
1624930 549
1624940 540
1624950 540
1624960 534
1624970 533
1624980 533
1624990 532
1625000 531
1625010 531
1625020 530
1625030 532
1625040 532
1625050 532
1625060 533
1625070 533
1625080 533
1625090 533
1625100 533
1625110 533
1625120 533
1625130 533
1625140 532
1625150 531
1625160 531
1625170 530
1625180 529
1625190 529
1625200 528
1625210 527
1625220 527
1625230 526
1625240 526
1625250 526
1625260 526
1625270 525
1625280 525
1625290 525
1625300 524
1625310 523
1625320 523
1625330 522
1625340 522
1625350 522
1625360 522
1625370 522
1625380 522
1625390 522
1625400 522
1625410 522
1625420 522
1625430 521
1625440 521
1625450 521
1625460 520
1625470 520
1625480 519
1625490 519
1625500 519
1625510 518
1625520 518
1625530 518
1625540 517
1625550 520
1625560 520
1625570 523
1625580 530
1625590 530
1625600 540
1625610 551
1625620 551
1625630 559
1625640 566
1625650 566
1625660 571
1625670 571
1625680 571
1625690 570
1625700 569
1625710 569
1625720 570
1625730 571
1625740 571
1625750 571
1625760 567
1625770 562
1625780 562
1625790 557
1625800 553
1625810 553
1625820 552
1625830 550
1625840 550
1625850 550
1625860 551
1625870 551
1625880 551
1625890 553
1625900 553
1625910 554
1625920 555
1625930 555
1625940 553
1625950 548
1625960 548
1625970 542
1625980 540
1625990 540
1626000 539
1626010 542
1626020 542
1626030 545
1626040 545
1626050 545
1626060 546
1626070 547
1626080 547
1626090 548
1626100 549
1626110 549
1626120 553
1626130 557
1626140 557
1626150 560
1626160 563
1626170 563
1626180 567
1626190 570
1626200 574
1626210 574
1626220 577
1626230 580
1626240 580
1626250 583
1626260 586
1626270 586
1626280 589
1626290 591
1626300 591
1626310 593
1626320 595
1626330 595
1626340 597
1626350 599
1626360 599
1626370 600
1626380 601
1626390 601
1626400 603
1626410 604
1626420 604
1626430 605
1626440 605
1626450 605
1626460 605
1626470 604
1626480 601
1626490 599
1626500 598
1626510 598
1626520 596
1626530 595
1626540 595
1626550 594
1626560 593
1626570 593
1626580 592
1626590 589
1626600 589
1626610 584
1626620 578
1626630 572
1626640 572
1626650 566
1626660 562
1626670 562
1626680 558
1626690 556
1626700 556
1626710 551
1626720 550
1626730 550
1626740 550
1626750 549
1626760 549
1626770 549
1626780 548
1626790 548
1626800 548
1626810 547
1626820 547
1626830 545
1626840 542
1626850 542
1626860 539
1626870 535
1626880 535
1626890 532
1626900 530
1626910 530
1626920 530
1626930 530
1626940 530
1626950 529
1626960 527
1626970 527
1626980 525
1626990 522
1627000 522
1627010 516
1627020 513
1627030 513
1627040 512
1627050 511
1627060 511
1627070 511
1627080 511
1627090 511
1627100 511
1627110 511
1627120 511
1627130 511
1627140 511
1627150 511
1627160 511
1627170 511
1627180 511
1627190 511
1627200 511
1627210 511
1627220 511
1627230 511
1627240 511
1627250 511
1627260 511
1627270 511
1627280 511
1627290 511
1627300 511
1627310 511
1627320 511
1627330 511
1627340 511
1627350 511
1627360 511
1627370 511
1627380 511
1627390 511
1627400 511
1627410 511
1627420 511
1627430 511
1627440 511
1627450 511
1627460 511
1627470 510
1627480 510
1627490 510
1627500 506
1627510 501
1627520 501
1627530 502
1627540 507
1627550 510
1627560 510
1627570 510
1627580 510
1627590 510
1627600 510
1627610 510
1627620 510
1627630 510
1627640 510
1627650 510
1627660 510
1627670 510
1627680 510
1627690 509
1627700 509
1627710 509
1627720 509
1627730 508
1627740 508
1627750 507
1627760 498
1627770 498
1627780 484
1627790 473
1627800 473
1627810 465
1627820 463
1627830 463
1627840 464
1627850 467
1627860 467
1627870 472
1627880 480
1627890 480
1627900 490
1627910 507
1627920 507
1627930 512
1627940 514
1627950 514
1627960 517
1627970 520
1627980 520
1627990 524
1628000 527
1628010 531
1628020 531
1628030 535
1628040 539
1628050 539
1628060 543
1628070 549
1628080 549
1628090 554
1628100 560
1628110 560
1628120 566
1628130 572
1628140 572
1628150 579
1628160 585
1628170 585
1628180 589
1628190 597
1628200 597
1628210 606
1628220 614
1628230 614
1628240 620
1628250 627
1628260 627
1628270 632
1628280 630
1628290 630
1628300 624
1628310 618
1628320 618
1628330 614
1628340 604
1628350 604
1628360 593
1628370 585
1628380 585
1628390 576
1628400 568
1628410 568
1628420 560
1628430 552
1628440 544
1628450 544
1628460 536
1628470 528
1628480 528
1628490 521
1628500 513
1628510 513
1628520 506
1628530 499
1628540 499
1628550 491
1628560 482
1628570 482
1628580 474
1628590 470
1628600 470
1628610 472
1628620 479
1628630 479
1628640 490
1628650 500
1628660 500
1628670 509
1628680 517
1628690 517
1628700 523
1628710 528
1628720 528
1628730 534
1628740 541
1628750 541
1628760 548
1628770 556
1628780 556
1628790 564
1628800 573
1628810 573
1628820 583
1628830 592
1628840 592
1628850 601
1628860 609
1628870 609
1628880 617
1628890 625
1628900 633
1628910 633
1628920 640
1628930 648
1628940 648
1628950 656
1628960 666
1628970 666
1628980 676
1628990 687
1629000 687
1629010 696
1629020 703
1629030 703
1629040 715
1629050 723
1629060 723
1629070 730
1629080 736
1629090 736
1629100 742
1629110 748
1629120 748
1629130 754
1629140 761
1629150 761
1629160 767
1629170 768
1629180 768
1629190 774
1629200 780
1629210 780
1629220 785
1629230 791
1629240 791
1629250 795
1629260 799
1629270 799
1629280 801
1629290 802
1629300 802
1629310 803
1629320 804
1629330 804
1629340 805
1629350 805
1629360 805
1629370 805
1629380 803
1629390 800
1629400 800
1629410 796
1629420 792
1629430 792
1629440 787
1629450 783
1629460 783
1629470 779
1629480 774
1629490 774
1629500 767
1629510 759
1629520 759
1629530 751
1629540 747
1629550 747
1629560 742
1629570 739
1629580 739
1629590 736
1629600 733
1629610 733
1629620 731
1629630 731
1629640 731
1629650 732
1629660 733
1629670 733
1629680 733
1629690 730
1629700 730
1629710 727
1629720 727
1629730 727
1629740 725
1629750 723
1629760 723
1629770 723
1629780 721
1629790 716
1629800 716
1629810 713
1629820 716
1629830 716
1629840 719
1629850 720
1629860 720
1629870 722
1629880 722
1629890 722
1629900 723
1629910 723
1629920 723
1629930 725
1629940 727
1629950 727
1629960 732
1629970 735
1629980 735
1629990 738
1630000 742
1630010 742
1630020 748
1630030 754
1630040 754
1630050 765
1630060 771
1630070 771
1630080 776
1630090 782
1630100 782
1630110 785
1630120 789
1630130 789
1630140 796
1630150 806
1630160 806
1630170 815
1630180 822
1630190 822
1630200 830
1630210 839
1630220 839
1630230 847
1630240 853
1630250 859
1630260 859
1630270 866
1630280 872
1630290 872
1630300 879
1630310 885
1630320 885
1630330 890
1630340 894
1630350 894
1630360 898
1630370 899
1630380 899
1630390 894
1630400 886
1630410 886
1630420 879
1630430 874
1630440 874
1630450 869
1630460 865
1630470 865
1630480 864
1630490 866
1630500 866
1630510 866
1630520 861
1630530 861
1630540 856
1630550 852
1630560 852
1630570 851
1630580 854
1630590 854
1630600 859
1630610 862
1630620 862
1630630 864
1630640 868
1630650 868
1630660 871
1630670 872
1630680 872
1630690 870
1630700 868
1630710 864
1630720 864
1630730 862
1630740 860
1630750 860
1630760 859
1630770 858
1630780 858
1630790 858
1630800 858
1630810 858
1630820 857
1630830 856
1630840 856
1630850 857
1630860 856
1630870 856
1630880 851
1630890 845
1630900 845
1630910 838
1630920 832
1630930 827
1630940 822
1630950 815
1630960 815
1630970 808
1630980 802
1630990 802
1631000 796
1631010 790
1631020 790
1631030 785
1631040 779
1631050 779
1631060 773
1631070 766
1631080 766
1631090 760
1631100 754
1631110 754
1631120 748
1631130 742
1631140 737
1631150 737
1631160 732
1631170 728
1631180 728
1631190 723
1631200 719
1631210 719
1631220 715
1631230 712
1631240 712
1631250 709
1631260 707
1631270 707
1631280 705
1631290 703
1631300 703
1631310 699
1631320 696
1631330 696
1631340 692
1631350 689
1631360 689
1631370 686
1631380 683
1631390 683
1631400 680
1631410 676
1631420 676
1631430 672
1631440 668
1631450 668
1631460 664
1631470 663
1631480 663
1631490 665
1631500 667
1631510 667
1631520 668
1631530 668
1631540 668
1631550 669
1631560 671
1631570 671
1631580 675
1631590 678
1631600 681
1631610 681
1631620 685
1631630 691
1631640 691
1631650 697
1631660 701
1631670 701
1631680 705
1631690 705
1631700 705
1631710 708
1631720 713
1631730 713
1631740 718
1631750 722
1631760 722
1631770 725
1631780 728
1631790 728
1631800 731
1631810 735
1631820 735
1631830 737
1631840 734
1631850 734
1631860 729
1631870 723
1631880 723
1631890 718
1631900 712
1631910 712
1631920 708
1631930 702
1631940 702
1631950 697
1631960 693
1631970 693
1631980 691
1631990 689
1632000 689
1632010 687
1632020 682
1632030 682
1632040 677
1632050 672
1632060 668
1632070 668
1632080 665
1632090 661
1632100 661
1632110 657
1632120 653
1632130 653
1632140 648
1632150 643
1632160 643
1632170 640
1632180 640
1632190 640
1632200 640
1632210 637
1632220 637
1632230 632
1632240 628
1632250 628
1632260 633
1632270 639
1632280 639
1632290 645
1632300 650
1632310 650
1632320 655
1632330 658
1632340 658
1632350 659
1632360 659
1632370 659
1632380 659
1632390 659
1632400 659
1632410 660
1632420 660
1632430 660
1632440 660
1632450 660
1632460 660
1632470 659
1632480 657
1632490 657
1632500 655
1632510 653
1632520 650
1632530 650
1632540 645
1632550 638
1632560 638
1632570 632
1632580 625
1632590 625
1632600 619
1632610 613
1632620 613
1632630 607
1632640 606
1632650 606
1632660 607
1632670 605
1632680 610
1632690 604
1632700 599
1632710 599
1632720 596
1632730 594
1632740 594
1632750 591
1632760 587
1632770 587
1632780 584
1632790 582
1632800 582
1632810 582
1632820 582
1632830 582
1632840 582
1632850 583
1632860 583
1632870 587
1632880 591
1632890 591
1632900 591
1632910 590
1632920 590
1632930 587
1632940 590
1632950 595
1632960 595
1632970 598
1632980 601
1632990 601
1633000 606
1633010 610
1633020 610
1633030 613
1633040 616
1633050 616
1633060 618
1633070 621
1633080 621
1633090 623
1633100 624
1633110 624
1633120 625
1633130 625
1633140 625
1633150 625
1633160 626
1633170 626
1633180 627
1633190 627
1633200 627
1633210 630
1633220 634
1633230 634
1633240 636
1633250 638
1633260 638
1633270 637
1633280 634
1633290 634
1633300 631
1633310 635
1633320 635
1633330 636
1633340 634
1633350 634
1633360 634
1633370 635
1633380 635
1633390 640
1633400 645
1633410 649
1633420 649
1633430 653
1633440 656
1633450 656
1633460 659
1633470 661
1633480 661
1633490 663
1633500 664
1633510 664
1633520 666
1633530 667
1633540 663
1633550 662
1633560 659
1633570 659
1633580 656
1633590 655
1633600 655
1633610 656
1633620 658
1633630 658
1633640 656
1633650 651
1633660 651
1633670 645
1633680 640
1633690 640
1633700 635
1633710 631
1633720 631
1633730 636
1633740 640
1633750 640
1633760 641
1633770 645
1633780 645
1633790 652
1633800 656
1633810 656
1633820 659
1633830 654
1633840 654
1633850 645
1633860 637
1633870 634
1633880 634
1633890 639
1633900 642
1633910 642
1633920 646
1633930 650
1633940 650
1633950 657
1633960 663
1633970 663
1633980 669
1633990 673
1634000 673
1634010 678
1634020 682
1634030 682
1634040 684
1634050 686
1634060 686
1634070 685
1634080 681
1634090 681
1634100 675
1634110 669
1634120 669
1634130 664
1634140 660
1634150 660
1634160 654
1634170 647
1634180 647
1634190 639
1634200 630
1634210 630
1634220 620
1634230 611
1634240 611
1634250 602
1634260 597
1634270 597
1634280 604
1634290 612
1634300 612
1634310 622
1634320 617
1634330 603
1634340 603
1634350 590
1634360 582
1634370 582
1634380 582
1634390 579
1634400 572
1634410 568
1634420 575
1634430 575
1634440 578
1634450 580
1634460 580
1634470 579
1634480 574
1634490 574
1634500 569
1634510 571
1634520 571
1634530 579
1634540 581
1634550 581
1634560 582
1634570 583
1634580 583
1634590 573
1634600 561
1634610 561
1634620 553
1634630 547
1634640 547
1634650 543
1634660 547
1634670 547
1634680 548
1634690 542
1634700 542
1634710 537
1634720 532
1634730 532
1634740 528
1634750 525
1634760 522
1634770 522
1634780 520
1634790 516
1634800 516
1634810 513
1634820 510
1634830 510
1634840 506
1634850 504
1634860 504
1634870 502
1634880 498
1634890 498
1634900 492
1634910 489
1634920 489
1634930 488
1634940 488
1634950 488
1634960 488
1634970 488
1634980 488
1634990 488
1635000 489
1635010 489
1635020 488
1635030 485
1635040 485
1635050 482
1635060 481
1635070 481
1635080 479
1635090 478
1635100 478
1635110 478
1635120 478
1635130 478
1635140 479
1635150 480
1635160 480
1635170 483
1635180 484
1635190 484
1635200 484
1635210 482
1635220 480
1635230 480
1635240 476
1635250 482
1635260 482
1635270 476
1635280 473
1635290 473
1635300 471
1635310 466
1635320 466
1635330 459
1635340 457
1635350 457
1635360 452
1635370 447
1635380 447
1635390 443
1635400 439
1635410 439
1635420 438
1635430 439
1635440 439
1635450 442
1635460 443
1635470 443
1635480 444
1635490 444
1635500 444
1635510 442
1635520 440
1635530 440
1635540 438
1635550 434
1635560 434
1635570 429
1635580 428
1635590 428
1635600 428
1635610 428
1635620 428
1635630 428
1635640 428
1635650 428
1635660 428
1635670 431
1635680 435
1635690 435
1635700 439
1635710 445
1635720 445
1635730 449
1635740 455
1635750 455
1635760 460
1635770 465
1635780 465
1635790 470
1635800 476
1635810 476
1635820 486
1635830 491
1635840 491
1635850 491
1635860 491
1635870 491
1635880 491
1635890 492
1635900 492
1635910 492
1635920 492
1635930 492
1635940 492
1635950 492
1635960 492
1635970 492
1635980 493
1635990 493
1636000 495
1636010 496
1636020 496
1636030 496
1636040 496
1636050 496
1636060 496
1636070 496
1636080 496
1636090 496
1636100 496
1636110 496
1636120 496
1636130 496
1636140 495
1636150 495
1636160 495
1636170 495
1636180 495
1636190 495
1636200 495
1636210 495
1636220 495
1636230 496
1636240 496
1636250 496
1636260 496
1636270 496
1636280 497
1636290 497
1636300 497
1636310 497
1636320 498
1636330 498
1636340 498
1636350 499
1636360 499
1636370 499
1636380 499
1636390 499
1636400 499
1636410 500
1636420 500
1636430 500
1636440 500
1636450 500
1636460 500
1636470 500
1636480 500
1636490 500
1636500 500
1636510 500
1636520 500
1636530 500
1636540 500
1636550 500
1636560 499
1636570 499
1636580 499
1636590 499
1636600 499
1636610 499
1636620 499
1636630 498
1636640 498
1636650 498
1636660 498
1636670 498
1636680 498
1636690 500
1636700 500
1636710 503
1636720 507
1636730 507
1636740 510
1636750 512
1636760 512
1636770 516
1636780 520
1636790 520
1636800 524
1636810 527
1636820 527
1636830 530
1636840 533
1636850 533
1636860 535
1636870 538
1636880 538
1636890 543
1636900 546
1636910 546
1636920 545
1636930 543
1636940 543
1636950 553
1636960 561
1636970 561
1636980 567
1636990 573
1637000 573
1637010 579
1637020 583
1637030 588
1637040 588
1637050 592
1637060 596
1637070 596
1637080 599
1637090 603
1637100 603
1637110 605
1637120 607
1637130 607
1637140 606
1637150 600
1637160 600
1637170 594
1637180 588
1637190 588
1637200 583
1637210 577
1637220 577
1637230 570
1637240 566
1637250 566
1637260 560
1637270 555
1637280 555
1637290 552
1637300 547
1637310 547
1637320 541
1637330 537
1637340 537
1637350 534
1637360 530
1637370 530
1637380 528
1637390 527
1637400 527
1637410 527
1637420 523
1637430 523
1637440 525
1637450 530
1637460 530
1637470 537
1637480 547
1637490 557
1637500 557
1637510 564
1637520 571
1637530 571
1637540 579
1637550 591
1637560 591
1637570 595
1637580 584
1637590 584
1637600 577
1637610 578
1637620 578
1637630 580
1637640 581
1637650 581
1637660 586
1637670 591
1637680 591
1637690 597
1637700 602
1637710 602
1637720 606
1637730 607
1637740 607
1637750 605
1637760 607
1637770 607
1637780 605
1637790 608
1637800 608
1637810 610
1637820 610
1637830 610
1637840 611
1637850 615
1637860 615
1637870 619
1637880 620
1637890 620
1637900 621
1637910 620
1637920 621
1637930 621
1637940 631
1637950 639
1637960 639
1637970 644
1637980 645
1637990 645
1638000 644
1638010 644
1638020 644
1638030 648
1638040 653
1638050 653
1638060 659
1638070 665
1638080 665
1638090 670
1638100 674
1638110 674
1638120 679
1638130 683
1638140 683
1638150 686
1638160 690
1638170 690
1638180 693
1638190 697
1638200 697
1638210 700
1638220 703
1638230 703
1638240 707
1638250 710
1638260 710
1638270 713
1638280 715
1638290 715
1638300 717
1638310 720
1638320 720
1638330 722
1638340 724
1638350 724
1638360 726
1638370 729
1638380 732
1638390 732
1638400 734
1638410 734
1638420 734
1638430 737
1638440 742
1638450 742
1638460 747
1638470 751
1638480 751
1638490 754
1638500 754
1638510 754
1638520 754
1638530 756
1638540 756
1638550 759
1638560 762
1638570 762
1638580 765
1638590 767
1638600 767
1638610 768
1638620 773
1638630 773
1638640 773
1638650 774
1638660 774
1638670 775
1638680 775
1638690 775
1638700 774
1638710 773
1638720 773
1638730 771
1638740 772
1638750 772
1638760 776
1638770 782
1638780 782
1638790 787
1638800 791
1638810 791
1638820 794
1638830 797
1638840 798
1638850 798
1638860 800
1638870 802
1638880 802
1638890 803
1638900 805
1638910 805
1638920 805
1638930 806
1638940 806
1638950 805
1638960 802
1638970 802
1638980 797
1638990 792
1639000 792
1639010 789
1639020 787
1639030 787
1639040 790
1639050 795
1639060 795
1639070 799
1639080 800
1639090 800
1639100 798
1639110 797
1639120 797
1639130 795
1639140 793
1639150 793
1639160 791
1639170 793
1639180 793
1639190 793
1639200 792
1639210 792
1639220 790
1639230 787
1639240 787
1639250 783
1639260 779
1639270 775
1639280 775
1639290 769
1639300 757
1639310 757
1639320 747
1639330 739
1639340 739
1639350 734
1639360 729
1639370 729
1639380 726
1639390 725
1639400 725
1639410 728
1639420 728
1639430 728
1639440 725
1639450 726
1639460 726
1639470 727
1639480 725
1639490 725
1639500 722
1639510 723
1639520 723
1639530 727
1639540 733
1639550 733
1639560 740
1639570 747
1639580 747
1639590 754
1639600 761
1639610 761
1639620 768
1639630 775
1639640 775
1639650 784
1639660 792
1639670 792
1639680 800
1639690 805
1639700 805
1639710 803
1639720 801
1639730 799
1639740 799
1639750 798
1639760 796
1639770 796
1639780 795
1639790 793
1639800 793
1639810 791
1639820 790
1639830 790
1639840 789
1639850 788
1639860 788
1639870 788
1639880 789
1639890 789
1639900 791
1639910 791
1639920 791
1639930 789
1639940 785
1639950 785
1639960 779
1639970 776
1639980 776
1639990 775
