1620000 734
1620010 722
1620020 722
1620030 712
1620040 701
1620050 701
1620060 696
1620070 700
1620080 700
1620090 704
1620100 702
1620110 702
1620120 703
1620130 701
1620140 701
1620150 695
1620160 687
1620170 687
1620180 679
1620190 676
1620200 676
1620210 676
1620220 678
1620230 678
1620240 685
1620250 685
1620260 685
1620270 681
1620280 678
1620290 678
1620300 677
1620310 677
1620320 677
1620330 676
1620340 673
1620350 673
1620360 667
1620370 659
1620380 659
1620390 650
1620400 643
1620410 643
1620420 637
1620430 634
1620440 635
1620450 635
1620460 635
1620470 632
1620480 632
1620490 627
1620500 620
1620510 620
1620520 612
1620530 601
1620540 601
1620550 588
1620560 583
1620570 583
1620580 585
1620590 585
1620600 585
1620610 588
1620620 590
1620630 590
1620640 581
1620650 579
1620660 579
1620670 574
1620680 569
1620690 569
1620700 566
1620710 565
1620720 565
1620730 565
1620740 567
1620750 567
1620760 569
1620770 572
1620780 572
1620790 574
1620800 574
1620810 574
1620820 572
1620830 569
1620840 569
1620850 567
1620860 567
1620870 567
1620880 567
1620890 567
1620900 567
1620910 565
1620920 565
1620930 564
1620940 564
1620950 563
1620960 562
1620970 562
1620980 561
1620990 561
1621000 561
1621010 562
1621020 563
1621030 563
1621040 562
1621050 561
1621060 561
1621070 559
1621080 557
1621090 557
1621100 557
1621110 556
1621120 556
1621130 555
1621140 554
1621150 554
1621160 552
1621170 550
1621180 550
1621190 550
1621200 549
1621210 549
1621220 549
1621230 549
1621240 549
1621250 548
1621260 547
1621270 547
1621280 544
1621290 540
1621300 540
1621310 538
1621320 537
1621330 537
1621340 537
1621350 537
1621360 537
1621370 537
1621380 537
1621390 536
1621400 536
1621410 535
1621420 535
1621430 535
1621440 536
1621450 536
1621460 536
1621470 536
1621480 537
1621490 537
1621500 537
1621510 537
1621520 537
1621530 536
1621540 536
1621550 536
1621560 536
1621570 536
1621580 536
1621590 536
1621600 536
1621610 536
1621620 535
1621630 535
1621640 535
1621650 535
1621660 535
1621670 535
1621680 537
1621690 539
1621700 539
1621710 539
1621720 539
1621730 539
1621740 540
1621750 541
1621760 541
1621770 541
1621780 540
1621790 540
1621800 540
1621810 540
1621820 540
1621830 541
1621840 542
1621850 544
1621860 544
1621870 547
1621880 550
1621890 550
1621900 554
1621910 558
1621920 558
1621930 561
1621940 564
1621950 564
1621960 566
1621970 569
1621980 569
1621990 574
1622000 578
1622010 578
1622020 581
1622030 584
1622040 584
1622050 588
1622060 590
1622070 590
1622080 591
1622090 590
1622100 590
1622110 588
1622120 588
1622130 588
1622140 589
1622150 587
1622160 587
1622170 586
1622180 584
1622190 584
1622200 582
1622210 580
1622220 580
1622230 579
1622240 578
1622250 578
1622260 574
1622270 571
1622280 571
1622290 571
1622300 569
1622310 569
1622320 566
1622330 562
1622340 559
1622350 559
1622360 555
1622370 551
1622380 551
1622390 548
1622400 545
1622410 545
1622420 543
1622430 540
1622440 540
1622450 537
1622460 532
1622470 532
1622480 528
1622490 527
1622500 527
1622510 527
1622520 526
1622530 526
1622540 526
1622550 525
1622560 525
1622570 525
1622580 524
1622590 524
1622600 524
1622610 525
1622620 525
1622630 525
1622640 525
1622650 525
1622660 525
1622670 524
1622680 524
1622690 524
1622700 524
1622710 524
1622720 524
1622730 524
1622740 524
1622750 524
1622760 524
1622770 524
1622780 524
1622790 524
1622800 524
1622810 524
1622820 523
1622830 523
1622840 523
1622850 523
1622860 523
1622870 523
1622880 522
1622890 523
1622900 523
1622910 523
1622920 522
1622930 522
1622940 522
1622950 522
1622960 522
1622970 522
1622980 522
1622990 522
1623000 522
1623010 522
1623020 522
1623030 521
1623040 521
1623050 521
1623060 521
1623070 519
1623080 519
1623090 520
1623100 521
1623110 521
1623120 521
1623130 520
1623140 520
1623150 520
1623160 519
1623170 519
1623180 518
1623190 519
1623200 519
1623210 520
1623220 524
1623230 524
1623240 529
1623250 535
1623260 535
1623270 542
1623280 546
1623290 549
1623300 549
1623310 550
1623320 550
1623330 550
1623340 548
1623350 545
1623360 545
1623370 541
1623380 541
1623390 541
1623400 547
1623410 552
1623420 552
1623430 555
1623440 552
1623450 552
1623460 555
1623470 558
1623480 558
1623490 554
1623500 550
1623510 550
1623520 548
1623530 547
1623540 547
1623550 547
1623560 548
1623570 548
1623580 548
1623590 549
1623600 549
1623610 548
1623620 549
1623630 549
1623640 549
1623650 549
1623660 549
1623670 550
1623680 549
1623690 549
1623700 549
1623710 550
1623720 550
1623730 547
1623740 549
1623750 554
1623760 554
1623770 557
1623780 557
1623790 557
1623800 559
1623810 560
1623820 560
1623830 560
1623840 561
1623850 561
1623860 563
1623870 565
1623880 565
1623890 567
1623900 569
1623910 569
1623920 571
1623930 573
1623940 573
1623950 575
1623960 576
1623970 576
1623980 573
1623990 570
1624000 570
1624010 570
1624020 570
1624030 570
1624040 571
1624050 572
1624060 572
1624070 574
1624080 575
1624090 575
1624100 578
1624110 584
1624120 584
1624130 591
1624140 598
1624150 598
1624160 605
1624170 612
1624180 612
1624190 618
1624200 622
1624210 627
1624220 627
1624230 634
1624240 641
1624250 641
1624260 649
1624270 661
1624280 661
1624290 666
1624300 668
1624310 668
1624320 671
1624330 672
1624340 672
1624350 674
1624360 674
1624370 674
1624380 676
1624390 677
1624400 677
1624410 679
1624420 680
1624430 680
1624440 680
1624450 680
1624460 680
1624470 680
1624480 678
1624490 678
1624500 677
1624510 677
1624520 677
1624530 674
1624540 670
1624550 670
1624560 666
1624570 664
1624580 664
1624590 663
1624600 657
1624610 657
1624620 653
1624630 648
1624640 648
1624650 644
1624660 641
1624670 641
1624680 637
1624690 632
1624700 629
1624710 629
1624720 627
1624730 626
1624740 626
1624750 625
1624760 627
1624770 627
1624780 627
1624790 625
1624800 625
1624810 623
1624820 623
1624830 623
1624840 623
1624850 622
1624860 622
1624870 620
1624880 619
1624890 619
1624900 618
1624910 619
1624920 619
1624930 621
1624940 623
1624950 623
1624960 625
1624970 627
1624980 627
1624990 628
1625000 630
1625010 630
1625020 632
1625030 633
1625040 633
1625050 635
1625060 637
1625070 637
1625080 639
1625090 641
1625100 641
1625110 645
1625120 649
1625130 649
1625140 652
1625150 656
1625160 660
1625170 660
1625180 664
1625190 666
1625200 666
1625210 667
1625220 668
1625230 668
1625240 670
1625250 672
1625260 672
1625270 677
1625280 679
1625290 679
1625300 680
1625310 682
1625320 682
1625330 684
1625340 686
1625350 686
1625360 688
1625370 691
1625380 691
1625390 693
1625400 695
1625410 695
1625420 698
1625430 701
1625440 701
1625450 703
1625460 706
1625470 706
1625480 709
1625490 711
1625500 711
1625510 714
1625520 716
1625530 716
1625540 718
1625550 720
1625560 720
1625570 721
1625580 724
1625590 724
1625600 726
1625610 729
1625620 729
1625630 732
1625640 736
1625650 739
1625660 739
1625670 743
1625680 748
1625690 748
1625700 752
1625710 756
1625720 756
1625730 761
1625740 765
1625750 765
1625760 769
1625770 773
1625780 773
1625790 776
1625800 779
1625810 779
1625820 782
1625830 786
1625840 786
1625850 790
1625860 794
1625870 794
1625880 797
1625890 801
1625900 801
1625910 805
1625920 809
1625930 809
1625940 814
1625950 819
1625960 819
1625970 824
1625980 828
1625990 828
1626000 832
1626010 838
1626020 838
1626030 848
1626040 861
1626050 861
1626060 867
1626070 871
1626080 871
1626090 878
1626100 886
1626110 890
1626120 890
1626130 894
1626140 899
1626150 899
1626160 904
1626170 906
1626180 911
1626190 913
1626200 916
1626210 916
1626220 918
1626230 920
1626240 920
1626250 922
1626260 925
1626270 925
1626280 927
1626290 930
1626300 930
1626310 932
1626320 933
1626330 933
1626340 932
1626350 929
1626360 929
1626370 927
1626380 924
1626390 924
1626400 922
1626410 921
1626420 921
1626430 918
1626440 912
1626450 912
1626460 908
1626470 906
1626480 906
1626490 905
1626500 903
1626510 903
1626520 900
1626530 896
1626540 896
1626550 893
1626560 889
1626570 889
1626580 888
1626590 886
1626600 885
1626610 885
1626620 883
1626630 881
1626640 881
1626650 877
1626660 872
1626670 872
1626680 867
1626690 862
1626700 862
1626710 858
1626720 858
1626730 858
1626740 859
1626750 859
1626760 859
1626770 860
1626780 863
1626790 863
1626800 864
1626810 866
1626820 866
1626830 868
1626840 870
1626850 870
1626860 872
1626870 874
1626880 874
1626890 876
1626900 877
1626910 877
1626920 879
1626930 879
1626940 879
1626950 879
1626960 878
1626970 878
1626980 875
1626990 872
1627000 872
1627010 868
1627020 865
1627030 865
1627040 861
1627050 858
1627060 855
1627070 855
1627080 852
1627090 849
1627100 849
1627110 847
1627120 845
1627130 845
1627140 844
1627150 842
1627160 842
1627170 840
1627180 838
1627190 838
1627200 834
1627210 828
1627220 828
1627230 823
1627240 820
1627250 820
1627260 817
1627270 814
1627280 814
1627290 810
1627300 807
1627310 807
1627320 804
1627330 802
1627340 802
1627350 799
1627360 797
1627370 797
1627380 795
1627390 793
1627400 793
1627410 791
1627420 790
1627430 790
1627440 788
1627450 786
1627460 786
1627470 784
1627480 781
1627490 781
1627500 779
1627510 776
1627520 776
1627530 773
1627540 770
1627550 766
1627560 766
1627570 762
1627580 758
1627590 758
1627600 753
1627610 747
1627620 747
1627630 743
1627640 738
1627650 738
1627660 734
1627670 731
1627680 731
1627690 727
1627700 724
1627710 724
1627720 720
1627730 716
1627740 716
1627750 712
1627760 706
1627770 706
1627780 699
1627790 694
1627800 694
1627810 686
1627820 678
1627830 678
1627840 672
1627850 667
1627860 667
1627870 665
1627880 661
1627890 661
1627900 653
1627910 645
1627920 645
1627930 636
1627940 628
1627950 628
1627960 622
1627970 615
1627980 615
1627990 606
1628000 600
1628010 594
1628020 594
1628030 589
1628040 584
1628050 584
1628060 579
1628070 575
1628080 575
1628090 571
1628100 567
1628110 567
1628120 563
1628130 560
1628140 560
1628150 557
1628160 554
1628170 554
1628180 550
1628190 547
1628200 547
1628210 544
1628220 540
1628230 540
1628240 536
1628250 532
1628260 532
1628270 530
1628280 530
1628290 530
1628300 530
1628310 534
1628320 534
1628330 538
1628340 539
1628350 539
1628360 541
1628370 543
1628380 543
1628390 545
1628400 546
1628410 546
1628420 550
1628430 553
1628440 553
1628450 555
1628460 554
1628470 549
1628480 549
1628490 544
1628500 538
1628510 538
1628520 532
1628530 527
1628540 527
1628550 523
1628560 519
1628570 519
1628580 514
1628590 509
1628600 509
1628610 503
1628620 498
1628630 498
1628640 492
1628650 487
1628660 487
1628670 485
1628680 485
1628690 485
1628700 484
1628710 483
1628720 483
1628730 482
1628740 481
1628750 481
1628760 481
1628770 481
1628780 481
1628790 481
1628800 481
1628810 481
1628820 480
1628830 480
1628840 480
1628850 480
1628860 479
1628870 479
1628880 478
1628890 478
1628900 478
1628910 478
1628920 478
1628930 478
1628940 478
1628950 478
1628960 478
1628970 478
1628980 476
1628990 472
1629000 472
1629010 465
1629020 457
1629030 457
1629040 451
1629050 446
1629060 446
1629070 443
1629080 443
1629090 443
1629100 442
1629110 440
1629120 440
1629130 439
1629140 435
1629150 435
1629160 430
1629170 423
1629180 423
1629190 415
1629200 412
1629210 412
1629220 407
1629230 404
1629240 404
1629250 404
1629260 404
1629270 404
1629280 404
1629290 404
1629300 404
1629310 404
1629320 405
1629330 405
1629340 409
1629350 414
1629360 414
1629370 422
1629380 431
1629390 431
1629400 439
1629410 449
1629420 458
1629430 458
1629440 462
1629450 463
1629460 463
1629470 464
1629480 464
1629490 464
1629500 465
1629510 466
1629520 466
1629530 466
1629540 466
1629550 466
1629560 466
1629570 466
1629580 466
1629590 465
1629600 465
1629610 465
1629620 465
1629630 465
1629640 465
1629650 465
1629660 465
1629670 465
1629680 464
1629690 463
1629700 463
1629710 463
1629720 463
1629730 463
1629740 463
1629750 463
1629760 463
1629770 464
1629780 465
1629790 465
1629800 466
1629810 467
1629820 467
1629830 469
1629840 469
1629850 469
1629860 469
1629870 469
1629880 469
1629890 468
1629900 468
1629910 469
1629920 469
1629930 469
1629940 469
1629950 469
1629960 469
1629970 469
1629980 469
1629990 469
1630000 469
1630010 469
1630020 470
1630030 470
1630040 470
1630050 471
1630060 471
1630070 471
1630080 470
1630090 470
1630100 470
1630110 471
1630120 471
1630130 471
1630140 471
1630150 471
1630160 471
1630170 471
1630180 471
1630190 471
1630200 471
1630210 471
1630220 471
1630230 471
1630240 471
1630250 471
1630260 471
1630270 471
1630280 471
1630290 471
1630300 472
1630310 472
1630320 472
1630330 471
1630340 471
1630350 471
1630360 471
1630370 471
1630380 471
1630390 471
1630400 471
1630410 471
1630420 472
1630430 471
1630440 471
1630450 471
1630460 472
1630470 472
1630480 472
1630490 472
1630500 472
1630510 472
1630520 472
1630530 472
1630540 472
1630550 472
1630560 472
1630570 472
1630580 472
1630590 472
1630600 472
1630610 472
1630620 472
1630630 472
1630640 472
1630650 472
1630660 472
1630670 472
1630680 472
1630690 472
1630700 472
1630710 472
1630720 472
1630730 472
1630740 472
1630750 472
1630760 472
1630770 472
1630780 472
1630790 472
1630800 472
1630810 472
1630820 472
1630830 472
1630840 472
1630850 472
1630860 472
1630870 472
1630880 472
1630890 472
1630900 472
1630910 472
1630920 472
1630930 472
1630940 472
1630950 472
1630960 472
1630970 473
1630980 473
1630990 473
1631000 473
1631010 473
1631020 473
1631030 473
1631040 473
1631050 473
1631060 473
1631070 473
1631080 473
1631090 473
1631100 472
1631110 472
1631120 472
1631130 472
1631140 472
1631150 472
1631160 472
1631170 472
1631180 471
1631190 470
1631200 470
1631210 470
1631220 470
1631230 470
1631240 470
1631250 470
1631260 470
1631270 470
1631280 470
1631290 470
1631300 470
1631310 471
1631320 471
1631330 471
1631340 471
1631350 470
1631360 470
1631370 470
1631380 470
1631390 470
1631400 470
1631410 470
1631420 470
1631430 470
1631440 470
1631450 470
1631460 471
1631470 472
1631480 472
1631490 472
1631500 472
1631510 472
1631520 472
1631530 479
1631540 479
1631550 486
1631560 487
1631570 487
1631580 490
1631590 498
1631600 498
1631610 499
1631620 493
1631630 493
1631640 476
1631650 472
1631660 472
1631670 471
1631680 471
1631690 471
1631700 470
1631710 470
1631720 470
1631730 469
1631740 469
1631750 469
1631760 469
1631770 468
1631780 468
1631790 467
1631800 466
1631810 463
1631820 463
1631830 460
1631840 456
1631850 456
1631860 452
1631870 449
1631880 449
1631890 446
1631900 442
1631910 442
1631920 439
1631930 436
1631940 436
1631950 433
1631960 430
1631970 430
1631980 429
1631990 427
1632000 427
1632010 426
1632020 425
1632030 425
1632040 425
1632050 424
1632060 424
1632070 423
1632080 422
1632090 422
1632100 421
1632110 420
1632120 420
1632130 420
1632140 420
1632150 420
1632160 421
1632170 421
1632180 421
1632190 420
1632200 420
1632210 420
1632220 420
1632230 420
1632240 420
1632250 420
1632260 419
1632270 419
1632280 419
1632290 420
1632300 420
1632310 420
1632320 420
1632330 421
1632340 421
1632350 421
1632360 422
1632370 422
1632380 421
1632390 420
1632400 421
1632410 421
1632420 421
1632430 421
1632440 422
1632450 423
1632460 423
1632470 424
1632480 425
1632490 425
1632500 424
1632510 423
1632520 423
1632530 421
1632540 420
1632550 420
1632560 417
1632570 414
1632580 414
1632590 411
1632600 411
1632610 411
1632620 411
1632630 411
1632640 411
1632650 411
1632660 411
1632670 411
1632680 411
1632690 412
1632700 412
1632710 413
1632720 419
1632730 419
1632740 422
1632750 419
1632760 418
1632770 418
1632780 420
1632790 423
1632800 423
1632810 428
1632820 432
1632830 432
1632840 440
1632850 448
1632860 448
1632870 456
1632880 462
1632890 462
1632900 470
1632910 477
1632920 477
1632930 479
1632940 479
1632950 479
1632960 479
1632970 478
1632980 478
1632990 478
1633000 478
1633010 478
1633020 479
1633030 479
1633040 479
1633050 479
1633060 479
1633070 479
1633080 479
1633090 479
1633100 479
1633110 479
1633120 479
1633130 479
1633140 478
1633150 478
1633160 478
1633170 478
1633180 478
1633190 478
1633200 477
1633210 477
1633220 476
1633230 476
1633240 476
1633250 475
1633260 475
1633270 475
1633280 475
1633290 475
1633300 474
1633310 474
1633320 474
1633330 469
1633340 461
1633350 461
1633360 453
1633370 447
1633380 447
1633390 440
1633400 434
1633410 434
1633420 428
1633430 429
1633440 429
1633450 428
1633460 426
1633470 426
1633480 425
1633490 424
1633500 424
1633510 424
1633520 424
1633530 424
1633540 424
1633550 424
1633560 424
1633570 424
1633580 424
1633590 424
1633600 425
1633610 428
1633620 428
1633630 432
1633640 436
1633650 436
1633660 440
1633670 445
1633680 445
1633690 452
1633700 456
1633710 459
1633720 459
1633730 462
1633740 469
1633750 469
1633760 473
1633770 472
1633780 472
1633790 471
1633800 470
1633810 470
1633820 470
1633830 470
1633840 470
1633850 470
1633860 470
1633870 470
1633880 470
1633890 469
1633900 469
1633910 469
1633920 468
1633930 468
1633940 464
1633950 463
1633960 463
1633970 461
1633980 460
1633990 460
1634000 459
1634010 457
1634020 457
1634030 457
1634040 458
1634050 458
1634060 459
1634070 460
1634080 460
1634090 464
1634100 470
1634110 470
1634120 474
1634130 476
1634140 476
1634150 476
1634160 477
1634170 478
1634180 478
1634190 477
1634200 471
1634210 471
1634220 470
1634230 473
1634240 473
1634250 474
1634260 474
1634270 474
1634280 472
1634290 469
1634300 469
1634310 467
1634320 468
1634330 468
1634340 469
1634350 469
1634360 469
1634370 470
1634380 471
1634390 471
1634400 471
1634410 473
1634420 473
1634430 474
1634440 474
1634450 474
1634460 475
1634470 475
1634480 475
1634490 476
1634500 477
1634510 477
1634520 479
1634530 483
1634540 483
1634550 486
1634560 490
1634570 490
1634580 492
1634590 493
1634600 493
1634610 493
1634620 494
1634630 494
1634640 494
1634650 494
1634660 495
1634670 495
1634680 495
1634690 495
1634700 495
1634710 496
1634720 496
1634730 496
1634740 496
1634750 496
1634760 496
1634770 497
1634780 497
1634790 497
1634800 497
1634810 498
1634820 498
1634830 498
1634840 499
1634850 499
1634860 501
1634870 505
1634880 505
1634890 509
1634900 514
1634910 514
1634920 517
1634930 522
1634940 522
1634950 526
1634960 530
1634970 530
1634980 532
1634990 545
1635000 545
1635010 558
1635020 567
1635030 567
1635040 575
1635050 584
1635060 584
1635070 594
1635080 602
1635090 602
1635100 610
1635110 619
1635120 626
1635130 626
1635140 632
1635150 635
1635160 635
1635170 637
1635180 640
1635190 640
1635200 642
1635210 641
1635220 641
1635230 640
1635240 639
1635250 639
1635260 637
1635270 636
1635280 636
1635290 634
1635300 632
1635310 632
1635320 630
1635330 626
1635340 626
1635350 619
1635360 613
1635370 613
1635380 608
1635390 604
1635400 604
1635410 599
1635420 596
1635430 596
1635440 594
1635450 592
1635460 592
1635470 590
1635480 588
1635490 588
1635500 586
1635510 584
1635520 584
1635530 583
1635540 581
1635550 581
1635560 578
1635570 576
1635580 573
1635590 573
1635600 571
1635610 571
1635620 571
1635630 571
1635640 571
1635650 571
1635660 572
1635670 572
1635680 572
1635690 573
1635700 574
1635710 574
1635720 575
1635730 577
1635740 577
1635750 579
1635760 580
1635770 580
1635780 580
1635790 580
1635800 580
1635810 579
1635820 579
1635830 581
1635840 582
1635850 584
1635860 584
1635870 585
1635880 585
1635890 585
1635900 585
1635910 584
1635920 584
1635930 583
1635940 583
1635950 583
1635960 584
1635970 584
1635980 584
1635990 584
1636000 584
1636010 584
1636020 584
1636030 578
1636040 578
1636050 571
1636060 566
1636070 565
1636080 565
1636090 568
1636100 571
1636110 571
1636120 574
1636130 578
1636140 578
1636150 581
1636160 580
1636170 580
1636180 583
1636190 585
1636200 585
1636210 586
1636220 589
1636230 589
1636240 591
1636250 593
1636260 593
1636270 593
1636280 591
1636290 591
1636300 588
1636310 586
1636320 586
1636330 585
1636340 585
1636350 585
1636360 587
1636370 590
1636380 590
1636390 593
1636400 597
1636410 597
1636420 600
1636430 602
1636440 602
1636450 604
1636460 604
1636470 604
1636480 604
1636490 605
1636500 605
1636510 607
1636520 608
1636530 609
1636540 609
1636550 612
1636560 618
1636570 618
1636580 624
1636590 630
1636600 630
1636610 633
1636620 636
1636630 636
1636640 637
1636650 638
1636660 638
1636670 638
1636680 643
1636690 643
1636700 645
1636710 646
1636720 646
1636730 647
1636740 647
1636750 647
1636760 647
1636770 646
1636780 646
1636790 646
1636800 648
1636810 648
1636820 648
1636830 648
1636840 648
1636850 649
1636860 650
1636870 650
1636880 651
1636890 651
1636900 651
1636910 652
1636920 651
1636930 651
1636940 646
1636950 644
1636960 644
1636970 641
1636980 632
1636990 632
1637000 632
1637010 633
1637020 632
1637030 632
1637040 625
1637050 617
1637060 617
1637070 608
1637080 601
1637090 601
1637100 596
1637110 593
1637120 593
1637130 594
1637140 599
1637150 599
1637160 606
1637170 613
1637180 613
1637190 622
1637200 628
1637210 628
1637220 622
1637230 620
1637240 620
1637250 623
1637260 626
1637270 626
1637280 631
1637290 636
1637300 636
1637310 642
1637320 647
1637330 647
1637340 652
1637350 658
1637360 658
1637370 662
1637380 668
1637390 668
1637400 678
1637410 684
1637420 684
1637430 686
1637440 684
1637450 684
1637460 683
1637470 677
1637480 667
1637490 667
1637500 660
1637510 656
1637520 659
1637530 657
1637540 654
1637550 654
1637560 652
1637570 651
1637580 651
1637590 653
1637600 654
1637610 654
1637620 654
1637630 654
1637640 654
1637650 653
1637660 650
1637670 650
1637680 647
1637690 645
1637700 645
1637710 644
1637720 644
1637730 644
1637740 642
1637750 641
1637760 641
1637770 635
1637780 624
1637790 624
1637800 612
1637810 604
1637820 604
1637830 604
1637840 609
1637850 609
1637860 619
1637870 631
1637880 631
1637890 637
1637900 644
1637910 644
1637920 652
1637930 656
1637940 656
1637950 662
1637960 669
1637970 673
1637980 673
1637990 666
1638000 660
1638010 660
1638020 653
1638030 647
1638040 647
1638050 642
1638060 638
1638070 638
1638080 635
1638090 633
1638100 633
1638110 628
1638120 620
1638130 620
1638140 612
1638150 606
1638160 606
1638170 596
1638180 592
1638190 592
1638200 598
1638210 602
1638220 602
1638230 609
1638240 615
1638250 615
1638260 623
1638270 631
1638280 631
1638290 638
1638300 642
1638310 642
1638320 644
1638330 648
1638340 648
1638350 657
1638360 661
1638370 661
1638380 665
1638390 670
1638400 670
1638410 675
1638420 679
1638430 684
1638440 684
1638450 688
1638460 693
1638470 693
1638480 697
1638490 702
1638500 702
1638510 708
1638520 712
1638530 712
1638540 713
1638550 714
1638560 714
1638570 715
1638580 717
1638590 717
1638600 717
1638610 718
1638620 718
1638630 718
1638640 718
1638650 718
1638660 718
1638670 714
1638680 714
1638690 711
1638700 711
1638710 711
1638720 713
1638730 714
1638740 714
1638750 716
1638760 718
1638770 718
1638780 720
1638790 724
1638800 724
1638810 728
1638820 731
1638830 731
1638840 735
1638850 740
1638860 740
1638870 744
1638880 748
1638890 748
1638900 751
1638910 754
1638920 757
1638930 757
1638940 760
1638950 762
1638960 762
1638970 765
1638980 769
1638990 769
1639000 773
1639010 776
1639020 776
1639030 779
1639040 781
1639050 781
1639060 781
1639070 782
1639080 782
1639090 784
1639100 786
1639110 786
1639120 787
1639130 786
1639140 786
1639150 787
1639160 787
1639170 787
1639180 798
1639190 800
1639200 800
1639210 804
1639220 807
1639230 807
1639240 809
1639250 811
1639260 811
1639270 816
1639280 817
1639290 817
1639300 818
1639310 821
1639320 821
1639330 823
1639340 823
1639350 823
1639360 825
1639370 827
1639380 830
1639390 830
1639400 834
1639410 837
1639420 837
1639430 838
1639440 839
1639450 839
1639460 839
1639470 839
1639480 839
1639490 838
1639500 836
1639510 836
1639520 835
1639530 837
1639540 837
1639550 838
1639560 839
1639570 839
1639580 840
1639590 840
1639600 840
1639610 841
1639620 842
1639630 842
1639640 845
1639650 846
1639660 846
1639670 848
1639680 849
1639690 849
1639700 852
1639710 853
1639720 853
1639730 853
1639740 853
1639750 853
1639760 854
1639770 854
1639780 854
1639790 855
1639800 854
1639810 854
1639820 854
1639830 853
1639840 853
1639850 851
1639860 847
1639870 847
1639880 847
1639890 850
1639900 850
1639910 850
1639920 851
1639930 850
1639940 850
1639950 850
1639960 849
1639970 849
1639980 850
1639990 849
