1620000 930
1620010 930
1620020 933
1620030 936
1620040 936
1620050 939
1620060 941
1620070 941
1620080 938
1620090 940
1620100 940
1620110 942
1620120 944
1620130 944
1620140 946
1620150 947
1620160 947
1620170 949
1620180 950
1620190 952
1620200 952
1620210 954
1620220 955
1620230 955
1620240 955
1620250 954
1620260 954
1620270 948
1620280 942
1620290 942
1620300 935
1620310 929
1620320 929
1620330 923
1620340 919
1620350 919
1620360 914
1620370 908
1620380 908
1620390 903
1620400 897
1620410 897
1620420 892
1620430 889
1620440 889
1620450 886
1620460 885
1620470 885
1620480 884
1620490 885
1620500 885
1620510 885
1620520 884
1620530 884
1620540 883
1620550 884
1620560 884
1620570 886
1620580 887
1620590 887
1620600 887
1620610 885
1620620 885
1620630 881
1620640 878
1620650 877
1620660 877
1620670 876
1620680 875
1620690 875
1620700 874
1620710 875
1620720 875
1620730 875
1620740 876
1620750 876
1620760 877
1620770 878
1620780 878
1620790 879
1620800 881
1620810 881
1620820 882
1620830 883
1620840 883
1620850 884
1620860 883
1620870 883
1620880 880
1620890 877
1620900 877
1620910 875
1620920 873
1620930 873
1620940 870
1620950 867
1620960 867
1620970 864
1620980 861
1620990 861
1621000 857
1621010 854
1621020 858
1621030 854
1621040 848
1621050 848
1621060 842
1621070 837
1621080 837
1621090 832
1621100 826
1621110 820
1621120 820
1621130 816
1621140 813
1621150 813
1621160 811
1621170 807
1621180 807
1621190 802
1621200 796
1621210 796
1621220 792
1621230 787
1621240 787
1621250 780
1621260 772
1621270 772
1621280 761
1621290 748
1621300 748
1621310 739
1621320 733
1621330 733
1621340 729
1621350 725
1621360 725
1621370 721
1621380 716
1621390 716
1621400 710
1621410 709
1621420 709
1621430 706
1621440 703
1621450 703
1621460 695
1621470 685
1621480 685
1621490 682
1621500 680
1621510 680
1621520 662
1621530 646
1621540 646
1621550 640
1621560 641
1621570 644
1621580 644
1621590 644
1621600 642
1621610 642
1621620 635
1621630 632
1621640 632
1621650 630
1621660 624
1621670 624
1621680 617
1621690 607
1621700 607
1621710 590
1621720 562
1621730 562
1621740 551
1621750 551
1621760 551
1621770 553
1621780 562
1621790 562
1621800 570
1621810 576
1621820 576
1621830 577
1621840 578
1621850 578
1621860 579
1621870 582
1621880 582
1621890 584
1621900 583
1621910 583
1621920 583
1621930 583
1621940 583
1621950 581
1621960 573
1621970 573
1621980 572
1621990 571
1622000 571
1622010 570
1622020 570
1622030 570
1622040 569
1622050 573
1622060 578
1622070 578
1622080 581
1622090 584
1622100 584
1622110 587
1622120 589
1622130 589
1622140 593
1622150 598
1622160 598
1622170 604
1622180 609
1622190 609
1622200 615
1622210 620
1622220 620
1622230 626
1622240 633
1622250 633
1622260 638
1622270 645
1622280 645
1622290 651
1622300 657
1622310 657
1622320 664
1622330 670
1622340 670
1622350 677
1622360 683
1622370 683
1622380 689
1622390 695
1622400 695
1622410 701
1622420 707
1622430 707
1622440 713
1622450 720
1622460 720
1622470 726
1622480 731
1622490 731
1622500 736
1622510 741
1622520 747
1622530 747
1622540 753
1622550 759
1622560 759
1622570 764
1622580 770
1622590 770
1622600 776
1622610 782
1622620 782
1622630 786
1622640 791
1622650 791
1622660 796
1622670 798
1622680 798
1622690 801
1622700 803
1622710 803
1622720 804
1622730 806
1622740 806
1622750 802
1622760 795
1622770 795
1622780 790
1622790 780
1622800 780
1622810 770
1622820 760
1622830 760
1622840 753
1622850 746
1622860 746
1622870 738
1622880 730
1622890 728
1622900 720
1622910 714
1622920 714
1622930 708
1622940 702
1622950 702
1622960 697
1622970 691
1622980 684
1622990 684
1623000 678
1623010 671
1623020 671
1623030 663
1623040 669
1623050 669
1623060 677
1623070 682
1623080 682
1623090 686
1623100 690
1623110 690
1623120 693
1623130 694
1623140 694
1623150 697
1623160 705
1623170 705
1623180 712
1623190 720
1623200 720
1623210 726
1623220 731
1623230 731
1623240 735
1623250 739
1623260 739
1623270 744
1623280 749
1623290 749
1623300 754
1623310 760
1623320 760
1623330 767
1623340 773
1623350 773
1623360 780
1623370 787
1623380 787
1623390 794
1623400 802
1623410 802
1623420 810
1623430 816
1623440 816
1623450 823
1623460 829
1623470 836
1623480 836
1623490 843
1623500 850
1623510 850
1623520 856
1623530 862
1623540 862
1623550 867
1623560 871
1623570 871
1623580 875
1623590 879
1623600 879
1623610 882
1623620 883
1623630 883
1623640 884
1623650 882
1623660 882
1623670 878
1623680 874
1623690 874
1623700 870
1623710 867
1623720 867
1623730 865
1623740 863
1623750 863
1623760 861
1623770 859
1623780 859
1623790 856
1623800 854
1623810 847
1623820 847
1623830 850
1623840 850
1623850 853
1623860 855
1623870 855
1623880 858
1623890 860
1623900 860
1623910 863
1623920 865
1623930 866
1623940 866
1623950 869
1623960 870
1623970 870
1623980 871
1623990 872
1624000 872
1624010 874
1624020 875
1624030 875
1624040 876
1624050 877
1624060 877
1624070 879
1624080 883
1624090 883
1624100 885
1624110 887
1624120 887
1624130 887
1624140 888
1624150 888
1624160 890
1624170 892
1624180 892
1624190 894
1624200 896
1624210 896
1624220 896
1624230 896
1624240 896
1624250 896
1624260 895
1624270 895
1624280 893
1624290 891
1624300 891
1624310 888
1624320 884
1624330 884
1624340 879
1624350 875
1624360 875
1624370 872
1624380 871
1624390 870
1624400 870
1624410 869
1624420 868
1624430 868
1624440 867
1624450 866
1624460 866
1624470 865
1624480 865
1624490 865
1624500 864
1624510 863
1624520 863
1624530 861
1624540 859
1624550 859
1624560 858
1624570 856
1624580 856
1624590 854
1624600 853
1624610 853
1624620 851
1624630 849
1624640 849
1624650 847
1624660 845
1624670 845
1624680 843
1624690 841
1624700 841
1624710 838
1624720 834
1624730 830
1624740 829
1624750 828
1624760 828
1624770 827
1624780 825
1624790 825
1624800 824
1624810 823
1624820 823
1624830 822
1624840 820
1624850 818
1624860 818
1624870 816
1624880 814
1624890 814
1624900 812
1624910 811
1624920 811
1624930 809
1624940 808
1624950 808
1624960 806
1624970 804
1624980 804
1624990 802
1625000 799
1625010 799
1625020 796
1625030 792
1625040 792
1625050 788
1625060 784
1625070 784
1625080 781
1625090 777
1625100 777
1625110 772
1625120 767
1625130 767
1625140 763
1625150 759
1625160 759
1625170 754
1625180 750
1625190 750
1625200 747
1625210 743
1625220 743
1625230 740
1625240 736
1625250 736
1625260 733
1625270 729
1625280 729
1625290 725
1625300 722
1625310 722
1625320 719
1625330 717
1625340 714
1625350 714
1625360 711
1625370 709
1625380 709
1625390 707
1625400 705
1625410 705
1625420 703
1625430 700
1625440 700
1625450 698
1625460 695
1625470 695
1625480 693
1625490 691
1625500 691
1625510 689
1625520 686
1625530 686
1625540 683
1625550 681
1625560 681
1625570 679
1625580 677
1625590 677
1625600 676
1625610 675
1625620 675
1625630 674
1625640 673
1625650 671
1625660 670
1625670 670
1625680 670
1625690 669
1625700 668
1625710 668
1625720 668
1625730 667
1625740 667
1625750 666
1625760 666
1625770 666
1625780 665
1625790 665
1625800 664
1625810 664
1625820 664
1625830 664
1625840 664
1625850 665
1625860 666
1625870 666
1625880 667
1625890 668
1625900 668
1625910 669
1625920 671
1625930 671
1625940 672
1625950 674
1625960 674
1625970 675
1625980 676
1625990 676
1626000 677
1626010 678
1626020 678
1626030 678
1626040 679
1626050 679
1626060 680
1626070 681
1626080 681
1626090 681
1626100 682
1626110 682
1626120 682
1626130 683
1626140 683
1626150 684
1626160 684
1626170 684
1626180 684
1626190 684
1626200 684
1626210 684
1626220 684
1626230 684
1626240 684
1626250 685
1626260 686
1626270 686
1626280 687
1626290 688
1626300 688
1626310 688
1626320 688
1626330 688
1626340 689
1626350 690
1626360 690
1626370 690
1626380 691
1626390 691
1626400 692
1626410 693
1626420 693
1626430 693
1626440 694
1626450 694
1626460 694
1626470 694
1626480 694
1626490 694
1626500 692
1626510 692
1626520 689
1626530 686
1626540 686
1626550 687
1626560 684
1626570 684
1626580 680
1626590 676
1626600 676
1626610 674
1626620 672
1626630 672
1626640 674
1626650 682
1626660 682
1626670 688
1626680 693
1626690 693
1626700 699
1626710 703
1626720 703
1626730 708
1626740 711
1626750 714
1626760 714
1626770 716
1626780 717
1626790 717
1626800 717
1626810 715
1626820 715
1626830 712
1626840 709
1626850 709
1626860 704
1626870 701
1626880 701
1626890 698
1626900 695
1626910 695
1626920 690
1626930 687
1626940 687
1626950 686
1626960 683
1626970 683
1626980 679
1626990 675
1627000 675
1627010 673
1627020 677
1627030 677
1627040 683
1627050 688
1627060 688
1627070 693
1627080 697
1627090 697
1627100 702
1627110 705
1627120 705
1627130 709
1627140 711
1627150 711
1627160 712
1627170 713
1627180 713
1627190 714
1627200 714
1627210 714
1627220 714
1627230 710
1627240 706
1627250 706
1627260 703
1627270 701
1627280 701
1627290 702
1627300 704
1627310 704
1627320 707
1627330 710
1627340 710
1627350 713
1627360 717
1627370 717
1627380 721
1627390 725
1627400 725
1627410 729
1627420 733
1627430 733
1627440 737
1627450 744
1627460 744
1627470 748
1627480 751
1627490 751
1627500 753
1627510 755
1627520 755
1627530 753
1627540 748
1627550 748
1627560 742
1627570 737
1627580 737
1627590 732
1627600 727
1627610 727
1627620 723
1627630 719
1627640 719
1627650 715
1627660 711
1627670 708
1627680 708
1627690 704
1627700 699
1627710 699
1627720 694
1627730 689
1627740 689
1627750 684
1627760 679
1627770 679
1627780 674
1627790 670
1627800 670
1627810 666
1627820 661
1627830 661
1627840 656
1627850 651
1627860 651
1627870 645
1627880 640
1627890 640
1627900 635
1627910 630
1627920 630
1627930 625
1627940 621
1627950 621
1627960 616
1627970 610
1627980 610
1627990 606
1628000 600
1628010 600
1628020 595
1628030 589
1628040 589
1628050 583
1628060 578
1628070 578
1628080 572
1628090 567
1628100 567
1628110 561
1628120 555
1628130 555
1628140 550
1628150 545
1628160 541
1628170 541
1628180 537
1628190 533
1628200 533
1628210 530
1628220 527
1628230 527
1628240 525
1628250 522
1628260 522
1628270 520
1628280 517
1628290 517
1628300 514
1628310 510
1628320 510
1628330 505
1628340 500
1628350 503
1628360 506
1628370 508
1628380 508
1628390 508
1628400 507
1628410 507
1628420 505
1628430 504
1628440 504
1628450 501
1628460 499
1628470 499
1628480 497
1628490 495
1628500 495
1628510 492
1628520 489
1628530 489
1628540 487
1628550 485
1628560 485
1628570 484
1628580 483
1628590 483
1628600 482
1628610 484
1628620 490
1628630 490
1628640 495
1628650 496
1628660 496
1628670 495
1628680 495
1628690 495
1628700 495
1628710 495
1628720 495
1628730 495
1628740 495
1628750 495
1628760 494
1628770 494
1628780 494
1628790 494
1628800 494
1628810 494
1628820 493
1628830 489
1628840 489
1628850 485
1628860 482
1628870 482
1628880 482
1628890 482
1628900 482
1628910 482
1628920 482
1628930 482
1628940 481
1628950 481
1628960 481
1628970 481
1628980 481
1628990 481
1629000 481
1629010 481
1629020 481
1629030 481
1629040 481
1629050 481
1629060 480
1629070 478
1629080 476
1629090 476
1629100 476
1629110 476
1629120 476
1629130 476
1629140 476
1629150 476
1629160 476
1629170 472
1629180 472
1629190 466
1629200 460
1629210 460
1629220 454
1629230 448
1629240 448
1629250 443
1629260 436
1629270 436
1629280 428
1629290 423
1629300 423
1629310 414
1629320 414
1629330 414
1629340 411
1629350 406
1629360 406
1629370 409
1629380 407
1629390 407
1629400 405
1629410 405
1629420 405
1629430 405
1629440 405
1629450 405
1629460 405
1629470 405
1629480 405
1629490 405
1629500 405
1629510 405
1629520 405
1629530 405
1629540 405
1629550 405
1629560 405
1629570 405
1629580 405
1629590 405
1629600 405
1629610 405
1629620 405
1629630 405
1629640 405
1629650 405
1629660 405
1629670 405
1629680 405
1629690 405
1629700 405
1629710 405
1629720 405
1629730 405
1629740 405
1629750 405
1629760 405
1629770 405
1629780 405
1629790 405
1629800 405
1629810 405
1629820 405
1629830 405
1629840 405
1629850 405
1629860 405
1629870 405
1629880 405
1629890 405
1629900 405
1629910 405
1629920 405
1629930 405
1629940 405
1629950 405
1629960 405
1629970 405
1629980 405
1629990 406
1630000 406
1630010 406
1630020 406
1630030 407
1630040 407
1630050 409
1630060 411
1630070 411
1630080 412
1630090 413
1630100 413
1630110 413
1630120 412
1630130 407
1630140 407
1630150 407
1630160 407
1630170 407
1630180 408
1630190 408
1630200 408
1630210 409
1630220 409
1630230 409
1630240 409
1630250 409
1630260 410
1630270 412
1630280 412
1630290 413
1630300 414
1630310 414
1630320 414
1630330 411
1630340 411
1630350 409
1630360 407
1630370 407
1630380 407
1630390 407
1630400 407
1630410 407
1630420 407
1630430 407
1630440 407
1630450 407
1630460 407
1630470 406
1630480 406
1630490 406
1630500 406
1630510 406
1630520 406
1630530 406
1630540 406
1630550 406
1630560 406
1630570 406
1630580 406
1630590 406
1630600 406
1630610 407
1630620 407
1630630 407
1630640 410
1630650 410
1630660 412
1630670 414
1630680 414
1630690 417
1630700 419
1630710 419
1630720 422
1630730 426
1630740 426
1630750 428
1630760 431
1630770 431
1630780 434
1630790 437
1630800 437
1630810 440
1630820 444
1630830 444
1630840 446
1630850 448
1630860 448
1630870 450
1630880 450
1630890 450
1630900 450
1630910 450
1630920 450
1630930 450
1630940 450
1630950 450
1630960 450
1630970 449
1630980 448
1630990 448
1631000 444
1631010 450
1631020 450
1631030 447
1631040 443
1631050 443
1631060 438
1631070 435
1631080 435
1631090 430
1631100 426
1631110 426
1631120 420
1631130 415
1631140 415
1631150 410
1631160 408
1631170 408
1631180 408
1631190 407
1631200 407
1631210 407
1631220 407
1631230 407
1631240 407
1631250 408
1631260 408
1631270 408
1631280 409
1631290 409
1631300 415
1631310 417
1631320 417
1631330 423
1631340 425
1631350 425
1631360 426
1631370 428
1631380 428
1631390 431
1631400 435
1631410 435
1631420 439
1631430 443
1631440 448
1631450 448
1631460 454
1631470 460
1631480 460
1631490 466
1631500 470
1631510 470
1631520 471
1631530 473
1631540 473
1631550 473
1631560 474
1631570 474
1631580 474
1631590 474
1631600 474
1631610 474
1631620 474
1631630 474
1631640 475
1631650 475
1631660 475
1631670 475
1631680 475
1631690 475
1631700 476
1631710 476
1631720 476
1631730 476
1631740 475
1631750 475
1631760 476
1631770 476
1631780 476
1631790 476
1631800 476
1631810 476
1631820 476
1631830 476
1631840 476
1631850 476
1631860 476
1631870 476
1631880 476
1631890 476
1631900 477
1631910 477
1631920 477
1631930 477
1631940 477
1631950 477
1631960 477
1631970 477
1631980 477
1631990 477
1632000 477
1632010 477
1632020 477
1632030 477
1632040 477
1632050 476
1632060 476
1632070 476
1632080 477
1632090 477
1632100 477
1632110 477
1632120 477
1632130 476
1632140 477
1632150 477
1632160 477
1632170 477
1632180 477
1632190 477
1632200 477
1632210 477
1632220 477
1632230 477
1632240 477
1632250 477
1632260 477
1632270 477
1632280 477
1632290 477
1632300 477
1632310 477
1632320 477
1632330 477
1632340 477
1632350 477
1632360 477
1632370 477
1632380 477
1632390 477
1632400 477
1632410 477
1632420 477
1632430 477
1632440 477
1632450 477
1632460 477
1632470 478
1632480 478
1632490 478
1632500 478
1632510 477
1632520 477
1632530 477
1632540 477
1632550 477
1632560 476
1632570 476
1632580 476
1632590 476
1632600 476
1632610 476
1632620 476
1632630 476
1632640 476
1632650 476
1632660 476
1632670 476
1632680 476
1632690 476
1632700 476
1632710 478
1632720 480
1632730 480
1632740 481
1632750 483
1632760 483
1632770 484
1632780 484
1632790 484
1632800 484
1632810 484
1632820 484
1632830 484
1632840 484
1632850 484
1632860 484
1632870 484
1632880 484
1632890 484
1632900 484
1632910 484
1632920 484
1632930 485
1632940 485
1632950 485
1632960 485
1632970 485
1632980 485
1632990 485
1633000 485
1633010 485
1633020 485
1633030 485
1633040 485
1633050 485
1633060 485
1633070 485
1633080 485
1633090 485
1633100 485
1633110 485
1633120 485
1633130 485
1633140 485
1633150 485
1633160 485
1633170 485
1633180 485
1633190 485
1633200 485
1633210 485
1633220 485
1633230 485
1633240 485
1633250 485
1633260 485
1633270 486
1633280 486
1633290 485
1633300 485
1633310 485
1633320 485
1633330 485
1633340 485
1633350 485
1633360 484
1633370 477
1633380 477
1633390 471
1633400 465
1633410 465
1633420 459
1633430 453
1633440 453
1633450 447
1633460 442
1633470 442
1633480 434
1633490 429
1633500 429
1633510 426
1633520 425
1633530 425
1633540 425
1633550 424
1633560 424
1633570 425
1633580 424
1633590 424
1633600 424
1633610 424
1633620 424
1633630 425
1633640 425
1633650 425
1633660 427
1633670 430
1633680 430
1633690 430
1633700 430
1633710 430
1633720 430
1633730 429
1633740 429
1633750 431
1633760 431
1633770 431
1633780 431
1633790 431
1633800 431
1633810 431
1633820 431
1633830 432
1633840 432
1633850 434
1633860 437
1633870 437
1633880 438
1633890 439
1633900 439
1633910 439
1633920 439
1633930 439
1633940 439
1633950 440
1633960 440
1633970 441
1633980 442
1633990 442
1634000 443
1634010 444
1634020 444
1634030 446
1634040 447
1634050 447
1634060 448
1634070 449
1634080 449
1634090 449
1634100 449
1634110 449
1634120 449
1634130 449
1634140 449
1634150 450
1634160 451
1634170 451
1634180 452
1634190 453
1634200 453
1634210 456
1634220 459
1634230 459
1634240 463
1634250 467
1634260 472
1634270 472
1634280 476
1634290 478
1634300 478
1634310 480
1634320 480
1634330 480
1634340 480
1634350 481
1634360 481
1634370 481
1634380 481
1634390 481
1634400 480
1634410 480
1634420 480
1634430 481
1634440 481
1634450 481
1634460 481
1634470 482
1634480 482
1634490 482
1634500 482
1634510 482
1634520 482
1634530 481
1634540 481
1634550 481
1634560 481
1634570 481
1634580 481
1634590 481
1634600 481
1634610 481
1634620 481
1634630 481
1634640 480
1634650 480
1634660 480
1634670 480
1634680 480
1634690 480
1634700 480
1634710 480
1634720 480
1634730 480
1634740 480
1634750 480
1634760 480
1634770 480
1634780 480
1634790 480
1634800 480
1634810 481
1634820 481
1634830 481
1634840 481
1634850 481
1634860 481
1634870 481
1634880 481
1634890 482
1634900 483
1634910 483
1634920 484
1634930 485
1634940 485
1634950 485
1634960 485
1634970 485
1634980 485
1634990 484
1635000 484
1635010 484
1635020 484
1635030 484
1635040 485
1635050 485
1635060 485
1635070 485
1635080 485
1635090 485
1635100 485
1635110 486
1635120 486
1635130 486
1635140 486
1635150 486
1635160 486
1635170 486
1635180 486
1635190 486
1635200 486
1635210 486
1635220 486
1635230 485
1635240 484
1635250 484
1635260 484
1635270 484
1635280 484
1635290 484
1635300 484
1635310 484
1635320 484
1635330 485
1635340 485
1635350 485
1635360 485
1635370 485
1635380 485
1635390 485
1635400 485
1635410 485
1635420 485
1635430 485
1635440 486
1635450 486
1635460 486
1635470 486
1635480 484
1635490 484
1635500 480
1635510 477
1635520 477
1635530 476
1635540 474
1635550 474
1635560 467
1635570 461
1635580 461
1635590 459
1635600 458
1635610 458
1635620 456
1635630 456
1635640 456
1635650 455
1635660 454
1635670 454
1635680 454
1635690 454
1635700 455
1635710 455
1635720 457
1635730 456
1635740 456
1635750 456
1635760 454
1635770 454
1635780 454
1635790 454
1635800 454
1635810 454
1635820 455
1635830 455
1635840 456
1635850 458
1635860 458
1635870 458
1635880 457
1635890 457
1635900 455
1635910 455
1635920 455
1635930 454
1635940 455
1635950 455
1635960 457
1635970 459
1635980 459
1635990 460
1636000 461
1636010 461
1636020 460
1636030 460
1636040 460
1636050 460
1636060 461
1636070 461
1636080 462
1636090 462
1636100 462
1636110 463
1636120 464
1636130 464
1636140 464
1636150 465
1636160 466
1636170 461
1636180 462
1636190 463
1636200 463
1636210 464
1636220 465
1636230 465
1636240 466
1636250 466
1636260 466
1636270 467
1636280 467
1636290 467
1636300 467
1636310 468
1636320 468
1636330 469
1636340 469
1636350 469
1636360 470
1636370 472
1636380 472
1636390 469
1636400 467
1636410 467
1636420 466
1636430 464
1636440 464
1636450 466
1636460 470
1636470 470
1636480 472
1636490 476
1636500 476
1636510 483
1636520 491
1636530 491
1636540 499
1636550 501
1636560 501
1636570 501
1636580 501
1636590 501
1636600 502
1636610 503
1636620 506
1636630 506
1636640 509
1636650 512
1636660 512
1636670 517
1636680 522
1636690 522
1636700 528
1636710 534
1636720 534
1636730 540
1636740 549
1636750 549
1636760 558
1636770 563
1636780 563
1636790 567
1636800 570
1636810 570
1636820 573
1636830 577
1636840 577
1636850 580
1636860 581
1636870 581
1636880 579
1636890 576
1636900 576
1636910 572
1636920 568
1636930 568
1636940 563
1636950 556
1636960 556
1636970 550
1636980 545
1636990 545
1637000 540
1637010 536
1637020 536
1637030 533
1637040 529
1637050 529
1637060 525
1637070 523
1637080 522
1637090 522
1637100 521
1637110 519
1637120 519
1637130 518
1637140 517
1637150 517
1637160 516
1637170 511
1637180 511
1637190 508
1637200 511
1637210 511
1637220 515
1637230 515
1637240 515
1637250 515
1637260 515
1637270 515
1637280 516
1637290 515
1637300 515
1637310 514
1637320 513
1637330 513
1637340 512
1637350 511
1637360 511
1637370 511
1637380 512
1637390 512
1637400 512
1637410 512
1637420 512
1637430 512
1637440 513
1637450 513
1637460 513
1637470 513
1637480 513
1637490 513
1637500 513
1637510 513
1637520 514
1637530 514
1637540 514
1637550 514
1637560 514
1637570 513
1637580 513
1637590 513
1637600 511
1637610 511
1637620 510
1637630 509
1637640 509
1637650 509
1637660 508
1637670 508
1637680 508
1637690 509
1637700 509
1637710 509
1637720 508
1637730 508
1637740 507
1637750 507
1637760 507
1637770 508
1637780 509
1637790 509
1637800 510
1637810 512
1637820 512
1637830 513
1637840 514
1637850 514
1637860 509
1637870 509
1637880 509
1637890 511
1637900 511
1637910 511
1637920 512
1637930 513
1637940 513
1637950 513
1637960 514
1637970 514
1637980 514
1637990 514
1638000 513
1638010 513
1638020 513
1638030 518
1638040 518
1638050 528
1638060 539
1638070 539
1638080 548
1638090 555
1638100 555
1638110 559
1638120 564
1638130 564
1638140 570
1638150 575
1638160 575
1638170 580
1638180 583
1638190 583
1638200 581
1638210 578
1638220 578
1638230 575
1638240 572
1638250 572
1638260 569
1638270 565
1638280 565
1638290 560
1638300 558
1638310 558
1638320 560
1638330 565
1638340 565
1638350 571
1638360 580
1638370 580
1638380 588
1638390 596
1638400 596
1638410 605
1638420 612
1638430 612
1638440 618
1638450 625
1638460 625
1638470 633
1638480 643
1638490 650
1638500 650
1638510 655
1638520 660
1638530 660
1638540 662
1638550 660
1638560 660
1638570 665
1638580 666
1638590 666
1638600 667
1638610 670
1638620 670
1638630 672
1638640 675
1638650 675
1638660 677
1638670 678
1638680 678
1638690 674
1638700 672
1638710 672
1638720 671
1638730 672
1638740 672
1638750 672
1638760 671
1638770 671
1638780 668
1638790 665
1638800 665
1638810 665
1638820 667
1638830 667
1638840 666
1638850 666
1638860 666
1638870 665
1638880 664
1638890 664
1638900 663
1638910 664
1638920 664
1638930 667
1638940 668
1638950 669
1638960 669
1638970 669
1638980 669
1638990 669
1639000 669
1639010 669
1639020 669
1639030 670
1639040 668
1639050 668
1639060 666
1639070 666
1639080 666
1639090 667
1639100 668
1639110 668
1639120 668
1639130 668
1639140 668
1639150 667
1639160 668
1639170 668
1639180 669
1639190 670
1639200 670
1639210 670
1639220 670
1639230 670
1639240 669
1639250 668
1639260 668
1639270 667
1639280 666
1639290 666
1639300 663
1639310 658
1639320 658
1639330 650
1639340 641
1639350 641
1639360 632
1639370 626
1639380 626
1639390 630
1639400 633
1639410 638
1639420 638
1639430 644
1639440 650
1639450 650
1639460 656
1639470 662
1639480 662
1639490 662
1639500 660
1639510 660
1639520 654
1639530 654
1639540 654
1639550 647
1639560 639
1639570 639
1639580 634
1639590 631
1639600 631
1639610 635
1639620 643
1639630 643
1639640 649
1639650 647
1639660 647
1639670 641
1639680 638
1639690 638
1639700 637
1639710 640
1639720 640
1639730 643
1639740 641
1639750 641
1639760 642
1639770 643
1639780 643
1639790 644
1639800 641
1639810 641
1639820 642
1639830 642
1639840 642
1639850 635
1639860 628
1639870 628
1639880 625
1639890 621
1639900 615
1639910 615
1639920 615
1639930 622
1639940 622
1639950 631
1639960 640
1639970 640
1639980 646
1639990 648
