1620000 551
1620010 551
1620020 550
1620030 549
1620040 549
1620050 549
1620060 551
1620070 551
1620080 551
1620090 551
1620100 551
1620110 550
1620120 550
1620130 550
1620140 548
1620150 547
1620160 547
1620170 547
1620180 548
1620190 548
1620200 549
1620210 549
1620220 549
1620230 549
1620240 549
1620250 549
1620260 549
1620270 549
1620280 549
1620290 550
1620300 550
1620310 550
1620320 550
1620330 549
1620340 549
1620350 549
1620360 548
1620370 548
1620380 548
1620390 548
1620400 548
1620410 548
1620420 548
1620430 548
1620440 547
1620450 547
1620460 547
1620470 547
1620480 546
1620490 546
1620500 546
1620510 546
1620520 546
1620530 546
1620540 545
1620550 545
1620560 545
1620570 545
1620580 545
1620590 545
1620600 545
1620610 545
1620620 545
1620630 545
1620640 545
1620650 545
1620660 545
1620670 547
1620680 547
1620690 549
1620700 551
1620710 551
1620720 553
1620730 555
1620740 555
1620750 555
1620760 556
1620770 556
1620780 555
1620790 561
1620800 561
1620810 560
1620820 556
1620830 556
1620840 554
1620850 553
1620860 553
1620870 553
1620880 552
1620890 552
1620900 552
1620910 553
1620920 553
1620930 555
1620940 559
1620950 563
1620960 563
1620970 566
1620980 568
1620990 568
1621000 571
1621010 573
1621020 573
1621030 575
1621040 576
1621050 576
1621060 578
1621070 580
1621080 580
1621090 581
1621100 581
1621110 581
1621120 581
1621130 581
1621140 581
1621150 581
1621160 581
1621170 581
1621180 581
1621190 581
1621200 581
1621210 580
1621220 577
1621230 577
1621240 575
1621250 575
1621260 575
1621270 575
1621280 574
1621290 574
1621300 571
1621310 568
1621320 568
1621330 565
1621340 563
1621350 563
1621360 561
1621370 565
1621380 565
1621390 569
1621400 571
1621410 571
1621420 571
1621430 572
1621440 574
1621450 574
1621460 576
1621470 577
1621480 577
1621490 578
1621500 580
1621510 580
1621520 583
1621530 585
1621540 585
1621550 588
1621560 591
1621570 591
1621580 596
1621590 600
1621600 600
1621610 603
1621620 606
1621630 606
1621640 608
1621650 612
1621660 612
1621670 614
1621680 617
1621690 617
1621700 620
1621710 624
1621720 624
1621730 636
1621740 641
1621750 641
1621760 645
1621770 648
1621780 648
1621790 651
1621800 657
1621810 657
1621820 664
1621830 670
1621840 670
1621850 677
1621860 683
1621870 683
1621880 688
1621890 693
1621900 695
1621910 695
1621920 696
1621930 698
1621940 698
1621950 701
1621960 703
1621970 703
1621980 702
1621990 703
1622000 703
1622010 702
1622020 702
1622030 702
1622040 707
1622050 714
1622060 714
1622070 719
1622080 724
1622090 724
1622100 730
1622110 736
1622120 736
1622130 739
1622140 741
1622150 741
1622160 742
1622170 742
1622180 742
1622190 741
1622200 737
1622210 737
1622220 731
1622230 724
1622240 724
1622250 717
1622260 709
1622270 709
1622280 702
1622290 695
1622300 695
1622310 687
1622320 678
1622330 678
1622340 670
1622350 665
1622360 665
1622370 663
1622380 662
1622390 660
1622400 660
1622410 658
1622420 657
1622430 657
1622440 656
1622450 656
1622460 656
1622470 655
1622480 654
1622490 654
1622500 655
1622510 654
1622520 654
1622530 650
1622540 645
1622550 645
1622560 640
1622570 635
1622580 635
1622590 632
1622600 632
1622610 632
1622620 633
1622630 635
1622640 635
1622650 636
1622660 643
1622670 643
1622680 642
1622690 641
1622700 641
1622710 638
1622720 635
1622730 635
1622740 632
1622750 633
1622760 633
1622770 634
1622780 636
1622790 636
1622800 638
1622810 637
1622820 637
1622830 632
1622840 631
1622850 633
1622860 633
1622870 636
1622880 640
1622890 640
1622900 642
1622910 642
1622920 642
1622930 642
1622940 644
1622950 644
1622960 648
1622970 651
1622980 651
1622990 649
1623000 644
1623010 644
1623020 635
1623030 625
1623040 625
1623050 623
1623060 622
1623070 622
1623080 618
1623090 612
1623100 612
1623110 606
1623120 601
1623130 601
1623140 596
1623150 589
1623160 589
1623170 583
1623180 580
1623190 580
1623200 578
1623210 574
1623220 574
1623230 568
1623240 564
1623250 564
1623260 562
1623270 560
1623280 560
1623290 557
1623300 555
1623310 555
1623320 555
1623330 556
1623340 559
1623350 559
1623360 565
1623370 571
1623380 571
1623390 576
1623400 581
1623410 581
1623420 585
1623430 586
1623440 586
1623450 584
1623460 579
1623470 579
1623480 574
1623490 568
1623500 568
1623510 564
1623520 558
1623530 558
1623540 553
1623550 547
1623560 547
1623570 540
1623580 533
1623590 537
1623600 529
1623610 523
1623620 523
1623630 519
1623640 517
1623650 517
1623660 517
1623670 516
1623680 516
1623690 516
1623700 516
1623710 516
1623720 516
1623730 515
1623740 515
1623750 514
1623760 514
1623770 514
1623780 514
1623790 514
1623800 513
1623810 513
1623820 513
1623830 513
1623840 513
1623850 513
1623860 513
1623870 513
1623880 513
1623890 513
1623900 513
1623910 513
1623920 512
1623930 512
1623940 512
1623950 512
1623960 512
1623970 512
1623980 512
1623990 512
1624000 511
1624010 512
1624020 512
1624030 516
1624040 518
1624050 518
1624060 518
1624070 518
1624080 518
1624090 518
1624100 519
1624110 519
1624120 521
1624130 524
1624140 524
1624150 527
1624160 530
1624170 530
1624180 534
1624190 538
1624200 538
1624210 543
1624220 546
1624230 546
1624240 549
1624250 551
1624260 553
1624270 553
1624280 555
1624290 558
1624300 558
1624310 560
1624320 563
1624330 563
1624340 566
1624350 571
1624360 571
1624370 576
1624380 581
1624390 581
1624400 587
1624410 593
1624420 593
1624430 599
1624440 606
1624450 606
1624460 613
1624470 618
1624480 618
1624490 622
1624500 623
1624510 621
1624520 616
1624530 611
1624540 611
1624550 609
1624560 606
1624570 606
1624580 602
1624590 597
1624600 597
1624610 592
1624620 588
1624630 588
1624640 583
1624650 580
1624660 580
1624670 577
1624680 573
1624690 573
1624700 570
1624710 571
1624720 571
1624730 576
1624740 582
1624750 588
1624760 588
1624770 594
1624780 600
1624790 600
1624800 606
1624810 613
1624820 613
1624830 619
1624840 626
1624850 626
1624860 633
1624870 640
1624880 640
1624890 648
1624900 656
1624910 656
1624920 663
1624930 671
1624940 671
1624950 679
1624960 687
1624970 687
1624980 694
1624990 702
1625000 702
1625010 709
1625020 717
1625030 717
1625040 722
1625050 727
1625060 727
1625070 730
1625080 732
1625090 732
1625100 734
1625110 735
1625120 735
1625130 737
1625140 739
1625150 739
1625160 740
1625170 741
1625180 741
1625190 741
1625200 742
1625210 743
1625220 743
1625230 743
1625240 744
1625250 744
1625260 745
1625270 747
1625280 747
1625290 748
1625300 749
1625310 749
1625320 750
1625330 750
1625340 750
1625350 750
1625360 750
1625370 750
1625380 751
1625390 752
1625400 752
1625410 753
1625420 758
1625430 758
1625440 761
1625450 763
1625460 763
1625470 766
1625480 769
1625490 769
1625500 772
1625510 775
1625520 775
1625530 779
1625540 782
1625550 782
1625560 785
1625570 789
1625580 789
1625590 792
1625600 796
1625610 796
1625620 800
1625630 803
1625640 803
1625650 807
1625660 810
1625670 810
1625680 813
1625690 816
1625700 820
1625710 820
1625720 823
1625730 826
1625740 826
1625750 831
1625760 835
1625770 835
1625780 840
1625790 844
1625800 844
1625810 848
1625820 852
1625830 852
1625840 856
1625850 860
1625860 860
1625870 864
1625880 869
1625890 869
1625900 872
1625910 877
1625920 877
1625930 881
1625940 886
1625950 886
1625960 893
1625970 899
1625980 899
1625990 906
1626000 912
1626010 912
1626020 921
1626030 930
1626040 930
1626050 937
1626060 947
1626070 947
1626080 957
1626090 964
1626100 964
1626110 968
1626120 973
1626130 973
1626140 977
1626150 982
1626160 988
1626170 988
1626180 992
1626190 995
1626200 995
1626210 998
1626220 1001
1626230 1001
1626240 1003
1626250 1006
1626260 1006
1626270 1008
1626280 1010
1626290 1010
1626300 1007
1626310 1002
1626320 1002
1626330 1003
1626340 1002
1626350 1002
1626360 1003
1626370 1004
1626380 1004
1626390 1004
1626400 1004
1626410 1004
1626420 1003
1626430 999
1626440 999
1626450 993
1626460 990
1626470 990
1626480 990
1626490 991
1626500 991
1626510 992
1626520 991
1626530 991
1626540 990
1626550 988
1626560 988
1626570 984
1626580 980
1626590 980
1626600 976
1626610 972
1626620 972
1626630 967
1626640 965
1626650 962
1626660 962
1626670 961
1626680 960
1626690 960
1626700 959
1626710 958
1626720 958
1626730 957
1626740 957
1626750 957
1626760 958
1626770 959
1626780 959
1626790 960
1626800 958
1626810 958
1626820 955
1626830 952
1626840 952
1626850 952
1626860 953
1626870 953
1626880 954
1626890 955
1626900 955
1626910 954
1626920 953
1626930 953
1626940 951
1626950 949
1626960 949
1626970 946
1626980 944
1626990 944
1627000 944
1627010 946
1627020 946
1627030 946
1627040 945
1627050 945
1627060 942
1627070 940
1627080 940
1627090 937
1627100 934
1627110 929
1627120 929
1627130 923
1627140 916
1627150 916
1627160 909
1627170 902
1627180 902
1627190 896
1627200 889
1627210 889
1627220 883
1627230 876
1627240 876
1627250 869
1627260 863
1627270 863
1627280 857
1627290 851
1627300 851
1627310 846
1627320 840
1627330 840
1627340 835
1627350 830
1627360 830
1627370 825
1627380 820
1627390 820
1627400 815
1627410 811
1627420 811
1627430 810
1627440 810
1627450 810
1627460 809
1627470 806
1627480 806
1627490 803
1627500 798
1627510 798
1627520 793
1627530 789
1627540 789
1627550 786
1627560 784
1627570 784
1627580 781
1627590 778
1627600 775
1627610 775
1627620 771
1627630 766
1627640 766
1627650 761
1627660 757
1627670 757
1627680 753
1627690 748
1627700 748
1627710 742
1627720 736
1627730 736
1627740 730
1627750 723
1627760 723
1627770 716
1627780 708
1627790 708
1627800 702
1627810 696
1627820 696
1627830 691
1627840 686
1627850 686
1627860 681
1627870 675
1627880 675
1627890 670
1627900 665
1627910 665
1627920 661
1627930 657
1627940 657
1627950 652
1627960 645
1627970 645
1627980 639
1627990 633
1628000 633
1628010 628
1628020 619
1628030 619
1628040 610
1628050 603
1628060 597
1628070 597
1628080 593
1628090 589
1628100 589
1628110 586
1628120 583
1628130 583
1628140 580
1628150 579
1628160 579
1628170 579
1628180 578
1628190 578
1628200 579
1628210 579
1628220 579
1628230 581
1628240 584
1628250 584
1628260 587
1628270 589
1628280 589
1628290 592
1628300 593
1628310 593
1628320 594
1628330 595
1628340 595
1628350 595
1628360 593
1628370 593
1628380 588
1628390 582
1628400 582
1628410 576
1628420 568
1628430 568
1628440 560
1628450 553
1628460 553
1628470 547
1628480 540
1628490 540
1628500 534
1628510 528
1628520 528
1628530 520
1628540 513
1628550 508
1628560 508
1628570 504
1628580 501
1628590 501
1628600 498
1628610 494
1628620 494
1628630 490
1628640 486
1628650 486
1628660 483
1628670 480
1628680 480
1628690 478
1628700 477
1628710 477
1628720 475
1628730 474
1628740 474
1628750 475
1628760 475
1628770 475
1628780 475
1628790 476
1628800 476
1628810 477
1628820 477
1628830 477
1628840 477
1628850 476
1628860 476
1628870 476
1628880 475
1628890 475
1628900 474
1628910 474
1628920 474
1628930 474
1628940 472
1628950 472
1628960 468
1628970 462
1628980 462
1628990 458
1629000 455
1629010 453
1629020 453
1629030 452
1629040 452
1629050 452
1629060 451
1629070 451
1629080 451
1629090 449
1629100 448
1629110 448
1629120 447
1629130 441
1629140 441
1629150 433
1629160 427
1629170 427
1629180 420
1629190 415
1629200 415
1629210 413
1629220 410
1629230 410
1629240 403
1629250 403
1629260 403
1629270 403
1629280 403
1629290 403
1629300 403
1629310 408
1629320 408
1629330 412
1629340 418
1629350 418
1629360 426
1629370 435
1629380 435
1629390 443
1629400 451
1629410 451
1629420 460
1629430 465
1629440 465
1629450 465
1629460 465
1629470 465
1629480 466
1629490 466
1629500 466
1629510 466
1629520 466
1629530 466
1629540 466
1629550 466
1629560 466
1629570 466
1629580 466
1629590 466
1629600 466
1629610 465
1629620 465
1629630 465
1629640 465
1629650 464
1629660 464
1629670 464
1629680 463
1629690 463
1629700 462
1629710 462
1629720 462
1629730 462
1629740 461
1629750 461
1629760 461
1629770 462
1629780 462
1629790 464
1629800 465
1629810 465
1629820 466
1629830 467
1629840 467
1629850 466
1629860 466
1629870 466
1629880 466
1629890 466
1629900 466
1629910 466
1629920 467
1629930 467
1629940 467
1629950 468
1629960 468
1629970 469
1629980 470
1629990 470
1630000 470
1630010 470
1630020 470
1630030 470
1630040 470
1630050 470
1630060 470
1630070 470
1630080 470
1630090 470
1630100 470
1630110 470
1630120 470
1630130 470
1630140 470
1630150 470
1630160 470
1630170 470
1630180 470
1630190 470
1630200 471
1630210 471
1630220 471
1630230 471
1630240 471
1630250 471
1630260 471
1630270 471
1630280 471
1630290 471
1630300 471
1630310 471
1630320 471
1630330 471
1630340 471
1630350 471
1630360 471
1630370 471
1630380 471
1630390 471
1630400 471
1630410 471
1630420 471
1630430 471
1630440 471
1630450 471
1630460 471
1630470 470
1630480 470
1630490 470
1630500 469
1630510 469
1630520 469
1630530 469
1630540 469
1630550 469
1630560 468
1630570 470
1630580 470
1630590 472
1630600 472
1630610 472
1630620 471
1630630 471
1630640 471
1630650 471
1630660 472
1630670 472
1630680 472
1630690 471
1630700 471
1630710 472
1630720 472
1630730 472
1630740 472
1630750 472
1630760 472
1630770 472
1630780 471
1630790 471
1630800 471
1630810 471
1630820 471
1630830 472
1630840 472
1630850 472
1630860 472
1630870 472
1630880 472
1630890 472
1630900 472
1630910 472
1630920 472
1630930 472
1630940 471
1630950 471
1630960 471
1630970 471
1630980 471
1630990 471
1631000 471
1631010 471
1631020 471
1631030 469
1631040 469
1631050 467
1631060 467
1631070 467
1631080 466
1631090 466
1631100 466
1631110 467
1631120 467
1631130 467
1631140 467
1631150 468
1631160 468
1631170 468
1631180 468
1631190 468
1631200 468
1631210 469
1631220 469
1631230 469
1631240 470
1631250 470
1631260 470
1631270 471
1631280 471
1631290 471
1631300 472
1631310 472
1631320 473
1631330 474
1631340 474
1631350 477
1631360 480
1631370 480
1631380 482
1631390 486
1631400 490
1631410 490
1631420 494
1631430 500
1631440 500
1631450 505
1631460 512
1631470 512
1631480 518
1631490 525
1631500 525
1631510 532
1631520 539
1631530 539
1631540 547
1631550 557
1631560 557
1631570 567
1631580 581
1631590 581
1631600 593
1631610 602
1631620 602
1631630 612
1631640 619
1631650 619
1631660 619
1631670 620
1631680 620
1631690 627
1631700 635
1631710 635
1631720 643
1631730 648
1631740 648
1631750 647
1631760 644
1631770 644
1631780 642
1631790 638
1631800 638
1631810 633
1631820 628
1631830 628
1631840 622
1631850 615
1631860 615
1631870 608
1631880 605
1631890 599
1631900 599
1631910 591
1631920 585
1631930 585
1631940 580
1631950 574
1631960 574
1631970 566
1631980 558
1631990 558
1632000 548
1632010 540
1632020 540
1632030 527
1632040 517
1632050 517
1632060 511
1632070 504
1632080 504
1632090 499
1632100 494
1632110 494
1632120 490
1632130 486
1632140 486
1632150 481
1632160 480
1632170 480
1632180 478
1632190 476
1632200 476
1632210 472
1632220 469
1632230 469
1632240 468
1632250 467
1632260 467
1632270 467
1632280 467
1632290 467
1632300 467
1632310 466
1632320 466
1632330 465
1632340 464
1632350 464
1632360 464
1632370 464
1632380 462
1632390 462
1632400 461
1632410 461
1632420 461
1632430 461
1632440 461
1632450 461
1632460 461
1632470 461
1632480 461
1632490 461
1632500 461
1632510 461
1632520 461
1632530 461
1632540 461
1632550 461
1632560 461
1632570 461
1632580 460
1632590 458
1632600 458
1632610 458
1632620 458
1632630 458
1632640 457
1632650 454
1632660 454
1632670 451
1632680 446
1632690 446
1632700 437
1632710 431
1632720 431
1632730 425
1632740 420
1632750 420
1632760 418
1632770 415
1632780 415
1632790 412
1632800 411
1632810 411
1632820 411
1632830 411
1632840 411
1632850 411
1632860 411
1632870 411
1632880 411
1632890 411
1632900 411
1632910 411
1632920 411
1632930 411
1632940 411
1632950 411
1632960 411
1632970 411
1632980 411
1632990 411
1633000 411
1633010 411
1633020 411
1633030 411
1633040 411
1633050 411
1633060 411
1633070 411
1633080 411
1633090 411
1633100 411
1633110 411
1633120 411
1633130 411
1633140 411
1633150 411
1633160 411
1633170 411
1633180 411
1633190 411
1633200 411
1633210 411
1633220 411
1633230 411
1633240 411
1633250 411
1633260 411
1633270 411
1633280 411
1633290 412
1633300 420
1633310 420
1633320 424
1633330 424
1633340 424
1633350 424
1633360 424
1633370 424
1633380 424
1633390 424
1633400 424
1633410 427
1633420 429
1633430 429
1633440 432
1633450 434
1633460 434
1633470 437
1633480 441
1633490 441
1633500 444
1633510 448
1633520 448
1633530 453
1633540 459
1633550 459
1633560 460
1633570 463
1633580 463
1633590 471
1633600 477
1633610 477
1633620 480
1633630 481
1633640 481
1633650 483
1633660 485
1633670 485
1633680 489
1633690 493
1633700 493
1633710 496
1633720 498
1633730 498
1633740 500
1633750 501
1633760 501
1633770 503
1633780 504
1633790 505
1633800 505
1633810 504
1633820 503
1633830 503
1633840 500
1633850 502
1633860 502
1633870 504
1633880 504
1633890 504
1633900 506
1633910 508
1633920 508
1633930 512
1633940 515
1633950 515
1633960 518
1633970 520
1633980 520
1633990 522
1634000 524
1634010 524
1634020 526
1634030 527
1634040 527
1634050 528
1634060 530
1634070 530
1634080 532
1634090 534
1634100 534
1634110 536
1634120 538
1634130 538
1634140 540
1634150 542
1634160 542
1634170 545
1634180 547
1634190 547
1634200 549
1634210 551
1634220 551
1634230 552
1634240 554
1634250 556
1634260 560
1634270 561
1634280 563
1634290 563
1634300 565
1634310 566
1634320 566
1634330 566
1634340 566
1634350 566
1634360 566
1634370 566
1634380 566
1634390 567
1634400 569
1634410 569
1634420 570
1634430 570
1634440 570
1634450 572
1634460 574
1634470 574
1634480 575
1634490 576
1634500 576
1634510 576
1634520 577
1634530 577
1634540 576
1634550 574
1634560 574
1634570 572
1634580 570
1634590 570
1634600 567
1634610 564
1634620 564
1634630 561
1634640 558
1634650 558
1634660 555
1634670 551
1634680 551
1634690 548
1634700 546
1634710 546
1634720 544
1634730 541
1634740 536
1634750 536
1634760 529
1634770 522
1634780 522
1634790 518
1634800 514
1634810 514
1634820 511
1634830 505
1634840 505
1634850 503
1634860 502
1634870 502
1634880 502
1634890 506
1634900 506
1634910 512
1634920 513
1634930 513
1634940 513
1634950 515
1634960 515
1634970 519
1634980 522
1634990 522
1635000 525
1635010 528
1635020 528
1635030 531
1635040 534
1635050 534
1635060 536
1635070 537
1635080 537
1635090 540
1635100 542
1635110 542
1635120 549
1635130 551
1635140 551
1635150 553
1635160 555
1635170 555
1635180 557
1635190 559
1635200 561
1635210 561
1635220 565
1635230 568
1635240 568
1635250 571
1635260 573
1635270 573
1635280 575
1635290 577
1635300 577
1635310 580
1635320 582
1635330 582
1635340 584
1635350 586
1635360 586
1635370 588
1635380 590
1635390 590
1635400 592
1635410 594
1635420 594
1635430 595
1635440 597
1635450 597
1635460 598
1635470 599
1635480 599
1635490 601
1635500 602
1635510 602
1635520 603
1635530 604
1635540 604
1635550 605
1635560 607
1635570 607
1635580 608
1635590 609
1635600 609
1635610 610
1635620 612
1635630 612
1635640 614
1635650 615
1635660 615
1635670 616
1635680 617
1635690 617
1635700 617
1635710 618
1635720 619
1635730 619
1635740 620
1635750 621
1635760 621
1635770 621
1635780 622
1635790 622
1635800 622
1635810 623
1635820 623
1635830 622
1635840 622
1635850 622
1635860 620
1635870 616
1635880 616
1635890 614
1635900 617
1635910 617
1635920 622
1635930 628
1635940 628
1635950 633
1635960 638
1635970 640
1635980 644
1635990 649
1636000 649
1636010 653
1636020 657
1636030 657
1636040 661
1636050 664
1636060 664
1636070 668
1636080 671
1636090 671
1636100 673
1636110 676
1636120 676
1636130 679
1636140 682
1636150 686
1636160 686
1636170 690
1636180 695
1636190 695
1636200 698
1636210 702
1636220 702
1636230 706
1636240 713
1636250 713
1636260 719
1636270 722
1636280 722
1636290 726
1636300 724
1636310 724
1636320 722
1636330 722
1636340 722
1636350 725
1636360 729
1636370 729
1636380 730
1636390 731
1636400 731
1636410 732
1636420 734
1636430 734
1636440 737
1636450 741
1636460 741
1636470 744
1636480 747
1636490 747
1636500 750
1636510 754
1636520 754
1636530 754
1636540 758
1636550 758
1636560 764
1636570 769
1636580 769
1636590 770
1636600 771
1636610 771
1636620 770
1636630 767
1636640 766
1636650 766
1636660 769
1636670 772
1636680 772
1636690 773
1636700 774
1636710 774
1636720 775
1636730 776
1636740 776
1636750 776
1636760 777
1636770 777
1636780 780
1636790 787
1636800 787
1636810 793
1636820 790
1636830 790
1636840 784
1636850 778
1636860 778
1636870 771
1636880 764
1636890 764
1636900 757
1636910 749
1636920 749
1636930 742
1636940 733
1636950 733
1636960 722
1636970 716
1636980 716
1636990 710
1637000 703
1637010 703
1637020 692
1637030 689
1637040 689
1637050 692
1637060 696
1637070 696
1637080 703
1637090 712
1637100 719
1637110 719
1637120 727
1637130 734
1637140 734
1637150 741
1637160 746
1637170 746
1637180 750
1637190 756
1637200 756
1637210 762
1637220 765
1637230 765
1637240 769
1637250 774
1637260 774
1637270 777
1637280 782
1637290 782
1637300 786
1637310 789
1637320 789
1637330 792
1637340 794
1637350 794
1637360 795
1637370 797
1637380 797
1637390 799
1637400 801
1637410 801
1637420 802
1637430 802
1637440 802
1637450 801
1637460 799
1637470 799
1637480 796
1637490 793
1637500 793
1637510 790
1637520 787
1637530 787
1637540 783
1637550 778
1637560 778
1637570 772
1637580 765
1637590 759
1637600 759
1637610 753
1637620 747
1637630 747
1637640 742
1637650 740
1637660 740
1637670 734
1637680 725
1637690 725
1637700 714
1637710 705
1637720 705
1637730 695
1637740 686
1637750 686
1637760 677
1637770 669
1637780 669
1637790 661
1637800 663
1637810 663
1637820 672
1637830 679
1637840 679
1637850 681
1637860 680
1637870 680
1637880 682
1637890 686
1637900 686
1637910 692
1637920 702
1637930 702
1637940 710
1637950 718
1637960 718
1637970 724
1637980 719
1637990 719
1638000 710
1638010 701
1638020 701
1638030 692
1638040 684
1638050 684
1638060 678
1638070 674
1638080 667
1638090 667
1638100 658
1638110 650
1638120 650
1638130 644
1638140 641
1638150 641
1638160 634
1638170 626
1638180 626
1638190 620
1638200 616
1638210 616
1638220 615
1638230 618
1638240 618
1638250 625
1638260 633
1638270 633
1638280 642
1638290 649
1638300 649
1638310 650
1638320 651
1638330 651
1638340 656
1638350 661
1638360 661
1638370 663
1638380 664
1638390 664
1638400 664
1638410 663
1638420 663
1638430 671
1638440 679
1638450 679
1638460 684
1638470 684
1638480 684
1638490 674
1638500 680
1638510 680
1638520 673
1638530 667
1638540 674
1638550 674
1638560 676
1638570 679
1638580 679
1638590 688
1638600 685
1638610 685
1638620 694
1638630 703
1638640 703
1638650 711
1638660 717
1638670 717
1638680 724
1638690 731
1638700 731
1638710 732
1638720 733
1638730 733
1638740 737
1638750 745
1638760 745
1638770 755
1638780 763
1638790 763
1638800 770
1638810 777
1638820 777
1638830 782
1638840 785
1638850 785
1638860 789
1638870 794
1638880 794
1638890 798
1638900 803
1638910 803
1638920 812
1638930 819
1638940 819
1638950 823
1638960 829
1638970 829
1638980 836
1638990 842
1639000 842
1639010 848
1639020 855
1639030 860
1639040 860
1639050 866
1639060 870
1639070 870
1639080 873
1639090 875
1639100 875
1639110 876
1639120 876
1639130 876
1639140 878
1639150 879
1639160 879
1639170 881
1639180 883
1639190 883
1639200 884
1639210 883
1639220 883
1639230 883
1639240 885
1639250 885
1639260 888
1639270 890
1639280 890
1639290 893
1639300 897
1639310 897
1639320 896
1639330 900
1639340 900
1639350 904
1639360 907
1639370 907
1639380 910
1639390 912
1639400 912
1639410 914
1639420 915
1639430 915
1639440 917
1639450 921
1639460 921
1639470 924
1639480 928
1639490 931
1639500 931
1639510 935
1639520 938
1639530 938
1639540 941
1639550 944
1639560 944
1639570 947
1639580 951
1639590 951
1639600 953
1639610 956
1639620 956
1639630 959
1639640 962
1639650 962
1639660 965
1639670 969
1639680 969
1639690 972
1639700 976
1639710 976
1639720 980
1639730 979
1639740 979
1639750 972
1639760 965
1639770 965
1639780 959
1639790 953
1639800 953
1639810 949
1639820 945
1639830 945
1639840 941
1639850 940
1639860 940
1639870 939
1639880 938
1639890 938
1639900 936
1639910 932
1639920 932
1639930 927
1639940 922
1639950 922
1639960 915
1639970 908
1639980 900
1639990 900
