1620000 1040
1620010 1042
1620020 1044
1620030 1044
1620040 1045
1620050 1048
1620060 1048
1620070 1051
1620080 1055
1620090 1055
1620100 1059
1620110 1062
1620120 1062
1620130 1065
1620140 1069
1620150 1073
1620160 1077
1620170 1081
1620180 1081
1620190 1085
1620200 1090
1620210 1090
1620220 1096
1620230 1101
1620240 1107
1620250 1107
1620260 1113
1620270 1120
1620280 1120
1620290 1126
1620300 1132
1620310 1132
1620320 1138
1620330 1143
1620340 1143
1620350 1150
1620360 1156
1620370 1156
1620380 1163
1620390 1169
1620400 1169
1620410 1176
1620420 1183
1620430 1183
1620440 1191
1620450 1198
1620460 1198
1620470 1206
1620480 1214
1620490 1214
1620500 1227
1620510 1244
1620520 1244
1620530 1257
1620540 1263
1620550 1263
1620560 1269
1620570 1274
1620580 1274
1620590 1277
1620600 1276
1620610 1276
1620620 1274
1620630 1272
1620640 1272
1620650 1272
1620660 1272
1620670 1272
1620680 1273
1620690 1275
1620700 1275
1620710 1278
1620720 1281
1620730 1281
1620740 1284
1620750 1287
1620760 1291
1620770 1291
1620780 1295
1620790 1298
1620800 1298
1620810 1302
1620820 1307
1620830 1307
1620840 1311
1620850 1314
1620860 1314
1620870 1315
1620880 1315
1620890 1315
1620900 1316
1620910 1317
1620920 1317
1620930 1319
1620940 1321
1620950 1321
1620960 1322
1620970 1323
1620980 1323
1620990 1323
1621000 1324
1621010 1324
1621020 1324
1621030 1324
1621040 1324
1621050 1326
1621060 1327
1621070 1327
1621080 1326
1621090 1334
1621100 1334
1621110 1335
1621120 1336
1621130 1336
1621140 1337
1621150 1338
1621160 1338
1621170 1340
1621180 1343
1621190 1343
1621200 1348
1621210 1353
1621220 1353
1621230 1357
1621240 1362
1621250 1366
1621260 1366
1621270 1369
1621280 1373
1621290 1373
1621300 1377
1621310 1380
1621320 1380
1621330 1384
1621340 1387
1621350 1387
1621360 1391
1621370 1395
1621380 1395
1621390 1399
1621400 1403
1621410 1403
1621420 1408
1621430 1412
1621440 1412
1621450 1416
1621460 1421
1621470 1421
1621480 1425
1621490 1430
1621500 1430
1621510 1434
1621520 1440
1621530 1440
1621540 1445
1621550 1450
1621560 1450
1621570 1456
1621580 1461
1621590 1461
1621600 1466
1621610 1471
1621620 1471
1621630 1477
1621640 1482
1621650 1482
1621660 1487
1621670 1490
1621680 1490
1621690 1488
1621700 1483
1621710 1483
1621720 1476
1621730 1471
1621740 1464
1621750 1464
1621760 1451
1621770 1440
1621780 1440
1621790 1431
1621800 1424
1621810 1424
1621820 1417
1621830 1410
1621840 1410
1621850 1403
1621860 1397
1621870 1397
1621880 1391
1621890 1387
1621900 1387
1621910 1380
1621920 1372
1621930 1372
1621940 1363
1621950 1352
1621960 1352
1621970 1340
1621980 1327
1621990 1327
1622000 1313
1622010 1300
1622020 1300
1622030 1287
1622040 1278
1622050 1278
1622060 1271
1622070 1265
1622080 1265
1622090 1259
1622100 1251
1622110 1251
1622120 1245
1622130 1239
1622140 1239
1622150 1233
1622160 1228
1622170 1228
1622180 1224
1622190 1220
1622200 1220
1622210 1216
1622220 1212
1622230 1212
1622240 1209
1622250 1205
1622260 1202
1622270 1202
1622280 1197
1622290 1192
1622300 1192
1622310 1187
1622320 1185
1622330 1185
1622340 1183
1622350 1181
1622360 1181
1622370 1179
1622380 1178
1622390 1178
1622400 1178
1622410 1178
1622420 1178
1622430 1177
1622440 1174
1622450 1174
1622460 1174
1622470 1172
1622480 1172
1622490 1169
1622500 1166
1622510 1166
1622520 1163
1622530 1161
1622540 1161
1622550 1157
1622560 1151
1622570 1151
1622580 1145
1622590 1140
1622600 1140
1622610 1136
1622620 1133
1622630 1133
1622640 1132
1622650 1132
1622660 1132
1622670 1131
1622680 1129
1622690 1129
1622700 1126
1622710 1123
1622720 1123
1622730 1120
1622740 1119
1622750 1120
1622760 1120
1622770 1121
1622780 1122
1622790 1122
1622800 1121
1622810 1117
1622820 1117
1622830 1113
1622840 1108
1622850 1108
1622860 1103
1622870 1098
1622880 1098
1622890 1093
1622900 1088
1622910 1088
1622920 1084
1622930 1080
1622940 1080
1622950 1075
1622960 1070
1622970 1070
1622980 1066
1622990 1062
1623000 1062
1623010 1059
1623020 1055
1623030 1055
1623040 1052
1623050 1049
1623060 1049
1623070 1046
1623080 1044
1623090 1044
1623100 1041
1623110 1038
1623120 1038
1623130 1034
1623140 1031
1623150 1031
1623160 1027
1623170 1025
1623180 1025
1623190 1024
1623200 1023
1623210 1023
1623220 1022
1623230 1022
1623240 1021
1623250 1021
1623260 1022
1623270 1021
1623280 1021
1623290 1020
1623300 1017
1623310 1017
1623320 1015
1623330 1014
1623340 1014
1623350 1013
1623360 1013
1623370 1013
1623380 1014
1623390 1015
1623400 1015
1623410 1016
1623420 1017
1623430 1017
1623440 1018
1623450 1019
1623460 1019
1623470 1021
1623480 1023
1623490 1023
1623500 1024
1623510 1025
1623520 1025
1623530 1024
1623540 1022
1623550 1022
1623560 1020
1623570 1018
1623580 1018
1623590 1015
1623600 1013
1623610 1013
1623620 1017
1623630 1021
1623640 1021
1623650 1025
1623660 1029
1623670 1029
1623680 1031
1623690 1033
1623700 1033
1623710 1036
1623720 1038
1623730 1038
1623740 1040
1623750 1039
1623760 1037
1623770 1037
1623780 1034
1623790 1032
1623800 1032
1623810 1029
1623820 1026
1623830 1026
1623840 1023
1623850 1021
1623860 1021
1623870 1019
1623880 1021
1623890 1021
1623900 1018
1623910 1015
1623920 1015
1623930 1011
1623940 1006
1623950 1006
1623960 1001
1623970 996
1623980 996
1623990 993
1624000 995
1624010 995
1624020 1001
1624030 1005
1624040 1005
1624050 1009
1624060 1013
1624070 1013
1624080 1017
1624090 1020
1624100 1020
1624110 1023
1624120 1026
1624130 1026
1624140 1029
1624150 1032
1624160 1032
1624170 1035
1624180 1038
1624190 1038
1624200 1040
1624210 1042
1624220 1042
1624230 1045
1624240 1047
1624250 1049
1624260 1049
1624270 1052
1624280 1054
1624290 1054
1624300 1057
1624310 1059
1624320 1059
1624330 1061
1624340 1062
1624350 1062
1624360 1063
1624370 1064
1624380 1064
1624390 1066
1624400 1067
1624410 1067
1624420 1069
1624430 1070
1624440 1070
1624450 1072
1624460 1074
1624470 1074
1624480 1076
1624490 1078
1624500 1078
1624510 1079
1624520 1081
1624530 1081
1624540 1084
1624550 1086
1624560 1086
1624570 1088
1624580 1090
1624590 1090
1624600 1092
1624610 1094
1624620 1094
1624630 1096
1624640 1098
1624650 1098
1624660 1100
1624670 1101
1624680 1101
1624690 1103
1624700 1105
1624710 1105
1624720 1108
1624730 1110
1624740 1110
1624750 1112
1624760 1114
1624770 1117
1624780 1117
1624790 1120
1624800 1122
1624810 1123
1624820 1126
1624830 1129
1624840 1129
1624850 1132
1624860 1135
1624870 1135
1624880 1138
1624890 1141
1624900 1141
1624910 1143
1624920 1146
1624930 1146
1624940 1148
1624950 1151
1624960 1151
1624970 1153
1624980 1155
1624990 1155
1625000 1157
1625010 1159
1625020 1159
1625030 1160
1625040 1162
1625050 1162
1625060 1163
1625070 1164
1625080 1164
1625090 1164
1625100 1164
1625110 1164
1625120 1164
1625130 1162
1625140 1162
1625150 1157
1625160 1149
1625170 1149
1625180 1142
1625190 1136
1625200 1136
1625210 1131
1625220 1125
1625230 1125
1625240 1119
1625250 1115
1625260 1110
1625270 1110
1625280 1102
1625290 1095
1625300 1095
1625310 1091
1625320 1087
1625330 1087
1625340 1083
1625350 1080
1625360 1080
1625370 1078
1625380 1074
1625390 1074
1625400 1071
1625410 1066
1625420 1066
1625430 1062
1625440 1057
1625450 1057
1625460 1052
1625470 1047
1625480 1047
1625490 1046
1625500 1047
1625510 1047
1625520 1047
1625530 1047
1625540 1047
1625550 1047
1625560 1049
1625570 1049
1625580 1052
1625590 1056
1625600 1056
1625610 1054
1625620 1049
1625630 1049
1625640 1045
1625650 1044
1625660 1044
1625670 1043
1625680 1040
1625690 1040
1625700 1036
1625710 1033
1625720 1029
1625730 1024
1625740 1025
1625750 1029
1625760 1029
1625770 1031
1625780 1033
1625790 1033
1625800 1033
1625810 1033
1625820 1033
1625830 1034
1625840 1035
1625850 1035
1625860 1036
1625870 1037
1625880 1037
1625890 1040
1625900 1044
1625910 1044
1625920 1048
1625930 1051
1625940 1051
1625950 1054
1625960 1056
1625970 1056
1625980 1059
1625990 1061
1626000 1061
1626010 1064
1626020 1066
1626030 1066
1626040 1070
1626050 1075
1626060 1075
1626070 1081
1626080 1084
1626090 1084
1626100 1085
1626110 1083
1626120 1083
1626130 1081
1626140 1080
1626150 1080
1626160 1081
1626170 1084
1626180 1084
1626190 1086
1626200 1084
1626210 1084
1626220 1079
1626230 1073
1626240 1073
1626250 1069
1626260 1066
1626270 1064
1626280 1064
1626290 1063
1626300 1061
1626310 1061
1626320 1057
1626330 1051
1626340 1051
1626350 1046
1626360 1042
1626370 1042
1626380 1039
1626390 1032
1626400 1032
1626410 1024
1626420 1017
1626430 1017
1626440 1011
1626450 1006
1626460 1006
1626470 1000
1626480 993
1626490 993
1626500 988
1626510 982
1626520 982
1626530 976
1626540 969
1626550 969
1626560 962
1626570 954
1626580 954
1626590 948
1626600 944
1626610 944
1626620 937
1626630 936
1626640 936
1626650 934
1626660 931
1626670 931
1626680 929
1626690 931
1626700 931
1626710 933
1626720 935
1626730 935
1626740 938
1626750 940
1626760 942
1626770 942
1626780 943
1626790 947
1626800 947
1626810 951
1626820 957
1626830 957
1626840 961
1626850 962
1626860 962
1626870 961
1626880 958
1626890 958
1626900 954
1626910 949
1626920 949
1626930 944
1626940 938
1626950 938
1626960 933
1626970 929
1626980 929
1626990 925
1627000 921
1627010 921
1627020 919
1627030 918
1627040 918
1627050 918
1627060 918
1627070 918
1627080 918
1627090 918
1627100 918
1627110 918
1627120 915
1627130 915
1627140 910
1627150 902
1627160 902
1627170 892
1627180 882
1627190 882
1627200 872
1627210 864
1627220 864
1627230 853
1627240 844
1627250 844
1627260 836
1627270 829
1627280 821
1627290 821
1627300 813
1627310 804
1627320 804
1627330 794
1627340 786
1627350 786
1627360 780
1627370 774
1627380 774
1627390 771
1627400 767
1627410 767
1627420 759
1627430 752
1627440 752
1627450 748
1627460 747
1627470 747
1627480 746
1627490 744
1627500 744
1627510 738
1627520 737
1627530 730
1627540 732
1627550 739
1627560 739
1627570 747
1627580 752
1627590 752
1627600 754
1627610 759
1627620 759
1627630 766
1627640 770
1627650 770
1627660 771
1627670 769
1627680 769
1627690 764
1627700 760
1627710 760
1627720 758
1627730 761
1627740 761
1627750 765
1627760 770
1627770 775
1627780 775
1627790 779
1627800 776
1627810 776
1627820 767
1627830 759
1627840 759
1627850 752
1627860 743
1627870 743
1627880 733
1627890 725
1627900 725
1627910 716
1627920 707
1627930 707
1627940 696
1627950 685
1627960 685
1627970 674
1627980 660
1627990 660
1628000 648
1628010 640
1628020 640
1628030 632
1628040 625
1628050 625
1628060 619
1628070 613
1628080 613
1628090 610
1628100 608
1628110 608
1628120 607
1628130 601
1628140 601
1628150 592
1628160 583
1628170 583
1628180 573
1628190 564
1628200 564
1628210 557
1628220 550
1628230 550
1628240 545
1628250 537
1628260 537
1628270 535
1628280 538
1628290 544
1628300 544
1628310 553
1628320 561
1628330 561
1628340 567
1628350 571
1628360 571
1628370 573
1628380 575
1628390 575
1628400 576
1628410 582
1628420 577
1628430 586
1628440 587
1628450 587
1628460 581
1628470 576
1628480 576
1628490 576
1628500 577
1628510 577
1628520 572
1628530 576
1628540 576
1628550 583
1628560 587
1628570 587
1628580 591
1628590 596
1628600 596
1628610 602
1628620 610
1628630 610
1628640 614
1628650 615
1628660 615
1628670 615
1628680 613
1628690 613
1628700 608
1628710 600
1628720 600
1628730 591
1628740 583
1628750 583
1628760 577
1628770 573
1628780 571
1628790 571
1628800 570
1628810 569
1628820 569
1628830 567
1628840 567
1628850 567
1628860 571
1628870 570
1628880 570
1628890 565
1628900 560
1628910 560
1628920 553
1628930 547
1628940 547
1628950 541
1628960 535
1628970 535
1628980 529
1628990 524
1629000 524
1629010 522
1629020 520
1629030 520
1629040 517
1629050 512
1629060 512
1629070 507
1629080 501
1629090 501
1629100 496
1629110 491
1629120 491
1629130 487
1629140 481
1629150 481
1629160 475
1629170 471
1629180 471
1629190 467
1629200 462
1629210 462
1629220 458
1629230 454
1629240 454
1629250 451
1629260 448
1629270 447
1629280 447
1629290 448
1629300 448
1629310 448
1629320 447
1629330 446
1629340 446
1629350 444
1629360 442
1629370 442
1629380 442
1629390 442
1629400 442
1629410 442
1629420 442
1629430 442
1629440 442
1629450 441
1629460 441
1629470 438
1629480 432
1629490 432
1629500 425
1629510 417
1629520 417
1629530 411
1629540 409
1629550 409
1629560 406
1629570 403
1629580 403
1629590 400
1629600 400
1629610 400
1629620 400
1629630 400
1629640 400
1629650 400
1629660 400
1629670 400
1629680 400
1629690 400
1629700 400
1629710 400
1629720 400
1629730 400
1629740 402
1629750 409
1629760 409
1629770 415
1629780 422
1629790 429
1629800 429
1629810 436
1629820 444
1629830 444
1629840 452
1629850 459
1629860 459
1629870 463
1629880 465
1629890 465
1629900 465
1629910 466
1629920 466
1629930 466
1629940 466
1629950 466
1629960 466
1629970 467
1629980 467
1629990 467
1630000 466
1630010 466
1630020 464
1630030 464
1630040 464
1630050 465
1630060 464
1630070 464
1630080 461
1630090 459
1630100 459
1630110 463
1630120 467
1630130 467
1630140 468
1630150 468
1630160 468
1630170 468
1630180 468
1630190 468
1630200 468
1630210 468
1630220 468
1630230 469
1630240 469
1630250 469
1630260 470
1630270 471
1630280 471
1630290 471
1630300 472
1630310 472
1630320 472
1630330 472
1630340 472
1630350 472
1630360 472
1630370 473
1630380 473
1630390 473
1630400 473
1630410 473
1630420 473
1630430 473
1630440 473
1630450 474
1630460 474
1630470 474
1630480 474
1630490 474
1630500 474
1630510 475
1630520 475
1630530 475
1630540 476
1630550 476
1630560 476
1630570 477
1630580 478
1630590 478
1630600 478
1630610 479
1630620 479
1630630 480
1630640 481
1630650 481
1630660 481
1630670 482
1630680 482
1630690 482
1630700 482
1630710 482
1630720 481
1630730 480
1630740 480
1630750 480
1630760 480
1630770 480
1630780 479
1630790 478
1630800 478
1630810 478
1630820 480
1630830 482
1630840 482
1630850 482
1630860 483
1630870 483
1630880 483
1630890 485
1630900 485
1630910 487
1630920 490
1630930 490
1630940 492
1630950 496
1630960 496
1630970 500
1630980 502
1630990 502
1631000 504
1631010 512
1631020 512
1631030 516
1631040 517
1631050 517
1631060 518
1631070 521
1631080 518
1631090 522
1631100 527
1631110 527
1631120 531
1631130 532
1631140 532
1631150 538
1631160 546
1631170 546
1631180 554
1631190 560
1631200 560
1631210 564
1631220 570
1631230 570
1631240 578
1631250 583
1631260 583
1631270 589
1631280 595
1631290 600
1631300 600
1631310 604
1631320 608
1631330 608
1631340 611
1631350 615
1631360 615
1631370 619
1631380 624
1631390 624
1631400 629
1631410 633
1631420 633
1631430 636
1631440 638
1631450 638
1631460 639
1631470 640
1631480 640
1631490 642
1631500 645
1631510 645
1631520 647
1631530 650
1631540 650
1631550 655
1631560 663
1631570 663
1631580 671
1631590 678
1631600 678
1631610 685
1631620 693
1631630 693
1631640 700
1631650 707
1631660 707
1631670 712
1631680 718
1631690 718
1631700 723
1631710 727
1631720 727
1631730 731
1631740 736
1631750 736
1631760 740
1631770 745
1631780 745
1631790 749
1631800 754
1631810 760
1631820 760
1631830 766
1631840 774
1631850 774
1631860 781
1631870 787
1631880 787
1631890 794
1631900 801
1631910 801
1631920 807
1631930 812
1631940 812
1631950 815
1631960 821
1631970 821
1631980 826
1631990 832
1632000 832
1632010 838
1632020 843
1632030 843
1632040 847
1632050 851
1632060 851
1632070 856
1632080 860
1632090 860
1632100 865
1632110 870
1632120 870
1632130 874
1632140 878
1632150 878
1632160 881
1632170 885
1632180 885
1632190 888
1632200 892
1632210 892
1632220 895
1632230 899
1632240 899
1632250 902
1632260 904
1632270 904
1632280 908
1632290 910
1632300 912
1632310 912
1632320 915
1632330 917
1632340 917
1632350 919
1632360 922
1632370 922
1632380 924
1632390 926
1632400 926
1632410 928
1632420 929
1632430 929
1632440 931
1632450 933
1632460 933
1632470 935
1632480 937
1632490 937
1632500 938
1632510 940
1632520 940
1632530 941
1632540 941
1632550 941
1632560 940
1632570 935
1632580 935
1632590 928
1632600 920
1632610 920
1632620 914
1632630 907
1632640 907
1632650 900
1632660 894
1632670 894
1632680 887
1632690 880
1632700 880
1632710 873
1632720 866
1632730 866
1632740 860
1632750 853
1632760 853
1632770 847
1632780 840
1632790 834
1632800 834
1632810 828
1632820 819
1632830 819
1632840 813
1632850 807
1632860 807
1632870 801
1632880 794
1632890 794
1632900 787
1632910 781
1632920 781
1632930 775
1632940 769
1632950 769
1632960 764
1632970 760
1632980 760
1632990 753
1633000 743
1633010 743
1633020 733
1633030 724
1633040 724
1633050 716
1633060 708
1633070 708
1633080 701
1633090 693
1633100 693
1633110 684
1633120 675
1633130 675
1633140 665
1633150 655
1633160 655
1633170 643
1633180 631
1633190 631
1633200 615
1633210 591
1633220 591
1633230 577
1633240 579
1633250 579
1633260 589
1633270 598
1633280 598
1633290 601
1633300 601
1633310 598
1633320 598
1633330 596
1633340 599
1633350 599
1633360 608
1633370 614
1633380 614
1633390 614
1633400 610
1633410 610
1633420 607
1633430 607
1633440 607
1633450 613
1633460 617
1633470 617
1633480 618
1633490 607
1633500 607
1633510 598
1633520 588
1633530 588
1633540 582
1633550 583
1633560 583
1633570 588
1633580 593
1633590 593
1633600 594
1633610 594
1633620 594
1633630 589
1633640 580
1633650 580
1633660 572
1633670 563
1633680 563
1633690 556
1633700 548
1633710 548
1633720 541
1633730 534
1633740 534
1633750 529
1633760 525
1633770 525
1633780 523
1633790 521
1633800 519
1633810 519
1633820 518
1633830 517
1633840 517
1633850 515
1633860 515
1633870 515
1633880 515
1633890 517
1633900 517
1633910 520
1633920 524
1633930 524
1633940 528
1633950 526
1633960 526
1633970 520
1633980 515
1633990 515
1634000 511
1634010 506
1634020 506
1634030 500
1634040 496
1634050 496
1634060 490
1634070 484
1634080 484
1634090 481
1634100 479
1634110 479
1634120 477
1634130 475
1634140 475
1634150 475
1634160 474
1634170 474
1634180 472
1634190 472
1634200 472
1634210 472
1634220 472
1634230 472
1634240 471
1634250 473
1634260 473
1634270 475
1634280 487
1634290 487
1634300 494
1634310 500
1634320 507
1634330 507
1634340 513
1634350 520
1634360 520
1634370 525
1634380 525
1634390 525
1634400 522
1634410 521
1634420 521
1634430 522
1634440 524
1634450 524
1634460 526
1634470 529
1634480 529
1634490 533
1634500 537
1634510 537
1634520 542
1634530 547
1634540 552
1634550 557
1634560 562
1634570 562
1634580 568
1634590 575
1634600 575
1634610 581
1634620 588
1634630 588
1634640 592
1634650 588
1634660 588
1634670 584
1634680 579
1634690 579
1634700 576
1634710 573
1634720 573
1634730 570
1634740 566
1634750 566
1634760 562
1634770 559
1634780 559
1634790 555
1634800 550
1634810 542
1634820 542
1634830 545
1634840 552
1634850 552
1634860 557
1634870 560
1634880 560
1634890 562
1634900 563
1634910 563
1634920 563
1634930 566
1634940 566
1634950 570
1634960 575
1634970 575
1634980 580
1634990 584
1635000 584
1635010 588
1635020 591
1635030 591
1635040 595
1635050 599
1635060 599
1635070 603
1635080 608
1635090 608
1635100 613
1635110 618
1635120 618
1635130 622
1635140 627
1635150 627
1635160 629
1635170 627
1635180 627
1635190 624
1635200 620
1635210 620
1635220 618
1635230 616
1635240 616
1635250 613
1635260 611
1635270 611
1635280 610
1635290 609
1635300 609
1635310 607
1635320 605
1635330 603
1635340 603
1635350 600
1635360 598
1635370 598
1635380 596
1635390 593
1635400 590
1635410 587
1635420 583
1635430 583
1635440 579
1635450 574
1635460 574
1635470 576
1635480 580
1635490 580
1635500 580
1635510 579
1635520 579
1635530 580
1635540 579
1635550 579
1635560 580
1635570 581
1635580 581
1635590 582
1635600 581
1635610 581
1635620 583
1635630 585
1635640 585
1635650 587
1635660 593
1635670 593
1635680 599
1635690 606
1635700 606
1635710 614
1635720 620
1635730 620
1635740 626
1635750 629
1635760 629
1635770 629
1635780 631
1635790 631
1635800 636
1635810 641
1635820 646
1635830 646
1635840 650
1635850 653
1635860 653
1635870 656
1635880 658
1635890 658
1635900 660
1635910 662
1635920 662
1635930 663
1635940 664
1635950 664
1635960 664
1635970 663
1635980 663
1635990 665
1636000 666
1636010 666
1636020 668
1636030 671
1636040 671
1636050 676
1636060 683
1636070 683
1636080 688
1636090 696
1636100 696
1636110 703
1636120 709
1636130 709
1636140 714
1636150 717
1636160 717
1636170 721
1636180 723
1636190 723
1636200 726
1636210 730
1636220 730
1636230 733
1636240 735
1636250 729
1636260 730
1636270 730
1636280 730
1636290 728
1636300 730
1636310 730
1636320 733
1636330 738
1636340 742
1636350 742
1636360 747
1636370 750
1636380 750
1636390 754
1636400 758
1636410 758
1636420 762
1636430 766
1636440 766
1636450 770
1636460 774
1636470 774
1636480 779
1636490 783
1636500 783
1636510 786
1636520 790
1636530 790
1636540 794
1636550 798
1636560 798
1636570 802
1636580 807
1636590 807
1636600 811
1636610 816
1636620 816
1636630 820
1636640 825
1636650 825
1636660 829
1636670 834
1636680 834
1636690 839
1636700 842
1636710 842
1636720 847
1636730 852
1636740 852
1636750 858
1636760 863
1636770 863
1636780 868
1636790 873
1636800 873
1636810 878
1636820 883
1636830 888
1636840 888
1636850 895
1636860 899
1636870 899
1636880 905
1636890 911
1636900 911
1636910 915
1636920 920
1636930 920
1636940 924
1636950 928
1636960 928
1636970 933
1636980 937
1636990 937
1637000 941
1637010 945
1637020 945
1637030 949
1637040 954
1637050 954
1637060 959
1637070 964
1637080 964
1637090 966
1637100 971
1637110 971
1637120 976
1637130 981
1637140 981
1637150 986
1637160 991
1637170 991
1637180 996
1637190 1000
1637200 1000
1637210 1005
1637220 1009
1637230 1009
1637240 1013
1637250 1017
1637260 1017
1637270 1021
1637280 1025
1637290 1025
1637300 1029
1637310 1033
1637320 1038
1637330 1038
1637340 1042
1637350 1045
1637360 1045
1637370 1049
1637380 1055
1637390 1055
1637400 1061
1637410 1068
1637420 1068
1637430 1074
1637440 1081
1637450 1081
1637460 1087
1637470 1094
1637480 1094
1637490 1100
1637500 1107
1637510 1107
1637520 1113
1637530 1119
1637540 1119
1637550 1124
1637560 1130
1637570 1130
1637580 1135
1637590 1141
1637600 1141
1637610 1149
1637620 1161
1637630 1161
1637640 1169
1637650 1173
1637660 1173
1637670 1179
1637680 1185
1637690 1185
1637700 1190
1637710 1196
1637720 1196
1637730 1203
1637740 1212
1637750 1212
1637760 1226
1637770 1234
1637780 1234
1637790 1240
1637800 1245
1637810 1245
1637820 1253
1637830 1264
1637840 1273
1637850 1273
1637860 1283
1637870 1293
1637880 1293
1637890 1302
1637900 1311
1637910 1311
1637920 1319
1637930 1320
1637940 1320
1637950 1326
1637960 1332
1637970 1332
1637980 1336
1637990 1340
1638000 1340
1638010 1345
1638020 1353
1638030 1353
1638040 1359
1638050 1365
1638060 1365
1638070 1371
1638080 1374
1638090 1374
1638100 1377
1638110 1382
1638120 1382
1638130 1387
1638140 1391
1638150 1391
1638160 1397
1638170 1403
1638180 1403
1638190 1406
1638200 1407
1638210 1407
1638220 1406
1638230 1406
1638240 1406
1638250 1405
1638260 1404
1638270 1404
1638280 1404
1638290 1403
1638300 1403
1638310 1402
1638320 1402
1638330 1402
1638340 1402
1638350 1402
1638360 1402
1638370 1402
1638380 1401
1638390 1400
1638400 1400
1638410 1400
1638420 1400
1638430 1400
1638440 1398
1638450 1395
1638460 1395
1638470 1392
1638480 1387
1638490 1387
1638500 1381
1638510 1374
1638520 1374
1638530 1363
1638540 1356
1638550 1356
1638560 1351
1638570 1348
1638580 1348
1638590 1344
1638600 1342
1638610 1342
1638620 1339
1638630 1337
1638640 1337
1638650 1336
1638660 1335
1638670 1335
1638680 1333
1638690 1333
1638700 1333
1638710 1334
1638720 1333
1638730 1333
1638740 1329
1638750 1331
1638760 1325
1638770 1330
1638780 1335
1638790 1335
1638800 1340
1638810 1345
1638820 1345
1638830 1351
1638840 1356
1638850 1359
1638860 1359
1638870 1363
1638880 1365
1638890 1365
1638900 1366
1638910 1368
1638920 1368
1638930 1369
1638940 1370
1638950 1370
1638960 1372
1638970 1375
1638980 1375
1638990 1374
1639000 1369
1639010 1369
1639020 1363
1639030 1360
1639040 1360
1639050 1357
1639060 1355
1639070 1355
1639080 1355
1639090 1352
1639100 1352
1639110 1347
1639120 1342
1639130 1342
1639140 1344
1639150 1347
1639160 1347
1639170 1348
1639180 1351
1639190 1351
1639200 1358
1639210 1365
1639220 1365
1639230 1370
1639240 1377
1639250 1377
1639260 1383
1639270 1384
1639280 1384
1639290 1382
1639300 1382
1639310 1382
1639320 1386
1639330 1389
1639340 1393
1639350 1393
1639360 1394
1639370 1394
1639380 1394
1639390 1394
1639400 1395
1639410 1395
1639420 1395
1639430 1394
1639440 1394
1639450 1397
1639460 1402
1639470 1402
1639480 1407
1639490 1411
1639500 1411
1639510 1414
1639520 1414
1639530 1414
1639540 1410
1639550 1406
1639560 1406
1639570 1402
1639580 1401
1639590 1392
1639600 1392
1639610 1391
1639620 1391
1639630 1390
1639640 1388
1639650 1388
1639660 1386
1639670 1384
1639680 1384
1639690 1384
1639700 1386
1639710 1386
1639720 1386
1639730 1385
1639740 1385
1639750 1385
1639760 1389
1639770 1389
1639780 1392
1639790 1392
1639800 1392
1639810 1395
1639820 1402
1639830 1402
1639840 1413
1639850 1420
1639860 1427
1639870 1427
1639880 1437
1639890 1444
1639900 1444
1639910 1443
1639920 1442
1639930 1442
1639940 1444
1639950 1448
1639960 1448
1639970 1452
1639980 1455
1639990 1455
