1620000 1040
1620010 1040
1620020 1045
1620030 1051
1620040 1051
1620050 1057
1620060 1063
1620070 1063
1620080 1070
1620090 1078
1620100 1078
1620110 1086
1620120 1094
1620130 1102
1620140 1102
1620150 1110
1620160 1116
1620170 1116
1620180 1122
1620190 1128
1620200 1128
1620210 1132
1620220 1132
1620230 1132
1620240 1132
1620250 1133
1620260 1133
1620270 1134
1620280 1135
1620290 1135
1620300 1138
1620310 1143
1620320 1143
1620330 1149
1620340 1157
1620350 1157
1620360 1167
1620370 1175
1620380 1175
1620390 1183
1620400 1190
1620410 1190
1620420 1196
1620430 1201
1620440 1201
1620450 1206
1620460 1211
1620470 1211
1620480 1217
1620490 1222
1620500 1222
1620510 1228
1620520 1235
1620530 1235
1620540 1242
1620550 1248
1620560 1248
1620570 1256
1620580 1263
1620590 1263
1620600 1268
1620610 1266
1620620 1266
1620630 1262
1620640 1256
1620650 1251
1620660 1251
1620670 1245
1620680 1240
1620690 1240
1620700 1234
1620710 1227
1620720 1227
1620730 1220
1620740 1212
1620750 1212
1620760 1199
1620770 1193
1620780 1193
1620790 1188
1620800 1185
1620810 1185
1620820 1181
1620830 1178
1620840 1178
1620850 1175
1620860 1171
1620870 1171
1620880 1165
1620890 1163
1620900 1163
1620910 1164
1620920 1168
1620930 1168
1620940 1171
1620950 1174
1620960 1174
1620970 1179
1620980 1183
1620990 1183
1621000 1187
1621010 1192
1621020 1192
1621030 1196
1621040 1199
1621050 1199
1621060 1202
1621070 1204
1621080 1204
1621090 1209
1621100 1212
1621110 1212
1621120 1214
1621130 1215
1621140 1218
1621150 1218
1621160 1222
1621170 1227
1621180 1227
1621190 1235
1621200 1242
1621210 1242
1621220 1248
1621230 1255
1621240 1255
1621250 1261
1621260 1267
1621270 1267
1621280 1274
1621290 1279
1621300 1279
1621310 1284
1621320 1292
1621330 1292
1621340 1299
1621350 1306
1621360 1306
1621370 1312
1621380 1319
1621390 1319
1621400 1326
1621410 1333
1621420 1333
1621430 1340
1621440 1347
1621450 1347
1621460 1354
1621470 1360
1621480 1360
1621490 1367
1621500 1373
1621510 1373
1621520 1379
1621530 1387
1621540 1387
1621550 1397
1621560 1407
1621570 1407
1621580 1410
1621590 1414
1621600 1414
1621610 1419
1621620 1422
1621630 1422
1621640 1424
1621650 1423
1621660 1419
1621670 1419
1621680 1414
1621690 1409
1621700 1407
1621710 1401
1621720 1396
1621730 1396
1621740 1390
1621750 1384
1621760 1384
1621770 1378
1621780 1372
1621790 1372
1621800 1366
1621810 1360
1621820 1360
1621830 1354
1621840 1348
1621850 1348
1621860 1342
1621870 1337
1621880 1337
1621890 1331
1621900 1326
1621910 1326
1621920 1321
1621930 1316
1621940 1316
1621950 1310
1621960 1305
1621970 1305
1621980 1300
1621990 1294
1622000 1294
1622010 1289
1622020 1285
1622030 1285
1622040 1281
1622050 1277
1622060 1277
1622070 1273
1622080 1269
1622090 1269
1622100 1265
1622110 1263
1622120 1263
1622130 1260
1622140 1258
1622150 1258
1622160 1255
1622170 1253
1622180 1250
1622190 1250
1622200 1247
1622210 1244
1622220 1244
1622230 1241
1622240 1239
1622250 1239
1622260 1236
1622270 1233
1622280 1233
1622290 1231
1622300 1227
1622310 1227
1622320 1223
1622330 1218
1622340 1218
1622350 1212
1622360 1206
1622370 1206
1622380 1199
1622390 1193
1622400 1193
1622410 1186
1622420 1179
1622430 1179
1622440 1173
1622450 1167
1622460 1167
1622470 1160
1622480 1153
1622490 1153
1622500 1147
1622510 1140
1622520 1140
1622530 1134
1622540 1128
1622550 1128
1622560 1122
1622570 1116
1622580 1116
1622590 1110
1622600 1104
1622610 1104
1622620 1098
1622630 1092
1622640 1092
1622650 1086
1622660 1081
1622670 1074
1622680 1074
1622690 1068
1622700 1062
1622710 1062
1622720 1057
1622730 1052
1622740 1052
1622750 1048
1622760 1045
1622770 1045
1622780 1041
1622790 1036
1622800 1036
1622810 1033
1622820 1032
1622830 1032
1622840 1031
1622850 1031
1622860 1031
1622870 1033
1622880 1033
1622890 1033
1622900 1033
1622910 1033
1622920 1033
1622930 1033
1622940 1031
1622950 1031
1622960 1030
1622970 1030
1622980 1030
1622990 1028
1623000 1026
1623010 1026
1623020 1026
1623030 1027
1623040 1027
1623050 1027
1623060 1027
1623070 1027
1623080 1027
1623090 1028
1623100 1028
1623110 1030
1623120 1032
1623130 1032
1623140 1033
1623150 1036
1623160 1036
1623170 1039
1623180 1041
1623190 1043
1623200 1043
1623210 1045
1623220 1047
1623230 1047
1623240 1050
1623250 1054
1623260 1054
1623270 1057
1623280 1060
1623290 1060
1623300 1054
1623310 1041
1623320 1041
1623330 1032
1623340 1026
1623350 1026
1623360 1022
1623370 1018
1623380 1018
1623390 1014
1623400 1009
1623410 1009
1623420 1004
1623430 999
1623440 999
1623450 995
1623460 990
1623470 990
1623480 987
1623490 985
1623500 985
1623510 982
1623520 981
1623530 981
1623540 980
1623550 980
1623560 980
1623570 985
1623580 990
1623590 990
1623600 993
1623610 995
1623620 995
1623630 997
1623640 998
1623650 998
1623660 999
1623670 1000
1623680 1000
1623690 1002
1623700 1004
1623710 1007
1623720 1007
1623730 1009
1623740 1010
1623750 1010
1623760 1011
1623770 1012
1623780 1012
1623790 1014
1623800 1015
1623810 1015
1623820 1017
1623830 1019
1623840 1019
1623850 1020
1623860 1021
1623870 1021
1623880 1023
1623890 1025
1623900 1025
1623910 1027
1623920 1029
1623930 1029
1623940 1032
1623950 1035
1623960 1035
1623970 1038
1623980 1041
1623990 1041
1624000 1045
1624010 1050
1624020 1050
1624030 1054
1624040 1059
1624050 1059
1624060 1063
1624070 1067
1624080 1067
1624090 1071
1624100 1074
1624110 1074
1624120 1077
1624130 1080
1624140 1080
1624150 1083
1624160 1088
1624170 1088
1624180 1092
1624190 1096
1624200 1101
1624210 1101
1624220 1106
1624230 1110
1624240 1110
1624250 1114
1624260 1119
1624270 1119
1624280 1123
1624290 1127
1624300 1127
1624310 1131
1624320 1134
1624330 1134
1624340 1138
1624350 1141
1624360 1141
1624370 1144
1624380 1146
1624390 1146
1624400 1148
1624410 1149
1624420 1149
1624430 1151
1624440 1151
1624450 1151
1624460 1152
1624470 1152
1624480 1150
1624490 1150
1624500 1151
1624510 1151
1624520 1152
1624530 1153
1624540 1153
1624550 1154
1624560 1154
1624570 1154
1624580 1155
1624590 1154
1624600 1154
1624610 1152
1624620 1149
1624630 1149
1624640 1146
1624650 1142
1624660 1142
1624670 1137
1624680 1132
1624690 1132
1624700 1126
1624710 1121
1624720 1117
1624730 1117
1624740 1113
1624750 1108
1624760 1108
1624770 1104
1624780 1101
1624790 1101
1624800 1098
1624810 1096
1624820 1096
1624830 1092
1624840 1087
1624850 1087
1624860 1084
1624870 1083
1624880 1083
1624890 1084
1624900 1085
1624910 1085
1624920 1086
1624930 1089
1624940 1089
1624950 1090
1624960 1089
1624970 1089
1624980 1087
1624990 1084
1625000 1084
1625010 1082
1625020 1080
1625030 1080
1625040 1077
1625050 1075
1625060 1075
1625070 1072
1625080 1070
1625090 1070
1625100 1067
1625110 1066
1625120 1066
1625130 1066
1625140 1065
1625150 1065
1625160 1062
1625170 1058
1625180 1058
1625190 1053
1625200 1046
1625210 1046
1625220 1040
1625230 1035
1625240 1028
1625250 1028
1625260 1020
1625270 1012
1625280 1012
1625290 1004
1625300 996
1625310 996
1625320 988
1625330 980
1625340 980
1625350 974
1625360 969
1625370 969
1625380 963
1625390 959
1625400 956
1625410 952
1625420 947
1625430 947
1625440 943
1625450 939
1625460 939
1625470 935
1625480 931
1625490 931
1625500 926
1625510 920
1625520 920
1625530 913
1625540 906
1625550 906
1625560 901
1625570 897
1625580 897
1625590 892
1625600 889
1625610 889
1625620 885
1625630 882
1625640 882
1625650 879
1625660 876
1625670 876
1625680 873
1625690 870
1625700 870
1625710 867
1625720 863
1625730 863
1625740 861
1625750 858
1625760 855
1625770 855
1625780 852
1625790 848
1625800 848
1625810 845
1625820 841
1625830 841
1625840 839
1625850 836
1625860 836
1625870 835
1625880 835
1625890 835
1625900 835
1625910 835
1625920 835
1625930 835
1625940 836
1625950 836
1625960 837
1625970 837
1625980 837
1625990 833
1626000 825
1626010 825
1626020 820
1626030 814
1626040 814
1626050 805
1626060 800
1626070 800
1626080 797
1626090 795
1626100 795
1626110 795
1626120 792
1626130 792
1626140 787
1626150 781
1626160 781
1626170 774
1626180 766
1626190 766
1626200 756
1626210 748
1626220 748
1626230 738
1626240 727
1626250 715
1626260 715
1626270 703
1626280 692
1626290 692
1626300 682
1626310 675
1626320 675
1626330 669
1626340 665
1626350 665
1626360 663
1626370 663
1626380 663
1626390 662
1626400 659
1626410 659
1626420 654
1626430 647
1626440 647
1626450 640
1626460 635
1626470 635
1626480 631
1626490 626
1626500 626
1626510 621
1626520 614
1626530 614
1626540 607
1626550 601
1626560 601
1626570 597
1626580 595
1626590 595
1626600 599
1626610 608
1626620 608
1626630 619
1626640 624
1626650 624
1626660 622
1626670 619
1626680 619
1626690 616
1626700 612
1626710 612
1626720 610
1626730 609
1626740 609
1626750 607
1626760 606
1626770 605
1626780 605
1626790 603
1626800 602
1626810 602
1626820 601
1626830 598
1626840 598
1626850 592
1626860 586
1626870 586
1626880 580
1626890 575
1626900 575
1626910 571
1626920 570
1626930 570
1626940 570
1626950 566
1626960 566
1626970 561
1626980 559
1626990 559
1627000 558
1627010 556
1627020 556
1627030 550
1627040 538
1627050 538
1627060 533
1627070 533
1627080 533
1627090 533
1627100 535
1627110 535
1627120 537
1627130 536
1627140 536
1627150 537
1627160 538
1627170 538
1627180 539
1627190 540
1627200 540
1627210 545
1627220 545
1627230 545
1627240 546
1627250 547
1627260 547
1627270 545
1627280 543
1627290 538
1627300 538
1627310 532
1627320 526
1627330 526
1627340 518
1627350 512
1627360 512
1627370 508
1627380 507
1627390 507
1627400 509
1627410 511
1627420 511
1627430 515
1627440 516
1627450 516
1627460 512
1627470 505
1627480 505
1627490 499
1627500 498
1627510 498
1627520 503
1627530 514
1627540 514
1627550 527
1627560 538
1627570 538
1627580 540
1627590 532
1627600 532
1627610 529
1627620 534
1627630 534
1627640 542
1627650 549
1627660 549
1627670 557
1627680 564
1627690 564
1627700 572
1627710 579
1627720 579
1627730 586
1627740 593
1627750 593
1627760 600
1627770 606
1627780 612
1627790 612
1627800 617
1627810 622
1627820 622
1627830 628
1627840 633
1627850 633
1627860 639
1627870 644
1627880 644
1627890 648
1627900 649
1627910 649
1627920 647
1627930 647
1627940 647
1627950 647
1627960 646
1627970 646
1627980 646
1627990 646
1628000 646
1628010 645
1628020 646
1628030 646
1628040 644
1628050 642
1628060 642
1628070 643
1628080 641
1628090 641
1628100 634
1628110 626
1628120 626
1628130 618
1628140 615
1628150 615
1628160 619
1628170 626
1628180 626
1628190 633
1628200 639
1628210 639
1628220 644
1628230 645
1628240 645
1628250 645
1628260 649
1628270 649
1628280 654
1628290 660
1628300 667
1628310 667
1628320 677
1628330 687
1628340 687
1628350 694
1628360 700
1628370 700
1628380 707
1628390 713
1628400 713
1628410 720
1628420 726
1628430 726
1628440 732
1628450 739
1628460 739
1628470 745
1628480 749
1628490 749
1628500 754
1628510 760
1628520 760
1628530 766
1628540 771
1628550 771
1628560 776
1628570 779
1628580 779
1628590 782
1628600 785
1628610 785
1628620 787
1628630 787
1628640 787
1628650 785
1628660 782
1628670 782
1628680 780
1628690 778
1628700 778
1628710 777
1628720 776
1628730 776
1628740 775
1628750 774
1628760 774
1628770 772
1628780 771
1628790 771
1628800 769
1628810 768
1628820 768
1628830 768
1628840 767
1628850 767
1628860 767
1628870 765
1628880 763
1628890 763
1628900 761
1628910 759
1628920 759
1628930 758
1628940 757
1628950 757
1628960 756
1628970 755
1628980 755
1628990 756
1629000 756
1629010 756
1629020 756
1629030 751
1629040 751
1629050 742
1629060 734
1629070 734
1629080 726
1629090 718
1629100 718
1629110 710
1629120 702
1629130 702
1629140 696
1629150 690
1629160 690
1629170 684
1629180 678
1629190 678
1629200 671
1629210 664
1629220 664
1629230 658
1629240 651
1629250 651
1629260 645
1629270 638
1629280 638
1629290 632
1629300 626
1629310 626
1629320 621
1629330 615
1629340 610
1629350 610
1629360 605
1629370 600
1629380 600
1629390 595
1629400 590
1629410 590
1629420 584
1629430 578
1629440 578
1629450 571
1629460 565
1629470 565
1629480 559
1629490 552
1629500 552
1629510 546
1629520 539
1629530 539
1629540 533
1629550 527
1629560 527
1629570 520
1629580 515
1629590 515
1629600 510
1629610 505
1629620 505
1629630 498
1629640 490
1629650 490
1629660 486
1629670 484
1629680 484
1629690 479
1629700 475
1629710 475
1629720 472
1629730 471
1629740 471
1629750 471
1629760 471
1629770 471
1629780 471
1629790 471
1629800 471
1629810 472
1629820 473
1629830 476
1629840 476
1629850 480
1629860 484
1629870 484
1629880 484
1629890 464
1629900 464
1629910 448
1629920 433
1629930 433
1629940 416
1629950 406
1629960 406
1629970 405
1629980 402
1629990 402
1630000 400
1630010 400
1630020 400
1630030 400
1630040 400
1630050 400
1630060 400
1630070 400
1630080 400
1630090 400
1630100 399
1630110 399
1630120 399
1630130 400
1630140 400
1630150 406
1630160 413
1630170 413
1630180 416
1630190 421
1630200 421
1630210 427
1630220 433
1630230 433
1630240 437
1630250 438
1630260 438
1630270 439
1630280 439
1630290 439
1630300 440
1630310 443
1630320 443
1630330 446
1630340 447
1630350 448
1630360 448
1630370 448
1630380 448
1630390 448
1630400 448
1630410 448
1630420 448
1630430 452
1630440 460
1630450 460
1630460 471
1630470 481
1630480 481
1630490 488
1630500 495
1630510 495
1630520 500
1630530 503
1630540 503
1630550 505
1630560 508
1630570 508
1630580 512
1630590 515
1630600 515
1630610 519
1630620 524
1630630 524
1630640 529
1630650 534
1630660 534
1630670 540
1630680 545
1630690 545
1630700 551
1630710 558
1630720 558
1630730 564
1630740 570
1630750 570
1630760 576
1630770 580
1630780 580
1630790 587
1630800 595
1630810 595
1630820 604
1630830 612
1630840 612
1630850 620
1630860 627
1630870 635
1630880 635
1630890 643
1630900 650
1630910 650
1630920 658
1630930 664
1630940 664
1630950 669
1630960 674
1630970 674
1630980 681
1630990 690
1631000 690
1631010 700
1631020 709
1631030 709
1631040 716
1631050 723
1631060 723
1631070 728
1631080 733
1631090 733
1631100 739
1631110 742
1631120 742
1631130 739
1631140 735
1631150 735
1631160 731
1631170 727
1631180 727
1631190 723
1631200 719
1631210 719
1631220 715
1631230 711
1631240 711
1631250 706
1631260 702
1631270 702
1631280 698
1631290 694
1631300 694
1631310 691
1631320 689
1631330 689
1631340 687
1631350 686
1631360 686
1631370 684
1631380 682
1631390 679
1631400 679
1631410 677
1631420 676
1631430 676
1631440 676
1631450 676
1631460 676
1631470 677
1631480 678
1631490 678
1631500 680
1631510 683
1631520 683
1631530 685
1631540 688
1631550 688
1631560 692
1631570 694
1631580 694
1631590 696
1631600 700
1631610 700
1631620 704
1631630 710
1631640 710
1631650 712
1631660 716
1631670 716
1631680 720
1631690 726
1631700 726
1631710 731
1631720 736
1631730 736
1631740 742
1631750 747
1631760 747
1631770 753
1631780 759
1631790 759
1631800 764
1631810 770
1631820 770
1631830 776
1631840 782
1631850 782
1631860 788
1631870 794
1631880 800
1631890 800
1631900 806
1631910 811
1631920 811
1631930 817
1631940 823
1631950 823
1631960 828
1631970 834
1631980 834
1631990 839
1632000 844
1632010 844
1632020 850
1632030 855
1632040 855
1632050 861
1632060 866
1632070 866
1632080 871
1632090 876
1632100 876
1632110 881
1632120 887
1632130 887
1632140 892
1632150 897
1632160 897
1632170 903
1632180 909
1632190 909
1632200 914
1632210 919
1632220 919
1632230 923
1632240 926
1632250 926
1632260 929
1632270 932
1632280 932
1632290 935
1632300 937
1632310 937
1632320 941
1632330 945
1632340 945
1632350 948
1632360 951
1632370 951
1632380 955
1632390 959
1632400 963
1632410 963
1632420 967
1632430 971
1632440 971
1632450 974
1632460 975
1632470 975
1632480 975
1632490 975
1632500 975
1632510 975
1632520 971
1632530 971
1632540 973
1632550 976
1632560 976
1632570 980
1632580 984
1632590 984
1632600 988
1632610 992
1632620 992
1632630 996
1632640 1000
1632650 1000
1632660 1004
1632670 1007
1632680 1007
1632690 1009
1632700 1012
1632710 1012
1632720 1015
1632730 1019
1632740 1019
1632750 1023
1632760 1028
1632770 1028
1632780 1033
1632790 1039
1632800 1039
1632810 1044
1632820 1050
1632830 1050
1632840 1055
1632850 1061
1632860 1061
1632870 1067
1632880 1074
1632890 1074
1632900 1080
1632910 1088
1632920 1098
1632930 1098
1632940 1104
1632950 1107
1632960 1107
1632970 1110
1632980 1113
1632990 1113
1633000 1117
1633010 1120
1633020 1120
1633030 1124
1633040 1127
1633050 1127
1633060 1130
1633070 1134
1633080 1134
1633090 1138
1633100 1142
1633110 1142
1633120 1146
1633130 1143
1633140 1143
1633150 1135
1633160 1127
1633170 1127
1633180 1119
1633190 1111
1633200 1111
1633210 1102
1633220 1094
1633230 1094
1633240 1085
1633250 1077
1633260 1077
1633270 1069
1633280 1061
1633290 1061
1633300 1053
1633310 1046
1633320 1046
1633330 1039
1633340 1033
1633350 1033
1633360 1030
1633370 1027
1633380 1035
1633390 1033
1633400 1029
1633410 1022
1633420 1022
1633430 1015
1633440 1008
1633450 1008
1633460 1000
1633470 992
1633480 992
1633490 984
1633500 976
1633510 976
1633520 967
1633530 960
1633540 960
1633550 953
1633560 947
1633570 947
1633580 941
1633590 936
1633600 936
1633610 933
1633620 933
1633630 933
1633640 932
1633650 932
1633660 932
1633670 931
1633680 931
1633690 931
1633700 930
1633710 926
1633720 926
1633730 921
1633740 915
1633750 915
1633760 908
1633770 902
1633780 902
1633790 895
1633800 888
1633810 888
1633820 880
1633830 872
1633840 872
1633850 863
1633860 854
1633870 854
1633880 846
1633890 837
1633900 837
1633910 828
1633920 820
1633930 811
1633940 811
1633950 802
1633960 793
1633970 793
1633980 783
1633990 774
1634000 774
1634010 766
1634020 758
1634030 758
1634040 749
1634050 741
1634060 741
1634070 734
1634080 736
1634090 736
1634100 741
1634110 746
1634120 746
1634130 749
1634140 754
1634150 754
1634160 758
1634170 762
1634180 762
1634190 765
1634200 769
1634210 769
1634220 771
1634230 770
1634240 773
1634250 768
1634260 762
1634270 762
1634280 756
1634290 749
1634300 749
1634310 743
1634320 737
1634330 737
1634340 732
1634350 730
1634360 730
1634370 729
1634380 726
1634390 726
1634400 723
1634410 718
1634420 718
1634430 713
1634440 706
1634450 700
1634460 700
1634470 694
1634480 688
1634490 688
1634500 682
1634510 677
1634520 677
1634530 671
1634540 664
1634550 664
1634560 655
1634570 648
1634580 648
1634590 643
1634600 635
1634610 635
1634620 628
1634630 621
1634640 621
1634650 617
1634660 613
1634670 613
1634680 609
1634690 605
1634700 605
1634710 602
1634720 596
1634730 596
1634740 589
1634750 580
1634760 580
1634770 571
1634780 561
1634790 561
1634800 554
1634810 548
1634820 548
1634830 544
1634840 540
1634850 540
1634860 536
1634870 533
1634880 533
1634890 532
1634900 527
1634910 527
1634920 520
1634930 514
1634940 514
1634950 511
1634960 506
1634970 505
1634980 505
1634990 504
1635000 505
1635010 505
1635020 507
1635030 513
1635040 513
1635050 522
1635060 528
1635070 528
1635080 529
1635090 538
1635100 539
1635110 550
1635120 561
1635130 561
1635140 570
1635150 577
1635160 577
1635170 584
1635180 590
1635190 590
1635200 597
1635210 603
1635220 603
1635230 609
1635240 613
1635250 613
1635260 618
1635270 625
1635280 625
1635290 630
1635300 631
1635310 631
1635320 632
1635330 627
1635340 627
1635350 623
1635360 625
1635370 625
1635380 631
1635390 635
1635400 635
1635410 639
1635420 643
1635430 643
1635440 646
1635450 649
1635460 653
1635470 653
1635480 657
1635490 663
1635500 663
1635510 669
1635520 675
1635530 675
1635540 680
1635550 685
1635560 685
1635570 689
1635580 692
1635590 692
1635600 693
1635610 692
1635620 692
1635630 690
1635640 687
1635650 687
1635660 686
1635670 684
1635680 684
1635690 682
1635700 681
1635710 681
1635720 680
1635730 681
1635740 681
1635750 684
1635760 687
1635770 687
1635780 691
1635790 694
1635800 694
1635810 696
1635820 698
1635830 698
1635840 701
1635850 703
1635860 703
1635870 706
1635880 709
1635890 709
1635900 711
1635910 713
1635920 713
1635930 713
1635940 711
1635950 708
1635960 706
1635970 704
1635980 701
1635990 701
1636000 698
1636010 696
1636020 696
1636030 699
1636040 702
1636050 702
1636060 704
1636070 704
1636080 704
1636090 702
1636100 705
1636110 705
1636120 710
1636130 714
1636140 714
1636150 716
1636160 719
1636170 719
1636180 722
1636190 726
1636200 726
1636210 731
1636220 735
1636230 735
1636240 738
1636250 741
1636260 741
1636270 745
1636280 751
1636290 751
1636300 756
1636310 760
1636320 760
1636330 764
1636340 768
1636350 768
1636360 771
1636370 773
1636380 773
1636390 773
1636400 771
1636410 771
1636420 768
1636430 764
1636440 764
1636450 761
1636460 759
1636470 759
1636480 758
1636490 755
1636500 753
1636510 753
1636520 751
1636530 749
1636540 749
1636550 748
1636560 747
1636570 747
1636580 747
1636590 746
1636600 746
1636610 747
1636620 747
1636630 747
1636640 747
1636650 747
1636660 747
1636670 746
1636680 744
1636690 744
1636700 743
1636710 743
1636720 743
1636730 743
1636740 743
1636750 743
1636760 742
1636770 740
1636780 740
1636790 735
1636800 733
1636810 733
1636820 731
1636830 727
1636840 727
1636850 722
1636860 723
1636870 723
1636880 726
1636890 727
1636900 727
1636910 727
1636920 728
1636930 728
1636940 725
1636950 721
1636960 721
1636970 713
1636980 705
1636990 705
1637000 697
1637010 690
1637020 688
1637030 688
1637040 694
1637050 697
1637060 697
1637070 693
1637080 690
1637090 690
1637100 688
1637110 692
1637120 692
1637130 695
1637140 701
1637150 701
1637160 706
1637170 709
1637180 709
1637190 713
1637200 716
1637210 716
1637220 720
1637230 724
1637240 724
1637250 723
1637260 722
1637270 722
1637280 724
1637290 726
1637300 726
1637310 725
1637320 724
1637330 724
1637340 724
1637350 725
1637360 725
1637370 730
1637380 736
1637390 736
1637400 742
1637410 742
1637420 742
1637430 742
1637440 742
1637450 742
1637460 742
1637470 746
1637480 746
1637490 752
1637500 757
1637510 762
1637520 762
1637530 767
1637540 772
1637550 772
1637560 776
1637570 780
1637580 780
1637590 785
1637600 790
1637610 790
1637620 795
1637630 800
1637640 797
1637650 801
1637660 806
1637670 806
1637680 809
1637690 812
1637700 812
1637710 813
1637720 813
1637730 813
1637740 812
1637750 812
1637760 812
1637770 813
1637780 814
1637790 814
1637800 815
1637810 816
1637820 816
1637830 817
1637840 819
1637850 819
1637860 821
1637870 822
1637880 822
1637890 823
1637900 823
1637910 823
1637920 823
1637930 823
1637940 823
1637950 823
1637960 823
1637970 823
1637980 822
1637990 820
1638000 820
1638010 815
1638020 810
1638030 811
1638040 811
1638050 812
1638060 812
1638070 812
1638080 812
1638090 812
1638100 812
1638110 810
1638120 809
1638130 809
1638140 808
1638150 806
1638160 806
1638170 805
1638180 805
1638190 805
1638200 805
1638210 804
1638220 804
1638230 801
1638240 799
1638250 799
1638260 796
1638270 790
1638280 790
1638290 786
1638300 784
1638310 784
1638320 785
1638330 786
1638340 786
1638350 786
1638360 785
1638370 785
1638380 787
1638390 790
1638400 790
1638410 793
1638420 798
1638430 798
1638440 803
1638450 808
1638460 808
1638470 809
1638480 812
1638490 812
1638500 814
1638510 817
1638520 817
1638530 821
1638540 826
1638550 831
1638560 831
1638570 834
1638580 837
1638590 837
1638600 840
1638610 842
1638620 842
1638630 845
1638640 848
1638650 848
1638660 852
1638670 856
1638680 856
1638690 860
1638700 864
1638710 864
1638720 869
1638730 872
1638740 872
1638750 876
1638760 880
1638770 880
1638780 884
1638790 888
1638800 888
1638810 892
1638820 896
1638830 896
1638840 900
1638850 904
1638860 904
1638870 908
1638880 913
1638890 913
1638900 917
1638910 921
1638920 921
1638930 925
1638940 929
1638950 929
1638960 933
1638970 937
1638980 937
1638990 941
1639000 945
1639010 945
1639020 950
1639030 954
1639040 954
1639050 959
1639060 965
1639070 971
1639080 971
1639090 975
1639100 981
1639110 981
1639120 986
1639130 992
1639140 992
1639150 997
1639160 1003
1639170 1003
1639180 1008
1639190 1014
1639200 1014
1639210 1019
1639220 1025
1639230 1025
1639240 1031
1639250 1036
1639260 1036
1639270 1042
1639280 1048
1639290 1048
1639300 1051
1639310 1057
1639320 1057
1639330 1063
1639340 1068
1639350 1068
1639360 1072
1639370 1078
1639380 1078
1639390 1084
1639400 1091
1639410 1091
1639420 1097
1639430 1104
1639440 1104
1639450 1110
1639460 1117
1639470 1117
1639480 1123
1639490 1130
1639500 1130
1639510 1137
1639520 1145
1639530 1145
1639540 1153
1639550 1161
1639560 1161
1639570 1168
1639580 1177
1639590 1188
1639600 1188
1639610 1196
1639620 1206
1639630 1206
1639640 1215
1639650 1221
1639660 1221
1639670 1225
1639680 1231
1639690 1231
1639700 1238
1639710 1247
1639720 1247
1639730 1255
1639740 1261
1639750 1261
1639760 1268
1639770 1277
1639780 1277
1639790 1286
1639800 1294
1639810 1294
1639820 1305
1639830 1315
1639840 1315
1639850 1321
1639860 1323
1639870 1323
1639880 1324
1639890 1326
1639900 1326
1639910 1329
1639920 1332
1639930 1332
1639940 1336
1639950 1342
1639960 1342
1639970 1347
1639980 1353
1639990 1353
