1620000 1037
1620010 1042
1620020 1042
1620030 1047
1620040 1052
1620050 1052
1620060 1057
1620070 1062
1620080 1062
1620090 1067
1620100 1071
1620110 1071
1620120 1076
1620130 1081
1620140 1081
1620150 1086
1620160 1090
1620170 1090
1620180 1096
1620190 1102
1620200 1102
1620210 1108
1620220 1115
1620230 1123
1620240 1125
1620250 1132
1620260 1141
1620270 1141
1620280 1148
1620290 1154
1620300 1154
1620310 1160
1620320 1165
1620330 1165
1620340 1172
1620350 1179
1620360 1179
1620370 1187
1620380 1195
1620390 1195
1620400 1198
1620410 1206
1620420 1206
1620430 1217
1620440 1222
1620450 1222
1620460 1224
1620470 1227
1620480 1227
1620490 1231
1620500 1237
1620510 1237
1620520 1241
1620530 1246
1620540 1246
1620550 1251
1620560 1257
1620570 1257
1620580 1262
1620590 1264
1620600 1264
1620610 1265
1620620 1265
1620630 1265
1620640 1266
1620650 1266
1620660 1266
1620670 1268
1620680 1271
1620690 1271
1620700 1275
1620710 1281
1620720 1286
1620730 1286
1620740 1289
1620750 1293
1620760 1293
1620770 1295
1620780 1287
1620790 1287
1620800 1277
1620810 1269
1620820 1269
1620830 1263
1620840 1259
1620850 1259
1620860 1255
1620870 1253
1620880 1253
1620890 1250
1620900 1249
1620910 1249
1620920 1251
1620930 1256
1620940 1256
1620950 1261
1620960 1266
1620970 1266
1620980 1270
1620990 1275
1621000 1275
1621010 1279
1621020 1284
1621030 1284
1621040 1288
1621050 1293
1621060 1293
1621070 1297
1621080 1302
1621090 1302
1621100 1306
1621110 1309
1621120 1309
1621130 1314
1621140 1317
1621150 1317
1621160 1321
1621170 1324
1621180 1320
1621190 1322
1621200 1322
1621210 1322
1621220 1323
1621230 1321
1621240 1318
1621250 1318
1621260 1319
1621270 1324
1621280 1324
1621290 1330
1621300 1336
1621310 1336
1621320 1342
1621330 1347
1621340 1347
1621350 1351
1621360 1355
1621370 1355
1621380 1359
1621390 1364
1621400 1364
1621410 1369
1621420 1372
1621430 1372
1621440 1377
1621450 1383
1621460 1383
1621470 1388
1621480 1393
1621490 1393
1621500 1399
1621510 1404
1621520 1404
1621530 1410
1621540 1415
1621550 1415
1621560 1422
1621570 1428
1621580 1428
1621590 1434
1621600 1439
1621610 1439
1621620 1444
1621630 1447
1621640 1447
1621650 1442
1621660 1432
1621670 1432
1621680 1423
1621690 1415
1621700 1415
1621710 1408
1621720 1401
1621730 1393
1621740 1393
1621750 1384
1621760 1373
1621770 1373
1621780 1363
1621790 1354
1621800 1354
1621810 1345
1621820 1338
1621830 1338
1621840 1331
1621850 1327
1621860 1327
1621870 1324
1621880 1321
1621890 1321
1621900 1314
1621910 1305
1621920 1305
1621930 1297
1621940 1290
1621950 1290
1621960 1284
1621970 1276
1621980 1276
1621990 1270
1622000 1265
1622010 1265
1622020 1261
1622030 1258
1622040 1258
1622050 1256
1622060 1251
1622070 1251
1622080 1247
1622090 1243
1622100 1243
1622110 1240
1622120 1243
1622130 1243
1622140 1242
1622150 1241
1622160 1241
1622170 1237
1622180 1229
1622190 1229
1622200 1221
1622210 1214
1622220 1214
1622230 1209
1622240 1205
1622250 1200
1622260 1200
1622270 1194
1622280 1188
1622290 1188
1622300 1182
1622310 1174
1622320 1174
1622330 1166
1622340 1160
1622350 1160
1622360 1155
1622370 1149
1622380 1149
1622390 1143
1622400 1137
1622410 1137
1622420 1131
1622430 1126
1622440 1126
1622450 1121
1622460 1116
1622470 1116
1622480 1111
1622490 1106
1622500 1106
1622510 1101
1622520 1097
1622530 1097
1622540 1093
1622550 1088
1622560 1088
1622570 1084
1622580 1081
1622590 1081
1622600 1077
1622610 1073
1622620 1073
1622630 1070
1622640 1066
1622650 1066
1622660 1063
1622670 1061
1622680 1061
1622690 1060
1622700 1058
1622710 1058
1622720 1056
1622730 1050
1622740 1050
1622750 1047
1622760 1050
1622770 1054
1622780 1054
1622790 1057
1622800 1058
1622810 1058
1622820 1057
1622830 1055
1622840 1055
1622850 1054
1622860 1052
1622870 1052
1622880 1050
1622890 1049
1622900 1049
1622910 1049
1622920 1049
1622930 1049
1622940 1050
1622950 1052
1622960 1052
1622970 1056
1622980 1060
1622990 1060
1623000 1065
1623010 1068
1623020 1068
1623030 1070
1623040 1072
1623050 1069
1623060 1070
1623070 1072
1623080 1072
1623090 1074
1623100 1077
1623110 1077
1623120 1078
1623130 1079
1623140 1079
1623150 1080
1623160 1081
1623170 1081
1623180 1083
1623190 1082
1623200 1082
1623210 1082
1623220 1083
1623230 1083
1623240 1083
1623250 1084
1623260 1079
1623270 1079
1623280 1069
1623290 1063
1623300 1063
1623310 1058
1623320 1053
1623330 1053
1623340 1049
1623350 1044
1623360 1044
1623370 1040
1623380 1035
1623390 1035
1623400 1031
1623410 1026
1623420 1026
1623430 1021
1623440 1017
1623450 1017
1623460 1013
1623470 1010
1623480 1010
1623490 1007
1623500 1005
1623510 1005
1623520 1006
1623530 1012
1623540 1012
1623550 1015
1623560 1018
1623570 1018
1623580 1022
1623590 1026
1623600 1026
1623610 1029
1623620 1032
1623630 1032
1623640 1034
1623650 1037
1623660 1037
1623670 1038
1623680 1041
1623690 1041
1623700 1043
1623710 1047
1623720 1047
1623730 1051
1623740 1054
1623750 1054
1623760 1058
1623770 1062
1623780 1064
1623790 1064
1623800 1067
1623810 1069
1623820 1069
1623830 1072
1623840 1073
1623850 1073
1623860 1075
1623870 1077
1623880 1077
1623890 1079
1623900 1081
1623910 1081
1623920 1082
1623930 1083
1623940 1083
1623950 1084
1623960 1084
1623970 1084
1623980 1082
1623990 1083
1624000 1083
1624010 1083
1624020 1084
1624030 1084
1624040 1085
1624050 1086
1624060 1086
1624070 1087
1624080 1088
1624090 1088
1624100 1089
1624110 1090
1624120 1090
1624130 1092
1624140 1093
1624150 1093
1624160 1094
1624170 1094
1624180 1094
1624190 1094
1624200 1096
1624210 1096
1624220 1099
1624230 1102
1624240 1102
1624250 1104
1624260 1107
1624270 1107
1624280 1110
1624290 1113
1624300 1117
1624310 1117
1624320 1120
1624330 1124
1624340 1124
1624350 1128
1624360 1133
1624370 1133
1624380 1137
1624390 1142
1624400 1142
1624410 1146
1624420 1150
1624430 1150
1624440 1153
1624450 1156
1624460 1156
1624470 1160
1624480 1164
1624490 1164
1624500 1166
1624510 1169
1624520 1169
1624530 1171
1624540 1174
1624550 1174
1624560 1175
1624570 1172
1624580 1172
1624590 1167
1624600 1161
1624610 1161
1624620 1156
1624630 1150
1624640 1150
1624650 1146
1624660 1143
1624670 1143
1624680 1140
1624690 1137
1624700 1137
1624710 1135
1624720 1133
1624730 1133
1624740 1131
1624750 1130
1624760 1130
1624770 1129
1624780 1127
1624790 1126
1624800 1126
1624810 1125
1624820 1125
1624830 1125
1624840 1125
1624850 1125
1624860 1125
1624870 1125
1624880 1124
1624890 1124
1624900 1120
1624910 1118
1624920 1118
1624930 1116
1624940 1112
1624950 1112
1624960 1107
1624970 1102
1624980 1102
1624990 1097
1625000 1091
1625010 1091
1625020 1086
1625030 1079
1625040 1079
1625050 1072
1625060 1066
1625070 1066
1625080 1060
1625090 1054
1625100 1054
1625110 1051
1625120 1047
1625130 1047
1625140 1044
1625150 1042
1625160 1042
1625170 1042
1625180 1044
1625190 1044
1625200 1044
1625210 1044
1625220 1044
1625230 1043
1625240 1040
1625250 1040
1625260 1035
1625270 1029
1625280 1029
1625290 1022
1625300 1016
1625310 1010
1625320 1010
1625330 1004
1625340 998
1625350 998
1625360 993
1625370 987
1625380 987
1625390 981
1625400 974
1625410 974
1625420 967
1625430 960
1625440 960
1625450 953
1625460 947
1625470 947
1625480 941
1625490 935
1625500 935
1625510 928
1625520 920
1625530 920
1625540 913
1625550 907
1625560 907
1625570 900
1625580 894
1625590 894
1625600 888
1625610 883
1625620 883
1625630 878
1625640 873
1625650 873
1625660 868
1625670 863
1625680 863
1625690 857
1625700 850
1625710 850
1625720 844
1625730 837
1625740 837
1625750 831
1625760 827
1625770 827
1625780 821
1625790 815
1625800 815
1625810 813
1625820 808
1625830 804
1625840 804
1625850 800
1625860 796
1625870 796
1625880 792
1625890 787
1625900 787
1625910 782
1625920 775
1625930 775
1625940 770
1625950 766
1625960 766
1625970 762
1625980 757
1625990 757
1626000 753
1626010 749
1626020 749
1626030 745
1626040 746
1626050 746
1626060 748
1626070 743
1626080 743
1626090 737
1626100 735
1626110 735
1626120 731
1626130 726
1626140 726
1626150 722
1626160 718
1626170 718
1626180 713
1626190 704
1626200 704
1626210 694
1626220 690
1626230 690
1626240 701
1626250 722
1626260 722
1626270 733
1626280 733
1626290 733
1626300 726
1626310 718
1626320 707
1626330 707
1626340 696
1626350 685
1626360 685
1626370 675
1626380 665
1626390 665
1626400 658
1626410 654
1626420 654
1626430 653
1626440 656
1626450 656
1626460 662
1626470 668
1626480 668
1626490 676
1626500 683
1626510 683
1626520 692
1626530 703
1626540 703
1626550 719
1626560 734
1626570 734
1626580 742
1626590 745
1626600 745
1626610 743
1626620 739
1626630 739
1626640 735
1626650 730
1626660 730
1626670 723
1626680 716
1626690 716
1626700 708
1626710 702
1626720 700
1626730 696
1626740 691
1626750 691
1626760 686
1626770 682
1626780 682
1626790 679
1626800 676
1626810 676
1626820 675
1626830 675
1626840 675
1626850 675
1626860 671
1626870 667
1626880 667
1626890 664
1626900 660
1626910 660
1626920 654
1626930 648
1626940 648
1626950 642
1626960 638
1626970 638
1626980 633
1626990 629
1627000 629
1627010 625
1627020 621
1627030 621
1627040 618
1627050 614
1627060 614
1627070 610
1627080 605
1627090 605
1627100 602
1627110 602
1627120 602
1627130 601
1627140 602
1627150 602
1627160 603
1627170 603
1627180 603
1627190 603
1627200 605
1627210 605
1627220 608
1627230 612
1627240 612
1627250 616
1627260 619
1627270 619
1627280 619
1627290 618
1627300 618
1627310 617
1627320 615
1627330 615
1627340 613
1627350 612
1627360 609
1627370 609
1627380 607
1627390 603
1627400 603
1627410 598
1627420 591
1627430 591
1627440 587
1627450 581
1627460 581
1627470 571
1627480 561
1627490 561
1627500 551
1627510 541
1627520 541
1627530 533
1627540 526
1627550 526
1627560 520
1627570 517
1627580 517
1627590 511
1627600 502
1627610 502
1627620 490
1627630 483
1627640 483
1627650 479
1627660 479
1627670 479
1627680 488
1627690 502
1627700 502
1627710 511
1627720 520
1627730 520
1627740 527
1627750 533
1627760 533
1627770 539
1627780 543
1627790 543
1627800 545
1627810 546
1627820 546
1627830 546
1627840 546
1627850 544
1627860 544
1627870 539
1627880 534
1627890 534
1627900 527
1627910 521
1627920 521
1627930 513
1627940 508
1627950 508
1627960 512
1627970 522
1627980 522
1627990 532
1628000 539
1628010 539
1628020 548
1628030 556
1628040 556
1628050 563
1628060 569
1628070 569
1628080 574
1628090 580
1628100 580
1628110 587
1628120 594
1628130 594
1628140 602
1628150 610
1628160 610
1628170 617
1628180 624
1628190 624
1628200 630
1628210 637
1628220 637
1628230 644
1628240 650
1628250 650
1628260 656
1628270 661
1628280 661
1628290 667
1628300 672
1628310 672
1628320 678
1628330 683
1628340 683
1628350 689
1628360 695
1628370 700
1628380 700
1628390 705
1628400 711
1628410 711
1628420 715
1628430 720
1628440 720
1628450 722
1628460 721
1628470 721
1628480 716
1628490 710
1628500 710
1628510 705
1628520 700
1628530 700
1628540 696
1628550 693
1628560 693
1628570 690
1628580 688
1628590 688
1628600 684
1628610 678
1628620 678
1628630 674
1628640 673
1628650 673
1628660 675
1628670 680
1628680 680
1628690 686
1628700 692
1628710 692
1628720 697
1628730 702
1628740 702
1628750 707
1628760 712
1628770 712
1628780 717
1628790 722
1628800 722
1628810 728
1628820 733
1628830 733
1628840 738
1628850 742
1628860 742
1628870 745
1628880 747
1628890 748
1628900 748
1628910 746
1628920 744
1628930 744
1628940 741
1628950 739
1628960 739
1628970 736
1628980 733
1628990 733
1629000 728
1629010 724
1629020 724
1629030 719
1629040 714
1629050 714
1629060 707
1629070 699
1629080 699
1629090 692
1629100 686
1629110 686
1629120 680
1629130 673
1629140 673
1629150 666
1629160 659
1629170 659
1629180 652
1629190 645
1629200 645
1629210 640
1629220 639
1629230 639
1629240 638
1629250 634
1629260 634
1629270 628
1629280 623
1629290 623
1629300 618
1629310 613
1629320 613
1629330 608
1629340 603
1629350 603
1629360 597
1629370 590
1629380 583
1629390 583
1629400 580
1629410 573
1629420 573
1629430 566
1629440 560
1629450 560
1629460 554
1629470 548
1629480 548
1629490 542
1629500 536
1629510 536
1629520 530
1629530 525
1629540 525
1629550 519
1629560 514
1629570 514
1629580 509
1629590 505
1629600 505
1629610 502
1629620 498
1629630 498
1629640 495
1629650 491
1629660 491
1629670 488
1629680 486
1629690 486
1629700 483
1629710 481
1629720 481
1629730 480
1629740 478
1629750 478
1629760 476
1629770 474
1629780 474
1629790 471
1629800 468
1629810 468
1629820 466
1629830 467
1629840 467
1629850 466
1629860 462
1629870 462
1629880 458
1629890 453
1629900 446
1629910 446
1629920 438
1629930 432
1629940 432
1629950 426
1629960 419
1629970 419
1629980 413
1629990 411
1630000 411
1630010 410
1630020 409
1630030 409
1630040 408
1630050 406
1630060 406
1630070 406
1630080 405
1630090 405
1630100 402
1630110 400
1630120 400
1630130 399
1630140 399
1630150 399
1630160 399
1630170 399
1630180 399
1630190 399
1630200 399
1630210 399
1630220 399
1630230 399
1630240 399
1630250 399
1630260 403
1630270 403
1630280 411
1630290 422
1630300 422
1630310 430
1630320 437
1630330 437
1630340 444
1630350 451
1630360 451
1630370 454
1630380 455
1630390 455
1630400 456
1630410 460
1630420 468
1630430 468
1630440 476
1630450 483
1630460 483
1630470 490
1630480 497
1630490 497
1630500 503
1630510 507
1630520 507
1630530 512
1630540 518
1630550 518
1630560 523
1630570 528
1630580 528
1630590 532
1630600 535
1630610 535
1630620 539
1630630 544
1630640 544
1630650 548
1630660 553
1630670 553
1630680 557
1630690 562
1630700 562
1630710 566
1630720 571
1630730 571
1630740 576
1630750 582
1630760 582
1630770 589
1630780 596
1630790 596
1630800 605
1630810 617
1630820 617
1630830 628
1630840 635
1630850 635
1630860 642
1630870 654
1630880 654
1630890 663
1630900 671
1630910 677
1630920 677
1630930 679
1630940 678
1630950 678
1630960 674
1630970 671
1630980 671
1630990 668
1631000 664
1631010 664
1631020 660
1631030 657
1631040 657
1631050 654
1631060 652
1631070 652
1631080 649
1631090 647
1631100 647
1631110 645
1631120 643
1631130 643
1631140 641
1631150 638
1631160 645
1631170 642
1631180 638
1631190 638
1631200 636
1631210 634
1631220 634
1631230 633
1631240 631
1631250 631
1631260 630
1631270 630
1631280 630
1631290 631
1631300 634
1631310 634
1631320 637
1631330 641
1631340 641
1631350 645
1631360 649
1631370 649
1631380 655
1631390 661
1631400 661
1631410 667
1631420 674
1631430 680
1631440 680
1631450 686
1631460 693
1631470 693
1631480 699
1631490 705
1631500 705
1631510 710
1631520 713
1631530 713
1631540 716
1631550 720
1631560 720
1631570 724
1631580 728
1631590 728
1631600 733
1631610 736
1631620 736
1631630 740
1631640 744
1631650 744
1631660 748
1631670 752
1631680 752
1631690 757
1631700 763
1631710 763
1631720 768
1631730 774
1631740 774
1631750 780
1631760 786
1631770 786
1631780 793
1631790 800
1631800 800
1631810 807
1631820 814
1631830 814
1631840 820
1631850 827
1631860 827
1631870 835
1631880 843
1631890 843
1631900 851
1631910 858
1631920 858
1631930 865
1631940 871
1631950 876
1631960 876
1631970 881
1631980 886
1631990 886
1632000 890
1632010 895
1632020 895
1632030 899
1632040 911
1632050 911
1632060 916
1632070 922
1632080 922
1632090 928
1632100 935
1632110 935
1632120 941
1632130 946
1632140 946
1632150 951
1632160 956
1632170 956
1632180 961
1632190 965
1632200 965
1632210 969
1632220 973
1632230 973
1632240 977
1632250 981
1632260 981
1632270 984
1632280 988
1632290 988
1632300 991
1632310 995
1632320 995
1632330 998
1632340 1002
1632350 1002
1632360 1006
1632370 1010
1632380 1010
1632390 1015
1632400 1019
1632410 1019
1632420 1023
1632430 1028
1632440 1032
1632450 1032
1632460 1036
1632470 1040
1632480 1040
1632490 1044
1632500 1048
1632510 1048
1632520 1052
1632530 1056
1632540 1056
1632550 1059
1632560 1062
1632570 1062
1632580 1065
1632590 1068
1632600 1068
1632610 1071
1632620 1075
1632630 1075
1632640 1079
1632650 1083
1632660 1083
1632670 1086
1632680 1089
1632690 1089
1632700 1092
1632710 1095
1632720 1095
1632730 1098
1632740 1102
1632750 1102
1632760 1104
1632770 1107
1632780 1107
1632790 1110
1632800 1113
1632810 1113
1632820 1116
1632830 1119
1632840 1119
1632850 1121
1632860 1123
1632870 1123
1632880 1124
1632890 1122
1632900 1122
1632910 1124
1632920 1119
1632930 1119
1632940 1113
1632950 1108
1632960 1104
1632970 1104
1632980 1101
1632990 1098
1633000 1098
1633010 1097
1633020 1097
1633030 1097
1633040 1097
1633050 1095
1633060 1095
1633070 1089
1633080 1084
1633090 1084
1633100 1084
1633110 1083
1633120 1083
1633130 1083
1633140 1083
1633150 1083
1633160 1081
1633170 1076
1633180 1076
1633190 1070
1633200 1061
1633210 1061
1633220 1052
1633230 1043
1633240 1043
1633250 1037
1633260 1031
1633270 1031
1633280 1025
1633290 1019
1633300 1019
1633310 1013
1633320 1007
1633330 1007
1633340 1001
1633350 994
1633360 994
1633370 983
1633380 970
1633390 970
1633400 959
1633410 951
1633420 951
1633430 941
1633440 929
1633450 929
1633460 919
1633470 910
1633480 902
1633490 902
1633500 896
1633510 890
1633520 890
1633530 886
1633540 884
1633550 884
1633560 882
1633570 877
1633580 877
1633590 872
1633600 869
1633610 869
1633620 869
1633630 870
1633640 870
1633650 870
1633660 869
1633670 869
1633680 867
1633690 865
1633700 865
1633710 862
1633720 857
1633730 857
1633740 852
1633750 845
1633760 845
1633770 840
1633780 833
1633790 833
1633800 826
1633810 817
1633820 817
1633830 810
1633840 806
1633850 806
1633860 805
1633870 805
1633880 805
1633890 805
1633900 803
1633910 803
1633920 801
1633930 797
1633940 797
1633950 790
1633960 782
1633970 773
1633980 773
1633990 764
1634000 756
1634010 756
1634020 747
1634030 739
1634040 739
1634050 731
1634060 721
1634070 721
1634080 712
1634090 705
1634100 705
1634110 695
1634120 684
1634130 684
1634140 674
1634150 666
1634160 666
1634170 659
1634180 663
1634190 663
1634200 666
1634210 660
1634220 660
1634230 651
1634240 646
1634250 646
1634260 645
1634270 645
1634280 645
1634290 647
1634300 648
1634310 648
1634320 653
1634330 657
1634340 657
1634350 658
1634360 659
1634370 659
1634380 659
1634390 659
1634400 659
1634410 660
1634420 661
1634430 661
1634440 656
1634450 647
1634460 647
1634470 640
1634480 633
1634490 626
1634500 626
1634510 621
1634520 621
1634530 621
1634540 626
1634550 632
1634560 632
1634570 638
1634580 643
1634590 643
1634600 642
1634610 638
1634620 638
1634630 636
1634640 631
1634650 631
1634660 626
1634670 620
1634680 620
1634690 615
1634700 608
1634710 608
1634720 601
1634730 594
1634740 594
1634750 587
1634760 581
1634770 581
1634780 574
1634790 567
1634800 567
1634810 560
1634820 552
1634830 552
1634840 545
1634850 538
1634860 538
1634870 529
1634880 521
1634890 521
1634900 510
1634910 501
1634920 501
1634930 499
1634940 506
1634950 506
1634960 515
1634970 524
1634980 524
1634990 532
1635000 541
1635010 548
1635020 548
1635030 553
1635040 560
1635050 560
1635060 567
1635070 573
1635080 573
1635090 579
1635100 584
1635110 584
1635120 589
1635130 595
1635140 595
1635150 600
1635160 605
1635170 605
1635180 610
1635190 615
1635200 615
1635210 621
1635220 627
1635230 627
1635240 633
1635250 638
1635260 638
1635270 644
1635280 650
1635290 650
1635300 655
1635310 660
1635320 660
1635330 664
1635340 668
1635350 668
1635360 672
1635370 673
1635380 673
1635390 671
1635400 667
1635410 667
1635420 662
1635430 654
1635440 654
1635450 646
1635460 641
1635470 641
1635480 646
1635490 646
1635500 646
1635510 648
1635520 649
1635530 647
1635540 647
1635550 646
1635560 649
1635570 649
1635580 651
1635590 653
1635600 653
1635610 655
1635620 654
1635630 654
1635640 656
1635650 657
1635660 657
1635670 657
1635680 657
1635690 657
1635700 657
1635710 658
1635720 658
1635730 658
1635740 658
1635750 658
1635760 659
1635770 660
1635780 660
1635790 659
1635800 658
1635810 658
1635820 655
1635830 654
1635840 654
1635850 652
1635860 651
1635870 651
1635880 654
1635890 658
1635900 658
1635910 661
1635920 661
1635930 661
1635940 660
1635950 664
1635960 664
1635970 669
1635980 674
1635990 674
1636000 677
1636010 678
1636020 674
1636030 674
1636040 673
1636050 677
1636060 677
1636070 676
1636080 675
1636090 675
1636100 680
1636110 683
1636120 683
1636130 684
1636140 684
1636150 684
1636160 683
1636170 683
1636180 683
1636190 685
1636200 689
1636210 689
1636220 690
1636230 690
1636240 690
1636250 690
1636260 690
1636270 690
1636280 689
1636290 689
1636300 689
1636310 688
1636320 688
1636330 693
1636340 693
1636350 693
1636360 693
1636370 692
1636380 691
1636390 691
1636400 692
1636410 697
1636420 697
1636430 704
1636440 710
1636450 710
1636460 717
1636470 724
1636480 724
1636490 731
1636500 739
1636510 739
1636520 746
1636530 752
1636540 758
1636550 758
1636560 764
1636570 770
1636580 770
1636590 776
1636600 781
1636610 781
1636620 787
1636630 792
1636640 792
1636650 796
1636660 799
1636670 799
1636680 802
1636690 804
1636700 804
1636710 804
1636720 804
1636730 804
1636740 802
1636750 801
1636760 801
1636770 800
1636780 800
1636790 800
1636800 800
1636810 799
1636820 799
1636830 797
1636840 795
1636850 795
1636860 791
1636870 787
1636880 787
1636890 783
1636900 779
1636910 779
1636920 775
1636930 769
1636940 769
1636950 763
1636960 757
1636970 757
1636980 753
1636990 756
1637000 756
1637010 761
1637020 765
1637030 765
1637040 769
1637050 773
1637060 775
1637070 775
1637080 777
1637090 778
1637100 778
1637110 779
1637120 778
1637130 778
1637140 776
1637150 775
1637160 775
1637170 769
1637180 768
1637190 768
1637200 767
1637210 763
1637220 763
1637230 764
1637240 766
1637250 766
1637260 764
1637270 762
1637280 762
1637290 762
1637300 763
1637310 763
1637320 766
1637330 768
1637340 768
1637350 772
1637360 777
1637370 777
1637380 782
1637390 788
1637400 788
1637410 791
1637420 794
1637430 794
1637440 795
1637450 796
1637460 796
1637470 798
1637480 799
1637490 799
1637500 800
1637510 801
1637520 801
1637530 803
1637540 804
1637550 806
1637560 806
1637570 808
1637580 811
1637590 811
1637600 814
1637610 817
1637620 817
1637630 819
1637640 821
1637650 821
1637660 824
1637670 829
1637680 829
1637690 836
1637700 842
1637710 842
1637720 848
1637730 854
1637740 854
1637750 861
1637760 867
1637770 867
1637780 872
1637790 879
1637800 879
1637810 884
1637820 889
1637830 889
1637840 894
1637850 899
1637860 899
1637870 904
1637880 907
1637890 907
1637900 907
1637910 905
1637920 905
1637930 903
1637940 901
1637950 901
1637960 898
1637970 895
1637980 895
1637990 891
1638000 890
1638010 886
1638020 885
1638030 883
1638040 883
1638050 882
1638060 882
1638070 882
1638080 882
1638090 883
1638100 885
1638110 885
1638120 886
1638130 888
1638140 888
1638150 890
1638160 892
1638170 892
1638180 894
1638190 897
1638200 897
1638210 900
1638220 902
1638230 902
1638240 900
1638250 894
1638260 894
1638270 889
1638280 886
1638290 886
1638300 884
1638310 880
1638320 880
1638330 874
1638340 872
1638350 872
1638360 869
1638370 863
1638380 863
1638390 860
1638400 857
1638410 857
1638420 854
1638430 855
1638440 855
1638450 854
1638460 848
1638470 848
1638480 840
1638490 844
1638500 844
1638510 843
1638520 840
1638530 840
1638540 836
1638550 831
1638560 831
1638570 831
1638580 834
1638590 837
1638600 837
1638610 838
1638620 841
1638630 841
1638640 845
1638650 851
1638660 851
1638670 858
1638680 865
1638690 865
1638700 871
1638710 878
1638720 878
1638730 884
1638740 892
1638750 892
1638760 898
1638770 904
1638780 904
1638790 911
1638800 917
1638810 917
1638820 924
1638830 930
1638840 930
1638850 938
1638860 945
1638870 945
1638880 951
1638890 957
1638900 957
1638910 963
1638920 969
1638930 969
1638940 975
1638950 982
1638960 982
1638970 988
1638980 993
1638990 993
1639000 998
1639010 1002
1639020 1002
1639030 1006
1639040 1011
1639050 1011
1639060 1016
1639070 1020
1639080 1020
1639090 1024
1639100 1028
1639110 1033
1639120 1033
1639130 1038
1639140 1041
1639150 1041
1639160 1045
1639170 1050
1639180 1050
1639190 1054
1639200 1058
1639210 1058
1639220 1060
1639230 1062
1639240 1062
1639250 1064
1639260 1065
1639270 1065
1639280 1068
1639290 1072
1639300 1072
1639310 1075
1639320 1079
1639330 1079
1639340 1082
1639350 1084
1639360 1084
1639370 1087
1639380 1090
1639390 1090
1639400 1096
1639410 1105
1639420 1105
1639430 1111
1639440 1118
1639450 1118
1639460 1126
1639470 1132
1639480 1132
1639490 1139
1639500 1146
1639510 1146
1639520 1154
1639530 1160
1639540 1160
1639550 1162
1639560 1163
1639570 1163
1639580 1161
1639590 1160
1639600 1162
1639610 1162
1639620 1164
1639630 1166
1639640 1166
1639650 1169
1639660 1170
1639670 1170
1639680 1179
1639690 1179
1639700 1179
1639710 1182
1639720 1182
1639730 1182
1639740 1185
1639750 1191
1639760 1191
1639770 1198
1639780 1205
1639790 1205
1639800 1212
1639810 1219
1639820 1219
1639830 1227
1639840 1235
1639850 1235
1639860 1244
1639870 1252
1639880 1252
1639890 1256
1639900 1262
1639910 1262
1639920 1271
1639930 1278
1639940 1278
1639950 1280
1639960 1276
1639970 1276
1639980 1269
1639990 1266
