1620000 1296
1620010 1289
1620020 1289
1620030 1282
1620040 1275
1620050 1275
1620060 1270
1620070 1265
1620080 1265
1620090 1258
1620100 1251
1620110 1251
1620120 1243
1620130 1236
1620140 1236
1620150 1229
1620160 1224
1620170 1224
1620180 1219
1620190 1214
1620200 1214
1620210 1208
1620220 1203
1620230 1198
1620240 1198
1620250 1192
1620260 1186
1620270 1186
1620280 1180
1620290 1174
1620300 1174
1620310 1168
1620320 1163
1620330 1163
1620340 1159
1620350 1154
1620360 1154
1620370 1149
1620380 1143
1620390 1143
1620400 1139
1620410 1137
1620420 1137
1620430 1136
1620440 1130
1620450 1130
1620460 1121
1620470 1114
1620480 1114
1620490 1107
1620500 1100
1620510 1100
1620520 1093
1620530 1088
1620540 1088
1620550 1085
1620560 1082
1620570 1082
1620580 1077
1620590 1070
1620600 1070
1620610 1063
1620620 1057
1620630 1057
1620640 1052
1620650 1049
1620660 1049
1620670 1043
1620680 1036
1620690 1036
1620700 1030
1620710 1026
1620720 1026
1620730 1022
1620740 1018
1620750 1013
1620760 1013
1620770 1007
1620780 1002
1620790 1002
1620800 998
1620810 995
1620820 995
1620830 991
1620840 987
1620850 987
1620860 984
1620870 981
1620880 981
1620890 977
1620900 971
1620910 971
1620920 969
1620930 973
1620940 973
1620950 972
1620960 973
1620970 973
1620980 970
1620990 969
1621000 969
1621010 973
1621020 978
1621030 978
1621040 981
1621050 983
1621060 983
1621070 984
1621080 986
1621090 986
1621100 988
1621110 991
1621120 991
1621130 994
1621140 996
1621150 996
1621160 998
1621170 1000
1621180 1000
1621190 1005
1621200 1010
1621210 1010
1621220 1014
1621230 1018
1621240 1018
1621250 1021
1621260 1023
1621270 1026
1621280 1026
1621290 1028
1621300 1033
1621310 1033
1621320 1036
1621330 1038
1621340 1038
1621350 1041
1621360 1044
1621370 1044
1621380 1048
1621390 1053
1621400 1053
1621410 1058
1621420 1063
1621430 1063
1621440 1068
1621450 1073
1621460 1073
1621470 1077
1621480 1081
1621490 1081
1621500 1084
1621510 1086
1621520 1086
1621530 1087
1621540 1087
1621550 1087
1621560 1085
1621570 1083
1621580 1083
1621590 1080
1621600 1078
1621610 1078
1621620 1075
1621630 1074
1621640 1074
1621650 1072
1621660 1071
1621670 1071
1621680 1071
1621690 1071
1621700 1071
1621710 1071
1621720 1071
1621730 1071
1621740 1072
1621750 1072
1621760 1072
1621770 1073
1621780 1073
1621790 1074
1621800 1074
1621810 1074
1621820 1075
1621830 1075
1621840 1076
1621850 1077
1621860 1077
1621870 1078
1621880 1079
1621890 1079
1621900 1080
1621910 1081
1621920 1081
1621930 1082
1621940 1082
1621950 1082
1621960 1082
1621970 1081
1621980 1081
1621990 1080
1622000 1078
1622010 1078
1622020 1076
1622030 1074
1622040 1074
1622050 1071
1622060 1068
1622070 1068
1622080 1064
1622090 1061
1622100 1061
1622110 1056
1622120 1052
1622130 1052
1622140 1047
1622150 1041
1622160 1041
1622170 1036
1622180 1031
1622190 1031
1622200 1027
1622210 1023
1622220 1023
1622230 1020
1622240 1017
1622250 1017
1622260 1014
1622270 1010
1622280 1010
1622290 1006
1622300 1001
1622310 997
1622320 997
1622330 992
1622340 989
1622350 989
1622360 986
1622370 983
1622380 983
1622390 981
1622400 979
1622410 979
1622420 976
1622430 972
1622440 972
1622450 968
1622460 964
1622470 964
1622480 960
1622490 957
1622500 957
1622510 953
1622520 951
1622530 951
1622540 953
1622550 959
1622560 959
1622570 964
1622580 968
1622590 968
1622600 973
1622610 978
1622620 978
1622630 983
1622640 988
1622650 988
1622660 992
1622670 997
1622680 997
1622690 1000
1622700 1004
1622710 1004
1622720 1007
1622730 1009
1622740 1009
1622750 1011
1622760 1012
1622770 1012
1622780 1014
1622790 1014
1622800 1014
1622810 1014
1622820 1013
1622830 1013
1622840 1011
1622850 1009
1622860 1008
1622870 1008
1622880 1007
1622890 1006
1622900 1006
1622910 1006
1622920 1008
1622930 1008
1622940 1010
1622950 1012
1622960 1012
1622970 1014
1622980 1015
1622990 1015
1623000 1014
1623010 1013
1623020 1013
1623030 1012
1623040 1010
1623050 1010
1623060 1008
1623070 1003
1623080 1003
1623090 998
1623100 994
1623110 994
1623120 991
1623130 989
1623140 989
1623150 986
1623160 983
1623170 983
1623180 981
1623190 979
1623200 979
1623210 978
1623220 976
1623230 976
1623240 974
1623250 972
1623260 972
1623270 969
1623280 968
1623290 968
1623300 966
1623310 966
1623320 966
1623330 965
1623340 964
1623350 964
1623360 963
1623370 962
1623380 960
1623390 960
1623400 958
1623410 954
1623420 954
1623430 950
1623440 949
1623450 949
1623460 950
1623470 950
1623480 950
1623490 950
1623500 949
1623510 949
1623520 948
1623530 948
1623540 948
1623550 949
1623560 952
1623570 952
1623580 954
1623590 955
1623600 955
1623610 954
1623620 951
1623630 951
1623640 950
1623650 950
1623660 950
1623670 950
1623680 949
1623690 949
1623700 948
1623710 947
1623720 947
1623730 947
1623740 946
1623750 948
1623760 948
1623770 949
1623780 949
1623790 949
1623800 949
1623810 949
1623820 949
1623830 949
1623840 949
1623850 949
1623860 949
1623870 949
1623880 949
1623890 948
1623900 948
1623910 948
1623920 948
1623930 948
1623940 948
1623950 948
1623960 949
1623970 949
1623980 950
1623990 952
1624000 952
1624010 953
1624020 954
1624030 954
1624040 955
1624050 955
1624060 955
1624070 956
1624080 958
1624090 958
1624100 960
1624110 964
1624120 964
1624130 967
1624140 970
1624150 970
1624160 975
1624170 981
1624180 981
1624190 990
1624200 997
1624210 997
1624220 1000
1624230 1003
1624240 1003
1624250 1006
1624260 1009
1624270 1009
1624280 1011
1624290 1013
1624300 1013
1624310 1015
1624320 1016
1624330 1016
1624340 1018
1624350 1019
1624360 1019
1624370 1019
1624380 1019
1624390 1019
1624400 1018
1624410 1014
1624420 1008
1624430 1008
1624440 1002
1624450 995
1624460 995
1624470 988
1624480 982
1624490 982
1624500 976
1624510 969
1624520 969
1624530 963
1624540 958
1624550 958
1624560 952
1624570 947
1624580 947
1624590 944
1624600 940
1624610 940
1624620 936
1624630 932
1624640 932
1624650 928
1624660 925
1624670 922
1624680 919
1624690 916
1624700 916
1624710 912
1624720 909
1624730 909
1624740 905
1624750 903
1624760 903
1624770 902
1624780 900
1624790 900
1624800 898
1624810 898
1624820 898
1624830 897
1624840 896
1624850 896
1624860 896
1624870 896
1624880 896
1624890 897
1624900 899
1624910 899
1624920 901
1624930 904
1624940 904
1624950 906
1624960 907
1624970 907
1624980 907
1624990 906
1625000 905
1625010 905
1625020 904
1625030 902
1625040 902
1625050 897
1625060 890
1625070 890
1625080 883
1625090 877
1625100 877
1625110 871
1625120 865
1625130 865
1625140 859
1625150 854
1625160 854
1625170 849
1625180 845
1625190 845
1625200 841
1625210 837
1625220 837
1625230 833
1625240 828
1625250 828
1625260 823
1625270 818
1625280 818
1625290 812
1625300 805
1625310 805
1625320 798
1625330 793
1625340 793
1625350 788
1625360 783
1625370 783
1625380 778
1625390 774
1625400 774
1625410 769
1625420 765
1625430 765
1625440 761
1625450 756
1625460 756
1625470 752
1625480 748
1625490 744
1625500 744
1625510 741
1625520 738
1625530 738
1625540 737
1625550 739
1625560 739
1625570 741
1625580 746
1625590 746
1625600 749
1625610 751
1625620 751
1625630 752
1625640 754
1625650 754
1625660 756
1625670 758
1625680 758
1625690 761
1625700 763
1625710 763
1625720 766
1625730 770
1625740 770
1625750 774
1625760 778
1625770 778
1625780 782
1625790 787
1625800 787
1625810 792
1625820 797
1625830 797
1625840 802
1625850 806
1625860 806
1625870 811
1625880 817
1625890 817
1625900 824
1625910 832
1625920 832
1625930 838
1625940 844
1625950 844
1625960 851
1625970 859
1625980 859
1625990 868
1626000 875
1626010 882
1626020 882
1626030 887
1626040 892
1626050 892
1626060 893
1626070 893
1626080 893
1626090 894
1626100 895
1626110 895
1626120 897
1626130 898
1626140 898
1626150 899
1626160 902
1626170 902
1626180 909
1626190 914
1626200 914
1626210 916
1626220 918
1626230 918
1626240 923
1626250 932
1626260 932
1626270 938
1626280 940
1626290 940
1626300 942
1626310 943
1626320 943
1626330 946
1626340 952
1626350 952
1626360 958
1626370 963
1626380 963
1626390 969
1626400 975
1626410 975
1626420 982
1626430 989
1626440 989
1626450 997
1626460 1003
1626470 1003
1626480 1013
1626490 1021
1626500 1021
1626510 1027
1626520 1032
1626530 1038
1626540 1038
1626550 1045
1626560 1053
1626570 1053
1626580 1061
1626590 1068
1626600 1068
1626610 1074
1626620 1080
1626630 1080
1626640 1087
1626650 1094
1626660 1094
1626670 1102
1626680 1109
1626690 1109
1626700 1115
1626710 1123
1626720 1123
1626730 1131
1626740 1139
1626750 1139
1626760 1148
1626770 1156
1626780 1156
1626790 1164
1626800 1172
1626810 1172
1626820 1179
1626830 1187
1626840 1187
1626850 1195
1626860 1203
1626870 1203
1626880 1212
1626890 1220
1626900 1220
1626910 1228
1626920 1237
1626930 1237
1626940 1247
1626950 1255
1626960 1255
1626970 1263
1626980 1270
1626990 1270
1627000 1276
1627010 1280
1627020 1280
1627030 1282
1627040 1283
1627050 1283
1627060 1281
1627070 1280
1627080 1279
1627090 1279
1627100 1282
1627110 1287
1627120 1287
1627130 1293
1627140 1297
1627150 1297
1627160 1300
1627170 1304
1627180 1304
1627190 1309
1627200 1315
1627210 1315
1627220 1321
1627230 1325
1627240 1325
1627250 1328
1627260 1329
1627270 1329
1627280 1330
1627290 1332
1627300 1332
1627310 1334
1627320 1336
1627330 1336
1627340 1338
1627350 1341
1627360 1341
1627370 1344
1627380 1348
1627390 1354
1627400 1357
1627410 1358
1627420 1358
1627430 1356
1627440 1351
1627450 1351
1627460 1346
1627470 1340
1627480 1340
1627490 1336
1627500 1331
1627510 1331
1627520 1327
1627530 1322
1627540 1322
1627550 1318
1627560 1314
1627570 1314
1627580 1310
1627590 1307
1627600 1304
1627610 1304
1627620 1301
1627630 1297
1627640 1297
1627650 1294
1627660 1294
1627670 1294
1627680 1296
1627690 1297
1627700 1297
1627710 1299
1627720 1301
1627730 1301
1627740 1303
1627750 1305
1627760 1305
1627770 1307
1627780 1309
1627790 1309
1627800 1311
1627810 1312
1627820 1312
1627830 1313
1627840 1313
1627850 1313
1627860 1312
1627870 1310
1627880 1310
1627890 1308
1627900 1305
1627910 1305
1627920 1303
1627930 1299
1627940 1299
1627950 1295
1627960 1290
1627970 1290
1627980 1285
1627990 1280
1628000 1280
1628010 1275
1628020 1270
1628030 1270
1628040 1266
1628050 1262
1628060 1262
1628070 1258
1628080 1254
1628090 1254
1628100 1249
1628110 1243
1628120 1235
1628130 1235
1628140 1227
1628150 1219
1628160 1219
1628170 1212
1628180 1206
1628190 1206
1628200 1200
1628210 1191
1628220 1191
1628230 1181
1628240 1172
1628250 1172
1628260 1164
1628270 1157
1628280 1157
1628290 1150
1628300 1143
1628310 1143
1628320 1138
1628330 1134
1628340 1134
1628350 1130
1628360 1125
1628370 1125
1628380 1120
1628390 1115
1628400 1115
1628410 1109
1628420 1103
1628430 1103
1628440 1097
1628450 1090
1628460 1090
1628470 1082
1628480 1076
1628490 1076
1628500 1069
1628510 1062
1628520 1062
1628530 1055
1628540 1049
1628550 1049
1628560 1042
1628570 1036
1628580 1036
1628590 1029
1628600 1022
1628610 1022
1628620 1016
1628630 1009
1628640 1003
1628650 1003
1628660 999
1628670 994
1628680 994
1628690 988
1628700 983
1628710 983
1628720 979
1628730 975
1628740 975
1628750 970
1628760 966
1628770 966
1628780 961
1628790 958
1628800 958
1628810 954
1628820 950
1628830 950
1628840 945
1628850 940
1628860 940
1628870 936
1628880 931
1628890 931
1628900 927
1628910 923
1628920 923
1628930 919
1628940 916
1628950 916
1628960 913
1628970 910
1628980 910
1628990 907
1629000 903
1629010 903
1629020 898
1629030 894
1629040 894
1629050 889
1629060 886
1629070 886
1629080 883
1629090 879
1629100 879
1629110 875
1629120 871
1629130 871
1629140 866
1629150 861
1629160 861
1629170 856
1629180 848
1629190 843
1629200 843
1629210 840
1629220 840
1629230 840
1629240 839
1629250 839
1629260 839
1629270 838
1629280 837
1629290 837
1629300 835
1629310 834
1629320 834
1629330 832
1629340 830
1629350 830
1629360 828
1629370 825
1629380 825
1629390 822
1629400 819
1629410 819
1629420 816
1629430 813
1629440 813
1629450 811
1629460 808
1629470 808
1629480 805
1629490 802
1629500 802
1629510 799
1629520 797
1629530 797
1629540 794
1629550 789
1629560 789
1629570 784
1629580 779
1629590 779
1629600 773
1629610 768
1629620 768
1629630 764
1629640 760
1629650 760
1629660 760
1629670 759
1629680 759
1629690 756
1629700 751
1629710 747
1629720 747
1629730 745
1629740 746
1629750 746
1629760 748
1629770 749
1629780 749
1629790 750
1629800 750
1629810 750
1629820 746
1629830 739
1629840 739
1629850 727
1629860 717
1629870 717
1629880 708
1629890 700
1629900 700
1629910 692
1629920 685
1629930 685
1629940 677
1629950 670
1629960 670
1629970 663
1629980 656
1629990 656
1630000 648
1630010 640
1630020 640
1630030 631
1630040 623
1630050 623
1630060 615
1630070 609
1630080 609
1630090 602
1630100 596
1630110 596
1630120 591
1630130 587
1630140 587
1630150 581
1630160 576
1630170 576
1630180 571
1630190 566
1630200 566
1630210 562
1630220 559
1630230 556
1630240 556
1630250 553
1630260 551
1630270 551
1630280 548
1630290 543
1630300 543
1630310 539
1630320 536
1630330 536
1630340 532
1630350 530
1630360 530
1630370 527
1630380 525
1630390 525
1630400 524
1630410 524
1630420 524
1630430 524
1630440 521
1630450 521
1630460 515
1630470 507
1630480 507
1630490 500
1630500 494
1630510 494
1630520 486
1630530 478
1630540 478
1630550 470
1630560 461
1630570 461
1630580 451
1630590 443
1630600 443
1630610 433
1630620 422
1630630 422
1630640 412
1630650 407
1630660 407
1630670 405
1630680 403
1630690 403
1630700 401
1630710 400
1630720 400
1630730 400
1630740 400
1630750 400
1630760 400
1630770 400
1630780 400
1630790 400
1630800 400
1630810 400
1630820 400
1630830 400
1630840 400
1630850 400
1630860 400
1630870 400
1630880 400
1630890 401
1630900 402
1630910 402
1630920 403
1630930 404
1630940 404
1630950 409
1630960 410
1630970 410
1630980 412
1630990 416
1631000 416
1631010 422
1631020 424
1631030 424
1631040 427
1631050 428
1631060 428
1631070 430
1631080 432
1631090 432
1631100 432
1631110 431
1631120 431
1631130 432
1631140 433
1631150 433
1631160 437
1631170 442
1631180 442
1631190 448
1631200 456
1631210 456
1631220 467
1631230 478
1631240 478
1631250 488
1631260 495
1631270 495
1631280 502
1631290 509
1631300 517
1631310 517
1631320 524
1631330 529
1631340 529
1631350 529
1631360 528
1631370 528
1631380 528
1631390 528
1631400 528
1631410 530
1631420 532
1631430 532
1631440 534
1631450 535
1631460 535
1631470 535
1631480 534
1631490 534
1631500 532
1631510 529
1631520 529
1631530 527
1631540 528
1631550 528
1631560 535
1631570 543
1631580 543
1631590 551
1631600 557
1631610 557
1631620 563
1631630 568
1631640 568
1631650 572
1631660 574
1631670 574
1631680 577
1631690 581
1631700 581
1631710 585
1631720 588
1631730 588
1631740 591
1631750 595
1631760 595
1631770 602
1631780 609
1631790 609
1631800 613
1631810 618
1631820 617
1631830 617
1631840 623
1631850 627
1631860 627
1631870 630
1631880 631
1631890 631
1631900 634
1631910 640
1631920 640
1631930 646
1631940 652
1631950 652
1631960 657
1631970 663
1631980 663
1631990 669
1632000 676
1632010 676
1632020 682
1632030 687
1632040 687
1632050 693
1632060 699
1632070 699
1632080 704
1632090 710
1632100 710
1632110 716
1632120 722
1632130 722
1632140 727
1632150 733
1632160 733
1632170 739
1632180 745
1632190 745
1632200 750
1632210 755
1632220 755
1632230 759
1632240 763
1632250 763
1632260 765
1632270 766
1632280 766
1632290 768
1632300 767
1632310 767
1632320 764
1632330 759
1632340 753
1632350 753
1632360 747
1632370 742
1632380 742
1632390 737
1632400 734
1632410 734
1632420 734
1632430 730
1632440 730
1632450 724
1632460 719
1632470 719
1632480 714
1632490 709
1632500 709
1632510 704
1632520 700
1632530 700
1632540 695
1632550 690
1632560 690
1632570 686
1632580 683
1632590 683
1632600 680
1632610 677
1632620 677
1632630 675
1632640 672
1632650 672
1632660 670
1632670 667
1632680 667
1632690 670
1632700 667
1632710 667
1632720 664
1632730 662
1632740 662
1632750 660
1632760 658
1632770 658
1632780 656
1632790 654
1632800 654
1632810 653
1632820 650
1632830 650
1632840 646
1632850 649
1632860 649
1632870 653
1632880 656
1632890 658
1632900 658
1632910 661
1632920 662
1632930 662
1632940 663
1632950 663
1632960 663
1632970 668
1632980 675
1632990 675
1633000 682
1633010 688
1633020 688
1633030 693
1633040 698
1633050 698
1633060 702
1633070 706
1633080 706
1633090 708
1633100 710
1633110 710
1633120 712
1633130 713
1633140 713
1633150 714
1633160 716
1633170 716
1633180 718
1633190 720
1633200 720
1633210 723
1633220 726
1633230 726
1633240 730
1633250 733
1633260 733
1633270 737
1633280 740
1633290 740
1633300 744
1633310 748
1633320 748
1633330 753
1633340 758
1633350 758
1633360 762
1633370 769
1633380 769
1633390 775
1633400 781
1633410 787
1633420 787
1633430 793
1633440 798
1633450 798
1633460 804
1633470 809
1633480 809
1633490 815
1633500 820
1633510 820
1633520 825
1633530 830
1633540 830
1633550 836
1633560 838
1633570 838
1633580 844
1633590 849
1633600 849
1633610 854
1633620 859
1633630 859
1633640 865
1633650 869
1633660 869
1633670 874
1633680 878
1633690 878
1633700 882
1633710 886
1633720 886
1633730 889
1633740 892
1633750 892
1633760 895
1633770 898
1633780 898
1633790 901
1633800 904
1633810 904
1633820 906
1633830 909
1633840 909
1633850 910
1633860 912
1633870 912
1633880 912
1633890 911
1633900 911
1633910 910
1633920 910
1633930 911
1633940 911
1633950 913
1633960 916
1633970 916
1633980 919
1633990 922
1634000 922
1634010 925
1634020 928
1634030 928
1634040 933
1634050 938
1634060 938
1634070 943
1634080 947
1634090 947
1634100 951
1634110 954
1634120 954
1634130 957
1634140 960
1634150 960
1634160 962
1634170 964
1634180 964
1634190 967
1634200 969
1634210 969
1634220 971
1634230 974
1634240 974
1634250 979
1634260 984
1634270 984
1634280 990
1634290 995
1634300 995
1634310 1000
1634320 1005
1634330 1005
1634340 1010
1634350 1014
1634360 1014
1634370 1019
1634380 1024
1634390 1024
1634400 1029
1634410 1034
1634420 1029
1634430 1034
1634440 1039
1634450 1039
1634460 1044
1634470 1049
1634480 1055
1634490 1055
1634500 1061
1634510 1065
1634520 1065
1634530 1069
1634540 1072
1634550 1072
1634560 1076
1634570 1080
1634580 1080
1634590 1083
1634600 1086
1634610 1086
1634620 1087
1634630 1086
1634640 1086
1634650 1084
1634660 1085
1634670 1085
1634680 1085
1634690 1083
1634700 1083
1634710 1082
1634720 1083
1634730 1083
1634740 1086
1634750 1089
1634760 1089
1634770 1093
1634780 1097
1634790 1097
1634800 1101
1634810 1105
1634820 1105
1634830 1113
1634840 1118
1634850 1118
1634860 1118
1634870 1119
1634880 1119
1634890 1121
1634900 1124
1634910 1124
1634920 1125
1634930 1127
1634940 1127
1634950 1130
1634960 1132
1634970 1132
1634980 1135
1634990 1138
1635000 1141
1635010 1141
1635020 1145
1635030 1148
1635040 1148
1635050 1150
1635060 1153
1635070 1153
1635080 1156
1635090 1159
1635100 1159
1635110 1162
1635120 1166
1635130 1166
1635140 1169
1635150 1172
1635160 1172
1635170 1175
1635180 1178
1635190 1178
1635200 1181
1635210 1183
1635220 1183
1635230 1181
1635240 1176
1635250 1176
1635260 1170
1635270 1167
1635280 1167
1635290 1159
1635300 1150
1635310 1150
1635320 1141
1635330 1132
1635340 1132
1635350 1124
1635360 1116
1635370 1116
1635380 1108
1635390 1100
1635400 1100
1635410 1092
1635420 1084
1635430 1084
1635440 1076
1635450 1069
1635460 1069
1635470 1061
1635480 1054
1635490 1054
1635500 1046
1635510 1039
1635520 1032
1635530 1032
1635540 1025
1635550 1019
1635560 1019
1635570 1015
1635580 1010
1635590 1010
1635600 1007
1635610 1007
1635620 1007
1635630 1009
1635640 1013
1635650 1013
1635660 1018
1635670 1023
1635680 1023
1635690 1028
1635700 1034
1635710 1034
1635720 1037
1635730 1039
1635740 1039
1635750 1041
1635760 1039
1635770 1039
1635780 1036
1635790 1032
1635800 1032
1635810 1027
1635820 1021
1635830 1021
1635840 1015
1635850 1011
1635860 1011
1635870 1006
1635880 1000
1635890 1000
1635900 994
1635910 987
1635920 987
1635930 981
1635940 976
1635950 976
1635960 970
1635970 963
1635980 963
1635990 957
1636000 950
1636010 950
1636020 944
1636030 939
1636040 934
1636050 934
1636060 928
1636070 922
1636080 922
1636090 916
1636100 909
1636110 909
1636120 907
1636130 902
1636140 902
1636150 898
1636160 896
1636170 896
1636180 896
1636190 895
1636200 895
1636210 894
1636220 892
1636230 892
1636240 888
1636250 885
1636260 885
1636270 881
1636280 876
1636290 876
1636300 871
1636310 867
1636320 867
1636330 862
1636340 858
1636350 858
1636360 854
1636370 849
1636380 849
1636390 844
1636400 838
1636410 838
1636420 832
1636430 825
1636440 825
1636450 820
1636460 813
1636470 813
1636480 806
1636490 799
1636500 799
1636510 793
1636520 788
1636530 788
1636540 782
1636550 776
1636560 776
1636570 769
1636580 763
1636590 756
1636600 756
1636610 750
1636620 745
1636630 745
1636640 741
1636650 739
1636660 739
1636670 739
1636680 740
1636690 740
1636700 740
1636710 741
1636720 741
1636730 742
1636740 741
1636750 741
1636760 738
1636770 735
1636780 735
1636790 732
1636800 728
1636810 728
1636820 722
1636830 717
1636840 717
1636850 711
1636860 712
1636870 712
1636880 713
1636890 715
1636900 715
1636910 722
1636920 729
1636930 729
1636940 737
1636950 744
1636960 744
1636970 753
1636980 761
1636990 761
1637000 769
1637010 777
1637020 777
1637030 784
1637040 790
1637050 790
1637060 796
1637070 802
1637080 802
1637090 809
1637100 815
1637110 821
1637120 821
1637130 826
1637140 832
1637150 832
1637160 837
1637170 842
1637180 842
1637190 847
1637200 852
1637210 852
1637220 857
1637230 862
1637240 862
1637250 867
1637260 872
1637270 872
1637280 877
1637290 882
1637300 882
1637310 886
1637320 890
1637330 890
1637340 893
1637350 897
1637360 897
1637370 900
1637380 904
1637390 904
1637400 908
1637410 910
1637420 910
1637430 913
1637440 915
1637450 915
1637460 918
1637470 919
1637480 919
1637490 920
1637500 921
1637510 921
1637520 922
1637530 923
1637540 923
1637550 924
1637560 926
1637570 926
1637580 927
1637590 926
1637600 926
1637610 923
1637620 920
1637630 917
1637640 917
1637650 918
1637660 922
1637670 922
1637680 926
1637690 927
1637700 927
1637710 929
1637720 933
1637730 933
1637740 937
1637750 941
1637760 941
1637770 945
1637780 949
1637790 949
1637800 953
1637810 956
1637820 956
1637830 960
1637840 963
1637850 963
1637860 965
1637870 967
1637880 967
1637890 970
1637900 973
1637910 973
1637920 974
1637930 975
1637940 975
1637950 976
1637960 975
1637970 975
1637980 973
1637990 969
1638000 969
1638010 963
1638020 959
1638030 959
1638040 958
1638050 958
1638060 958
1638070 961
1638080 957
1638090 957
1638100 952
1638110 950
1638120 950
1638130 950
1638140 952
1638150 952
1638160 957
1638170 959
1638180 957
1638190 957
1638200 956
1638210 957
1638220 957
1638230 959
1638240 965
1638250 965
1638260 969
1638270 964
1638280 964
1638290 959
1638300 956
1638310 956
1638320 956
1638330 957
1638340 957
1638350 956
1638360 955
1638370 955
1638380 957
1638390 960
1638400 960
1638410 964
1638420 968
1638430 968
1638440 973
1638450 978
1638460 978
1638470 984
1638480 989
1638490 989
1638500 993
1638510 998
1638520 998
1638530 1003
1638540 1007
1638550 1007
1638560 1012
1638570 1015
1638580 1015
1638590 1019
1638600 1022
1638610 1022
1638620 1025
1638630 1027
1638640 1027
1638650 1029
1638660 1032
1638670 1032
1638680 1034
1638690 1036
1638700 1038
1638710 1038
1638720 1040
1638730 1042
1638740 1042
1638750 1044
1638760 1046
1638770 1046
1638780 1048
1638790 1050
1638800 1050
1638810 1051
1638820 1053
1638830 1053
1638840 1055
1638850 1057
1638860 1057
1638870 1059
1638880 1060
1638890 1060
1638900 1062
1638910 1063
1638920 1063
1638930 1065
1638940 1066
1638950 1066
1638960 1067
1638970 1067
1638980 1067
1638990 1067
1639000 1068
1639010 1068
1639020 1068
1639030 1068
1639040 1068
1639050 1068
1639060 1068
1639070 1068
1639080 1067
1639090 1067
1639100 1067
1639110 1066
1639120 1065
1639130 1065
1639140 1064
1639150 1063
1639160 1063
1639170 1062
1639180 1060
1639190 1060
1639200 1057
1639210 1053
1639220 1050
1639230 1050
1639240 1046
1639250 1041
1639260 1041
1639270 1036
1639280 1031
1639290 1031
1639300 1025
1639310 1018
1639320 1018
1639330 1012
1639340 1006
1639350 1006
1639360 1000
1639370 994
1639380 994
1639390 989
1639400 984
1639410 984
1639420 978
1639430 974
1639440 974
1639450 969
1639460 963
1639470 963
1639480 956
1639490 950
1639500 950
1639510 943
1639520 936
1639530 936
1639540 929
1639550 924
1639560 924
1639570 917
1639580 912
1639590 912
1639600 907
1639610 903
1639620 903
1639630 898
1639640 893
1639650 893
1639660 888
1639670 883
1639680 883
1639690 879
1639700 875
1639710 875
1639720 871
1639730 868
1639740 868
1639750 865
1639760 862
1639770 859
1639780 859
1639790 856
1639800 852
1639810 852
1639820 849
1639830 845
1639840 845
1639850 841
1639860 838
1639870 838
1639880 835
1639890 831
1639900 831
1639910 827
1639920 823
1639930 823
1639940 818
1639950 812
1639960 812
1639970 806
1639980 801
1639990 801
