1620000 1056
1620010 1059
1620020 1063
1620030 1063
1620040 1067
1620050 1071
1620060 1071
1620070 1076
1620080 1080
1620090 1080
1620100 1086
1620110 1094
1620120 1094
1620130 1100
1620140 1107
1620150 1107
1620160 1114
1620170 1123
1620180 1123
1620190 1131
1620200 1138
1620210 1138
1620220 1143
1620230 1147
1620240 1147
1620250 1152
1620260 1158
1620270 1158
1620280 1163
1620290 1168
1620300 1168
1620310 1171
1620320 1175
1620330 1175
1620340 1181
1620350 1189
1620360 1189
1620370 1196
1620380 1205
1620390 1205
1620400 1214
1620410 1221
1620420 1221
1620430 1227
1620440 1232
1620450 1232
1620460 1239
1620470 1245
1620480 1245
1620490 1251
1620500 1258
1620510 1263
1620520 1263
1620530 1267
1620540 1273
1620550 1273
1620560 1279
1620570 1285
1620580 1285
1620590 1290
1620600 1295
1620610 1295
1620620 1299
1620630 1302
1620640 1302
1620650 1307
1620660 1316
1620670 1316
1620680 1327
1620690 1333
1620700 1333
1620710 1336
1620720 1342
1620730 1342
1620740 1353
1620750 1360
1620760 1360
1620770 1362
1620780 1358
1620790 1358
1620800 1352
1620810 1348
1620820 1348
1620830 1342
1620840 1336
1620850 1336
1620860 1332
1620870 1330
1620880 1330
1620890 1327
1620900 1322
1620910 1322
1620920 1319
1620930 1315
1620940 1315
1620950 1313
1620960 1315
1620970 1315
1620980 1317
1620990 1314
1621000 1314
1621010 1308
1621020 1301
1621030 1301
1621040 1293
1621050 1287
1621060 1281
1621070 1281
1621080 1275
1621090 1268
1621100 1268
1621110 1261
1621120 1252
1621130 1252
1621140 1244
1621150 1237
1621160 1237
1621170 1231
1621180 1224
1621190 1224
1621200 1215
1621210 1206
1621220 1206
1621230 1199
1621240 1192
1621250 1192
1621260 1185
1621270 1178
1621280 1178
1621290 1171
1621300 1166
1621310 1166
1621320 1161
1621330 1156
1621340 1156
1621350 1150
1621360 1143
1621370 1143
1621380 1136
1621390 1129
1621400 1129
1621410 1124
1621420 1119
1621430 1119
1621440 1114
1621450 1108
1621460 1108
1621470 1102
1621480 1098
1621490 1098
1621500 1097
1621510 1098
1621520 1098
1621530 1096
1621540 1091
1621550 1091
1621560 1085
1621570 1079
1621580 1079
1621590 1074
1621600 1070
1621610 1070
1621620 1067
1621630 1064
1621640 1062
1621650 1062
1621660 1060
1621670 1059
1621680 1059
1621690 1060
1621700 1061
1621710 1061
1621720 1060
1621730 1055
1621740 1055
1621750 1049
1621760 1044
1621770 1044
1621780 1040
1621790 1036
1621800 1036
1621810 1033
1621820 1031
1621830 1031
1621840 1028
1621850 1025
1621860 1025
1621870 1021
1621880 1017
1621890 1017
1621900 1014
1621910 1013
1621920 1013
1621930 1014
1621940 1015
1621950 1015
1621960 1016
1621970 1017
1621980 1017
1621990 1018
1622000 1017
1622010 1017
1622020 1016
1622030 1015
1622040 1015
1622050 1012
1622060 1009
1622070 1009
1622080 1005
1622090 999
1622100 999
1622110 994
1622120 989
1622130 989
1622140 985
1622150 983
1622160 983
1622170 981
1622180 978
1622190 975
1622200 975
1622210 972
1622220 967
1622230 967
1622240 961
1622250 955
1622260 955
1622270 951
1622280 947
1622290 947
1622300 943
1622310 938
1622320 938
1622330 933
1622340 928
1622350 928
1622360 924
1622370 921
1622380 921
1622390 918
1622400 916
1622410 916
1622420 915
1622430 912
1622440 912
1622450 909
1622460 905
1622470 905
1622480 898
1622490 890
1622500 890
1622510 884
1622520 880
1622530 880
1622540 875
1622550 873
1622560 873
1622570 870
1622580 868
1622590 868
1622600 866
1622610 863
1622620 863
1622630 861
1622640 860
1622650 860
1622660 858
1622670 856
1622680 856
1622690 855
1622700 855
1622710 855
1622720 853
1622730 853
1622740 853
1622750 853
1622760 852
1622770 850
1622780 850
1622790 847
1622800 845
1622810 845
1622820 843
1622830 842
1622840 842
1622850 843
1622860 844
1622870 844
1622880 844
1622890 844
1622900 844
1622910 844
1622920 844
1622930 844
1622940 843
1622950 842
1622960 842
1622970 841
1622980 841
1622990 841
1623000 840
1623010 839
1623020 839
1623030 838
1623040 836
1623050 836
1623060 835
1623070 835
1623080 835
1623090 835
1623100 836
1623110 836
1623120 837
1623130 837
1623140 837
1623150 836
1623160 836
1623170 836
1623180 836
1623190 836
1623200 836
1623210 834
1623220 832
1623230 832
1623240 829
1623250 826
1623260 826
1623270 823
1623280 820
1623290 820
1623300 818
1623310 817
1623320 816
1623330 816
1623340 815
1623350 814
1623360 814
1623370 813
1623380 811
1623390 811
1623400 810
1623410 809
1623420 809
1623430 808
1623440 807
1623450 807
1623460 807
1623470 807
1623480 807
1623490 806
1623500 805
1623510 805
1623520 804
1623530 803
1623540 800
1623550 799
1623560 797
1623570 797
1623580 795
1623590 793
1623600 793
1623610 790
1623620 787
1623630 787
1623640 784
1623650 782
1623660 782
1623670 779
1623680 777
1623690 777
1623700 774
1623710 772
1623720 772
1623730 769
1623740 767
1623750 767
1623760 765
1623770 763
1623780 763
1623790 762
1623800 762
1623810 762
1623820 761
1623830 761
1623840 761
1623850 761
1623860 761
1623870 761
1623880 761
1623890 761
1623900 761
1623910 761
1623920 762
1623930 761
1623940 761
1623950 760
1623960 759
1623970 759
1623980 758
1623990 757
1624000 757
1624010 756
1624020 756
1624030 756
1624040 755
1624050 754
1624060 754
1624070 753
1624080 752
1624090 752
1624100 751
1624110 749
1624120 749
1624130 748
1624140 747
1624150 747
1624160 747
1624170 746
1624180 746
1624190 746
1624200 745
1624210 745
1624220 745
1624230 743
1624240 743
1624250 742
1624260 743
1624270 743
1624280 742
1624290 741
1624300 741
1624310 740
1624320 738
1624330 738
1624340 736
1624350 735
1624360 735
1624370 735
1624380 735
1624390 735
1624400 734
1624410 732
1624420 732
1624430 732
1624440 733
1624450 733
1624460 727
1624470 726
1624480 725
1624490 725
1624500 724
1624510 723
1624520 723
1624530 723
1624540 723
1624550 723
1624560 722
1624570 720
1624580 720
1624590 718
1624600 715
1624610 715
1624620 713
1624630 711
1624640 711
1624650 709
1624660 706
1624670 706
1624680 704
1624690 703
1624700 703
1624710 702
1624720 701
1624730 701
1624740 700
1624750 699
1624760 699
1624770 698
1624780 697
1624790 697
1624800 696
1624810 696
1624820 696
1624830 696
1624840 697
1624850 697
1624860 696
1624870 696
1624880 696
1624890 695
1624900 695
1624910 695
1624920 695
1624930 695
1624940 695
1624950 696
1624960 696
1624970 696
1624980 696
1624990 696
1625000 696
1625010 696
1625020 694
1625030 693
1625040 693
1625050 691
1625060 689
1625070 689
1625080 686
1625090 684
1625100 684
1625110 682
1625120 680
1625130 680
1625140 678
1625150 675
1625160 675
1625170 672
1625180 671
1625190 671
1625200 670
1625210 668
1625220 668
1625230 665
1625240 661
1625250 661
1625260 656
1625270 649
1625280 649
1625290 640
1625300 623
1625310 623
1625320 599
1625330 580
1625340 580
1625350 571
1625360 567
1625370 567
1625380 563
1625390 563
1625400 563
1625410 568
1625420 576
1625430 576
1625440 584
1625450 593
1625460 593
1625470 599
1625480 603
1625490 603
1625500 607
1625510 611
1625520 611
1625530 617
1625540 623
1625550 629
1625560 629
1625570 634
1625580 640
1625590 640
1625600 645
1625610 650
1625620 650
1625630 655
1625640 661
1625650 661
1625660 667
1625670 673
1625680 673
1625690 681
1625700 690
1625710 690
1625720 698
1625730 707
1625740 707
1625750 721
1625760 735
1625770 735
1625780 745
1625790 754
1625800 754
1625810 763
1625820 774
1625830 774
1625840 785
1625850 791
1625860 791
1625870 791
1625880 787
1625890 787
1625900 784
1625910 782
1625920 782
1625930 780
1625940 779
1625950 779
1625960 778
1625970 777
1625980 777
1625990 776
1626000 774
1626010 774
1626020 773
1626030 770
1626040 770
1626050 764
1626060 759
1626070 759
1626080 755
1626090 752
1626100 751
1626110 751
1626120 753
1626130 756
1626140 756
1626150 757
1626160 758
1626170 758
1626180 759
1626190 760
1626200 760
1626210 763
1626220 765
1626230 765
1626240 767
1626250 768
1626260 768
1626270 769
1626280 771
1626290 767
1626300 769
1626310 770
1626320 770
1626330 771
1626340 772
1626350 772
1626360 774
1626370 775
1626380 775
1626390 776
1626400 777
1626410 777
1626420 778
1626430 778
1626440 778
1626450 777
1626460 778
1626470 778
1626480 778
1626490 779
1626500 779
1626510 781
1626520 782
1626530 782
1626540 784
1626550 786
1626560 786
1626570 789
1626580 793
1626590 793
1626600 796
1626610 800
1626620 800
1626630 803
1626640 806
1626650 806
1626660 809
1626670 812
1626680 815
1626690 815
1626700 817
1626710 820
1626720 820
1626730 822
1626740 824
1626750 824
1626760 826
1626770 828
1626780 828
1626790 832
1626800 837
1626810 837
1626820 842
1626830 842
1626840 842
1626850 841
1626860 839
1626870 839
1626880 837
1626890 832
1626900 832
1626910 826
1626920 821
1626930 821
1626940 816
1626950 810
1626960 810
1626970 805
1626980 801
1626990 801
1627000 799
1627010 797
1627020 797
1627030 794
1627040 791
1627050 791
1627060 788
1627070 786
1627080 786
1627090 783
1627100 780
1627110 780
1627120 777
1627130 773
1627140 773
1627150 770
1627160 766
1627170 766
1627180 763
1627190 762
1627200 762
1627210 759
1627220 756
1627230 753
1627240 753
1627250 750
1627260 748
1627270 748
1627280 745
1627290 743
1627300 743
1627310 742
1627320 740
1627330 740
1627340 738
1627350 736
1627360 736
1627370 733
1627380 731
1627390 731
1627400 728
1627410 724
1627420 724
1627430 721
1627440 718
1627450 718
1627460 714
1627470 712
1627480 712
1627490 711
1627500 712
1627510 712
1627520 712
1627530 711
1627540 711
1627550 709
1627560 707
1627570 707
1627580 705
1627590 702
1627600 702
1627610 700
1627620 698
1627630 698
1627640 695
1627650 693
1627660 693
1627670 691
1627680 689
1627690 689
1627700 687
1627710 686
1627720 686
1627730 684
1627740 683
1627750 683
1627760 682
1627770 680
1627780 677
1627790 677
1627800 672
1627810 667
1627820 667
1627830 661
1627840 656
1627850 656
1627860 650
1627870 645
1627880 645
1627890 641
1627900 634
1627910 634
1627920 628
1627930 624
1627940 624
1627950 622
1627960 620
1627970 620
1627980 618
1627990 615
1628000 615
1628010 611
1628020 606
1628030 606
1628040 602
1628050 598
1628060 598
1628070 594
1628080 591
1628090 595
1628100 592
1628110 589
1628120 589
1628130 585
1628140 582
1628150 582
1628160 579
1628170 576
1628180 576
1628190 573
1628200 570
1628210 570
1628220 568
1628230 565
1628240 565
1628250 564
1628260 563
1628270 563
1628280 563
1628290 561
1628300 561
1628310 560
1628320 558
1628330 558
1628340 557
1628350 556
1628360 554
1628370 554
1628380 553
1628390 551
1628400 551
1628410 549
1628420 547
1628430 547
1628440 545
1628450 542
1628460 542
1628470 539
1628480 536
1628490 536
1628500 534
1628510 531
1628520 531
1628530 529
1628540 526
1628550 526
1628560 524
1628570 521
1628580 521
1628590 519
1628600 516
1628610 516
1628620 513
1628630 509
1628640 509
1628650 506
1628660 502
1628670 502
1628680 499
1628690 496
1628700 496
1628710 493
1628720 491
1628730 491
1628740 489
1628750 487
1628760 487
1628770 485
1628780 485
1628790 485
1628800 484
1628810 483
1628820 483
1628830 480
1628840 478
1628850 478
1628860 476
1628870 473
1628880 473
1628890 470
1628900 467
1628910 463
1628920 463
1628930 460
1628940 458
1628950 458
1628960 456
1628970 454
1628980 455
1628990 454
1629000 452
1629010 452
1629020 451
1629030 450
1629040 450
1629050 450
1629060 450
1629070 450
1629080 449
1629090 449
1629100 449
1629110 449
1629120 448
1629130 448
1629140 448
1629150 448
1629160 448
1629170 447
1629180 447
1629190 447
1629200 447
1629210 447
1629220 447
1629230 446
1629240 444
1629250 444
1629260 442
1629270 442
1629280 442
1629290 443
1629300 445
1629310 445
1629320 444
1629330 444
1629340 444
1629350 443
1629360 443
1629370 443
1629380 443
1629390 443
1629400 443
1629410 443
1629420 443
1629430 443
1629440 443
1629450 442
1629460 442
1629470 442
1629480 442
1629490 441
1629500 441
1629510 441
1629520 441
1629530 441
1629540 440
1629550 440
1629560 440
1629570 440
1629580 440
1629590 440
1629600 439
1629610 439
1629620 439
1629630 439
1629640 439
1629650 439
1629660 438
1629670 438
1629680 438
1629690 438
1629700 438
1629710 438
1629720 438
1629730 437
1629740 437
1629750 437
1629760 437
1629770 437
1629780 437
1629790 436
1629800 436
1629810 436
1629820 435
1629830 435
1629840 434
1629850 434
1629860 434
1629870 433
1629880 433
1629890 433
1629900 432
1629910 429
1629920 429
1629930 426
1629940 426
1629950 426
1629960 422
1629970 417
1629980 417
1629990 410
1630000 401
1630010 401
1630020 395
1630030 390
1630040 388
1630050 388
1630060 388
1630070 388
1630080 388
1630090 388
1630100 388
1630110 388
1630120 389
1630130 391
1630140 391
1630150 395
1630160 401
1630170 401
1630180 408
1630190 414
1630200 414
1630210 419
1630220 423
1630230 423
1630240 425
1630250 425
1630260 425
1630270 425
1630280 424
1630290 424
1630300 424
1630310 424
1630320 424
1630330 425
1630340 426
1630350 426
1630360 428
1630370 428
1630380 428
1630390 428
1630400 430
1630410 430
1630420 434
1630430 437
1630440 437
1630450 440
1630460 444
1630470 444
1630480 447
1630490 450
1630500 450
1630510 453
1630520 456
1630530 456
1630540 460
1630550 464
1630560 464
1630570 467
1630580 471
1630590 475
1630600 475
1630610 479
1630620 483
1630630 483
1630640 487
1630650 491
1630660 491
1630670 495
1630680 499
1630690 499
1630700 504
1630710 509
1630720 509
1630730 513
1630740 518
1630750 521
1630760 528
1630770 534
1630780 534
1630790 541
1630800 547
1630810 547
1630820 554
1630830 561
1630840 561
1630850 567
1630860 572
1630870 572
1630880 577
1630890 582
1630900 582
1630910 589
1630920 596
1630930 596
1630940 604
1630950 612
1630960 612
1630970 620
1630980 629
1630990 629
1631000 634
1631010 641
1631020 641
1631030 650
1631040 657
1631050 657
1631060 665
1631070 672
1631080 672
1631090 681
1631100 691
1631110 691
1631120 701
1631130 709
1631140 716
1631150 716
1631160 722
1631170 727
1631180 727
1631190 732
1631200 738
1631210 738
1631220 744
1631230 750
1631240 750
1631250 757
1631260 764
1631270 764
1631280 771
1631290 779
1631300 779
1631310 787
1631320 794
1631330 794
1631340 803
1631350 811
1631360 811
1631370 819
1631380 826
1631390 826
1631400 832
1631410 839
1631420 839
1631430 846
1631440 854
1631450 854
1631460 861
1631470 870
1631480 870
1631490 881
1631500 889
1631510 889
1631520 892
1631530 900
1631540 900
1631550 909
1631560 916
1631570 916
1631580 923
1631590 931
1631600 931
1631610 939
1631620 947
1631630 947
1631640 954
1631650 959
1631660 959
1631670 964
1631680 968
1631690 968
1631700 971
1631710 971
1631720 970
1631730 970
1631740 970
1631750 970
1631760 970
1631770 970
1631780 970
1631790 970
1631800 968
1631810 964
1631820 964
1631830 960
1631840 956
1631850 956
1631860 954
1631870 952
1631880 952
1631890 951
1631900 950
1631910 950
1631920 949
1631930 948
1631940 948
1631950 946
1631960 944
1631970 944
1631980 942
1631990 938
1632000 938
1632010 934
1632020 929
1632030 929
1632040 924
1632050 917
1632060 917
1632070 912
1632080 906
1632090 906
1632100 900
1632110 895
1632120 895
1632130 890
1632140 885
1632150 885
1632160 879
1632170 874
1632180 874
1632190 868
1632200 863
1632210 863
1632220 858
1632230 852
1632240 852
1632250 845
1632260 837
1632270 831
1632280 831
1632290 823
1632300 814
1632310 814
1632320 804
1632330 797
1632340 797
1632350 790
1632360 784
1632370 784
1632380 777
1632390 769
1632400 769
1632410 761
1632420 752
1632430 752
1632440 746
1632450 747
1632460 747
1632470 751
1632480 755
1632490 755
1632500 766
1632510 770
1632520 770
1632530 775
1632540 779
1632550 779
1632560 780
1632570 775
1632580 775
1632590 766
1632600 758
1632610 758
1632620 750
1632630 741
1632640 741
1632650 732
1632660 730
1632670 730
1632680 734
1632690 738
1632700 738
1632710 741
1632720 739
1632730 739
1632740 735
1632750 732
1632760 732
1632770 729
1632780 728
1632790 728
1632800 728
1632810 730
1632820 733
1632830 733
1632840 736
1632850 739
1632860 739
1632870 744
1632880 746
1632890 746
1632900 743
1632910 737
1632920 737
1632930 729
1632940 723
1632950 723
1632960 718
1632970 716
1632980 716
1632990 715
1633000 715
1633010 715
1633020 716
1633030 718
1633040 718
1633050 721
1633060 726
1633070 726
1633080 733
1633090 740
1633100 740
1633110 745
1633120 748
1633130 748
1633140 749
1633150 748
1633160 748
1633170 745
1633180 742
1633190 742
1633200 741
1633210 738
1633220 738
1633230 733
1633240 727
1633250 727
1633260 722
1633270 719
1633280 719
1633290 714
1633300 708
1633310 708
1633320 702
1633330 698
1633340 698
1633350 694
1633360 691
1633370 698
1633380 693
1633390 690
1633400 688
1633410 688
1633420 686
1633430 686
1633440 686
1633450 687
1633460 689
1633470 689
1633480 692
1633490 695
1633500 695
1633510 697
1633520 697
1633530 697
1633540 698
1633550 700
1633560 700
1633570 706
1633580 714
1633590 714
1633600 720
1633610 726
1633620 726
1633630 731
1633640 736
1633650 736
1633660 742
1633670 747
1633680 747
1633690 752
1633700 757
1633710 757
1633720 763
1633730 768
1633740 768
1633750 773
1633760 778
1633770 778
1633780 782
1633790 785
1633800 785
1633810 788
1633820 791
1633830 791
1633840 796
1633850 801
1633860 801
1633870 806
1633880 811
1633890 811
1633900 817
1633910 822
1633920 822
1633930 828
1633940 834
1633950 840
1633960 840
1633970 847
1633980 853
1633990 853
1634000 859
1634010 865
1634020 865
1634030 870
1634040 876
1634050 876
1634060 882
1634070 889
1634080 889
1634090 895
1634100 901
1634110 901
1634120 907
1634130 913
1634140 913
1634150 918
1634160 923
1634170 923
1634180 928
1634190 933
1634200 933
1634210 937
1634220 940
1634230 941
1634240 941
1634250 938
1634260 938
1634270 933
1634280 926
1634290 926
1634300 919
1634310 912
1634320 912
1634330 907
1634340 904
1634350 904
1634360 902
1634370 901
1634380 901
1634390 899
1634400 898
1634410 898
1634420 896
1634430 893
1634440 893
1634450 890
1634460 886
1634470 886
1634480 881
1634490 876
1634500 868
1634510 868
1634520 856
1634530 846
1634540 846
1634550 837
1634560 829
1634570 829
1634580 820
1634590 812
1634600 812
1634610 804
1634620 796
1634630 796
1634640 788
1634650 780
1634660 780
1634670 774
1634680 768
1634690 768
1634700 762
1634710 755
1634720 755
1634730 750
1634740 747
1634750 747
1634760 743
1634770 739
1634780 739
1634790 734
1634800 729
1634810 729
1634820 724
1634830 719
1634840 719
1634850 715
1634860 710
1634870 710
1634880 706
1634890 701
1634900 701
1634910 695
1634920 689
1634930 689
1634940 685
1634950 684
1634960 684
1634970 687
1634980 689
1634990 689
1635000 689
1635010 689
1635020 689
1635030 691
1635040 693
1635050 693
1635060 695
1635070 697
1635080 699
1635090 694
1635100 697
1635110 700
1635120 700
1635130 702
1635140 706
1635150 706
1635160 710
1635170 714
1635180 714
1635190 718
1635200 721
1635210 721
1635220 724
1635230 728
1635240 728
1635250 732
1635260 735
1635270 735
1635280 738
1635290 739
1635300 739
1635310 736
1635320 734
1635330 734
1635340 733
1635350 732
1635360 732
1635370 729
1635380 722
1635390 722
1635400 717
1635410 712
1635420 712
1635430 706
1635440 703
1635450 703
1635460 707
1635470 714
1635480 714
1635490 722
1635500 728
1635510 728
1635520 734
1635530 740
1635540 740
1635550 746
1635560 753
1635570 753
1635580 759
1635590 765
1635600 765
1635610 771
1635620 778
1635630 784
1635640 784
1635650 790
1635660 796
1635670 796
1635680 802
1635690 808
1635700 808
1635710 815
1635720 821
1635730 821
1635740 828
1635750 834
1635760 834
1635770 840
1635780 846
1635790 846
1635800 852
1635810 858
1635820 858
1635830 865
1635840 871
1635850 871
1635860 877
1635870 883
1635880 883
1635890 889
1635900 895
1635910 895
1635920 901
1635930 906
1635940 903
1635950 909
1635960 915
1635970 915
1635980 920
1635990 925
1636000 925
1636010 931
1636020 936
1636030 936
1636040 941
1636050 946
1636060 946
1636070 951
1636080 956
1636090 956
1636100 961
1636110 966
1636120 966
1636130 971
1636140 976
1636150 976
1636160 981
1636170 986
1636180 991
1636190 991
1636200 996
1636210 1000
1636220 1000
1636230 1005
1636240 1009
1636250 1009
1636260 1012
1636270 1015
1636280 1015
1636290 1017
1636300 1014
1636310 1014
1636320 1007
1636330 1000
1636340 1000
1636350 993
1636360 987
1636370 987
1636380 979
1636390 972
1636400 972
1636410 965
1636420 958
1636430 958
1636440 951
1636450 944
1636460 944
1636470 937
1636480 930
1636490 930
1636500 923
1636510 917
1636520 917
1636530 910
1636540 904
1636550 904
1636560 901
1636570 900
1636580 900
1636590 901
1636600 900
1636610 900
1636620 900
1636630 898
1636640 898
1636650 897
1636660 895
1636670 895
1636680 895
1636690 894
1636700 894
1636710 893
1636720 890
1636730 890
1636740 888
1636750 884
1636760 879
1636770 879
1636780 876
1636790 865
1636800 865
1636810 861
1636820 854
1636830 854
1636840 848
1636850 842
1636860 842
1636870 838
1636880 834
1636890 834
1636900 827
1636910 821
1636920 821
1636930 814
1636940 809
1636950 809
1636960 808
1636970 814
1636980 814
1636990 823
1637000 832
1637010 832
1637020 839
1637030 847
1637040 847
1637050 855
1637060 864
1637070 864
1637080 872
1637090 878
1637100 878
1637110 884
1637120 889
1637130 889
1637140 896
1637150 903
1637160 903
1637170 910
1637180 916
1637190 916
1637200 923
1637210 930
1637220 930
1637230 936
1637240 943
1637250 943
1637260 949
1637270 956
1637280 956
1637290 962
1637300 969
1637310 976
1637320 976
1637330 982
1637340 988
1637350 988
1637360 995
1637370 1001
1637380 1001
1637390 1008
1637400 1014
1637410 1014
1637420 1021
1637430 1027
1637440 1027
1637450 1034
1637460 1041
1637470 1041
1637480 1048
1637490 1056
1637500 1056
1637510 1064
1637520 1073
1637530 1073
1637540 1079
1637550 1084
1637560 1084
1637570 1088
1637580 1085
1637590 1085
1637600 1081
1637610 1077
1637620 1077
1637630 1061
1637640 1056
1637650 1056
1637660 1050
1637670 1044
1637680 1044
1637690 1039
1637700 1034
1637710 1034
1637720 1029
1637730 1023
1637740 1023
1637750 1019
1637760 1015
1637770 1015
1637780 1013
1637790 1012
1637800 1012
1637810 1011
1637820 1007
1637830 1007
1637840 1004
1637850 1001
1637860 994
1637870 994
1637880 986
1637890 982
1637900 982
1637910 979
1637920 977
1637930 977
1637940 976
1637950 971
1637960 971
1637970 966
1637980 963
1637990 963
1638000 962
1638010 962
1638020 962
1638030 960
1638040 960
1638050 960
1638060 959
1638070 957
1638080 957
1638090 953
1638100 947
1638110 947
1638120 941
1638130 933
1638140 933
1638150 934
1638160 937
1638170 937
1638180 937
1638190 935
1638200 935
1638210 933
1638220 930
1638230 930
1638240 928
1638250 927
1638260 927
1638270 925
1638280 921
1638290 921
1638300 919
1638310 917
1638320 917
1638330 916
1638340 922
1638350 922
1638360 931
1638370 938
1638380 938
1638390 945
1638400 952
1638410 952
1638420 960
1638430 967
1638440 975
1638450 975
1638460 980
1638470 990
1638480 990
1638490 993
1638500 996
1638510 996
1638520 999
1638530 1001
1638540 1001
1638550 1004
1638560 1006
1638570 1006
1638580 1009
1638590 1010
1638600 1010
1638610 1013
1638620 1014
1638630 1014
1638640 1015
1638650 1015
1638660 1015
1638670 1016
1638680 1017
1638690 1017
1638700 1019
1638710 1024
1638720 1024
1638730 1028
1638740 1033
1638750 1033
1638760 1038
1638770 1043
1638780 1043
1638790 1050
1638800 1057
1638810 1057
1638820 1063
1638830 1069
1638840 1069
1638850 1074
1638860 1079
1638870 1079
1638880 1084
1638890 1089
1638900 1089
1638910 1094
1638920 1099
1638930 1099
1638940 1104
1638950 1108
1638960 1108
1638970 1112
1638980 1114
1638990 1116
1639000 1116
1639010 1119
1639020 1124
1639030 1124
1639040 1130
1639050 1136
1639060 1136
1639070 1141
1639080 1147
1639090 1147
1639100 1151
1639110 1156
1639120 1156
1639130 1160
1639140 1164
1639150 1164
1639160 1167
1639170 1171
1639180 1171
1639190 1174
1639200 1176
1639210 1176
1639220 1178
1639230 1179
1639240 1179
1639250 1179
1639260 1179
1639270 1179
1639280 1180
1639290 1181
1639300 1178
1639310 1179
1639320 1182
1639330 1182
1639340 1185
1639350 1192
1639360 1192
1639370 1200
1639380 1207
1639390 1207
1639400 1213
1639410 1219
1639420 1219
1639430 1225
1639440 1231
1639450 1231
1639460 1237
1639470 1244
1639480 1244
1639490 1250
1639500 1257
1639510 1257
1639520 1263
1639530 1270
1639540 1270
1639550 1277
1639560 1283
1639570 1290
1639580 1290
1639590 1297
1639600 1304
1639610 1304
1639620 1311
1639630 1318
1639640 1318
1639650 1324
1639660 1331
1639670 1331
1639680 1336
1639690 1343
1639700 1343
1639710 1349
1639720 1355
1639730 1355
1639740 1361
1639750 1366
1639760 1366
1639770 1371
1639780 1376
1639790 1376
1639800 1380
1639810 1384
1639820 1384
1639830 1386
1639840 1388
1639850 1388
1639860 1387
1639870 1385
1639880 1385
1639890 1383
1639900 1380
1639910 1380
1639920 1375
1639930 1369
1639940 1369
1639950 1363
1639960 1357
1639970 1357
1639980 1351
1639990 1345
