1620000 1244
1620010 1244
1620020 1250
1620030 1256
1620040 1256
1620050 1263
1620060 1269
1620070 1269
1620080 1276
1620090 1285
1620100 1285
1620110 1298
1620120 1308
1620130 1308
1620140 1313
1620150 1314
1620160 1314
1620170 1316
1620180 1319
1620190 1319
1620200 1322
1620210 1325
1620220 1325
1620230 1328
1620240 1331
1620250 1331
1620260 1334
1620270 1337
1620280 1337
1620290 1340
1620300 1342
1620310 1342
1620320 1346
1620330 1350
1620340 1350
1620350 1354
1620360 1357
1620370 1357
1620380 1360
1620390 1362
1620400 1365
1620410 1365
1620420 1370
1620430 1375
1620440 1375
1620450 1382
1620460 1388
1620470 1388
1620480 1393
1620490 1398
1620500 1398
1620510 1404
1620520 1412
1620530 1413
1620540 1420
1620550 1430
1620560 1430
1620570 1441
1620580 1450
1620590 1450
1620600 1459
1620610 1458
1620620 1458
1620630 1447
1620640 1437
1620650 1437
1620660 1428
1620670 1418
1620680 1418
1620690 1405
1620700 1396
1620710 1396
1620720 1386
1620730 1376
1620740 1376
1620750 1363
1620760 1352
1620770 1352
1620780 1341
1620790 1330
1620800 1330
1620810 1321
1620820 1312
1620830 1312
1620840 1304
1620850 1297
1620860 1297
1620870 1290
1620880 1284
1620890 1284
1620900 1277
1620910 1271
1620920 1271
1620930 1264
1620940 1258
1620950 1258
1620960 1252
1620970 1246
1620980 1240
1620990 1240
1621000 1234
1621010 1229
1621020 1229
1621030 1223
1621040 1217
1621050 1217
1621060 1211
1621070 1204
1621080 1204
1621090 1197
1621100 1191
1621110 1191
1621120 1185
1621130 1179
1621140 1179
1621150 1174
1621160 1168
1621170 1168
1621180 1162
1621190 1157
1621200 1157
1621210 1152
1621220 1147
1621230 1147
1621240 1142
1621250 1138
1621260 1138
1621270 1133
1621280 1129
1621290 1129
1621300 1125
1621310 1120
1621320 1120
1621330 1116
1621340 1113
1621350 1113
1621360 1110
1621370 1106
1621380 1106
1621390 1102
1621400 1099
1621410 1099
1621420 1096
1621430 1094
1621440 1094
1621450 1092
1621460 1089
1621470 1088
1621480 1086
1621490 1081
1621500 1081
1621510 1075
1621520 1068
1621530 1061
1621540 1061
1621550 1055
1621560 1050
1621570 1050
1621580 1045
1621590 1040
1621600 1040
1621610 1037
1621620 1033
1621630 1033
1621640 1028
1621650 1024
1621660 1024
1621670 1020
1621680 1016
1621690 1016
1621700 1011
1621710 1006
1621720 1006
1621730 1001
1621740 996
1621750 996
1621760 991
1621770 986
1621780 986
1621790 981
1621800 977
1621810 977
1621820 972
1621830 967
1621840 967
1621850 963
1621860 959
1621870 959
1621880 955
1621890 952
1621900 952
1621910 950
1621920 948
1621930 948
1621940 946
1621950 943
1621960 943
1621970 939
1621980 937
1621990 937
1622000 937
1622010 939
1622020 939
1622030 939
1622040 938
1622050 938
1622060 939
1622070 944
1622080 944
1622090 948
1622100 951
1622110 953
1622120 953
1622130 955
1622140 957
1622150 957
1622160 957
1622170 957
1622180 957
1622190 958
1622200 959
1622210 959
1622220 960
1622230 960
1622240 960
1622250 961
1622260 961
1622270 961
1622280 963
1622290 964
1622300 964
1622310 966
1622320 969
1622330 969
1622340 973
1622350 979
1622360 979
1622370 985
1622380 992
1622390 992
1622400 1003
1622410 1011
1622420 1011
1622430 1020
1622440 1028
1622450 1028
1622460 1035
1622470 1042
1622480 1042
1622490 1050
1622500 1057
1622510 1057
1622520 1062
1622530 1067
1622540 1067
1622550 1072
1622560 1076
1622570 1076
1622580 1077
1622590 1078
1622600 1078
1622610 1078
1622620 1079
1622630 1079
1622640 1079
1622650 1079
1622660 1078
1622670 1078
1622680 1078
1622690 1079
1622700 1079
1622710 1079
1622720 1080
1622730 1080
1622740 1079
1622750 1077
1622760 1077
1622770 1074
1622780 1071
1622790 1071
1622800 1068
1622810 1065
1622820 1065
1622830 1063
1622840 1059
1622850 1059
1622860 1056
1622870 1054
1622880 1054
1622890 1054
1622900 1054
1622910 1054
1622920 1054
1622930 1054
1622940 1054
1622950 1053
1622960 1052
1622970 1052
1622980 1052
1622990 1051
1623000 1051
1623010 1051
1623020 1051
1623030 1051
1623040 1048
1623050 1045
1623060 1045
1623070 1041
1623080 1036
1623090 1036
1623100 1031
1623110 1028
1623120 1028
1623130 1023
1623140 1016
1623150 1016
1623160 1010
1623170 1004
1623180 1004
1623190 999
1623200 993
1623210 987
1623220 987
1623230 981
1623240 975
1623250 975
1623260 969
1623270 963
1623280 963
1623290 956
1623300 950
1623310 950
1623320 943
1623330 935
1623340 935
1623350 928
1623360 922
1623370 922
1623380 916
1623390 910
1623400 910
1623410 904
1623420 898
1623430 898
1623440 892
1623450 887
1623460 887
1623470 882
1623480 878
1623490 878
1623500 873
1623510 868
1623520 868
1623530 863
1623540 859
1623550 859
1623560 855
1623570 853
1623580 853
1623590 852
1623600 851
1623610 851
1623620 852
1623630 853
1623640 853
1623650 854
1623660 856
1623670 856
1623680 859
1623690 861
1623700 861
1623710 863
1623720 865
1623730 865
1623740 867
1623750 868
1623760 868
1623770 865
1623780 857
1623790 846
1623800 846
1623810 829
1623820 815
1623830 815
1623840 806
1623850 798
1623860 798
1623870 790
1623880 782
1623890 782
1623900 775
1623910 768
1623920 768
1623930 763
1623940 759
1623950 759
1623960 757
1623970 754
1623980 754
1623990 753
1624000 752
1624010 752
1624020 750
1624030 749
1624040 749
1624050 748
1624060 747
1624070 747
1624080 747
1624090 746
1624100 746
1624110 746
1624120 745
1624130 745
1624140 745
1624150 746
1624160 746
1624170 746
1624180 746
1624190 746
1624200 747
1624210 748
1624220 748
1624230 750
1624240 752
1624250 752
1624260 751
1624270 752
1624280 752
1624290 753
1624300 754
1624310 754
1624320 755
1624330 757
1624340 758
1624350 758
1624360 760
1624370 762
1624380 762
1624390 764
1624400 766
1624410 766
1624420 768
1624430 770
1624440 770
1624450 771
1624460 772
1624470 772
1624480 773
1624490 772
1624500 772
1624510 770
1624520 769
1624530 769
1624540 768
1624550 766
1624560 766
1624570 764
1624580 760
1624590 760
1624600 755
1624610 751
1624620 751
1624630 746
1624640 742
1624650 742
1624660 738
1624670 734
1624680 734
1624690 730
1624700 727
1624710 727
1624720 725
1624730 723
1624740 723
1624750 722
1624760 722
1624770 722
1624780 722
1624790 720
1624800 720
1624810 718
1624820 716
1624830 716
1624840 715
1624850 714
1624860 714
1624870 713
1624880 714
1624890 714
1624900 714
1624910 715
1624920 718
1624930 718
1624940 722
1624950 724
1624960 724
1624970 725
1624980 724
1624990 724
1625000 722
1625010 721
1625020 721
1625030 719
1625040 718
1625050 718
1625060 717
1625070 715
1625080 715
1625090 713
1625100 708
1625110 708
1625120 703
1625130 699
1625140 699
1625150 694
1625160 689
1625170 689
1625180 683
1625190 678
1625200 678
1625210 672
1625220 666
1625230 666
1625240 661
1625250 656
1625260 656
1625270 651
1625280 646
1625290 646
1625300 642
1625310 640
1625320 640
1625330 636
1625340 633
1625350 633
1625360 629
1625370 626
1625380 626
1625390 622
1625400 619
1625410 619
1625420 614
1625430 607
1625440 607
1625450 599
1625460 590
1625470 582
1625480 582
1625490 575
1625500 566
1625510 566
1625520 557
1625530 551
1625540 551
1625550 547
1625560 546
1625570 546
1625580 549
1625590 555
1625600 555
1625610 553
1625620 545
1625630 545
1625640 537
1625650 534
1625660 534
1625670 533
1625680 533
1625690 533
1625700 532
1625710 533
1625720 533
1625730 537
1625740 541
1625750 541
1625760 547
1625770 553
1625780 553
1625790 558
1625800 562
1625810 562
1625820 567
1625830 571
1625840 571
1625850 573
1625860 575
1625870 575
1625880 576
1625890 580
1625900 580
1625910 584
1625920 588
1625930 588
1625940 593
1625950 598
1625960 598
1625970 602
1625980 606
1625990 606
1626000 609
1626010 614
1626020 614
1626030 622
1626040 631
1626050 638
1626060 638
1626070 645
1626080 651
1626090 642
1626100 647
1626110 653
1626120 653
1626130 657
1626140 660
1626150 660
1626160 662
1626170 663
1626180 663
1626190 663
1626200 663
1626210 663
1626220 663
1626230 663
1626240 663
1626250 660
1626260 655
1626270 655
1626280 649
1626290 646
1626300 646
1626310 647
1626320 650
1626330 650
1626340 653
1626350 655
1626360 655
1626370 657
1626380 661
1626390 661
1626400 663
1626410 665
1626420 665
1626430 667
1626440 669
1626450 669
1626460 670
1626470 670
1626480 670
1626490 670
1626500 669
1626510 669
1626520 669
1626530 670
1626540 670
1626550 671
1626560 674
1626570 674
1626580 676
1626590 678
1626600 680
1626610 680
1626620 683
1626630 687
1626640 687
1626650 692
1626660 698
1626670 698
1626680 703
1626690 707
1626700 707
1626710 711
1626720 716
1626730 716
1626740 721
1626750 726
1626760 726
1626770 731
1626780 736
1626790 736
1626800 739
1626810 743
1626820 743
1626830 746
1626840 750
1626850 750
1626860 753
1626870 757
1626880 757
1626890 761
1626900 765
1626910 765
1626920 769
1626930 773
1626940 773
1626950 776
1626960 780
1626970 780
1626980 784
1626990 785
1627000 785
1627010 791
1627020 797
1627030 797
1627040 803
1627050 810
1627060 810
1627070 815
1627080 821
1627090 821
1627100 826
1627110 830
1627120 830
1627130 832
1627140 832
1627150 832
1627160 832
1627170 830
1627180 829
1627190 829
1627200 827
1627210 825
1627220 825
1627230 822
1627240 820
1627250 820
1627260 818
1627270 816
1627280 816
1627290 813
1627300 811
1627310 811
1627320 808
1627330 805
1627340 805
1627350 802
1627360 798
1627370 798
1627380 794
1627390 791
1627400 791
1627410 787
1627420 784
1627430 784
1627440 781
1627450 778
1627460 778
1627470 774
1627480 769
1627490 769
1627500 765
1627510 762
1627520 762
1627530 759
1627540 756
1627550 756
1627560 752
1627570 748
1627580 748
1627590 744
1627600 741
1627610 741
1627620 737
1627630 734
1627640 734
1627650 733
1627660 732
1627670 732
1627680 732
1627690 731
1627700 731
1627710 727
1627720 723
1627730 725
1627740 725
1627750 730
1627760 732
1627770 732
1627780 733
1627790 733
1627800 733
1627810 733
1627820 733
1627830 733
1627840 732
1627850 731
1627860 731
1627870 731
1627880 730
1627890 733
1627900 733
1627910 732
1627920 732
1627930 731
1627940 731
1627950 731
1627960 730
1627970 729
1627980 729
1627990 727
1628000 725
1628010 725
1628020 724
1628030 725
1628040 725
1628050 727
1628060 729
1628070 729
1628080 729
1628090 728
1628100 728
1628110 725
1628120 721
1628130 721
1628140 722
1628150 726
1628160 726
1628170 731
1628180 734
1628190 734
1628200 735
1628210 737
1628220 737
1628230 738
1628240 737
1628250 737
1628260 735
1628270 731
1628280 726
1628290 726
1628300 723
1628310 719
1628320 719
1628330 717
1628340 715
1628350 715
1628360 712
1628370 709
1628380 709
1628390 706
1628400 702
1628410 702
1628420 698
1628430 694
1628440 694
1628450 690
1628460 687
1628470 687
1628480 683
1628490 678
1628500 678
1628510 675
1628520 671
1628530 671
1628540 667
1628550 663
1628560 663
1628570 659
1628580 654
1628590 654
1628600 650
1628610 645
1628620 645
1628630 640
1628640 636
1628650 636
1628660 633
1628670 630
1628680 630
1628690 627
1628700 624
1628710 624
1628720 620
1628730 616
1628740 616
1628750 612
1628760 607
1628770 607
1628780 601
1628790 598
1628800 598
1628810 592
1628820 585
1628830 585
1628840 579
1628850 573
1628860 568
1628870 568
1628880 563
1628890 558
1628900 558
1628910 553
1628920 547
1628930 547
1628940 541
1628950 535
1628960 535
1628970 529
1628980 523
1628990 523
1629000 518
1629010 512
1629020 512
1629030 507
1629040 502
1629050 502
1629060 498
1629070 494
1629080 494
1629090 490
1629100 487
1629110 487
1629120 484
1629130 480
1629140 480
1629150 477
1629160 474
1629170 474
1629180 471
1629190 468
1629200 468
1629210 466
1629220 463
1629230 463
1629240 460
1629250 455
1629260 455
1629270 450
1629280 445
1629290 445
1629300 442
1629310 439
1629320 439
1629330 438
1629340 437
1629350 437
1629360 437
1629370 437
1629380 437
1629390 437
1629400 436
1629410 436
1629420 436
1629430 436
1629440 436
1629450 436
1629460 437
1629470 437
1629480 437
1629490 438
1629500 438
1629510 438
1629520 439
1629530 439
1629540 439
1629550 439
1629560 439
1629570 439
1629580 439
1629590 438
1629600 438
1629610 438
1629620 438
1629630 438
1629640 438
1629650 438
1629660 438
1629670 438
1629680 438
1629690 438
1629700 438
1629710 438
1629720 438
1629730 437
1629740 437
1629750 437
1629760 438
1629770 438
1629780 438
1629790 437
1629800 437
1629810 437
1629820 438
1629830 437
1629840 437
1629850 434
1629860 430
1629870 430
1629880 427
1629890 426
1629900 426
1629910 425
1629920 425
1629930 425
1629940 425
1629950 425
1629960 425
1629970 425
1629980 425
1629990 425
1630000 425
1630010 425
1630020 425
1630030 425
1630040 425
1630050 425
1630060 425
1630070 425
1630080 425
1630090 425
1630100 425
1630110 426
1630120 426
1630130 426
1630140 426
1630150 426
1630160 426
1630170 425
1630180 425
1630190 419
1630200 409
1630210 409
1630220 401
1630230 398
1630240 398
1630250 395
1630260 389
1630270 389
1630280 388
1630290 388
1630300 388
1630310 388
1630320 388
1630330 388
1630340 388
1630350 388
1630360 388
1630370 390
1630380 395
1630390 395
1630400 401
1630410 407
1630420 407
1630430 412
1630440 418
1630450 418
1630460 423
1630470 424
1630480 424
1630490 426
1630500 431
1630510 431
1630520 436
1630530 441
1630540 446
1630550 446
1630560 451
1630570 455
1630580 455
1630590 461
1630600 466
1630610 466
1630620 471
1630630 476
1630640 476
1630650 480
1630660 485
1630670 485
1630680 489
1630690 490
1630700 490
1630710 492
1630720 498
1630730 498
1630740 506
1630750 512
1630760 512
1630770 518
1630780 524
1630790 524
1630800 529
1630810 535
1630820 535
1630830 539
1630840 544
1630850 544
1630860 549
1630870 554
1630880 554
1630890 559
1630900 563
1630910 563
1630920 567
1630930 572
1630940 572
1630950 577
1630960 581
1630970 581
1630980 586
1630990 596
1631000 596
1631010 608
1631020 620
1631030 620
1631040 632
1631050 642
1631060 642
1631070 650
1631080 656
1631090 656
1631100 663
1631110 669
1631120 676
1631130 676
1631140 685
1631150 695
1631160 695
1631170 702
1631180 710
1631190 710
1631200 718
1631210 725
1631220 725
1631230 733
1631240 739
1631250 739
1631260 745
1631270 752
1631280 752
1631290 761
1631300 774
1631310 774
1631320 785
1631330 793
1631340 793
1631350 801
1631360 809
1631370 809
1631380 818
1631390 826
1631400 826
1631410 831
1631420 832
1631430 832
1631440 824
1631450 826
1631460 826
1631470 830
1631480 835
1631490 835
1631500 837
1631510 839
1631520 839
1631530 839
1631540 838
1631550 838
1631560 838
1631570 839
1631580 839
1631590 840
1631600 837
1631610 837
1631620 837
1631630 843
1631640 843
1631650 851
1631660 859
1631670 864
1631680 864
1631690 869
1631700 875
1631710 875
1631720 880
1631730 885
1631740 885
1631750 889
1631760 893
1631770 893
1631780 898
1631790 904
1631800 904
1631810 911
1631820 918
1631830 918
1631840 927
1631850 934
1631860 934
1631870 941
1631880 947
1631890 947
1631900 952
1631910 957
1631920 957
1631930 961
1631940 964
1631950 964
1631960 968
1631970 972
1631980 972
1631990 976
1632000 980
1632010 980
1632020 984
1632030 989
1632040 989
1632050 992
1632060 995
1632070 995
1632080 997
1632090 999
1632100 999
1632110 1002
1632120 1004
1632130 1004
1632140 1006
1632150 1007
1632160 1007
1632170 1009
1632180 1010
1632190 1010
1632200 1011
1632210 1012
1632220 1012
1632230 1012
1632240 1012
1632250 1010
1632260 1010
1632270 1008
1632280 1004
1632290 1004
1632300 1000
1632310 997
1632320 997
1632330 994
1632340 991
1632350 991
1632360 987
1632370 984
1632380 984
1632390 981
1632400 983
1632410 983
1632420 989
1632430 992
1632440 992
1632450 995
1632460 998
1632470 998
1632480 1001
1632490 1003
1632500 1003
1632510 1006
1632520 1010
1632530 1010
1632540 1015
1632550 1019
1632560 1019
1632570 1021
1632580 1020
1632590 1020
1632600 1016
1632610 1013
1632620 1013
1632630 1011
1632640 1009
1632650 1009
1632660 1007
1632670 1007
1632680 1007
1632690 1007
1632700 1006
1632710 1006
1632720 1004
1632730 1002
1632740 1002
1632750 1000
1632760 997
1632770 997
1632780 993
1632790 990
1632800 988
1632810 988
1632820 988
1632830 987
1632840 987
1632850 986
1632860 982
1632870 982
1632880 975
1632890 969
1632900 969
1632910 963
1632920 959
1632930 959
1632940 952
1632950 944
1632960 944
1632970 936
1632980 929
1632990 929
1633000 925
1633010 921
1633020 921
1633030 919
1633040 917
1633050 917
1633060 917
1633070 921
1633080 921
1633090 926
1633100 930
1633110 930
1633120 933
1633130 936
1633140 936
1633150 939
1633160 942
1633170 942
1633180 950
1633190 950
1633200 950
1633210 949
1633220 947
1633230 947
1633240 945
1633250 942
1633260 942
1633270 938
1633280 935
1633290 935
1633300 932
1633310 929
1633320 929
1633330 926
1633340 921
1633350 921
1633360 915
1633370 907
1633380 900
1633390 900
1633400 893
1633410 885
1633420 885
1633430 881
1633440 880
1633450 880
1633460 879
1633470 878
1633480 878
1633490 878
1633500 877
1633510 877
1633520 877
1633530 876
1633540 876
1633550 875
1633560 873
1633570 873
1633580 871
1633590 869
1633600 869
1633610 866
1633620 863
1633630 863
1633640 859
1633650 855
1633660 855
1633670 849
1633680 843
1633690 843
1633700 837
1633710 831
1633720 831
1633730 826
1633740 822
1633750 822
1633760 819
1633770 815
1633780 815
1633790 811
1633800 809
1633810 809
1633820 808
1633830 807
1633840 807
1633850 806
1633860 808
1633870 808
1633880 811
1633890 813
1633900 813
1633910 816
1633920 819
1633930 823
1633940 823
1633950 828
1633960 832
1633970 832
1633980 837
1633990 842
1634000 842
1634010 848
1634020 855
1634030 855
1634040 862
1634050 868
1634060 868
1634070 874
1634080 879
1634090 879
1634100 885
1634110 891
1634120 891
1634130 897
1634140 902
1634150 902
1634160 906
1634170 910
1634180 910
1634190 914
1634200 917
1634210 917
1634220 919
1634230 922
1634240 922
1634250 925
1634260 929
1634270 929
1634280 933
1634290 938
1634300 938
1634310 943
1634320 947
1634330 947
1634340 952
1634350 957
1634360 957
1634370 961
1634380 964
1634390 964
1634400 966
1634410 968
1634420 968
1634430 968
1634440 968
1634450 968
1634460 968
1634470 967
1634480 967
1634490 963
1634500 957
1634510 950
1634520 950
1634530 942
1634540 935
1634550 935
1634560 928
1634570 920
1634580 920
1634590 914
1634600 908
1634610 908
1634620 901
1634630 895
1634640 895
1634650 887
1634660 880
1634670 880
1634680 873
1634690 866
1634700 866
1634710 857
1634720 850
1634730 850
1634740 844
1634750 837
1634760 837
1634770 830
1634780 823
1634790 823
1634800 816
1634810 809
1634820 809
1634830 800
1634840 790
1634850 790
1634860 781
1634870 775
1634880 775
1634890 770
1634900 773
1634910 773
1634920 774
1634930 775
1634940 775
1634950 775
1634960 771
1634970 771
1634980 765
1634990 756
1635000 756
1635010 747
1635020 739
1635030 739
1635040 732
1635050 723
1635060 717
1635070 717
1635080 709
1635090 701
1635100 701
1635110 694
1635120 686
1635130 686
1635140 677
1635150 668
1635160 668
1635170 661
1635180 653
1635190 653
1635200 646
1635210 639
1635220 639
1635230 633
1635240 628
1635250 628
1635260 623
1635270 620
1635280 620
1635290 622
1635300 628
1635310 628
1635320 630
1635330 630
1635340 630
1635350 629
1635360 628
1635370 628
1635380 627
1635390 626
1635400 626
1635410 626
1635420 630
1635430 630
1635440 635
1635450 640
1635460 640
1635470 644
1635480 648
1635490 648
1635500 651
1635510 653
1635520 653
1635530 655
1635540 657
1635550 657
1635560 659
1635570 662
1635580 662
1635590 664
1635600 666
1635610 666
1635620 669
1635630 671
1635640 675
1635650 675
1635660 678
1635670 681
1635680 681
1635690 685
1635700 688
1635710 688
1635720 691
1635730 694
1635740 694
1635750 693
1635760 697
1635770 697
1635780 700
1635790 704
1635800 704
1635810 707
1635820 710
1635830 710
1635840 711
1635850 712
1635860 712
1635870 714
1635880 715
1635890 715
1635900 716
1635910 717
1635920 717
1635930 720
1635940 724
1635950 724
1635960 728
1635970 733
1635980 733
1635990 736
1636000 740
1636010 740
1636020 747
1636030 754
1636040 754
1636050 759
1636060 765
1636070 765
1636080 771
1636090 777
1636100 777
1636110 782
1636120 786
1636130 786
1636140 791
1636150 794
1636160 794
1636170 797
1636180 799
1636190 802
1636200 802
1636210 805
1636220 807
1636230 807
1636240 810
1636250 814
1636260 814
1636270 818
1636280 821
1636290 821
1636300 822
1636310 822
1636320 822
1636330 822
1636340 818
1636350 818
1636360 814
1636370 809
1636380 809
1636390 803
1636400 800
1636410 800
1636420 797
1636430 793
1636440 793
1636450 790
1636460 785
1636470 785
1636480 778
1636490 772
1636500 772
1636510 765
1636520 758
1636530 758
1636540 751
1636550 744
1636560 744
1636570 737
1636580 730
1636590 730
1636600 721
1636610 714
1636620 714
1636630 707
1636640 701
1636650 701
1636660 699
1636670 696
1636680 696
1636690 692
1636700 688
1636710 688
1636720 685
1636730 686
1636740 686
1636750 689
1636760 693
1636770 697
1636780 697
1636790 702
1636800 709
1636810 709
1636820 716
1636830 722
1636840 722
1636850 729
1636860 736
1636870 736
1636880 743
1636890 748
1636900 748
1636910 755
1636920 762
1636930 762
1636940 769
1636950 776
1636960 776
1636970 783
1636980 789
1636990 789
1637000 795
1637010 802
1637020 802
1637030 810
1637040 817
1637050 817
1637060 825
1637070 832
1637080 832
1637090 839
1637100 846
1637110 846
1637120 853
1637130 859
1637140 859
1637150 866
1637160 873
1637170 873
1637180 880
1637190 886
1637200 886
1637210 892
1637220 897
1637230 897
1637240 900
1637250 899
1637260 899
1637270 896
1637280 893
1637290 893
1637300 891
1637310 888
1637320 886
1637330 886
1637340 885
1637350 883
1637360 883
1637370 881
1637380 879
1637390 879
1637400 877
1637410 874
1637420 874
1637430 873
1637440 865
1637450 865
1637460 865
1637470 864
1637480 864
1637490 864
1637500 863
1637510 863
1637520 862
1637530 860
1637540 860
1637550 857
1637560 853
1637570 853
1637580 852
1637590 850
1637600 850
1637610 845
1637620 840
1637630 840
1637640 836
1637650 831
1637660 831
1637670 827
1637680 822
1637690 822
1637700 818
1637710 813
1637720 813
1637730 809
1637740 804
1637750 804
1637760 800
1637770 796
1637780 796
1637790 791
1637800 786
1637810 786
1637820 779
1637830 770
1637840 770
1637850 760
1637860 755
1637870 755
1637880 754
1637890 757
1637900 765
1637910 765
1637920 772
1637930 779
1637940 779
1637950 787
1637960 796
1637970 796
1637980 803
1637990 810
1638000 810
1638010 817
1638020 825
1638030 825
1638040 833
1638050 840
1638060 840
1638070 847
1638080 855
1638090 855
1638100 862
1638110 870
1638120 870
1638130 877
1638140 884
1638150 884
1638160 891
1638170 898
1638180 898
1638190 906
1638200 913
1638210 913
1638220 921
1638230 928
1638240 928
1638250 936
1638260 943
1638270 943
1638280 951
1638290 959
1638300 959
1638310 966
1638320 975
1638330 975
1638340 984
1638350 994
1638360 994
1638370 1001
1638380 1009
1638390 1009
1638400 1016
1638410 1024
1638420 1024
1638430 1032
1638440 1039
1638450 1047
1638460 1047
1638470 1055
1638480 1063
1638490 1063
1638500 1071
1638510 1079
1638520 1079
1638530 1086
1638540 1094
1638550 1094
1638560 1102
1638570 1109
1638580 1109
1638590 1117
1638600 1123
1638610 1123
1638620 1130
1638630 1135
1638640 1135
1638650 1142
1638660 1148
1638670 1148
1638680 1154
1638690 1162
1638700 1162
1638710 1169
1638720 1175
1638730 1175
1638740 1181
1638750 1186
1638760 1186
1638770 1192
1638780 1198
1638790 1198
1638800 1204
1638810 1211
1638820 1211
1638830 1218
1638840 1224
1638850 1224
1638860 1230
1638870 1236
1638880 1236
1638890 1242
1638900 1246
1638910 1246
1638920 1251
1638930 1254
1638940 1254
1638950 1256
1638960 1259
1638970 1259
1638980 1262
1638990 1264
1639000 1264
1639010 1266
1639020 1268
1639030 1269
1639040 1269
1639050 1271
1639060 1271
1639070 1271
1639080 1272
1639090 1274
1639100 1274
1639110 1276
1639120 1285
1639130 1285
1639140 1287
1639150 1290
1639160 1290
1639170 1293
1639180 1296
1639190 1296
1639200 1298
1639210 1300
1639220 1300
1639230 1303
1639240 1305
1639250 1305
1639260 1307
1639270 1309
1639280 1309
1639290 1311
1639300 1312
1639310 1312
1639320 1314
1639330 1315
1639340 1315
1639350 1316
1639360 1317
1639370 1317
1639380 1318
1639390 1318
1639400 1318
1639410 1318
1639420 1318
1639430 1318
1639440 1319
1639450 1320
1639460 1320
1639470 1320
1639480 1320
1639490 1320
1639500 1320
1639510 1320
1639520 1320
1639530 1321
1639540 1321
1639550 1321
1639560 1321
1639570 1321
1639580 1321
1639590 1321
1639600 1321
1639610 1321
1639620 1321
1639630 1320
1639640 1318
1639650 1318
1639660 1316
1639670 1317
1639680 1317
1639690 1319
1639700 1320
1639710 1320
1639720 1321
1639730 1323
1639740 1323
1639750 1324
1639760 1326
1639770 1326
1639780 1327
1639790 1330
1639800 1330
1639810 1332
1639820 1334
1639830 1334
1639840 1336
1639850 1339
1639860 1339
1639870 1340
1639880 1342
1639890 1342
1639900 1344
1639910 1346
1639920 1346
1639930 1349
1639940 1350
1639950 1350
1639960 1352
1639970 1353
1639980 1353
1639990 1355
