1620000 991
1620010 995
1620020 995
1620030 1000
1620040 1005
1620050 1005
1620060 1010
1620070 1014
1620080 1014
1620090 1019
1620100 1024
1620110 1024
1620120 1029
1620130 1034
1620140 1034
1620150 1040
1620160 1044
1620170 1044
1620180 1049
1620190 1055
1620200 1055
1620210 1060
1620220 1067
1620230 1067
1620240 1073
1620250 1079
1620260 1079
1620270 1085
1620280 1091
1620290 1091
1620300 1097
1620310 1102
1620320 1102
1620330 1108
1620340 1114
1620350 1114
1620360 1121
1620370 1132
1620380 1139
1620390 1139
1620400 1144
1620410 1151
1620420 1151
1620430 1158
1620440 1164
1620450 1164
1620460 1171
1620470 1179
1620480 1179
1620490 1189
1620500 1199
1620510 1199
1620520 1205
1620530 1210
1620540 1210
1620550 1215
1620560 1214
1620570 1214
1620580 1216
1620590 1217
1620600 1217
1620610 1220
1620620 1226
1620630 1226
1620640 1235
1620650 1243
1620660 1243
1620670 1250
1620680 1256
1620690 1256
1620700 1262
1620710 1266
1620720 1266
1620730 1271
1620740 1275
1620750 1275
1620760 1279
1620770 1284
1620780 1284
1620790 1288
1620800 1294
1620810 1294
1620820 1299
1620830 1304
1620840 1304
1620850 1310
1620860 1315
1620870 1315
1620880 1321
1620890 1326
1620900 1326
1620910 1332
1620920 1337
1620930 1337
1620940 1343
1620950 1348
1620960 1348
1620970 1353
1620980 1358
1620990 1363
1621000 1363
1621010 1367
1621020 1372
1621030 1372
1621040 1377
1621050 1382
1621060 1382
1621070 1388
1621080 1394
1621090 1394
1621100 1400
1621110 1406
1621120 1406
1621130 1412
1621140 1418
1621150 1418
1621160 1424
1621170 1431
1621180 1431
1621190 1437
1621200 1444
1621210 1444
1621220 1450
1621230 1456
1621240 1456
1621250 1463
1621260 1470
1621270 1470
1621280 1476
1621290 1483
1621300 1483
1621310 1489
1621320 1495
1621330 1495
1621340 1500
1621350 1505
1621360 1505
1621370 1508
1621380 1507
1621390 1507
1621400 1503
1621410 1499
1621420 1499
1621430 1495
1621440 1491
1621450 1491
1621460 1487
1621470 1483
1621480 1483
1621490 1478
1621500 1473
1621510 1473
1621520 1470
1621530 1465
1621540 1465
1621550 1460
1621560 1456
1621570 1451
1621580 1451
1621590 1446
1621600 1441
1621610 1441
1621620 1437
1621630 1432
1621640 1432
1621650 1427
1621660 1422
1621670 1422
1621680 1418
1621690 1415
1621700 1415
1621710 1412
1621720 1410
1621730 1410
1621740 1407
1621750 1405
1621760 1405
1621770 1401
1621780 1398
1621790 1398
1621800 1392
1621810 1384
1621820 1384
1621830 1380
1621840 1390
1621850 1390
1621860 1398
1621870 1399
1621880 1399
1621890 1398
1621900 1394
1621910 1394
1621920 1384
1621930 1365
1621940 1365
1621950 1354
1621960 1348
1621970 1348
1621980 1337
1621990 1335
1622000 1335
1622010 1335
1622020 1335
1622030 1335
1622040 1340
1622050 1344
1622060 1344
1622070 1341
1622080 1324
1622090 1324
1622100 1314
1622110 1311
1622120 1311
1622130 1308
1622140 1304
1622150 1302
1622160 1302
1622170 1300
1622180 1294
1622190 1294
1622200 1285
1622210 1279
1622220 1279
1622230 1274
1622240 1269
1622250 1269
1622260 1264
1622270 1258
1622280 1258
1622290 1253
1622300 1248
1622310 1248
1622320 1243
1622330 1237
1622340 1237
1622350 1231
1622360 1225
1622370 1225
1622380 1220
1622390 1215
1622400 1215
1622410 1209
1622420 1204
1622430 1204
1622440 1196
1622450 1191
1622460 1191
1622470 1186
1622480 1182
1622490 1182
1622500 1177
1622510 1173
1622520 1173
1622530 1170
1622540 1168
1622550 1168
1622560 1167
1622570 1168
1622580 1168
1622590 1170
1622600 1173
1622610 1173
1622620 1175
1622630 1178
1622640 1178
1622650 1179
1622660 1178
1622670 1178
1622680 1180
1622690 1186
1622700 1186
1622710 1191
1622720 1195
1622730 1201
1622740 1201
1622750 1209
1622760 1217
1622770 1217
1622780 1224
1622790 1230
1622800 1230
1622810 1237
1622820 1245
1622830 1245
1622840 1251
1622850 1253
1622860 1253
1622870 1256
1622880 1260
1622890 1260
1622900 1265
1622910 1272
1622920 1272
1622930 1278
1622940 1284
1622950 1284
1622960 1290
1622970 1295
1622980 1295
1622990 1301
1623000 1305
1623010 1305
1623020 1310
1623030 1315
1623040 1315
1623050 1321
1623060 1328
1623070 1328
1623080 1335
1623090 1341
1623100 1341
1623110 1348
1623120 1354
1623130 1354
1623140 1360
1623150 1366
1623160 1366
1623170 1373
1623180 1379
1623190 1379
1623200 1386
1623210 1394
1623220 1394
1623230 1402
1623240 1410
1623250 1410
1623260 1418
1623270 1426
1623280 1426
1623290 1430
1623300 1433
1623310 1433
1623320 1435
1623330 1437
1623340 1439
1623350 1439
1623360 1441
1623370 1448
1623380 1448
1623390 1449
1623400 1450
1623410 1450
1623420 1451
1623430 1449
1623440 1449
1623450 1447
1623460 1444
1623470 1444
1623480 1441
1623490 1437
1623500 1437
1623510 1434
1623520 1432
1623530 1432
1623540 1431
1623550 1431
1623560 1431
1623570 1430
1623580 1428
1623590 1428
1623600 1427
1623610 1425
1623620 1425
1623630 1423
1623640 1419
1623650 1419
1623660 1415
1623670 1412
1623680 1412
1623690 1408
1623700 1406
1623710 1406
1623720 1404
1623730 1400
1623740 1400
1623750 1396
1623760 1391
1623770 1391
1623780 1384
1623790 1379
1623800 1379
1623810 1375
1623820 1370
1623830 1370
1623840 1366
1623850 1361
1623860 1361
1623870 1356
1623880 1352
1623890 1352
1623900 1347
1623910 1343
1623920 1338
1623930 1338
1623940 1336
1623950 1336
1623960 1336
1623970 1336
1623980 1336
1623990 1336
1624000 1336
1624010 1335
1624020 1335
1624030 1336
1624040 1336
1624050 1336
1624060 1337
1624070 1337
1624080 1337
1624090 1332
1624100 1327
1624110 1327
1624120 1321
1624130 1315
1624140 1315
1624150 1310
1624160 1304
1624170 1304
1624180 1298
1624190 1292
1624200 1292
1624210 1287
1624220 1281
1624230 1281
1624240 1275
1624250 1270
1624260 1270
1624270 1264
1624280 1260
1624290 1261
1624300 1257
1624310 1251
1624320 1251
1624330 1245
1624340 1240
1624350 1240
1624360 1235
1624370 1230
1624380 1230
1624390 1225
1624400 1221
1624410 1221
1624420 1216
1624430 1212
1624440 1212
1624450 1208
1624460 1205
1624470 1205
1624480 1201
1624490 1198
1624500 1195
1624510 1195
1624520 1192
1624530 1190
1624540 1190
1624550 1190
1624560 1189
1624570 1189
1624580 1189
1624590 1188
1624600 1188
1624610 1188
1624620 1187
1624630 1187
1624640 1185
1624650 1184
1624660 1184
1624670 1181
1624680 1176
1624690 1176
1624700 1169
1624710 1168
1624720 1168
1624730 1173
1624740 1176
1624750 1176
1624760 1178
1624770 1178
1624780 1178
1624790 1177
1624800 1176
1624810 1176
1624820 1174
1624830 1174
1624840 1174
1624850 1174
1624860 1173
1624870 1173
1624880 1171
1624890 1168
1624900 1168
1624910 1165
1624920 1162
1624930 1162
1624940 1155
1624950 1145
1624960 1145
1624970 1136
1624980 1127
1624990 1127
1625000 1120
1625010 1114
1625020 1114
1625030 1109
1625040 1104
1625050 1104
1625060 1099
1625070 1094
1625080 1088
1625090 1088
1625100 1082
1625110 1077
1625120 1077
1625130 1072
1625140 1064
1625150 1064
1625160 1053
1625170 1044
1625180 1044
1625190 1037
1625200 1031
1625210 1034
1625220 1028
1625230 1024
1625240 1024
1625250 1021
1625260 1019
1625270 1019
1625280 1018
1625290 1014
1625300 1014
1625310 1010
1625320 1006
1625330 1006
1625340 1002
1625350 997
1625360 997
1625370 992
1625380 990
1625390 990
1625400 992
1625410 996
1625420 996
1625430 996
1625440 996
1625450 996
1625460 997
1625470 1003
1625480 1003
1625490 1006
1625500 1000
1625510 1000
1625520 994
1625530 987
1625540 987
1625550 980
1625560 975
1625570 975
1625580 971
1625590 969
1625600 969
1625610 970
1625620 973
1625630 973
1625640 974
1625650 972
1625660 972
1625670 969
1625680 970
1625690 974
1625700 974
1625710 979
1625720 985
1625730 985
1625740 992
1625750 1000
1625760 1000
1625770 1009
1625780 1012
1625790 1012
1625800 1013
1625810 1020
1625820 1020
1625830 1028
1625840 1029
1625850 1029
1625860 1029
1625870 1037
1625880 1037
1625890 1047
1625900 1045
1625910 1045
1625920 1039
1625930 1036
1625940 1036
1625950 1032
1625960 1034
1625970 1034
1625980 1039
1625990 1046
1626000 1046
1626010 1046
1626020 1038
1626030 1038
1626040 1031
1626050 1027
1626060 1027
1626070 1026
1626080 1026
1626090 1026
1626100 1027
1626110 1030
1626120 1037
1626130 1037
1626140 1034
1626150 1034
1626160 1027
1626170 1020
1626180 1020
1626190 1015
1626200 1012
1626210 1012
1626220 1012
1626230 1011
1626240 1011
1626250 1007
1626260 1002
1626270 999
1626280 999
1626290 1000
1626300 1002
1626310 1002
1626320 1006
1626330 1010
1626340 1010
1626350 1013
1626360 1017
1626370 1017
1626380 1019
1626390 1019
1626400 1019
1626410 1019
1626420 1020
1626430 1020
1626440 1024
1626450 1030
1626460 1030
1626470 1035
1626480 1040
1626490 1040
1626500 1044
1626510 1046
1626520 1046
1626530 1044
1626540 1040
1626550 1040
1626560 1036
1626570 1033
1626580 1033
1626590 1029
1626600 1025
1626610 1025
1626620 1022
1626630 1018
1626640 1018
1626650 1012
1626660 1006
1626670 1006
1626680 1000
1626690 994
1626700 994
1626710 987
1626720 981
1626730 981
1626740 976
1626750 971
1626760 971
1626770 966
1626780 963
1626790 963
1626800 962
1626810 963
1626820 963
1626830 965
1626840 967
1626850 967
1626860 967
1626870 967
1626880 967
1626890 967
1626900 969
1626910 970
1626920 970
1626930 971
1626940 972
1626950 972
1626960 974
1626970 977
1626980 977
1626990 978
1627000 977
1627010 977
1627020 972
1627030 971
1627040 971
1627050 967
1627060 964
1627070 964
1627080 965
1627090 970
1627100 970
1627110 974
1627120 976
1627130 976
1627140 979
1627150 982
1627160 982
1627170 987
1627180 992
1627190 992
1627200 997
1627210 1001
1627220 1001
1627230 1005
1627240 1010
1627250 1010
1627260 1013
1627270 1016
1627280 1016
1627290 1018
1627300 1019
1627310 1019
1627320 1018
1627330 1016
1627340 1016
1627350 1013
1627360 1010
1627370 1010
1627380 1007
1627390 1005
1627400 1005
1627410 1004
1627420 1004
1627430 1004
1627440 1003
1627450 1002
1627460 1001
1627470 1001
1627480 1001
1627490 1001
1627500 1001
1627510 1000
1627520 997
1627530 997
1627540 993
1627550 991
1627560 991
1627570 992
1627580 994
1627590 994
1627600 995
1627610 996
1627620 996
1627630 1000
1627640 1004
1627650 1004
1627660 1008
1627670 1009
1627680 1009
1627690 1009
1627700 1009
1627710 1009
1627720 1010
1627730 1011
1627740 1011
1627750 1010
1627760 1008
1627770 1008
1627780 1004
1627790 998
1627800 998
1627810 992
1627820 985
1627830 985
1627840 980
1627850 974
1627860 974
1627870 967
1627880 961
1627890 961
1627900 954
1627910 949
1627920 949
1627930 943
1627940 937
1627950 937
1627960 932
1627970 927
1627980 927
1627990 921
1628000 916
1628010 916
1628020 910
1628030 905
1628040 898
1628050 898
1628060 892
1628070 887
1628080 887
1628090 882
1628100 877
1628110 877
1628120 871
1628130 866
1628140 866
1628150 861
1628160 856
1628170 856
1628180 851
1628190 845
1628200 845
1628210 840
1628220 834
1628230 834
1628240 829
1628250 823
1628260 823
1628270 817
1628280 810
1628290 810
1628300 804
1628310 797
1628320 797
1628330 790
1628340 783
1628350 783
1628360 776
1628370 771
1628380 771
1628390 765
1628400 760
1628410 760
1628420 756
1628430 752
1628440 752
1628450 749
1628460 745
1628470 745
1628480 742
1628490 739
1628500 739
1628510 734
1628520 728
1628530 728
1628540 723
1628550 717
1628560 717
1628570 711
1628580 704
1628590 704
1628600 697
1628610 689
1628620 682
1628630 682
1628640 675
1628650 669
1628660 669
1628670 662
1628680 656
1628690 656
1628700 651
1628710 645
1628720 645
1628730 639
1628740 634
1628750 634
1628760 630
1628770 626
1628780 626
1628790 622
1628800 618
1628810 618
1628820 613
1628830 607
1628840 607
1628850 602
1628860 598
1628870 598
1628880 595
1628890 593
1628900 593
1628910 591
1628920 587
1628930 587
1628940 583
1628950 579
1628960 579
1628970 576
1628980 574
1628990 574
1629000 573
1629010 571
1629020 571
1629030 570
1629040 568
1629050 568
1629060 567
1629070 567
1629080 567
1629090 567
1629100 568
1629110 568
1629120 569
1629130 570
1629140 570
1629150 569
1629160 568
1629170 568
1629180 566
1629190 562
1629200 562
1629210 557
1629220 552
1629230 547
1629240 547
1629250 543
1629260 538
1629270 538
1629280 532
1629290 527
1629300 527
1629310 522
1629320 517
1629330 517
1629340 512
1629350 508
1629360 508
1629370 504
1629380 500
1629390 500
1629400 496
1629410 492
1629420 492
1629430 489
1629440 485
1629450 485
1629460 482
1629470 478
1629480 478
1629490 474
1629500 470
1629510 470
1629520 464
1629530 459
1629540 459
1629550 454
1629560 450
1629570 450
1629580 447
1629590 444
1629600 444
1629610 443
1629620 442
1629630 442
1629640 442
1629650 443
1629660 443
1629670 443
1629680 444
1629690 444
1629700 445
1629710 445
1629720 445
1629730 445
1629740 444
1629750 444
1629760 440
1629770 434
1629780 434
1629790 429
1629800 422
1629810 416
1629820 416
1629830 409
1629840 401
1629850 401
1629860 394
1629870 390
1629880 390
1629890 390
1629900 390
1629910 390
1629920 390
1629930 390
1629940 390
1629950 388
1629960 387
1629970 387
1629980 387
1629990 387
1630000 387
1630010 387
1630020 387
1630030 387
1630040 388
1630050 388
1630060 388
1630070 388
1630080 392
1630090 392
1630100 402
1630110 412
1630120 412
1630130 415
1630140 416
1630150 416
1630160 416
1630170 416
1630180 416
1630190 417
1630200 418
1630210 418
1630220 419
1630230 419
1630240 419
1630250 420
1630260 421
1630270 421
1630280 422
1630290 423
1630300 423
1630310 425
1630320 430
1630330 430
1630340 435
1630350 439
1630360 439
1630370 443
1630380 445
1630390 447
1630400 447
1630410 449
1630420 452
1630430 452
1630440 455
1630450 458
1630460 458
1630470 461
1630480 464
1630490 464
1630500 467
1630510 470
1630520 470
1630530 474
1630540 478
1630550 478
1630560 483
1630570 488
1630580 488
1630590 494
1630600 498
1630610 498
1630620 501
1630630 504
1630640 504
1630650 507
1630660 510
1630670 510
1630680 514
1630690 519
1630700 519
1630710 523
1630720 527
1630730 527
1630740 532
1630750 536
1630760 536
1630770 541
1630780 549
1630790 549
1630800 555
1630810 556
1630820 556
1630830 560
1630840 567
1630850 567
1630860 574
1630870 580
1630880 580
1630890 582
1630900 584
1630910 584
1630920 588
1630930 594
1630940 594
1630950 600
1630960 605
1630970 605
1630980 609
1630990 613
1631000 617
1631010 617
1631020 621
1631030 624
1631040 624
1631050 625
1631060 627
1631070 627
1631080 631
1631090 636
1631100 636
1631110 640
1631120 644
1631130 644
1631140 648
1631150 650
1631160 650
1631170 652
1631180 655
1631190 655
1631200 659
1631210 663
1631220 663
1631230 668
1631240 675
1631250 675
1631260 680
1631270 684
1631280 684
1631290 687
1631300 690
1631310 690
1631320 692
1631330 695
1631340 695
1631350 701
1631360 706
1631370 706
1631380 711
1631390 716
1631400 716
1631410 722
1631420 727
1631430 727
1631440 736
1631450 742
1631460 742
1631470 739
1631480 740
1631490 740
1631500 741
1631510 742
1631520 742
1631530 742
1631540 739
1631550 739
1631560 737
1631570 736
1631580 736
1631590 736
1631600 737
1631610 739
1631620 739
1631630 741
1631640 744
1631650 744
1631660 748
1631670 751
1631680 751
1631690 755
1631700 759
1631710 759
1631720 763
1631730 766
1631740 766
1631750 770
1631760 774
1631770 774
1631780 778
1631790 782
1631800 782
1631810 787
1631820 791
1631830 791
1631840 795
1631850 799
1631860 799
1631870 803
1631880 807
1631890 807
1631900 810
1631910 811
1631920 811
1631930 812
1631940 811
1631950 811
1631960 810
1631970 810
1631980 810
1631990 811
1632000 813
1632010 813
1632020 816
1632030 819
1632040 819
1632050 824
1632060 829
1632070 829
1632080 835
1632090 842
1632100 842
1632110 848
1632120 854
1632130 854
1632140 861
1632150 866
1632160 871
1632170 871
1632180 874
1632190 878
1632200 878
1632210 883
1632220 887
1632230 887
1632240 892
1632250 897
1632260 897
1632270 902
1632280 908
1632290 908
1632300 913
1632310 919
1632320 919
1632330 925
1632340 930
1632350 923
1632360 927
1632370 932
1632380 932
1632390 938
1632400 945
1632410 945
1632420 952
1632430 958
1632440 958
1632450 963
1632460 969
1632470 969
1632480 977
1632490 984
1632500 984
1632510 991
1632520 997
1632530 997
1632540 1001
1632550 1004
1632560 1004
1632570 1004
1632580 1004
1632590 1004
1632600 1009
1632610 1013
1632620 1013
1632630 1017
1632640 1022
1632650 1022
1632660 1029
1632670 1036
1632680 1036
1632690 1043
1632700 1051
1632710 1051
1632720 1058
1632730 1066
1632740 1066
1632750 1074
1632760 1081
1632770 1088
1632780 1088
1632790 1095
1632800 1101
1632810 1101
1632820 1108
1632830 1115
1632840 1115
1632850 1122
1632860 1129
1632870 1129
1632880 1135
1632890 1142
1632900 1142
1632910 1149
1632920 1156
1632930 1156
1632940 1164
1632950 1171
1632960 1171
1632970 1178
1632980 1185
1632990 1185
1633000 1192
1633010 1199
1633020 1199
1633030 1205
1633040 1212
1633050 1212
1633060 1219
1633070 1224
1633080 1224
1633090 1230
1633100 1236
1633110 1236
1633120 1241
1633130 1244
1633140 1244
1633150 1246
1633160 1246
1633170 1246
1633180 1243
1633190 1238
1633200 1238
1633210 1231
1633220 1225
1633230 1225
1633240 1218
1633250 1211
1633260 1211
1633270 1204
1633280 1197
1633290 1197
1633300 1189
1633310 1182
1633320 1182
1633330 1174
1633340 1166
1633350 1158
1633360 1158
1633370 1150
1633380 1142
1633390 1142
1633400 1134
1633410 1127
1633420 1127
1633430 1119
1633440 1112
1633450 1112
1633460 1105
1633470 1099
1633480 1099
1633490 1092
1633500 1084
1633510 1084
1633520 1078
1633530 1071
1633540 1071
1633550 1064
1633560 1057
1633570 1057
1633580 1050
1633590 1044
1633600 1044
1633610 1038
1633620 1032
1633630 1032
1633640 1026
1633650 1021
1633660 1021
1633670 1016
1633680 1010
1633690 1010
1633700 1005
1633710 1000
1633720 1000
1633730 995
1633740 989
1633750 989
1633760 984
1633770 979
1633780 979
1633790 974
1633800 968
1633810 968
1633820 962
1633830 957
1633840 957
1633850 952
1633860 947
1633870 947
1633880 942
1633890 937
1633900 937
1633910 933
1633920 929
1633930 929
1633940 926
1633950 923
1633960 920
1633970 920
1633980 916
1633990 912
1634000 912
1634010 908
1634020 904
1634030 904
1634040 899
1634050 895
1634060 895
1634070 891
1634080 884
1634090 884
1634100 879
1634110 875
1634120 875
1634130 871
1634140 866
1634150 866
1634160 862
1634170 858
1634180 858
1634190 853
1634200 850
1634210 850
1634220 847
1634230 844
1634240 844
1634250 841
1634260 839
1634270 839
1634280 837
1634290 833
1634300 833
1634310 829
1634320 827
1634330 827
1634340 825
1634350 822
1634360 822
1634370 820
1634380 817
1634390 817
1634400 814
1634410 810
1634420 810
1634430 806
1634440 802
1634450 802
1634460 797
1634470 794
1634480 794
1634490 794
1634500 798
1634510 798
1634520 803
1634530 808
1634540 812
1634550 812
1634560 817
1634570 820
1634580 820
1634590 821
1634600 823
1634610 823
1634620 824
1634630 825
1634640 825
1634650 826
1634660 825
1634670 825
1634680 823
1634690 820
1634700 820
1634710 816
1634720 810
1634730 810
1634740 804
1634750 797
1634760 797
1634770 790
1634780 784
1634790 784
1634800 777
1634810 772
1634820 772
1634830 768
1634840 765
1634850 765
1634860 764
1634870 765
1634880 765
1634890 766
1634900 767
1634910 767
1634920 767
1634930 768
1634940 761
1634950 761
1634960 762
1634970 762
1634980 764
1634990 764
1635000 764
1635010 764
1635020 763
1635030 763
1635040 762
1635050 758
1635060 758
1635070 753
1635080 748
1635090 748
1635100 743
1635110 738
1635120 732
1635130 732
1635140 726
1635150 719
1635160 719
1635170 714
1635180 713
1635190 713
1635200 713
1635210 712
1635220 712
1635230 711
1635240 710
1635250 710
1635260 708
1635270 706
1635280 706
1635290 702
1635300 697
1635310 697
1635320 693
1635330 687
1635340 687
1635350 682
1635360 677
1635370 677
1635380 672
1635390 666
1635400 666
1635410 660
1635420 652
1635430 652
1635440 645
1635450 638
1635460 638
1635470 631
1635480 625
1635490 625
1635500 619
1635510 614
1635520 614
1635530 607
1635540 601
1635550 601
1635560 596
1635570 590
1635580 590
1635590 584
1635600 577
1635610 577
1635620 573
1635630 570
1635640 570
1635650 566
1635660 561
1635670 561
1635680 558
1635690 553
1635700 553
1635710 549
1635720 545
1635730 541
1635740 541
1635750 538
1635760 535
1635770 535
1635780 532
1635790 527
1635800 527
1635810 525
1635820 523
1635830 523
1635840 520
1635850 518
1635860 518
1635870 515
1635880 511
1635890 511
1635900 508
1635910 506
1635920 506
1635930 506
1635940 506
1635950 506
1635960 506
1635970 506
1635980 506
1635990 506
1636000 506
1636010 506
1636020 506
1636030 506
1636040 506
1636050 506
1636060 506
1636070 506
1636080 506
1636090 507
1636100 507
1636110 507
1636120 507
1636130 507
1636140 507
1636150 507
1636160 507
1636170 507
1636180 508
1636190 508
1636200 508
1636210 508
1636220 508
1636230 508
1636240 511
1636250 511
1636260 517
1636270 525
1636280 525
1636290 531
1636300 536
1636310 541
1636320 541
1636330 546
1636340 551
1636350 551
1636360 556
1636370 561
1636380 561
1636390 566
1636400 571
1636410 571
1636420 575
1636430 580
1636440 580
1636450 586
1636460 591
1636470 591
1636480 596
1636490 601
1636500 601
1636510 606
1636520 611
1636530 611
1636540 617
1636550 622
1636560 622
1636570 626
1636580 631
1636590 631
1636600 636
1636610 641
1636620 641
1636630 647
1636640 655
1636650 655
1636660 660
1636670 666
1636680 666
1636690 671
1636700 676
1636710 676
1636720 681
1636730 685
1636740 685
1636750 688
1636760 691
1636770 691
1636780 693
1636790 696
1636800 696
1636810 699
1636820 703
1636830 703
1636840 706
1636850 709
1636860 709
1636870 712
1636880 715
1636890 715
1636900 717
1636910 720
1636920 723
1636930 723
1636940 724
1636950 722
1636960 722
1636970 720
1636980 718
1636990 718
1637000 717
1637010 717
1637020 717
1637030 716
1637040 715
1637050 715
1637060 715
1637070 714
1637080 714
1637090 713
1637100 714
1637110 714
1637120 715
1637130 717
1637140 717
1637150 718
1637160 719
1637170 719
1637180 720
1637190 722
1637200 722
1637210 724
1637220 725
1637230 725
1637240 725
1637250 723
1637260 723
1637270 721
1637280 721
1637290 721
1637300 723
1637310 725
1637320 725
1637330 727
1637340 731
1637350 731
1637360 735
1637370 740
1637380 740
1637390 744
1637400 749
1637410 749
1637420 754
1637430 758
1637440 758
1637450 762
1637460 767
1637470 767
1637480 768
1637490 772
1637500 777
1637510 777
1637520 780
1637530 783
1637540 783
1637550 784
1637560 782
1637570 782
1637580 779
1637590 779
1637600 779
1637610 780
1637620 782
1637630 782
1637640 785
1637650 789
1637660 789
1637670 793
1637680 798
1637690 798
1637700 802
1637710 807
1637720 807
1637730 812
1637740 817
1637750 817
1637760 822
1637770 827
1637780 827
1637790 833
1637800 837
1637810 837
1637820 842
1637830 847
1637840 847
1637850 852
1637860 857
1637870 857
1637880 862
1637890 868
1637900 868
1637910 873
1637920 878
1637930 878
1637940 880
1637950 875
1637960 875
1637970 870
1637980 863
1637990 863
1638000 856
1638010 849
1638020 849
1638030 842
1638040 833
1638050 833
1638060 825
1638070 817
1638080 810
1638090 810
1638100 802
1638110 794
1638120 794
1638130 788
1638140 779
1638150 779
1638160 772
1638170 764
1638180 764
1638190 757
1638200 748
1638210 748
1638220 740
1638230 733
1638240 733
1638250 726
1638260 718
1638270 718
1638280 711
1638290 704
1638300 704
1638310 696
1638320 691
1638330 691
1638340 688
1638350 686
1638360 686
1638370 684
1638380 681
1638390 681
1638400 678
1638410 674
1638420 674
1638430 669
1638440 664
1638450 664
1638460 659
1638470 654
1638480 654
1638490 650
1638500 647
1638510 647
1638520 642
1638530 638
1638540 638
1638550 633
1638560 629
1638570 629
1638580 626
1638590 622
1638600 622
1638610 617
1638620 612
1638630 612
1638640 610
1638650 608
1638660 608
1638670 607
1638680 605
1638690 600
1638700 600
1638710 594
1638720 590
1638730 590
1638740 586
1638750 584
1638760 584
1638770 584
1638780 585
1638790 585
1638800 585
1638810 586
1638820 586
1638830 586
1638840 587
1638850 587
1638860 587
1638870 586
1638880 586
1638890 583
1638900 579
1638910 579
1638920 574
1638930 570
1638940 570
1638950 566
1638960 562
1638970 562
1638980 558
1638990 554
1639000 554
1639010 549
1639020 544
1639030 544
1639040 539
1639050 534
1639060 534
1639070 529
1639080 525
1639090 525
1639100 521
1639110 518
1639120 518
1639130 514
1639140 510
1639150 510
1639160 509
1639170 509
1639180 509
1639190 510
1639200 511
1639210 511
1639220 513
1639230 512
1639240 512
1639250 510
1639260 508
1639270 509
1639280 509
1639290 511
1639300 513
1639310 513
1639320 515
1639330 517
1639340 517
1639350 520
1639360 523
1639370 523
1639380 527
1639390 530
1639400 530
1639410 535
1639420 539
1639430 539
1639440 544
1639450 549
1639460 549
1639470 554
1639480 559
1639490 559
1639500 565
1639510 571
1639520 571
1639530 576
1639540 582
1639550 582
1639560 588
1639570 595
1639580 595
1639590 601
1639600 606
1639610 606
1639620 608
1639630 611
1639640 611
1639650 614
1639660 616
1639670 616
1639680 618
1639690 620
1639700 620
1639710 620
1639720 620
1639730 620
1639740 619
1639750 621
1639760 621
1639770 625
1639780 628
1639790 628
1639800 632
1639810 635
1639820 635
1639830 637
1639840 637
1639850 637
1639860 633
1639870 633
1639880 641
1639890 641
1639900 649
1639910 655
1639920 655
1639930 663
1639940 669
1639950 669
1639960 675
1639970 681
1639980 681
1639990 687
