1620000 984
1620010 990
1620020 990
1620030 995
1620040 1001
1620050 1001
1620060 1006
1620070 1012
1620080 1012
1620090 1018
1620100 1025
1620110 1025
1620120 1030
1620130 1035
1620140 1041
1620150 1041
1620160 1047
1620170 1055
1620180 1055
1620190 1063
1620200 1071
1620210 1071
1620220 1079
1620230 1088
1620240 1088
1620250 1097
1620260 1105
1620270 1105
1620280 1113
1620290 1122
1620300 1122
1620310 1134
1620320 1147
1620330 1147
1620340 1154
1620350 1161
1620360 1161
1620370 1170
1620380 1178
1620390 1178
1620400 1183
1620410 1188
1620420 1188
1620430 1194
1620440 1201
1620450 1201
1620460 1207
1620470 1212
1620480 1212
1620490 1219
1620500 1225
1620510 1225
1620520 1230
1620530 1236
1620540 1236
1620550 1242
1620560 1248
1620570 1248
1620580 1255
1620590 1265
1620600 1265
1620610 1267
1620620 1270
1620630 1270
1620640 1273
1620650 1276
1620660 1276
1620670 1279
1620680 1283
1620690 1283
1620700 1287
1620710 1292
1620720 1297
1620730 1297
1620740 1302
1620750 1307
1620760 1307
1620770 1312
1620780 1318
1620790 1318
1620800 1323
1620810 1328
1620820 1328
1620830 1333
1620840 1338
1620850 1338
1620860 1343
1620870 1347
1620880 1347
1620890 1352
1620900 1355
1620910 1355
1620920 1363
1620930 1367
1620940 1367
1620950 1371
1620960 1375
1620970 1375
1620980 1379
1620990 1382
1621000 1382
1621010 1386
1621020 1390
1621030 1390
1621040 1395
1621050 1400
1621060 1400
1621070 1405
1621080 1410
1621090 1410
1621100 1416
1621110 1421
1621120 1421
1621130 1427
1621140 1433
1621150 1433
1621160 1439
1621170 1444
1621180 1444
1621190 1451
1621200 1457
1621210 1457
1621220 1462
1621230 1468
1621240 1468
1621250 1474
1621260 1480
1621270 1480
1621280 1485
1621290 1489
1621300 1493
1621310 1493
1621320 1493
1621330 1489
1621340 1489
1621350 1484
1621360 1478
1621370 1478
1621380 1472
1621390 1467
1621400 1467
1621410 1461
1621420 1456
1621430 1456
1621440 1451
1621450 1446
1621460 1446
1621470 1442
1621480 1438
1621490 1438
1621500 1435
1621510 1432
1621520 1432
1621530 1428
1621540 1426
1621550 1426
1621560 1423
1621570 1420
1621580 1420
1621590 1417
1621600 1415
1621610 1415
1621620 1414
1621630 1413
1621640 1413
1621650 1411
1621660 1409
1621670 1409
1621680 1408
1621690 1405
1621700 1405
1621710 1403
1621720 1402
1621730 1402
1621740 1402
1621750 1401
1621760 1401
1621770 1401
1621780 1400
1621790 1400
1621800 1399
1621810 1400
1621820 1400
1621830 1400
1621840 1398
1621850 1398
1621860 1399
1621870 1397
1621880 1395
1621890 1395
1621900 1393
1621910 1390
1621920 1390
1621930 1387
1621940 1384
1621950 1384
1621960 1380
1621970 1377
1621980 1377
1621990 1373
1622000 1368
1622010 1368
1622020 1364
1622030 1361
1622040 1361
1622050 1356
1622060 1349
1622070 1349
1622080 1344
1622090 1341
1622100 1341
1622110 1339
1622120 1338
1622130 1338
1622140 1337
1622150 1334
1622160 1334
1622170 1333
1622180 1333
1622190 1333
1622200 1333
1622210 1331
1622220 1331
1622230 1324
1622240 1315
1622250 1315
1622260 1311
1622270 1310
1622280 1310
1622290 1302
1622300 1291
1622310 1291
1622320 1282
1622330 1275
1622340 1275
1622350 1269
1622360 1264
1622370 1264
1622380 1260
1622390 1254
1622400 1254
1622410 1249
1622420 1244
1622430 1244
1622440 1238
1622450 1233
1622460 1228
1622470 1228
1622480 1222
1622490 1216
1622500 1216
1622510 1210
1622520 1205
1622530 1205
1622540 1202
1622550 1201
1622560 1201
1622570 1203
1622580 1206
1622590 1206
1622600 1210
1622610 1212
1622620 1212
1622630 1215
1622640 1219
1622650 1219
1622660 1223
1622670 1225
1622680 1225
1622690 1227
1622700 1231
1622710 1231
1622720 1234
1622730 1236
1622740 1236
1622750 1237
1622760 1240
1622770 1240
1622780 1246
1622790 1251
1622800 1248
1622810 1252
1622820 1256
1622830 1256
1622840 1260
1622850 1265
1622860 1265
1622870 1271
1622880 1277
1622890 1277
1622900 1282
1622910 1287
1622920 1287
1622930 1291
1622940 1295
1622950 1295
1622960 1301
1622970 1306
1622980 1306
1622990 1310
1623000 1314
1623010 1314
1623020 1320
1623030 1328
1623040 1328
1623050 1335
1623060 1341
1623070 1345
1623080 1345
1623090 1351
1623100 1359
1623110 1359
1623120 1370
1623130 1379
1623140 1379
1623150 1386
1623160 1393
1623170 1393
1623180 1400
1623190 1403
1623200 1403
1623210 1404
1623220 1404
1623230 1404
1623240 1403
1623250 1403
1623260 1403
1623270 1402
1623280 1402
1623290 1402
1623300 1402
1623310 1401
1623320 1401
1623330 1401
1623340 1402
1623350 1402
1623360 1403
1623370 1403
1623380 1403
1623390 1403
1623400 1403
1623410 1403
1623420 1404
1623430 1406
1623440 1406
1623450 1408
1623460 1410
1623470 1410
1623480 1413
1623490 1416
1623500 1416
1623510 1419
1623520 1422
1623530 1422
1623540 1423
1623550 1423
1623560 1423
1623570 1423
1623580 1422
1623590 1422
1623600 1422
1623610 1421
1623620 1421
1623630 1420
1623640 1418
1623650 1415
1623660 1415
1623670 1410
1623680 1403
1623690 1403
1623700 1395
1623710 1388
1623720 1390
1623730 1385
1623740 1379
1623750 1379
1623760 1374
1623770 1368
1623780 1368
1623790 1363
1623800 1359
1623810 1359
1623820 1354
1623830 1349
1623840 1349
1623850 1345
1623860 1340
1623870 1340
1623880 1336
1623890 1331
1623900 1331
1623910 1327
1623920 1322
1623930 1322
1623940 1318
1623950 1313
1623960 1313
1623970 1309
1623980 1304
1623990 1304
1624000 1301
1624010 1302
1624020 1302
1624030 1302
1624040 1302
1624050 1302
1624060 1302
1624070 1302
1624080 1302
1624090 1302
1624100 1301
1624110 1301
1624120 1299
1624130 1295
1624140 1295
1624150 1291
1624160 1286
1624170 1286
1624180 1281
1624190 1275
1624200 1275
1624210 1270
1624220 1264
1624230 1258
1624240 1258
1624250 1252
1624260 1246
1624270 1246
1624280 1240
1624290 1235
1624300 1235
1624310 1231
1624320 1225
1624330 1225
1624340 1220
1624350 1214
1624360 1214
1624370 1208
1624380 1202
1624390 1202
1624400 1197
1624410 1193
1624420 1193
1624430 1190
1624440 1188
1624450 1188
1624460 1186
1624470 1183
1624480 1183
1624490 1181
1624500 1178
1624510 1178
1624520 1176
1624530 1174
1624540 1174
1624550 1173
1624560 1172
1624570 1172
1624580 1171
1624590 1170
1624600 1170
1624610 1169
1624620 1167
1624630 1167
1624640 1167
1624650 1162
1624660 1162
1624670 1156
1624680 1149
1624690 1149
1624700 1141
1624710 1134
1624720 1134
1624730 1128
1624740 1121
1624750 1121
1624760 1114
1624770 1109
1624780 1109
1624790 1109
1624800 1111
1624810 1114
1624820 1114
1624830 1115
1624840 1116
1624850 1116
1624860 1116
1624870 1116
1624880 1116
1624890 1116
1624900 1117
1624910 1117
1624920 1118
1624930 1119
1624940 1119
1624950 1115
1624960 1109
1624970 1109
1624980 1101
1624990 1095
1625000 1095
1625010 1089
1625020 1083
1625030 1083
1625040 1078
1625050 1072
1625060 1072
1625070 1066
1625080 1060
1625090 1060
1625100 1054
1625110 1047
1625120 1047
1625130 1040
1625140 1033
1625150 1033
1625160 1025
1625170 1019
1625180 1019
1625190 1012
1625200 1005
1625210 1005
1625220 998
1625230 992
1625240 992
1625250 986
1625260 980
1625270 980
1625280 975
1625290 970
1625300 970
1625310 964
1625320 960
1625330 960
1625340 958
1625350 956
1625360 956
1625370 953
1625380 947
1625390 947
1625400 941
1625410 936
1625420 935
1625430 935
1625440 935
1625450 935
1625460 935
1625470 933
1625480 930
1625490 930
1625500 925
1625510 920
1625520 920
1625530 917
1625540 914
1625550 914
1625560 916
1625570 913
1625580 913
1625590 911
1625600 908
1625610 908
1625620 905
1625630 903
1625640 903
1625650 904
1625660 906
1625670 906
1625680 910
1625690 915
1625700 915
1625710 919
1625720 924
1625730 924
1625740 927
1625750 929
1625760 929
1625770 932
1625780 937
1625790 937
1625800 944
1625810 952
1625820 952
1625830 958
1625840 958
1625850 958
1625860 951
1625870 950
1625880 950
1625890 955
1625900 961
1625910 961
1625920 959
1625930 952
1625940 952
1625950 949
1625960 951
1625970 951
1625980 956
1625990 961
1626000 963
1626010 963
1626020 965
1626030 965
1626040 965
1626050 959
1626060 956
1626070 956
1626080 958
1626090 960
1626100 960
1626110 965
1626120 970
1626130 970
1626140 971
1626150 969
1626160 969
1626170 963
1626180 959
1626190 959
1626200 956
1626210 953
1626220 953
1626230 949
1626240 943
1626250 943
1626260 939
1626270 936
1626280 936
1626290 934
1626300 935
1626310 935
1626320 940
1626330 942
1626340 942
1626350 945
1626360 950
1626370 950
1626380 956
1626390 961
1626400 961
1626410 966
1626420 971
1626430 971
1626440 976
1626450 981
1626460 981
1626470 991
1626480 995
1626490 995
1626500 999
1626510 1003
1626520 1003
1626530 1005
1626540 1003
1626550 1003
1626560 997
1626570 991
1626580 984
1626590 984
1626600 978
1626610 971
1626620 971
1626630 964
1626640 959
1626650 959
1626660 955
1626670 952
1626680 952
1626690 949
1626700 948
1626710 948
1626720 946
1626730 941
1626740 941
1626750 934
1626760 927
1626770 927
1626780 920
1626790 913
1626800 913
1626810 907
1626820 904
1626830 904
1626840 902
1626850 901
1626860 901
1626870 900
1626880 899
1626890 899
1626900 901
1626910 902
1626920 902
1626930 901
1626940 900
1626950 900
1626960 901
1626970 905
1626980 905
1626990 908
1627000 909
1627010 909
1627020 907
1627030 902
1627040 902
1627050 898
1627060 897
1627070 897
1627080 899
1627090 901
1627100 901
1627110 904
1627120 908
1627130 908
1627140 913
1627150 918
1627160 924
1627170 924
1627180 929
1627190 934
1627200 934
1627210 938
1627220 944
1627230 944
1627240 946
1627250 942
1627260 942
1627270 935
1627280 927
1627290 927
1627300 920
1627310 916
1627320 916
1627330 917
1627340 918
1627350 918
1627360 918
1627370 929
1627380 929
1627390 931
1627400 930
1627410 930
1627420 926
1627430 920
1627440 920
1627450 920
1627460 921
1627470 921
1627480 924
1627490 927
1627500 927
1627510 930
1627520 930
1627530 930
1627540 926
1627550 922
1627560 922
1627570 921
1627580 922
1627590 922
1627600 924
1627610 927
1627620 927
1627630 930
1627640 932
1627650 932
1627660 933
1627670 934
1627680 934
1627690 936
1627700 941
1627710 941
1627720 947
1627730 950
1627740 950
1627750 952
1627760 953
1627770 954
1627780 954
1627790 956
1627800 957
1627810 957
1627820 955
1627830 953
1627840 953
1627850 951
1627860 948
1627870 948
1627880 946
1627890 944
1627900 944
1627910 941
1627920 936
1627930 936
1627940 930
1627950 923
1627960 923
1627970 917
1627980 912
1627990 912
1628000 909
1628010 908
1628020 908
1628030 906
1628040 904
1628050 904
1628060 900
1628070 893
1628080 893
1628090 887
1628100 884
1628110 884
1628120 879
1628130 872
1628140 872
1628150 866
1628160 859
1628170 859
1628180 851
1628190 843
1628200 843
1628210 835
1628220 828
1628230 828
1628240 821
1628250 815
1628260 815
1628270 809
1628280 803
1628290 803
1628300 796
1628310 788
1628320 788
1628330 779
1628340 771
1628350 764
1628360 764
1628370 758
1628380 752
1628390 752
1628400 747
1628410 742
1628420 742
1628430 738
1628440 733
1628450 733
1628460 728
1628470 724
1628480 724
1628490 720
1628500 715
1628510 715
1628520 710
1628530 705
1628540 705
1628550 700
1628560 695
1628570 695
1628580 692
1628590 687
1628600 687
1628610 681
1628620 675
1628630 675
1628640 670
1628650 663
1628660 663
1628670 657
1628680 651
1628690 651
1628700 645
1628710 640
1628720 640
1628730 634
1628740 629
1628750 629
1628760 626
1628770 621
1628780 621
1628790 616
1628800 611
1628810 611
1628820 607
1628830 603
1628840 603
1628850 599
1628860 596
1628870 596
1628880 593
1628890 590
1628900 590
1628910 588
1628920 585
1628930 583
1628940 583
1628950 579
1628960 576
1628970 576
1628980 574
1628990 571
1629000 571
1629010 569
1629020 566
1629030 566
1629040 562
1629050 558
1629060 558
1629070 554
1629080 550
1629090 550
1629100 547
1629110 543
1629120 543
1629130 541
1629140 540
1629150 540
1629160 541
1629170 540
1629180 540
1629190 539
1629200 538
1629210 538
1629220 535
1629230 531
1629240 531
1629250 525
1629260 521
1629270 521
1629280 516
1629290 513
1629300 513
1629310 509
1629320 504
1629330 504
1629340 501
1629350 497
1629360 497
1629370 490
1629380 483
1629390 483
1629400 479
1629410 474
1629420 474
1629430 470
1629440 467
1629450 467
1629460 464
1629470 461
1629480 461
1629490 458
1629500 455
1629510 455
1629520 452
1629530 447
1629540 443
1629550 443
1629560 442
1629570 441
1629580 441
1629590 441
1629600 442
1629610 442
1629620 443
1629630 445
1629640 445
1629650 446
1629660 446
1629670 446
1629680 446
1629690 448
1629700 448
1629710 448
1629720 448
1629730 448
1629740 448
1629750 448
1629760 448
1629770 443
1629780 435
1629790 435
1629800 428
1629810 421
1629820 421
1629830 414
1629840 409
1629850 409
1629860 400
1629870 392
1629880 392
1629890 390
1629900 390
1629910 390
1629920 390
1629930 390
1629940 390
1629950 390
1629960 390
1629970 390
1629980 389
1629990 388
1630000 388
1630010 388
1630020 387
1630030 387
1630040 387
1630050 387
1630060 387
1630070 387
1630080 387
1630090 387
1630100 388
1630110 388
1630120 389
1630130 389
1630140 397
1630150 409
1630160 409
1630170 415
1630180 417
1630190 417
1630200 418
1630210 420
1630220 420
1630230 420
1630240 421
1630250 421
1630260 422
1630270 423
1630280 423
1630290 424
1630300 425
1630310 425
1630320 426
1630330 427
1630340 427
1630350 428
1630360 428
1630370 428
1630380 430
1630390 432
1630400 432
1630410 433
1630420 433
1630430 433
1630440 436
1630450 440
1630460 440
1630470 444
1630480 450
1630490 450
1630500 458
1630510 466
1630520 466
1630530 476
1630540 486
1630550 486
1630560 494
1630570 498
1630580 498
1630590 500
1630600 503
1630610 503
1630620 506
1630630 507
1630640 507
1630650 509
1630660 512
1630670 512
1630680 517
1630690 521
1630700 524
1630710 524
1630720 527
1630730 532
1630740 532
1630750 538
1630760 545
1630770 545
1630780 550
1630790 554
1630800 554
1630810 558
1630820 562
1630830 562
1630840 566
1630850 569
1630860 569
1630870 574
1630880 580
1630890 580
1630900 587
1630910 595
1630920 595
1630930 601
1630940 608
1630950 608
1630960 615
1630970 621
1630980 621
1630990 624
1631000 626
1631010 626
1631020 629
1631030 632
1631040 632
1631050 637
1631060 643
1631070 643
1631080 649
1631090 655
1631100 655
1631110 664
1631120 672
1631130 672
1631140 679
1631150 685
1631160 685
1631170 689
1631180 694
1631190 694
1631200 699
1631210 704
1631220 704
1631230 709
1631240 713
1631250 713
1631260 716
1631270 719
1631280 719
1631290 722
1631300 724
1631310 725
1631320 725
1631330 729
1631340 733
1631350 733
1631360 738
1631370 741
1631380 741
1631390 746
1631400 754
1631410 754
1631420 761
1631430 761
1631440 761
1631450 758
1631460 754
1631470 754
1631480 750
1631490 748
1631500 748
1631510 746
1631520 746
1631530 746
1631540 747
1631550 748
1631560 748
1631570 749
1631580 751
1631590 751
1631600 752
1631610 754
1631620 754
1631630 756
1631640 759
1631650 759
1631660 761
1631670 764
1631680 764
1631690 768
1631700 772
1631710 772
1631720 775
1631730 779
1631740 779
1631750 782
1631760 787
1631770 787
1631780 791
1631790 795
1631800 795
1631810 798
1631820 803
1631830 803
1631840 808
1631850 814
1631860 814
1631870 819
1631880 824
1631890 830
1631900 830
1631910 835
1631920 841
1631930 841
1631940 847
1631950 853
1631960 853
1631970 859
1631980 864
1631990 864
1632000 870
1632010 874
1632020 874
1632030 878
1632040 881
1632050 881
1632060 883
1632070 883
1632080 883
1632090 884
1632100 886
1632110 886
1632120 888
1632130 891
1632140 891
1632150 895
1632160 899
1632170 899
1632180 904
1632190 908
1632200 908
1632210 913
1632220 918
1632230 918
1632240 923
1632250 928
1632260 928
1632270 933
1632280 939
1632290 939
1632300 945
1632310 952
1632320 952
1632330 960
1632340 968
1632350 968
1632360 976
1632370 984
1632380 984
1632390 991
1632400 998
1632410 998
1632420 1004
1632430 1010
1632440 1010
1632450 1017
1632460 1024
1632470 1029
1632480 1029
1632490 1033
1632500 1037
1632510 1037
1632520 1041
1632530 1047
1632540 1047
1632550 1053
1632560 1059
1632570 1059
1632580 1063
1632590 1066
1632600 1066
1632610 1071
1632620 1076
1632630 1076
1632640 1081
1632650 1086
1632660 1086
1632670 1090
1632680 1089
1632690 1089
1632700 1094
1632710 1099
1632720 1099
1632730 1104
1632740 1109
1632750 1109
1632760 1115
1632770 1121
1632780 1121
1632790 1126
1632800 1132
1632810 1132
1632820 1138
1632830 1145
1632840 1145
1632850 1151
1632860 1157
1632870 1157
1632880 1163
1632890 1169
1632900 1169
1632910 1175
1632920 1182
1632930 1182
1632940 1188
1632950 1195
1632960 1195
1632970 1201
1632980 1208
1632990 1208
1633000 1214
1633010 1220
1633020 1220
1633030 1227
1633040 1233
1633050 1233
1633060 1239
1633070 1244
1633080 1248
1633090 1248
1633100 1252
1633110 1255
1633120 1255
1633130 1257
1633140 1259
1633150 1259
1633160 1259
1633170 1255
1633180 1255
1633190 1249
1633200 1243
1633210 1243
1633220 1236
1633230 1229
1633240 1229
1633250 1222
1633260 1215
1633270 1215
1633280 1208
1633290 1202
1633300 1202
1633310 1195
1633320 1188
1633330 1188
1633340 1181
1633350 1174
1633360 1174
1633370 1167
1633380 1160
1633390 1160
1633400 1153
1633410 1146
1633420 1146
1633430 1139
1633440 1133
1633450 1133
1633460 1126
1633470 1119
1633480 1119
1633490 1113
1633500 1106
1633510 1106
1633520 1100
1633530 1093
1633540 1093
1633550 1085
1633560 1078
1633570 1078
1633580 1072
1633590 1066
1633600 1066
1633610 1060
1633620 1054
1633630 1054
1633640 1048
1633650 1042
1633660 1037
1633670 1037
1633680 1033
1633690 1028
1633700 1028
1633710 1024
1633720 1020
1633730 1020
1633740 1015
1633750 1011
1633760 1011
1633770 1007
1633780 1002
1633790 1002
1633800 998
1633810 994
1633820 994
1633830 989
1633840 985
1633850 985
1633860 981
1633870 977
1633880 977
1633890 973
1633900 970
1633910 970
1633920 968
1633930 966
1633940 966
1633950 963
1633960 960
1633970 960
1633980 957
1633990 953
1634000 953
1634010 950
1634020 947
1634030 947
1634040 944
1634050 942
1634060 942
1634070 937
1634080 931
1634090 931
1634100 925
1634110 921
1634120 921
1634130 917
1634140 914
1634150 914
1634160 910
1634170 906
1634180 906
1634190 903
1634200 899
1634210 899
1634220 895
1634230 892
1634240 889
1634250 889
1634260 887
1634270 884
1634280 884
1634290 881
1634300 879
1634310 879
1634320 876
1634330 873
1634340 873
1634350 870
1634360 866
1634370 866
1634380 862
1634390 858
1634400 858
1634410 849
1634420 845
1634430 845
1634440 843
1634450 842
1634460 842
1634470 841
1634480 841
1634490 841
1634500 845
1634510 850
1634520 850
1634530 855
1634540 859
1634550 859
1634560 863
1634570 867
1634580 867
1634590 870
1634600 872
1634610 872
1634620 873
1634630 872
1634640 872
1634650 869
1634660 864
1634670 864
1634680 859
1634690 853
1634700 853
1634710 847
1634720 842
1634730 842
1634740 836
1634750 831
1634760 831
1634770 826
1634780 821
1634790 821
1634800 818
1634810 818
1634820 818
1634830 819
1634840 820
1634850 821
1634860 821
1634870 822
1634880 823
1634890 823
1634900 825
1634910 827
1634920 827
1634930 828
1634940 829
1634950 829
1634960 828
1634970 826
1634980 826
1634990 822
1635000 818
1635010 818
1635020 813
1635030 809
1635040 809
1635050 804
1635060 799
1635070 799
1635080 794
1635090 792
1635100 792
1635110 789
1635120 786
1635130 786
1635140 785
1635150 782
1635160 782
1635170 780
1635180 777
1635190 777
1635200 773
1635210 768
1635220 768
1635230 764
1635240 758
1635250 758
1635260 750
1635270 744
1635280 744
1635290 739
1635300 733
1635310 733
1635320 727
1635330 721
1635340 721
1635350 715
1635360 710
1635370 710
1635380 704
1635390 696
1635400 696
1635410 689
1635420 681
1635430 675
1635440 675
1635450 671
1635460 666
1635470 666
1635480 661
1635490 655
1635500 655
1635510 650
1635520 644
1635530 644
1635540 639
1635550 636
1635560 636
1635570 632
1635580 627
1635590 627
1635600 621
1635610 614
1635620 614
1635630 607
1635640 601
1635650 601
1635660 595
1635670 589
1635680 589
1635690 583
1635700 578
1635710 578
1635720 572
1635730 568
1635740 568
1635750 563
1635760 559
1635770 559
1635780 554
1635790 550
1635800 550
1635810 545
1635820 541
1635830 541
1635840 538
1635850 535
1635860 535
1635870 532
1635880 529
1635890 529
1635900 527
1635910 524
1635920 524
1635930 521
1635940 519
1635950 519
1635960 516
1635970 515
1635980 515
1635990 514
1636000 513
1636010 512
1636020 512
1636030 511
1636040 509
1636050 509
1636060 509
1636070 508
1636080 508
1636090 508
1636100 509
1636110 508
1636120 509
1636130 509
1636140 509
1636150 509
1636160 509
1636170 509
1636180 509
1636190 509
1636200 509
1636210 509
1636220 510
1636230 510
1636240 509
1636250 513
1636260 513
1636270 518
1636280 522
1636290 522
1636300 526
1636310 531
1636320 531
1636330 535
1636340 539
1636350 539
1636360 543
1636370 547
1636380 547
1636390 551
1636400 553
1636410 553
1636420 556
1636430 559
1636440 559
1636450 560
1636460 562
1636470 562
1636480 564
1636490 567
1636500 567
1636510 571
1636520 574
1636530 574
1636540 578
1636550 582
1636560 582
1636570 585
1636580 589
1636590 589
1636600 593
1636610 597
1636620 601
1636630 601
1636640 606
1636650 609
1636660 609
1636670 613
1636680 617
1636690 617
1636700 622
1636710 625
1636720 625
1636730 630
1636740 634
1636750 634
1636760 638
1636770 644
1636780 644
1636790 649
1636800 655
1636810 655
1636820 660
1636830 665
1636840 665
1636850 672
1636860 677
1636870 677
1636880 682
1636890 687
1636900 687
1636910 693
1636920 699
1636930 699
1636940 705
1636950 711
1636960 716
1636970 721
1636980 727
1636990 727
1637000 734
1637010 740
1637020 740
1637030 747
1637040 751
1637050 751
1637060 756
1637070 761
1637080 761
1637090 765
1637100 768
1637110 768
1637120 770
1637130 772
1637140 772
1637150 773
1637160 774
1637170 774
1637180 776
1637190 780
1637200 783
1637210 783
1637220 783
1637230 780
1637240 780
1637250 778
1637260 778
1637270 778
1637280 778
1637290 779
1637300 779
1637310 781
1637320 783
1637330 783
1637340 784
1637350 786
1637360 786
1637370 789
1637380 792
1637390 792
1637400 795
1637410 798
1637420 798
1637430 801
1637440 805
1637450 805
1637460 809
1637470 813
1637480 813
1637490 817
1637500 821
1637510 821
1637520 826
1637530 830
1637540 830
1637550 835
1637560 839
1637570 839
1637580 842
1637590 843
1637600 843
1637610 843
1637620 843
1637630 843
1637640 842
1637650 843
1637660 843
1637670 844
1637680 846
1637690 846
1637700 849
1637710 853
1637720 853
1637730 857
1637740 861
1637750 861
1637760 864
1637770 867
1637780 867
1637790 872
1637800 872
1637810 873
1637820 873
1637830 872
1637840 869
1637850 869
1637860 867
1637870 864
1637880 864
1637890 861
1637900 856
1637910 856
1637920 851
1637930 844
1637940 844
1637950 838
1637960 833
1637970 833
1637980 829
1637990 825
1638000 825
1638010 821
1638020 819
1638030 819
1638040 816
1638050 813
1638060 813
1638070 810
1638080 808
1638090 808
1638100 805
1638110 800
1638120 800
1638130 794
1638140 790
1638150 790
1638160 783
1638170 775
1638180 775
1638190 767
1638200 757
1638210 757
1638220 749
1638230 742
1638240 742
1638250 736
1638260 729
1638270 729
1638280 723
1638290 718
1638300 718
1638310 712
1638320 707
1638330 707
1638340 702
1638350 696
1638360 696
1638370 691
1638380 686
1638390 680
1638400 680
1638410 674
1638420 668
1638430 668
1638440 662
1638450 657
1638460 657
1638470 653
1638480 649
1638490 649
1638500 646
1638510 642
1638520 642
1638530 639
1638540 635
1638550 635
1638560 631
1638570 626
1638580 626
1638590 621
1638600 616
1638610 616
1638620 612
1638630 606
1638640 602
1638650 597
1638660 594
1638670 594
1638680 593
1638690 592
1638700 592
1638710 589
1638720 584
1638730 584
1638740 579
1638750 576
1638760 576
1638770 571
1638780 565
1638790 565
1638800 560
1638810 556
1638820 556
1638830 553
1638840 549
1638850 549
1638860 546
1638870 544
1638880 544
1638890 541
1638900 539
1638910 539
1638920 537
1638930 535
1638940 535
1638950 533
1638960 531
1638970 528
1638980 528
1638990 526
1639000 524
1639010 524
1639020 523
1639030 521
1639040 521
1639050 521
1639060 520
1639070 520
1639080 520
1639090 520
1639100 520
1639110 519
1639120 519
1639130 519
1639140 519
1639150 519
1639160 519
1639170 519
1639180 521
1639190 521
1639200 523
1639210 525
1639220 525
1639230 526
1639240 529
1639250 529
1639260 531
1639270 534
1639280 534
1639290 537
1639300 539
1639310 539
1639320 542
1639330 544
1639340 544
1639350 546
1639360 548
1639370 548
1639380 551
1639390 555
1639400 555
1639410 559
1639420 564
1639430 564
1639440 570
1639450 576
1639460 576
1639470 580
1639480 586
1639490 586
1639500 591
1639510 597
1639520 597
1639530 603
1639540 609
1639550 609
1639560 614
1639570 619
1639580 625
1639590 625
1639600 631
1639610 636
1639620 636
1639630 640
1639640 645
1639650 645
1639660 649
1639670 653
1639680 653
1639690 658
1639700 662
1639710 662
1639720 665
1639730 669
1639740 669
1639750 673
1639760 676
1639770 676
1639780 679
1639790 683
1639800 683
1639810 686
1639820 690
1639830 690
1639840 693
1639850 697
1639860 697
1639870 701
1639880 706
1639890 706
1639900 710
1639910 713
1639920 713
1639930 715
1639940 716
1639950 716
1639960 716
1639970 715
1639980 715
1639990 714
