1620000 1044
1620010 1050
1620020 1047
1620030 1047
1620040 1040
1620050 1034
1620060 1034
1620070 1029
1620080 1025
1620090 1025
1620100 1021
1620110 1018
1620120 1018
1620130 1016
1620140 1013
1620150 1013
1620160 1011
1620170 1011
1620180 1011
1620190 1010
1620200 1009
1620210 1009
1620220 1013
1620230 1019
1620240 1019
1620250 1022
1620260 1024
1620270 1024
1620280 1026
1620290 1026
1620300 1026
1620310 1027
1620320 1032
1620330 1032
1620340 1038
1620350 1042
1620360 1042
1620370 1047
1620380 1051
1620390 1051
1620400 1056
1620410 1060
1620420 1060
1620430 1065
1620440 1069
1620450 1075
1620460 1075
1620470 1082
1620480 1087
1620490 1087
1620500 1091
1620510 1094
1620520 1094
1620530 1096
1620540 1098
1620550 1098
1620560 1102
1620570 1106
1620580 1106
1620590 1110
1620600 1115
1620610 1115
1620620 1120
1620630 1128
1620640 1128
1620650 1136
1620660 1140
1620670 1140
1620680 1143
1620690 1145
1620700 1145
1620710 1147
1620720 1150
1620730 1150
1620740 1154
1620750 1159
1620760 1159
1620770 1162
1620780 1162
1620790 1162
1620800 1164
1620810 1168
1620820 1168
1620830 1173
1620840 1180
1620850 1180
1620860 1186
1620870 1191
1620880 1191
1620890 1196
1620900 1201
1620910 1201
1620920 1205
1620930 1209
1620940 1209
1620950 1215
1620960 1222
1620970 1222
1620980 1231
1620990 1242
1621000 1242
1621010 1253
1621020 1263
1621030 1274
1621040 1274
1621050 1284
1621060 1292
1621070 1292
1621080 1300
1621090 1307
1621100 1307
1621110 1314
1621120 1322
1621130 1322
1621140 1329
1621150 1337
1621160 1337
1621170 1345
1621180 1353
1621190 1353
1621200 1361
1621210 1368
1621220 1368
1621230 1376
1621240 1384
1621250 1384
1621260 1389
1621270 1396
1621280 1394
1621290 1401
1621300 1408
1621310 1408
1621320 1415
1621330 1421
1621340 1421
1621350 1428
1621360 1434
1621370 1434
1621380 1439
1621390 1442
1621400 1442
1621410 1440
1621420 1430
1621430 1430
1621440 1422
1621450 1413
1621460 1413
1621470 1401
1621480 1390
1621490 1390
1621500 1381
1621510 1373
1621520 1373
1621530 1366
1621540 1360
1621550 1360
1621560 1353
1621570 1343
1621580 1343
1621590 1328
1621600 1305
1621610 1305
1621620 1289
1621630 1282
1621640 1274
1621650 1274
1621660 1267
1621670 1261
1621680 1261
1621690 1255
1621700 1250
1621710 1250
1621720 1245
1621730 1241
1621740 1241
1621750 1237
1621760 1233
1621770 1233
1621780 1230
1621790 1226
1621800 1226
1621810 1222
1621820 1219
1621830 1219
1621840 1215
1621850 1212
1621860 1212
1621870 1209
1621880 1207
1621890 1207
1621900 1205
1621910 1203
1621920 1203
1621930 1201
1621940 1199
1621950 1199
1621960 1196
1621970 1192
1621980 1192
1621990 1187
1622000 1182
1622010 1182
1622020 1178
1622030 1175
1622040 1175
1622050 1174
1622060 1173
1622070 1173
1622080 1173
1622090 1173
1622100 1173
1622110 1172
1622120 1171
1622130 1171
1622140 1171
1622150 1170
1622160 1170
1622170 1170
1622180 1171
1622190 1171
1622200 1172
1622210 1170
1622220 1167
1622230 1167
1622240 1169
1622250 1171
1622260 1171
1622270 1171
1622280 1170
1622290 1170
1622300 1167
1622310 1165
1622320 1165
1622330 1162
1622340 1159
1622350 1159
1622360 1157
1622370 1154
1622380 1154
1622390 1151
1622400 1147
1622410 1147
1622420 1143
1622430 1138
1622440 1138
1622450 1133
1622460 1128
1622470 1128
1622480 1125
1622490 1123
1622500 1123
1622510 1119
1622520 1115
1622530 1115
1622540 1109
1622550 1104
1622560 1104
1622570 1099
1622580 1093
1622590 1093
1622600 1087
1622610 1083
1622620 1083
1622630 1081
1622640 1082
1622650 1082
1622660 1084
1622670 1084
1622680 1084
1622690 1084
1622700 1088
1622710 1088
1622720 1092
1622730 1096
1622740 1096
1622750 1098
1622760 1097
1622770 1097
1622780 1096
1622790 1094
1622800 1093
1622810 1093
1622820 1097
1622830 1102
1622840 1102
1622850 1106
1622860 1109
1622870 1109
1622880 1112
1622890 1115
1622900 1115
1622910 1119
1622920 1123
1622930 1123
1622940 1127
1622950 1132
1622960 1132
1622970 1136
1622980 1141
1622990 1141
1623000 1145
1623010 1150
1623020 1150
1623030 1155
1623040 1158
1623050 1158
1623060 1160
1623070 1164
1623080 1164
1623090 1169
1623100 1172
1623110 1172
1623120 1175
1623130 1180
1623140 1180
1623150 1181
1623160 1185
1623170 1185
1623180 1189
1623190 1192
1623200 1192
1623210 1195
1623220 1198
1623230 1198
1623240 1201
1623250 1206
1623260 1206
1623270 1209
1623280 1213
1623290 1213
1623300 1216
1623310 1219
1623320 1219
1623330 1222
1623340 1225
1623350 1225
1623360 1227
1623370 1229
1623380 1229
1623390 1232
1623400 1237
1623410 1241
1623420 1241
1623430 1244
1623440 1247
1623450 1247
1623460 1250
1623470 1254
1623480 1254
1623490 1257
1623500 1261
1623510 1261
1623520 1264
1623530 1267
1623540 1267
1623550 1271
1623560 1274
1623570 1274
1623580 1278
1623590 1282
1623600 1282
1623610 1286
1623620 1289
1623630 1289
1623640 1293
1623650 1297
1623660 1297
1623670 1300
1623680 1304
1623690 1304
1623700 1307
1623710 1310
1623720 1310
1623730 1313
1623740 1316
1623750 1316
1623760 1319
1623770 1322
1623780 1322
1623790 1325
1623800 1329
1623810 1329
1623820 1333
1623830 1337
1623840 1337
1623850 1341
1623860 1345
1623870 1345
1623880 1348
1623890 1350
1623900 1350
1623910 1349
1623920 1345
1623930 1345
1623940 1341
1623950 1338
1623960 1338
1623970 1330
1623980 1324
1623990 1322
1624000 1322
1624010 1319
1624020 1311
1624030 1311
1624040 1307
1624050 1306
1624060 1306
1624070 1298
1624080 1300
1624090 1300
1624100 1304
1624110 1310
1624120 1310
1624130 1314
1624140 1315
1624150 1315
1624160 1314
1624170 1319
1624180 1319
1624190 1329
1624200 1332
1624210 1332
1624220 1335
1624230 1348
1624240 1348
1624250 1362
1624260 1371
1624270 1371
1624280 1378
1624290 1379
1624300 1379
1624310 1378
1624320 1376
1624330 1376
1624340 1374
1624350 1373
1624360 1373
1624370 1371
1624380 1369
1624390 1369
1624400 1367
1624410 1365
1624420 1365
1624430 1363
1624440 1360
1624450 1360
1624460 1357
1624470 1352
1624480 1352
1624490 1347
1624500 1343
1624510 1343
1624520 1340
1624530 1337
1624540 1337
1624550 1336
1624560 1334
1624570 1334
1624580 1332
1624590 1332
1624600 1331
1624610 1331
1624620 1329
1624630 1327
1624640 1327
1624650 1324
1624660 1321
1624670 1321
1624680 1317
1624690 1311
1624700 1311
1624710 1305
1624720 1299
1624730 1299
1624740 1293
1624750 1288
1624760 1288
1624770 1287
1624780 1287
1624790 1287
1624800 1289
1624810 1290
1624820 1290
1624830 1292
1624840 1294
1624850 1294
1624860 1297
1624870 1299
1624880 1299
1624890 1302
1624900 1305
1624910 1305
1624920 1307
1624930 1309
1624940 1309
1624950 1310
1624960 1312
1624970 1312
1624980 1315
1624990 1322
1625000 1322
1625010 1323
1625020 1323
1625030 1323
1625040 1322
1625050 1319
1625060 1319
1625070 1317
1625080 1315
1625090 1315
1625100 1315
1625110 1313
1625120 1313
1625130 1310
1625140 1306
1625150 1306
1625160 1303
1625170 1299
1625180 1296
1625190 1296
1625200 1293
1625210 1288
1625220 1288
1625230 1285
1625240 1282
1625250 1282
1625260 1279
1625270 1277
1625280 1277
1625290 1276
1625300 1273
1625310 1273
1625320 1268
1625330 1265
1625340 1265
1625350 1264
1625360 1263
1625370 1263
1625380 1263
1625390 1264
1625400 1264
1625410 1267
1625420 1266
1625430 1266
1625440 1267
1625450 1270
1625460 1270
1625470 1274
1625480 1279
1625490 1279
1625500 1284
1625510 1289
1625520 1289
1625530 1294
1625540 1299
1625550 1299
1625560 1302
1625570 1301
1625580 1301
1625590 1299
1625600 1297
1625610 1297
1625620 1295
1625630 1292
1625640 1292
1625650 1288
1625660 1284
1625670 1284
1625680 1281
1625690 1281
1625700 1281
1625710 1282
1625720 1283
1625730 1283
1625740 1284
1625750 1285
1625760 1285
1625770 1285
1625780 1285
1625790 1286
1625800 1286
1625810 1286
1625820 1287
1625830 1287
1625840 1287
1625850 1288
1625860 1288
1625870 1288
1625880 1289
1625890 1289
1625900 1289
1625910 1290
1625920 1290
1625930 1290
1625940 1291
1625950 1291
1625960 1291
1625970 1292
1625980 1292
1625990 1292
1626000 1293
1626010 1293
1626020 1294
1626030 1294
1626040 1294
1626050 1294
1626060 1295
1626070 1295
1626080 1295
1626090 1294
1626100 1294
1626110 1294
1626120 1294
1626130 1294
1626140 1293
1626150 1292
1626160 1292
1626170 1291
1626180 1289
1626190 1289
1626200 1288
1626210 1287
1626220 1287
1626230 1286
1626240 1284
1626250 1284
1626260 1282
1626270 1281
1626280 1281
1626290 1281
1626300 1280
1626310 1280
1626320 1280
1626330 1280
1626340 1280
1626350 1279
1626360 1279
1626370 1279
1626380 1279
1626390 1279
1626400 1279
1626410 1279
1626420 1279
1626430 1279
1626440 1279
1626450 1279
1626460 1279
1626470 1279
1626480 1279
1626490 1278
1626500 1278
1626510 1278
1626520 1277
1626530 1277
1626540 1276
1626550 1275
1626560 1275
1626570 1274
1626580 1273
1626590 1273
1626600 1272
1626610 1271
1626620 1271
1626630 1269
1626640 1267
1626650 1267
1626660 1265
1626670 1263
1626680 1263
1626690 1261
1626700 1258
1626710 1258
1626720 1254
1626730 1250
1626740 1250
1626750 1244
1626760 1238
1626770 1238
1626780 1232
1626790 1227
1626800 1227
1626810 1220
1626820 1217
1626830 1217
1626840 1214
1626850 1210
1626860 1210
1626870 1206
1626880 1202
1626890 1202
1626900 1199
1626910 1195
1626920 1195
1626930 1191
1626940 1187
1626950 1187
1626960 1183
1626970 1179
1626980 1175
1626990 1175
1627000 1172
1627010 1167
1627020 1167
1627030 1164
1627040 1160
1627050 1160
1627060 1157
1627070 1153
1627080 1153
1627090 1150
1627100 1148
1627110 1148
1627120 1146
1627130 1144
1627140 1144
1627150 1141
1627160 1139
1627170 1139
1627180 1137
1627190 1135
1627200 1135
1627210 1134
1627220 1132
1627230 1132
1627240 1130
1627250 1128
1627260 1128
1627270 1126
1627280 1123
1627290 1123
1627300 1121
1627310 1119
1627320 1119
1627330 1117
1627340 1114
1627350 1114
1627360 1110
1627370 1107
1627380 1107
1627390 1105
1627400 1102
1627410 1102
1627420 1100
1627430 1097
1627440 1097
1627450 1094
1627460 1092
1627470 1092
1627480 1089
1627490 1085
1627500 1085
1627510 1082
1627520 1077
1627530 1077
1627540 1073
1627550 1069
1627560 1065
1627570 1065
1627580 1062
1627590 1057
1627600 1057
1627610 1052
1627620 1048
1627630 1048
1627640 1043
1627650 1039
1627660 1039
1627670 1034
1627680 1029
1627690 1029
1627700 1024
1627710 1019
1627720 1019
1627730 1015
1627740 1011
1627750 1011
1627760 1006
1627770 1001
1627780 1001
1627790 996
1627800 991
1627810 991
1627820 985
1627830 980
1627840 980
1627850 974
1627860 969
1627870 969
1627880 964
1627890 959
1627900 959
1627910 954
1627920 949
1627930 949
1627940 944
1627950 939
1627960 939
1627970 936
1627980 933
1627990 933
1628000 929
1628010 925
1628020 925
1628030 920
1628040 914
1628050 914
1628060 908
1628070 902
1628080 902
1628090 895
1628100 888
1628110 888
1628120 882
1628130 875
1628140 875
1628150 869
1628160 863
1628170 858
1628180 858
1628190 853
1628200 847
1628210 847
1628220 842
1628230 837
1628240 837
1628250 832
1628260 827
1628270 827
1628280 821
1628290 815
1628300 815
1628310 810
1628320 805
1628330 805
1628340 802
1628350 798
1628360 798
1628370 795
1628380 793
1628390 793
1628400 792
1628410 793
1628420 793
1628430 794
1628440 795
1628450 795
1628460 794
1628470 792
1628480 792
1628490 789
1628500 786
1628510 786
1628520 783
1628530 780
1628540 780
1628550 776
1628560 772
1628570 772
1628580 768
1628590 764
1628600 764
1628610 760
1628620 756
1628630 756
1628640 750
1628650 745
1628660 745
1628670 739
1628680 735
1628690 735
1628700 731
1628710 727
1628720 727
1628730 723
1628740 720
1628750 716
1628760 716
1628770 711
1628780 706
1628790 706
1628800 700
1628810 694
1628820 694
1628830 689
1628840 685
1628850 685
1628860 682
1628870 679
1628880 679
1628890 677
1628900 674
1628910 674
1628920 672
1628930 670
1628940 670
1628950 667
1628960 665
1628970 665
1628980 662
1628990 658
1629000 658
1629010 654
1629020 651
1629030 651
1629040 648
1629050 645
1629060 645
1629070 642
1629080 639
1629090 639
1629100 637
1629110 635
1629120 635
1629130 632
1629140 630
1629150 630
1629160 627
1629170 623
1629180 623
1629190 620
1629200 617
1629210 617
1629220 612
1629230 609
1629240 609
1629250 605
1629260 601
1629270 601
1629280 596
1629290 592
1629300 592
1629310 587
1629320 584
1629330 584
1629340 580
1629350 577
1629360 575
1629370 575
1629380 572
1629390 570
1629400 570
1629410 568
1629420 567
1629430 567
1629440 565
1629450 562
1629460 562
1629470 559
1629480 556
1629490 556
1629500 552
1629510 547
1629520 547
1629530 542
1629540 536
1629550 536
1629560 530
1629570 523
1629580 523
1629590 518
1629600 513
1629610 513
1629620 509
1629630 505
1629640 505
1629650 501
1629660 497
1629670 497
1629680 491
1629690 485
1629700 485
1629710 478
1629720 470
1629730 470
1629740 464
1629750 459
1629760 459
1629770 453
1629780 445
1629790 445
1629800 437
1629810 431
1629820 431
1629830 424
1629840 415
1629850 415
1629860 405
1629870 397
1629880 397
1629890 392
1629900 391
1629910 391
1629920 389
1629930 387
1629940 387
1629950 387
1629960 387
1629970 387
1629980 387
1629990 387
1630000 387
1630010 387
1630020 388
1630030 390
1630040 390
1630050 396
1630060 402
1630070 402
1630080 406
1630090 409
1630100 409
1630110 410
1630120 410
1630130 410
1630140 410
1630150 410
1630160 410
1630170 411
1630180 412
1630190 412
1630200 412
1630210 413
1630220 413
1630230 414
1630240 416
1630250 416
1630260 417
1630270 418
1630280 418
1630290 419
1630300 420
1630310 420
1630320 422
1630330 423
1630340 423
1630350 423
1630360 424
1630370 424
1630380 426
1630390 426
1630400 426
1630410 427
1630420 428
1630430 428
1630440 430
1630450 429
1630460 429
1630470 429
1630480 434
1630490 434
1630500 442
1630510 451
1630520 451
1630530 461
1630540 471
1630550 478
1630560 478
1630570 479
1630580 477
1630590 477
1630600 474
1630610 475
1630620 475
1630630 477
1630640 478
1630650 478
1630660 479
1630670 480
1630680 480
1630690 481
1630700 481
1630710 481
1630720 481
1630730 481
1630740 481
1630750 482
1630760 482
1630770 482
1630780 481
1630790 483
1630800 483
1630810 484
1630820 486
1630830 486
1630840 492
1630850 498
1630860 498
1630870 502
1630880 504
1630890 504
1630900 503
1630910 499
1630920 499
1630930 496
1630940 499
1630950 499
1630960 505
1630970 509
1630980 509
1630990 511
1631000 513
1631010 513
1631020 514
1631030 514
1631040 514
1631050 512
1631060 511
1631070 511
1631080 511
1631090 509
1631100 509
1631110 508
1631120 511
1631130 514
1631140 514
1631150 516
1631160 518
1631170 518
1631180 522
1631190 527
1631200 527
1631210 532
1631220 535
1631230 535
1631240 538
1631250 540
1631260 538
1631270 541
1631280 544
1631290 544
1631300 547
1631310 552
1631320 552
1631330 559
1631340 566
1631350 566
1631360 573
1631370 579
1631380 579
1631390 584
1631400 589
1631410 589
1631420 595
1631430 600
1631440 600
1631450 605
1631460 608
1631470 608
1631480 611
1631490 616
1631500 616
1631510 621
1631520 627
1631530 627
1631540 636
1631550 647
1631560 647
1631570 656
1631580 664
1631590 664
1631600 672
1631610 680
1631620 680
1631630 687
1631640 693
1631650 693
1631660 700
1631670 707
1631680 707
1631690 715
1631700 724
1631710 724
1631720 732
1631730 741
1631740 749
1631750 749
1631760 757
1631770 762
1631780 762
1631790 766
1631800 768
1631810 768
1631820 771
1631830 773
1631840 773
1631850 777
1631860 779
1631870 779
1631880 782
1631890 785
1631900 785
1631910 788
1631920 791
1631930 791
1631940 793
1631950 796
1631960 796
1631970 799
1631980 803
1631990 803
1632000 807
1632010 811
1632020 811
1632030 814
1632040 817
1632050 817
1632060 822
1632070 827
1632080 827
1632090 832
1632100 837
1632110 837
1632120 843
1632130 849
1632140 850
1632150 855
1632160 860
1632170 860
1632180 866
1632190 872
1632200 872
1632210 878
1632220 884
1632230 884
1632240 892
1632250 899
1632260 899
1632270 905
1632280 912
1632290 912
1632300 920
1632310 927
1632320 933
1632330 933
1632340 939
1632350 946
1632360 946
1632370 953
1632380 959
1632390 959
1632400 966
1632410 972
1632420 972
1632430 978
1632440 983
1632450 983
1632460 988
1632470 993
1632480 993
1632490 997
1632500 1003
1632510 1003
1632520 1008
1632530 1012
1632540 1012
1632550 1016
1632560 1020
1632570 1020
1632580 1024
1632590 1028
1632600 1028
1632610 1032
1632620 1035
1632630 1035
1632640 1038
1632650 1040
1632660 1040
1632670 1043
1632680 1047
1632690 1047
1632700 1051
1632710 1056
1632720 1056
1632730 1061
1632740 1066
1632750 1066
1632760 1072
1632770 1078
1632780 1078
1632790 1085
1632800 1092
1632810 1092
1632820 1099
1632830 1105
1632840 1105
1632850 1112
1632860 1118
1632870 1118
1632880 1125
1632890 1131
1632900 1131
1632910 1138
1632920 1145
1632930 1151
1632940 1151
1632950 1158
1632960 1165
1632970 1165
1632980 1172
1632990 1179
1633000 1179
1633010 1185
1633020 1191
1633030 1191
1633040 1196
1633050 1199
1633060 1199
1633070 1199
1633080 1195
1633090 1195
1633100 1188
1633110 1182
1633120 1182
1633130 1176
1633140 1171
1633150 1171
1633160 1167
1633170 1163
1633180 1163
1633190 1160
1633200 1157
1633210 1157
1633220 1153
1633230 1149
1633240 1149
1633250 1146
1633260 1142
1633270 1142
1633280 1139
1633290 1135
1633300 1135
1633310 1132
1633320 1129
1633330 1129
1633340 1126
1633350 1123
1633360 1123
1633370 1121
1633380 1118
1633390 1118
1633400 1113
1633410 1109
1633420 1109
1633430 1106
1633440 1102
1633450 1102
1633460 1097
1633470 1092
1633480 1092
1633490 1087
1633500 1081
1633510 1074
1633520 1074
1633530 1068
1633540 1062
1633550 1062
1633560 1057
1633570 1053
1633580 1053
1633590 1049
1633600 1045
1633610 1045
1633620 1041
1633630 1038
1633640 1038
1633650 1034
1633660 1029
1633670 1029
1633680 1025
1633690 1022
1633700 1022
1633710 1017
1633720 1013
1633730 1013
1633740 1009
1633750 1006
1633760 1006
1633770 1002
1633780 998
1633790 998
1633800 994
1633810 990
1633820 990
1633830 987
1633840 982
1633850 982
1633860 977
1633870 974
1633880 974
1633890 970
1633900 966
1633910 966
1633920 962
1633930 957
1633940 957
1633950 952
1633960 948
1633970 948
1633980 943
1633990 939
1634000 939
1634010 935
1634020 932
1634030 932
1634040 928
1634050 924
1634060 924
1634070 921
1634080 917
1634090 917
1634100 912
1634110 908
1634120 903
1634130 903
1634140 897
1634150 891
1634160 891
1634170 885
1634180 878
1634190 878
1634200 871
1634210 864
1634220 864
1634230 857
1634240 849
1634250 849
1634260 841
1634270 833
1634280 833
1634290 826
1634300 819
1634310 819
1634320 812
1634330 804
1634340 804
1634350 796
1634360 790
1634370 790
1634380 784
1634390 777
1634400 777
1634410 771
1634420 768
1634430 768
1634440 767
1634450 766
1634460 766
1634470 764
1634480 762
1634490 762
1634500 759
1634510 756
1634520 756
1634530 752
1634540 747
1634550 747
1634560 743
1634570 739
1634580 739
1634590 736
1634600 730
1634610 730
1634620 723
1634630 716
1634640 716
1634650 709
1634660 703
1634670 703
1634680 696
1634690 690
1634700 690
1634710 685
1634720 681
1634730 681
1634740 681
1634750 675
1634760 671
1634770 671
1634780 667
1634790 662
1634800 662
1634810 657
1634820 652
1634830 652
1634840 647
1634850 643
1634860 643
1634870 638
1634880 635
1634890 635
1634900 631
1634910 627
1634920 627
1634930 625
1634940 621
1634950 621
1634960 616
1634970 611
1634980 611
1634990 606
1635000 599
1635010 599
1635020 594
1635030 589
1635040 589
1635050 583
1635060 577
1635070 577
1635080 572
1635090 567
1635100 567
1635110 561
1635120 555
1635130 555
1635140 549
1635150 545
1635160 545
1635170 541
1635180 538
1635190 538
1635200 536
1635210 534
1635220 534
1635230 531
1635240 531
1635250 531
1635260 530
1635270 529
1635280 529
1635290 527
1635300 526
1635310 525
1635320 525
1635330 524
1635340 522
1635350 522
1635360 519
1635370 518
1635380 518
1635390 517
1635400 516
1635410 516
1635420 516
1635430 514
1635440 514
1635450 513
1635460 513
1635470 513
1635480 511
1635490 506
1635500 506
1635510 502
1635520 499
1635530 499
1635540 498
1635550 497
1635560 497
1635570 496
1635580 496
1635590 496
1635600 495
1635610 495
1635620 495
1635630 493
1635640 492
1635650 492
1635660 492
1635670 493
1635680 493
1635690 495
1635700 498
1635710 498
1635720 504
1635730 510
1635740 510
1635750 515
1635760 520
1635770 520
1635780 525
1635790 531
1635800 531
1635810 536
1635820 543
1635830 543
1635840 550
1635850 556
1635860 556
1635870 563
1635880 570
1635890 570
1635900 580
1635910 588
1635920 594
1635930 594
1635940 601
1635950 608
1635960 608
1635970 615
1635980 621
1635990 621
1636000 628
1636010 634
1636020 634
1636030 638
1636040 642
1636050 642
1636060 645
1636070 648
1636080 648
1636090 651
1636100 654
1636110 654
1636120 658
1636130 661
1636140 661
1636150 664
1636160 665
1636170 665
1636180 667
1636190 669
1636200 669
1636210 670
1636220 671
1636230 671
1636240 672
1636250 674
1636260 674
1636270 675
1636280 675
1636290 675
1636300 673
1636310 670
1636320 670
1636330 667
1636340 664
1636350 664
1636360 660
1636370 656
1636380 656
1636390 653
1636400 650
1636410 650
1636420 647
1636430 645
1636440 640
1636450 638
1636460 637
1636470 637
1636480 636
1636490 636
1636500 635
1636510 635
1636520 634
1636530 633
1636540 633
1636550 631
1636560 630
1636570 630
1636580 627
1636590 625
1636600 625
1636610 621
1636620 618
1636630 618
1636640 615
1636650 613
1636660 613
1636670 611
1636680 608
1636690 608
1636700 605
1636710 602
1636720 602
1636730 599
1636740 595
1636750 595
1636760 590
1636770 585
1636780 585
1636790 581
1636800 577
1636810 577
1636820 573
1636830 568
1636840 568
1636850 563
1636860 559
1636870 559
1636880 556
1636890 554
1636900 554
1636910 550
1636920 546
1636930 546
1636940 544
1636950 546
1636960 546
1636970 549
1636980 552
1636990 552
1637000 554
1637010 556
1637020 556
1637030 557
1637040 559
1637050 559
1637060 560
1637070 561
1637080 561
1637090 562
1637100 561
1637110 557
1637120 557
1637130 553
1637140 550
1637150 550
1637160 550
1637170 554
1637180 554
1637190 561
1637200 563
1637210 563
1637220 563
1637230 565
1637240 565
1637250 566
1637260 571
1637270 571
1637280 579
1637290 587
1637300 587
1637310 592
1637320 593
1637330 593
1637340 595
1637350 597
1637360 597
1637370 598
1637380 599
1637390 599
1637400 600
1637410 602
1637420 602
1637430 603
1637440 604
1637450 604
1637460 606
1637470 608
1637480 608
1637490 611
1637500 613
1637510 613
1637520 616
1637530 618
1637540 618
1637550 621
1637560 623
1637570 623
1637580 625
1637590 626
1637600 626
1637610 627
1637620 625
1637630 625
1637640 624
1637650 623
1637660 623
1637670 623
1637680 625
1637690 625
1637700 627
1637710 629
1637720 634
1637730 634
1637740 640
1637750 645
1637760 645
1637770 650
1637780 656
1637790 656
1637800 661
1637810 667
1637820 667
1637830 672
1637840 678
1637850 678
1637860 684
1637870 690
1637880 690
1637890 696
1637900 702
1637910 702
1637920 707
1637930 713
1637940 713
1637950 717
1637960 721
1637970 721
1637980 724
1637990 726
1638000 726
1638010 726
1638020 725
1638030 725
1638040 724
1638050 723
1638060 723
1638070 722
1638080 723
1638090 723
1638100 723
1638110 723
1638120 717
1638130 718
1638140 719
1638150 719
1638160 719
1638170 720
1638180 720
1638190 721
1638200 724
1638210 724
1638220 728
1638230 734
1638240 734
1638250 739
1638260 744
1638270 744
1638280 749
1638290 754
1638300 758
1638310 758
1638320 762
1638330 767
1638340 767
1638350 772
1638360 775
1638370 775
1638380 778
1638390 780
1638400 780
1638410 780
1638420 777
1638430 777
1638440 775
1638450 774
1638460 774
1638470 773
1638480 774
1638490 774
1638500 776
1638510 778
1638520 778
1638530 781
1638540 784
1638550 784
1638560 789
1638570 794
1638580 794
1638590 799
1638600 797
1638610 797
1638620 791
1638630 785
1638640 785
1638650 777
1638660 770
1638670 770
1638680 764
1638690 757
1638700 757
1638710 749
1638720 742
1638730 742
1638740 735
1638750 727
1638760 727
1638770 719
1638780 711
1638790 711
1638800 704
1638810 699
1638820 699
1638830 694
1638840 689
1638850 689
1638860 684
1638870 680
1638880 680
1638890 675
1638900 668
1638910 660
1638920 660
1638930 653
1638940 646
1638950 646
1638960 642
1638970 636
1638980 636
1638990 629
1639000 623
1639010 623
1639020 618
1639030 613
1639040 613
1639050 609
1639060 605
1639070 605
1639080 601
1639090 597
1639100 597
1639110 593
1639120 590
1639130 590
1639140 588
1639150 586
1639160 586
1639170 585
1639180 584
1639190 584
1639200 582
1639210 578
1639220 578
1639230 574
1639240 569
1639250 569
1639260 563
1639270 557
1639280 557
1639290 550
1639300 544
1639310 544
1639320 539
1639330 534
1639340 534
1639350 529
1639360 525
1639370 525
1639380 522
1639390 520
1639400 520
1639410 518
1639420 516
1639430 516
1639440 513
1639450 510
1639460 510
1639470 506
1639480 502
1639490 502
1639500 497
1639510 492
1639520 488
1639530 488
1639540 484
1639550 482
1639560 482
1639570 482
1639580 481
1639590 481
1639600 481
1639610 482
1639620 482
1639630 483
1639640 485
1639650 485
1639660 487
1639670 489
1639680 489
1639690 492
1639700 494
1639710 494
1639720 497
1639730 499
1639740 499
1639750 502
1639760 506
1639770 506
1639780 509
1639790 509
1639800 509
1639810 512
1639820 515
1639830 515
1639840 518
1639850 521
1639860 521
1639870 524
1639880 526
1639890 526
1639900 528
1639910 528
1639920 528
1639930 532
1639940 536
1639950 536
1639960 540
1639970 544
1639980 544
1639990 548
