1620000 972
1620010 975
1620020 975
1620030 979
1620040 983
1620050 983
1620060 988
1620070 992
1620080 992
1620090 997
1620100 1002
1620110 1002
1620120 1007
1620130 1012
1620140 1012
1620150 1016
1620160 1021
1620170 1021
1620180 1027
1620190 1032
1620200 1032
1620210 1036
1620220 1040
1620230 1040
1620240 1045
1620250 1050
1620260 1050
1620270 1055
1620280 1059
1620290 1059
1620300 1064
1620310 1069
1620320 1069
1620330 1074
1620340 1079
1620350 1079
1620360 1085
1620370 1090
1620380 1090
1620390 1095
1620400 1100
1620410 1100
1620420 1106
1620430 1112
1620440 1112
1620450 1118
1620460 1123
1620470 1123
1620480 1129
1620490 1135
1620500 1135
1620510 1141
1620520 1147
1620530 1147
1620540 1152
1620550 1160
1620560 1160
1620570 1167
1620580 1173
1620590 1180
1620600 1180
1620610 1187
1620620 1194
1620630 1194
1620640 1200
1620650 1205
1620660 1205
1620670 1211
1620680 1221
1620690 1221
1620700 1231
1620710 1237
1620720 1237
1620730 1241
1620740 1246
1620750 1246
1620760 1251
1620770 1255
1620780 1255
1620790 1260
1620800 1264
1620810 1264
1620820 1269
1620830 1273
1620840 1268
1620850 1273
1620860 1279
1620870 1279
1620880 1284
1620890 1289
1620900 1289
1620910 1294
1620920 1298
1620930 1298
1620940 1304
1620950 1309
1620960 1309
1620970 1316
1620980 1322
1620990 1322
1621000 1329
1621010 1336
1621020 1336
1621030 1343
1621040 1351
1621050 1351
1621060 1358
1621070 1365
1621080 1365
1621090 1372
1621100 1380
1621110 1380
1621120 1387
1621130 1394
1621140 1394
1621150 1401
1621160 1409
1621170 1416
1621180 1416
1621190 1423
1621200 1431
1621210 1431
1621220 1438
1621230 1446
1621240 1446
1621250 1453
1621260 1460
1621270 1460
1621280 1467
1621290 1474
1621300 1474
1621310 1480
1621320 1486
1621330 1486
1621340 1490
1621350 1493
1621360 1493
1621370 1492
1621380 1488
1621390 1488
1621400 1482
1621410 1477
1621420 1477
1621430 1472
1621440 1467
1621450 1467
1621460 1463
1621470 1459
1621480 1459
1621490 1455
1621500 1451
1621510 1451
1621520 1446
1621530 1438
1621540 1438
1621550 1431
1621560 1423
1621570 1423
1621580 1415
1621590 1407
1621600 1407
1621610 1401
1621620 1397
1621630 1397
1621640 1398
1621650 1402
1621660 1402
1621670 1394
1621680 1391
1621690 1391
1621700 1389
1621710 1376
1621720 1376
1621730 1360
1621740 1353
1621750 1348
1621760 1348
1621770 1345
1621780 1337
1621790 1337
1621800 1338
1621810 1338
1621820 1338
1621830 1334
1621840 1329
1621850 1329
1621860 1321
1621870 1316
1621880 1316
1621890 1315
1621900 1313
1621910 1313
1621920 1304
1621930 1299
1621940 1299
1621950 1296
1621960 1294
1621970 1294
1621980 1291
1621990 1288
1622000 1288
1622010 1285
1622020 1283
1622030 1283
1622040 1280
1622050 1277
1622060 1277
1622070 1273
1622080 1270
1622090 1270
1622100 1266
1622110 1263
1622120 1263
1622130 1261
1622140 1258
1622150 1258
1622160 1256
1622170 1253
1622180 1253
1622190 1249
1622200 1245
1622210 1245
1622220 1241
1622230 1237
1622240 1237
1622250 1233
1622260 1228
1622270 1228
1622280 1224
1622290 1220
1622300 1220
1622310 1217
1622320 1215
1622330 1212
1622340 1212
1622350 1208
1622360 1204
1622370 1204
1622380 1200
1622390 1194
1622400 1194
1622410 1188
1622420 1184
1622430 1184
1622440 1179
1622450 1176
1622460 1176
1622470 1172
1622480 1169
1622490 1169
1622500 1166
1622510 1164
1622520 1164
1622530 1162
1622540 1159
1622550 1159
1622560 1157
1622570 1157
1622580 1157
1622590 1157
1622600 1157
1622610 1157
1622620 1157
1622630 1156
1622640 1156
1622650 1157
1622660 1162
1622670 1162
1622680 1165
1622690 1168
1622700 1168
1622710 1168
1622720 1174
1622730 1174
1622740 1180
1622750 1186
1622760 1186
1622770 1190
1622780 1192
1622790 1192
1622800 1197
1622810 1203
1622820 1203
1622830 1211
1622840 1217
1622850 1217
1622860 1223
1622870 1231
1622880 1231
1622890 1239
1622900 1247
1622910 1247
1622920 1255
1622930 1262
1622940 1266
1622950 1266
1622960 1271
1622970 1275
1622980 1275
1622990 1279
1623000 1285
1623010 1285
1623020 1290
1623030 1296
1623040 1296
1623050 1301
1623060 1307
1623070 1307
1623080 1313
1623090 1318
1623100 1318
1623110 1324
1623120 1330
1623130 1330
1623140 1337
1623150 1345
1623160 1345
1623170 1354
1623180 1361
1623190 1361
1623200 1368
1623210 1375
1623220 1375
1623230 1382
1623240 1389
1623250 1389
1623260 1395
1623270 1402
1623280 1402
1623290 1409
1623300 1416
1623310 1416
1623320 1424
1623330 1432
1623340 1432
1623350 1440
1623360 1447
1623370 1447
1623380 1455
1623390 1462
1623400 1462
1623410 1469
1623420 1471
1623430 1471
1623440 1468
1623450 1464
1623460 1464
1623470 1460
1623480 1456
1623490 1456
1623500 1452
1623510 1448
1623520 1444
1623530 1444
1623540 1441
1623550 1438
1623560 1438
1623570 1435
1623580 1431
1623590 1431
1623600 1428
1623610 1425
1623620 1425
1623630 1422
1623640 1419
1623650 1419
1623660 1415
1623670 1410
1623680 1410
1623690 1407
1623700 1403
1623710 1403
1623720 1400
1623730 1397
1623740 1397
1623750 1394
1623760 1390
1623770 1390
1623780 1387
1623790 1385
1623800 1385
1623810 1381
1623820 1377
1623830 1377
1623840 1374
1623850 1370
1623860 1370
1623870 1365
1623880 1360
1623890 1360
1623900 1355
1623910 1352
1623920 1352
1623930 1353
1623940 1354
1623950 1354
1623960 1355
1623970 1355
1623980 1355
1623990 1355
1624000 1355
1624010 1355
1624020 1355
1624030 1356
1624040 1356
1624050 1355
1624060 1353
1624070 1353
1624080 1351
1624090 1348
1624100 1343
1624110 1343
1624120 1336
1624130 1330
1624140 1330
1624150 1324
1624160 1318
1624170 1318
1624180 1312
1624190 1307
1624200 1307
1624210 1302
1624220 1298
1624230 1298
1624240 1293
1624250 1289
1624260 1289
1624270 1286
1624280 1283
1624290 1283
1624300 1280
1624310 1276
1624320 1276
1624330 1271
1624340 1266
1624350 1266
1624360 1261
1624370 1256
1624380 1256
1624390 1253
1624400 1249
1624410 1249
1624420 1244
1624430 1240
1624440 1240
1624450 1234
1624460 1230
1624470 1230
1624480 1226
1624490 1223
1624500 1223
1624510 1220
1624520 1216
1624530 1216
1624540 1213
1624550 1209
1624560 1213
1624570 1209
1624580 1205
1624590 1205
1624600 1202
1624610 1200
1624620 1200
1624630 1199
1624640 1199
1624650 1199
1624660 1198
1624670 1196
1624680 1196
1624690 1196
1624700 1198
1624710 1201
1624720 1201
1624730 1203
1624740 1206
1624750 1206
1624760 1209
1624770 1209
1624780 1209
1624790 1209
1624800 1208
1624810 1208
1624820 1207
1624830 1205
1624840 1205
1624850 1202
1624860 1200
1624870 1200
1624880 1196
1624890 1192
1624900 1192
1624910 1186
1624920 1180
1624930 1180
1624940 1173
1624950 1167
1624960 1167
1624970 1162
1624980 1158
1624990 1158
1625000 1153
1625010 1148
1625020 1148
1625030 1143
1625040 1138
1625050 1138
1625060 1133
1625070 1128
1625080 1128
1625090 1122
1625100 1115
1625110 1115
1625120 1107
1625130 1100
1625140 1100
1625150 1093
1625160 1086
1625170 1086
1625180 1078
1625190 1071
1625200 1071
1625210 1070
1625220 1070
1625230 1070
1625240 1071
1625250 1070
1625260 1070
1625270 1068
1625280 1064
1625290 1059
1625300 1059
1625310 1054
1625320 1045
1625330 1045
1625340 1036
1625350 1031
1625360 1031
1625370 1027
1625380 1024
1625390 1024
1625400 1022
1625410 1024
1625420 1024
1625430 1028
1625440 1033
1625450 1033
1625460 1037
1625470 1040
1625480 1046
1625490 1049
1625500 1051
1625510 1051
1625520 1050
1625530 1047
1625540 1047
1625550 1046
1625560 1051
1625570 1051
1625580 1048
1625590 1039
1625600 1039
1625610 1033
1625620 1029
1625630 1029
1625640 1024
1625650 1025
1625660 1025
1625670 1031
1625680 1038
1625690 1038
1625700 1043
1625710 1047
1625720 1047
1625730 1051
1625740 1047
1625750 1047
1625760 1042
1625770 1043
1625780 1043
1625790 1047
1625800 1054
1625810 1054
1625820 1062
1625830 1069
1625840 1069
1625850 1074
1625860 1078
1625870 1081
1625880 1081
1625890 1085
1625900 1090
1625910 1090
1625920 1095
1625930 1099
1625940 1099
1625950 1102
1625960 1103
1625970 1103
1625980 1099
1625990 1094
1626000 1094
1626010 1089
1626020 1087
1626030 1087
1626040 1086
1626050 1084
1626060 1084
1626070 1083
1626080 1081
1626090 1081
1626100 1079
1626110 1075
1626120 1075
1626130 1070
1626140 1065
1626150 1065
1626160 1061
1626170 1058
1626180 1058
1626190 1057
1626200 1053
1626210 1053
1626220 1047
1626230 1043
1626240 1043
1626250 1039
1626260 1036
1626270 1036
1626280 1035
1626290 1039
1626300 1039
1626310 1042
1626320 1045
1626330 1045
1626340 1048
1626350 1051
1626360 1051
1626370 1055
1626380 1059
1626390 1065
1626400 1068
1626410 1071
1626420 1071
1626430 1072
1626440 1072
1626450 1074
1626460 1074
1626470 1077
1626480 1081
1626490 1081
1626500 1084
1626510 1084
1626520 1084
1626530 1081
1626540 1076
1626550 1076
1626560 1072
1626570 1067
1626580 1067
1626590 1062
1626600 1056
1626610 1056
1626620 1049
1626630 1044
1626640 1044
1626650 1039
1626660 1035
1626670 1035
1626680 1032
1626690 1029
1626700 1029
1626710 1026
1626720 1021
1626730 1021
1626740 1016
1626750 1011
1626760 1011
1626770 1011
1626780 1013
1626790 1013
1626800 1015
1626810 1016
1626820 1016
1626830 1017
1626840 1020
1626850 1020
1626860 1023
1626870 1025
1626880 1025
1626890 1026
1626900 1025
1626910 1025
1626920 1024
1626930 1023
1626940 1023
1626950 1023
1626960 1023
1626970 1023
1626980 1022
1626990 1019
1627000 1019
1627010 1015
1627020 1012
1627030 1012
1627040 1011
1627050 1009
1627060 1008
1627070 1008
1627080 1010
1627090 1011
1627100 1011
1627110 1012
1627120 1016
1627130 1016
1627140 1022
1627150 1028
1627160 1028
1627170 1032
1627180 1034
1627190 1034
1627200 1036
1627210 1040
1627220 1040
1627230 1047
1627240 1052
1627250 1052
1627260 1056
1627270 1058
1627280 1058
1627290 1069
1627300 1068
1627310 1068
1627320 1068
1627330 1066
1627340 1066
1627350 1065
1627360 1063
1627370 1063
1627380 1060
1627390 1057
1627400 1057
1627410 1057
1627420 1056
1627430 1056
1627440 1056
1627450 1055
1627460 1055
1627470 1055
1627480 1055
1627490 1055
1627500 1054
1627510 1053
1627520 1053
1627530 1051
1627540 1049
1627550 1049
1627560 1047
1627570 1045
1627580 1045
1627590 1044
1627600 1046
1627610 1046
1627620 1049
1627630 1051
1627640 1054
1627650 1054
1627660 1052
1627670 1048
1627680 1048
1627690 1042
1627700 1037
1627710 1037
1627720 1031
1627730 1025
1627740 1025
1627750 1019
1627760 1013
1627770 1013
1627780 1006
1627790 999
1627800 999
1627810 992
1627820 986
1627830 986
1627840 979
1627850 973
1627860 973
1627870 967
1627880 960
1627890 960
1627900 955
1627910 949
1627920 949
1627930 944
1627940 939
1627950 939
1627960 934
1627970 929
1627980 929
1627990 924
1628000 920
1628010 920
1628020 915
1628030 910
1628040 910
1628050 905
1628060 901
1628070 901
1628080 895
1628090 889
1628100 889
1628110 883
1628120 877
1628130 877
1628140 871
1628150 866
1628160 866
1628170 859
1628180 853
1628190 853
1628200 847
1628210 840
1628220 840
1628230 833
1628240 826
1628250 817
1628260 817
1628270 809
1628280 802
1628290 802
1628300 797
1628310 792
1628320 792
1628330 787
1628340 782
1628350 782
1628360 778
1628370 773
1628380 773
1628390 769
1628400 765
1628410 765
1628420 760
1628430 756
1628440 756
1628450 752
1628460 749
1628470 749
1628480 746
1628490 742
1628500 742
1628510 738
1628520 733
1628530 733
1628540 728
1628550 722
1628560 722
1628570 715
1628580 706
1628590 706
1628600 697
1628610 690
1628620 690
1628630 684
1628640 678
1628650 678
1628660 672
1628670 667
1628680 667
1628690 663
1628700 659
1628710 659
1628720 655
1628730 651
1628740 651
1628750 646
1628760 642
1628770 642
1628780 638
1628790 635
1628800 635
1628810 630
1628820 624
1628830 617
1628840 617
1628850 612
1628860 607
1628870 607
1628880 604
1628890 600
1628900 600
1628910 597
1628920 595
1628930 595
1628940 592
1628950 590
1628960 590
1628970 587
1628980 585
1628990 585
1629000 583
1629010 582
1629020 582
1629030 582
1629040 583
1629050 583
1629060 583
1629070 582
1629080 582
1629090 583
1629100 582
1629110 582
1629120 581
1629130 580
1629140 580
1629150 578
1629160 576
1629170 576
1629180 573
1629190 569
1629200 569
1629210 565
1629220 560
1629230 560
1629240 556
1629250 553
1629260 553
1629270 551
1629280 546
1629290 546
1629300 540
1629310 535
1629320 535
1629330 530
1629340 526
1629350 526
1629360 521
1629370 517
1629380 517
1629390 512
1629400 507
1629410 503
1629420 503
1629430 498
1629440 495
1629450 495
1629460 492
1629470 489
1629480 489
1629490 486
1629500 482
1629510 482
1629520 478
1629530 473
1629540 473
1629550 468
1629560 464
1629570 464
1629580 459
1629590 454
1629600 454
1629610 450
1629620 446
1629630 446
1629640 443
1629650 442
1629660 442
1629670 442
1629680 442
1629690 442
1629700 443
1629710 444
1629720 444
1629730 448
1629740 452
1629750 452
1629760 453
1629770 451
1629780 451
1629790 448
1629800 442
1629810 442
1629820 434
1629830 426
1629840 426
1629850 418
1629860 408
1629870 408
1629880 396
1629890 390
1629900 390
1629910 390
1629920 389
1629930 389
1629940 388
1629950 388
1629960 388
1629970 387
1629980 387
1629990 387
1630000 387
1630010 387
1630020 387
1630030 387
1630040 388
1630050 392
1630060 392
1630070 404
1630080 412
1630090 412
1630100 413
1630110 414
1630120 414
1630130 414
1630140 415
1630150 415
1630160 415
1630170 416
1630180 416
1630190 416
1630200 416
1630210 416
1630220 417
1630230 418
1630240 418
1630250 419
1630260 421
1630270 421
1630280 421
1630290 421
1630300 421
1630310 421
1630320 423
1630330 423
1630340 424
1630350 425
1630360 425
1630370 427
1630380 430
1630390 430
1630400 434
1630410 437
1630420 437
1630430 439
1630440 443
1630450 443
1630460 447
1630470 454
1630480 454
1630490 458
1630500 462
1630510 462
1630520 466
1630530 472
1630540 472
1630550 478
1630560 486
1630570 486
1630580 494
1630590 502
1630600 506
1630610 506
1630620 508
1630630 511
1630640 511
1630650 514
1630660 516
1630670 516
1630680 520
1630690 524
1630700 524
1630710 527
1630720 531
1630730 531
1630740 535
1630750 540
1630760 540
1630770 546
1630780 550
1630790 550
1630800 554
1630810 557
1630820 557
1630830 561
1630840 566
1630850 566
1630860 570
1630870 576
1630880 576
1630890 582
1630900 585
1630910 585
1630920 588
1630930 594
1630940 594
1630950 600
1630960 607
1630970 607
1630980 613
1630990 619
1631000 619
1631010 627
1631020 632
1631030 632
1631040 633
1631050 633
1631060 633
1631070 633
1631080 633
1631090 633
1631100 633
1631110 635
1631120 635
1631130 636
1631140 639
1631150 639
1631160 641
1631170 643
1631180 645
1631190 645
1631200 648
1631210 650
1631220 650
1631230 654
1631240 659
1631250 659
1631260 664
1631270 667
1631280 667
1631290 670
1631300 673
1631310 673
1631320 678
1631330 683
1631340 683
1631350 686
1631360 690
1631370 690
1631380 695
1631390 700
1631400 700
1631410 704
1631420 705
1631430 705
1631440 705
1631450 705
1631460 705
1631470 705
1631480 705
1631490 705
1631500 703
1631510 702
1631520 702
1631530 702
1631540 705
1631550 705
1631560 710
1631570 716
1631580 716
1631590 723
1631600 730
1631610 730
1631620 737
1631630 744
1631640 744
1631650 749
1631660 753
1631670 753
1631680 757
1631690 760
1631700 760
1631710 763
1631720 764
1631730 764
1631740 766
1631750 767
1631760 767
1631770 769
1631780 771
1631790 772
1631800 772
1631810 772
1631820 769
1631830 769
1631840 766
1631850 765
1631860 765
1631870 766
1631880 767
1631890 767
1631900 767
1631910 767
1631920 767
1631930 768
1631940 771
1631950 771
1631960 774
1631970 779
1631980 779
1631990 786
1632000 793
1632010 793
1632020 799
1632030 804
1632040 804
1632050 807
1632060 810
1632070 810
1632080 812
1632090 814
1632100 814
1632110 818
1632120 819
1632130 819
1632140 820
1632150 823
1632160 823
1632170 826
1632180 830
1632190 830
1632200 834
1632210 839
1632220 839
1632230 844
1632240 850
1632250 850
1632260 855
1632270 859
1632280 859
1632290 863
1632300 870
1632310 870
1632320 876
1632330 883
1632340 883
1632350 888
1632360 894
1632370 899
1632380 899
1632390 904
1632400 911
1632410 911
1632420 919
1632430 929
1632440 929
1632450 937
1632460 942
1632470 942
1632480 944
1632490 946
1632500 946
1632510 951
1632520 957
1632530 957
1632540 965
1632550 971
1632560 971
1632570 980
1632580 989
1632590 989
1632600 1000
1632610 1009
1632620 1009
1632630 1016
1632640 1024
1632650 1024
1632660 1032
1632670 1039
1632680 1039
1632690 1045
1632700 1052
1632710 1052
1632720 1059
1632730 1066
1632740 1066
1632750 1073
1632760 1079
1632770 1079
1632780 1086
1632790 1093
1632800 1093
1632810 1100
1632820 1107
1632830 1107
1632840 1114
1632850 1121
1632860 1121
1632870 1128
1632880 1135
1632890 1135
1632900 1143
1632910 1150
1632920 1150
1632930 1157
1632940 1164
1632950 1164
1632960 1171
1632970 1178
1632980 1185
1632990 1185
1633000 1192
1633010 1199
1633020 1199
1633030 1205
1633040 1212
1633050 1212
1633060 1218
1633070 1223
1633080 1223
1633090 1229
1633100 1233
1633110 1233
1633120 1238
1633130 1241
1633140 1241
1633150 1242
1633160 1238
1633170 1238
1633180 1232
1633190 1225
1633200 1225
1633210 1219
1633220 1213
1633230 1213
1633240 1207
1633250 1200
1633260 1200
1633270 1193
1633280 1186
1633290 1186
1633300 1179
1633310 1172
1633320 1172
1633330 1165
1633340 1158
1633350 1158
1633360 1151
1633370 1144
1633380 1144
1633390 1137
1633400 1130
1633410 1130
1633420 1123
1633430 1116
1633440 1116
1633450 1110
1633460 1103
1633470 1101
1633480 1094
1633490 1087
1633500 1087
1633510 1081
1633520 1074
1633530 1074
1633540 1067
1633550 1060
1633560 1053
1633570 1053
1633580 1047
1633590 1040
1633600 1040
1633610 1034
1633620 1028
1633630 1028
1633640 1021
1633650 1015
1633660 1015
1633670 1009
1633680 1003
1633690 1003
1633700 997
1633710 991
1633720 991
1633730 985
1633740 979
1633750 979
1633760 973
1633770 967
1633780 967
1633790 962
1633800 956
1633810 956
1633820 951
1633830 945
1633840 945
1633850 940
1633860 935
1633870 935
1633880 930
1633890 925
1633900 925
1633910 919
1633920 914
1633930 914
1633940 910
1633950 905
1633960 905
1633970 900
1633980 896
1633990 896
1634000 891
1634010 886
1634020 886
1634030 880
1634040 875
1634050 875
1634060 870
1634070 867
1634080 867
1634090 864
1634100 861
1634110 861
1634120 859
1634130 855
1634140 851
1634150 851
1634160 847
1634170 843
1634180 843
1634190 838
1634200 834
1634210 834
1634220 830
1634230 825
1634240 825
1634250 821
1634260 817
1634270 817
1634280 813
1634290 809
1634300 809
1634310 805
1634320 802
1634330 799
1634340 795
1634350 792
1634360 792
1634370 789
1634380 786
1634390 786
1634400 784
1634410 781
1634420 781
1634430 778
1634440 774
1634450 774
1634460 769
1634470 765
1634480 765
1634490 760
1634500 757
1634510 757
1634520 757
1634530 759
1634540 759
1634550 763
1634560 768
1634570 768
1634580 773
1634590 777
1634600 777
1634610 780
1634620 782
1634630 782
1634640 783
1634650 783
1634660 783
1634670 784
1634680 784
1634690 784
1634700 783
1634710 782
1634720 782
1634730 781
1634740 778
1634750 775
1634760 775
1634770 771
1634780 767
1634790 767
1634800 763
1634810 758
1634820 758
1634830 752
1634840 746
1634850 746
1634860 738
1634870 731
1634880 731
1634890 725
1634900 722
1634910 722
1634920 721
1634930 720
1634940 720
1634950 719
1634960 720
1634970 720
1634980 722
1634990 724
1635000 724
1635010 726
1635020 728
1635030 728
1635040 731
1635050 731
1635060 731
1635070 731
1635080 727
1635090 727
1635100 722
1635110 716
1635120 716
1635130 710
1635140 703
1635150 703
1635160 696
1635170 689
1635180 689
1635190 679
1635200 673
1635210 673
1635220 666
1635230 663
1635240 663
1635250 662
1635260 661
1635270 661
1635280 664
1635290 666
1635300 666
1635310 665
1635320 662
1635330 657
1635340 657
1635350 653
1635360 649
1635370 649
1635380 644
1635390 638
1635400 638
1635410 631
1635420 625
1635430 625
1635440 619
1635450 612
1635460 612
1635470 605
1635480 599
1635490 599
1635500 592
1635510 586
1635520 586
1635530 581
1635540 575
1635550 575
1635560 569
1635570 564
1635580 564
1635590 559
1635600 554
1635610 554
1635620 549
1635630 544
1635640 544
1635650 539
1635660 535
1635670 535
1635680 531
1635690 526
1635700 526
1635710 522
1635720 521
1635730 521
1635740 518
1635750 515
1635760 515
1635770 512
1635780 508
1635790 508
1635800 506
1635810 505
1635820 505
1635830 505
1635840 505
1635850 505
1635860 505
1635870 505
1635880 505
1635890 504
1635900 504
1635910 504
1635920 504
1635930 504
1635940 504
1635950 504
1635960 504
1635970 504
1635980 504
1635990 504
1636000 504
1636010 504
1636020 505
1636030 505
1636040 505
1636050 505
1636060 505
1636070 505
1636080 505
1636090 506
1636100 506
1636110 506
1636120 506
1636130 506
1636140 506
1636150 507
1636160 507
1636170 511
1636180 518
1636190 518
1636200 524
1636210 528
1636220 528
1636230 532
1636240 536
1636250 536
1636260 538
1636270 540
1636280 540
1636290 542
1636300 545
1636310 545
1636320 550
1636330 555
1636340 555
1636350 559
1636360 563
1636370 563
1636380 568
1636390 573
1636400 573
1636410 578
1636420 583
1636430 583
1636440 588
1636450 593
1636460 593
1636470 599
1636480 604
1636490 604
1636500 610
1636510 615
1636520 620
1636530 620
1636540 626
1636550 631
1636560 631
1636570 637
1636580 643
1636590 643
1636600 648
1636610 654
1636620 654
1636630 660
1636640 665
1636650 665
1636660 670
1636670 675
1636680 675
1636690 679
1636700 684
1636710 684
1636720 688
1636730 691
1636740 691
1636750 694
1636760 697
1636770 697
1636780 700
1636790 702
1636800 702
1636810 703
1636820 703
1636830 703
1636840 704
1636850 705
1636860 705
1636870 705
1636880 704
1636890 698
1636900 697
1636910 694
1636920 694
1636930 691
1636940 687
1636950 687
1636960 684
1636970 681
1636980 681
1636990 679
1637000 676
1637010 676
1637020 675
1637030 675
1637040 675
1637050 675
1637060 674
1637070 674
1637080 674
1637090 676
1637100 676
1637110 677
1637120 677
1637130 677
1637140 677
1637150 678
1637160 679
1637170 679
1637180 680
1637190 681
1637200 681
1637210 681
1637220 681
1637230 681
1637240 680
1637250 679
1637260 679
1637270 681
1637280 685
1637290 685
1637300 689
1637310 694
1637320 694
1637330 698
1637340 702
1637350 702
1637360 707
1637370 712
1637380 712
1637390 716
1637400 721
1637410 721
1637420 726
1637430 731
1637440 731
1637450 735
1637460 739
1637470 739
1637480 742
1637490 744
1637500 744
1637510 746
1637520 747
1637530 747
1637540 748
1637550 749
1637560 749
1637570 748
1637580 745
1637590 745
1637600 745
1637610 748
1637620 748
1637630 751
1637640 755
1637650 755
1637660 760
1637670 764
1637680 764
1637690 768
1637700 774
1637710 779
1637720 779
1637730 782
1637740 788
1637750 788
1637760 794
1637770 801
1637780 801
1637790 807
1637800 813
1637810 813
1637820 819
1637830 825
1637840 825
1637850 831
1637860 838
1637870 838
1637880 844
1637890 849
1637900 849
1637910 855
1637920 860
1637930 860
1637940 863
1637950 865
1637960 865
1637970 861
1637980 854
1637990 854
1638000 847
1638010 840
1638020 840
1638030 832
1638040 825
1638050 825
1638060 818
1638070 810
1638080 810
1638090 803
1638100 796
1638110 796
1638120 790
1638130 785
1638140 785
1638150 778
1638160 771
1638170 771
1638180 765
1638190 760
1638200 760
1638210 756
1638220 751
1638230 751
1638240 745
1638250 739
1638260 739
1638270 734
1638280 729
1638290 729
1638300 723
1638310 716
1638320 709
1638330 709
1638340 704
1638350 701
1638360 701
1638370 698
1638380 696
1638390 696
1638400 693
1638410 688
1638420 688
1638430 682
1638440 676
1638450 676
1638460 671
1638470 668
1638480 668
1638490 666
1638500 664
1638510 664
1638520 663
1638530 660
1638540 660
1638550 656
1638560 650
1638570 653
1638580 649
1638590 645
1638600 645
1638610 643
1638620 637
1638630 637
1638640 630
1638650 624
1638660 624
1638670 623
1638680 624
1638690 624
1638700 625
1638710 625
1638720 625
1638730 624
1638740 624
1638750 624
1638760 624
1638770 623
1638780 623
1638790 622
1638800 621
1638810 621
1638820 620
1638830 619
1638840 619
1638850 616
1638860 614
1638870 614
1638880 611
1638890 607
1638900 604
1638910 604
1638920 600
1638930 597
1638940 597
1638950 593
1638960 589
1638970 589
1638980 584
1638990 578
1639000 578
1639010 571
1639020 564
1639030 564
1639040 557
1639050 548
1639060 548
1639070 537
1639080 533
1639090 533
1639100 531
1639110 527
1639120 527
1639130 523
1639140 522
1639150 522
1639160 520
1639170 516
1639180 516
1639190 513
1639200 512
1639210 512
1639220 512
1639230 511
1639240 511
1639250 511
1639260 510
1639270 510
1639280 509
1639290 508
1639300 508
1639310 507
1639320 503
1639330 503
1639340 501
1639350 502
1639360 502
1639370 509
1639380 513
1639390 513
1639400 514
1639410 517
1639420 517
1639430 521
1639440 526
1639450 526
1639460 530
1639470 535
1639480 535
1639490 540
1639500 545
1639510 550
1639520 550
1639530 554
1639540 558
1639550 558
1639560 561
1639570 563
1639580 563
1639590 564
1639600 566
1639610 566
1639620 569
1639630 572
1639640 572
1639650 572
1639660 573
1639670 573
1639680 574
1639690 573
1639700 573
1639710 570
1639720 573
1639730 573
1639740 582
1639750 592
1639760 592
1639770 599
1639780 604
1639790 604
1639800 610
1639810 616
1639820 616
1639830 621
1639840 627
1639850 627
1639860 633
1639870 639
1639880 639
1639890 644
1639900 650
1639910 650
1639920 656
1639930 661
1639940 661
1639950 667
1639960 673
1639970 673
1639980 678
1639990 684
