1620000 427
1620010 427
1620020 427
1620030 426
1620040 426
1620050 426
1620060 426
1620070 426
1620080 426
1620090 425
1620100 425
1620110 425
1620120 425
1620130 425
1620140 425
1620150 426
1620160 426
1620170 426
1620180 427
1620190 427
1620200 427
1620210 428
1620220 428
1620230 428
1620240 428
1620250 428
1620260 428
1620270 428
1620280 428
1620290 427
1620300 427
1620310 427
1620320 426
1620330 423
1620340 423
1620350 422
1620360 421
1620370 421
1620380 420
1620390 419
1620400 418
1620410 418
1620420 417
1620430 416
1620440 416
1620450 415
1620460 414
1620470 414
1620480 413
1620490 412
1620500 412
1620510 409
1620520 406
1620530 406
1620540 403
1620550 402
1620560 402
1620570 401
1620580 400
1620590 400
1620600 400
1620610 399
1620620 399
1620630 398
1620640 398
1620650 398
1620660 398
1620670 397
1620680 397
1620690 397
1620700 396
1620710 396
1620720 396
1620730 396
1620740 396
1620750 396
1620760 397
1620770 397
1620780 396
1620790 397
1620800 397
1620810 397
1620820 398
1620830 398
1620840 399
1620850 399
1620860 399
1620870 400
1620880 399
1620890 399
1620900 399
1620910 398
1620920 398
1620930 397
1620940 396
1620950 396
1620960 396
1620970 397
1620980 397
1620990 397
1621000 397
1621010 397
1621020 396
1621030 397
1621040 397
1621050 398
1621060 398
1621070 398
1621080 398
1621090 398
1621100 398
1621110 398
1621120 398
1621130 398
1621140 398
1621150 398
1621160 398
1621170 398
1621180 398
1621190 397
1621200 397
1621210 397
1621220 397
1621230 397
1621240 396
1621250 396
1621260 396
1621270 395
1621280 395
1621290 395
1621300 394
1621310 392
1621320 392
1621330 391
1621340 390
1621350 390
1621360 389
1621370 389
1621380 389
1621390 389
1621400 389
1621410 389
1621420 386
1621430 382
1621440 382
1621450 380
1621460 379
1621470 379
1621480 376
1621490 372
1621500 372
1621510 370
1621520 369
1621530 369
1621540 369
1621550 370
1621560 370
1621570 369
1621580 369
1621590 369
1621600 369
1621610 369
1621620 369
1621630 369
1621640 369
1621650 369
1621660 369
1621670 369
1621680 369
1621690 369
1621700 369
1621710 369
1621720 370
1621730 371
1621740 371
1621750 371
1621760 371
1621770 371
1621780 371
1621790 371
1621800 371
1621810 371
1621820 370
1621830 371
1621840 371
1621850 371
1621860 371
1621870 371
1621880 371
1621890 374
1621900 374
1621910 377
1621920 383
1621930 383
1621940 390
1621950 395
1621960 395
1621970 397
1621980 397
1621990 397
1622000 397
1622010 397
1622020 397
1622030 397
1622040 397
1622050 397
1622060 397
1622070 397
1622080 397
1622090 397
1622100 397
1622110 397
1622120 397
1622130 397
1622140 397
1622150 397
1622160 396
1622170 396
1622180 396
1622190 396
1622200 396
1622210 397
1622220 396
1622230 396
1622240 395
1622250 394
1622260 394
1622270 392
1622280 390
1622290 390
1622300 389
1622310 388
1622320 388
1622330 388
1622340 387
1622350 387
1622360 387
1622370 387
1622380 387
1622390 387
1622400 387
1622410 387
1622420 387
1622430 387
1622440 386
1622450 386
1622460 385
1622470 383
1622480 383
1622490 381
1622500 379
1622510 379
1622520 378
1622530 377
1622540 377
1622550 375
1622560 372
1622570 372
1622580 370
1622590 369
1622600 369
1622610 369
1622620 369
1622630 369
1622640 369
1622650 369
1622660 369
1622670 369
1622680 369
1622690 369
1622700 369
1622710 369
1622720 369
1622730 369
1622740 369
1622750 369
1622760 369
1622770 369
1622780 369
1622790 369
1622800 369
1622810 369
1622820 369
1622830 369
1622840 369
1622850 369
1622860 369
1622870 369
1622880 370
1622890 371
1622900 371
1622910 371
1622920 372
1622930 372
1622940 374
1622950 376
1622960 376
1622970 376
1622980 376
1622990 376
1623000 378
1623010 378
1623020 378
1623030 379
1623040 380
1623050 380
1623060 378
1623070 378
1623080 381
1623090 381
1623100 379
1623110 380
1623120 380
1623130 380
1623140 375
1623150 375
1623160 378
1623170 383
1623180 383
1623190 385
1623200 386
1623210 386
1623220 387
1623230 388
1623240 388
1623250 389
1623260 389
1623270 389
1623280 388
1623290 388
1623300 388
1623310 387
1623320 386
1623330 386
1623340 386
1623350 385
1623360 385
1623370 385
1623380 384
1623390 384
1623400 384
1623410 383
1623420 383
1623430 383
1623440 383
1623450 383
1623460 382
1623470 382
1623480 382
1623490 383
1623500 384
1623510 384
1623520 383
1623530 383
1623540 383
1623550 383
1623560 382
1623570 382
1623580 382
1623590 379
1623600 379
1623610 379
1623620 381
1623630 381
1623640 379
1623650 380
1623660 380
1623670 377
1623680 375
1623690 375
1623700 373
1623710 373
1623720 373
1623730 372
1623740 371
1623750 371
1623760 371
1623770 371
1623780 371
1623790 371
1623800 371
1623810 371
1623820 371
1623830 372
1623840 372
1623850 372
1623860 373
1623870 373
1623880 373
1623890 374
1623900 374
1623910 374
1623920 374
1623930 374
1623940 374
1623950 375
1623960 375
1623970 375
1623980 375
1623990 376
1624000 376
1624010 377
1624020 379
1624030 379
1624040 381
1624050 382
1624060 382
1624070 378
1624080 378
1624090 378
1624100 379
1624110 381
1624120 381
1624130 383
1624140 384
1624150 384
1624160 385
1624170 387
1624180 387
1624190 388
1624200 389
1624210 389
1624220 390
1624230 390
1624240 390
1624250 391
1624260 391
1624270 391
1624280 391
1624290 391
1624300 391
1624310 391
1624320 391
1624330 391
1624340 392
1624350 392
1624360 392
1624370 393
1624380 393
1624390 393
1624400 393
1624410 394
1624420 394
1624430 394
1624440 394
1624450 394
1624460 394
1624470 395
1624480 397
1624490 397
1624500 400
1624510 401
1624520 401
1624530 398
1624540 392
1624550 392
1624560 385
1624570 378
1624580 378
1624590 373
1624600 371
1624610 371
1624620 370
1624630 369
1624640 369
1624650 369
1624660 369
1624670 369
1624680 369
1624690 369
1624700 369
1624710 369
1624720 369
1624730 369
1624740 369
1624750 369
1624760 369
1624770 369
1624780 369
1624790 369
1624800 369
1624810 369
1624820 369
1624830 369
1624840 369
1624850 369
1624860 369
1624870 369
1624880 369
1624890 369
1624900 369
1624910 369
1624920 369
1624930 369
1624940 369
1624950 369
1624960 369
1624970 369
1624980 369
1624990 369
1625000 369
1625010 369
1625020 369
1625030 369
1625040 370
1625050 370
1625060 370
1625070 370
1625080 373
1625090 376
1625100 376
1625110 378
1625120 379
1625130 379
1625140 382
1625150 386
1625160 386
1625170 387
1625180 389
1625190 389
1625200 391
1625210 394
1625220 394
1625230 394
1625240 395
1625250 395
1625260 395
1625270 397
1625280 397
1625290 398
1625300 400
1625310 400
1625320 400
1625330 400
1625340 400
1625350 402
1625360 404
1625370 404
1625380 406
1625390 409
1625400 409
1625410 412
1625420 414
1625430 414
1625440 416
1625450 419
1625460 419
1625470 422
1625480 423
1625490 423
1625500 423
1625510 421
1625520 421
1625530 421
1625540 419
1625550 419
1625560 418
1625570 416
1625580 416
1625590 414
1625600 411
1625610 411
1625620 405
1625630 399
1625640 399
1625650 396
1625660 394
1625670 394
1625680 392
1625690 389
1625700 389
1625710 389
1625720 390
1625730 390
1625740 395
1625750 402
1625760 406
1625770 406
1625780 410
1625790 414
1625800 414
1625810 418
1625820 423
1625830 423
1625840 427
1625850 430
1625860 430
1625870 433
1625880 436
1625890 436
1625900 439
1625910 438
1625920 438
1625930 441
1625940 444
1625950 444
1625960 447
1625970 450
1625980 450
1625990 453
1626000 456
1626010 456
1626020 460
1626030 463
1626040 463
1626050 466
1626060 467
1626070 467
1626080 468
1626090 471
1626100 471
1626110 474
1626120 477
1626130 477
1626140 481
1626150 484
1626160 484
1626170 487
1626180 491
1626190 491
1626200 494
1626210 497
1626220 497
1626230 500
1626240 504
1626250 504
1626260 507
1626270 510
1626280 510
1626290 513
1626300 516
1626310 516
1626320 519
1626330 523
1626340 523
1626350 526
1626360 530
1626370 530
1626380 533
1626390 536
1626400 536
1626410 538
1626420 541
1626430 544
1626440 544
1626450 547
1626460 550
1626470 550
1626480 552
1626490 555
1626500 555
1626510 558
1626520 562
1626530 562
1626540 566
1626550 569
1626560 569
1626570 572
1626580 575
1626590 575
1626600 577
1626610 579
1626620 579
1626630 581
1626640 584
1626650 584
1626660 587
1626670 590
1626680 590
1626690 593
1626700 597
1626710 597
1626720 601
1626730 604
1626740 604
1626750 608
1626760 612
1626770 612
1626780 616
1626790 619
1626800 619
1626810 616
1626820 619
1626830 619
1626840 621
1626850 624
1626860 624
1626870 626
1626880 629
1626890 629
1626900 631
1626910 633
1626920 633
1626930 635
1626940 636
1626950 636
1626960 636
1626970 635
1626980 635
1626990 633
1627000 632
1627010 632
1627020 634
1627030 636
1627040 636
1627050 638
1627060 641
1627070 641
1627080 643
1627090 645
1627100 648
1627110 648
1627120 651
1627130 654
1627140 654
1627150 658
1627160 662
1627170 662
1627180 666
1627190 671
1627200 671
1627210 676
1627220 681
1627230 681
1627240 687
1627250 693
1627260 693
1627270 700
1627280 707
1627290 707
1627300 715
1627310 728
1627320 728
1627330 746
1627340 763
1627350 763
1627360 779
1627370 795
1627380 795
1627390 801
1627400 807
1627410 807
1627420 810
1627430 813
1627440 813
1627450 816
1627460 818
1627470 818
1627480 820
1627490 822
1627500 822
1627510 825
1627520 829
1627530 829
1627540 832
1627550 836
1627560 836
1627570 840
1627580 843
1627590 843
1627600 846
1627610 847
1627620 847
1627630 845
1627640 840
1627650 840
1627660 837
1627670 836
1627680 836
1627690 837
1627700 840
1627710 840
1627720 843
1627730 846
1627740 846
1627750 847
1627760 849
1627770 852
1627780 852
1627790 855
1627800 859
1627810 859
1627820 863
1627830 867
1627840 867
1627850 872
1627860 877
1627870 877
1627880 884
1627890 893
1627900 893
1627910 898
1627920 901
1627930 901
1627940 902
1627950 903
1627960 903
1627970 904
1627980 907
1627990 907
1628000 913
1628010 922
1628020 922
1628030 929
1628040 931
1628050 931
1628060 933
1628070 934
1628080 934
1628090 929
1628100 922
1628110 922
1628120 924
1628130 921
1628140 921
1628150 920
1628160 919
1628170 919
1628180 920
1628190 921
1628200 921
1628210 922
1628220 924
1628230 924
1628240 926
1628250 928
1628260 928
1628270 931
1628280 934
1628290 934
1628300 938
1628310 942
1628320 942
1628330 946
1628340 951
1628350 951
1628360 955
1628370 959
1628380 959
1628390 962
1628400 966
1628410 966
1628420 970
1628430 975
1628440 978
1628450 978
1628460 982
1628470 984
1628480 984
1628490 987
1628500 989
1628510 989
1628520 992
1628530 994
1628540 994
1628550 996
1628560 995
1628570 995
1628580 993
1628590 991
1628600 991
1628610 992
1628620 986
1628630 986
1628640 988
1628650 989
1628660 989
1628670 988
1628680 988
1628690 988
1628700 988
1628710 989
1628720 989
1628730 991
1628740 993
1628750 993
1628760 996
1628770 999
1628780 999
1628790 1003
1628800 1007
1628810 1007
1628820 1010
1628830 1014
1628840 1014
1628850 1018
1628860 1023
1628870 1023
1628880 1028
1628890 1033
1628900 1033
1628910 1038
1628920 1043
1628930 1043
1628940 1047
1628950 1052
1628960 1052
1628970 1055
1628980 1058
1628990 1058
1629000 1061
1629010 1063
1629020 1063
1629030 1065
1629040 1067
1629050 1067
1629060 1069
1629070 1071
1629080 1071
1629090 1073
1629100 1074
1629110 1076
1629120 1076
1629130 1078
1629140 1079
1629150 1079
1629160 1081
1629170 1082
1629180 1082
1629190 1084
1629200 1086
1629210 1086
1629220 1088
1629230 1090
1629240 1090
1629250 1092
1629260 1094
1629270 1094
1629280 1097
1629290 1098
1629300 1098
1629310 1099
1629320 1100
1629330 1100
1629340 1101
1629350 1102
1629360 1102
1629370 1104
1629380 1105
1629390 1105
1629400 1107
1629410 1108
1629420 1108
1629430 1108
1629440 1107
1629450 1107
1629460 1106
1629470 1105
1629480 1105
1629490 1104
1629500 1103
1629510 1102
1629520 1101
1629530 1100
1629540 1100
1629550 1099
1629560 1098
1629570 1098
1629580 1097
1629590 1096
1629600 1096
1629610 1094
1629620 1093
1629630 1093
1629640 1091
1629650 1090
1629660 1090
1629670 1089
1629680 1088
1629690 1088
1629700 1086
1629710 1085
1629720 1085
1629730 1083
1629740 1081
1629750 1081
1629760 1078
1629770 1077
1629780 1076
1629790 1076
1629800 1073
1629810 1072
1629820 1072
1629830 1070
1629840 1069
1629850 1069
1629860 1067
1629870 1066
1629880 1066
1629890 1064
1629900 1063
1629910 1063
1629920 1062
1629930 1060
1629940 1060
1629950 1059
1629960 1058
1629970 1058
1629980 1056
1629990 1054
1630000 1054
1630010 1052
1630020 1048
1630030 1048
1630040 1044
1630050 1040
1630060 1040
1630070 1036
1630080 1033
1630090 1033
1630100 1030
1630110 1026
1630120 1026
1630130 1024
1630140 1022
1630150 1022
1630160 1021
1630170 1020
1630180 1020
1630190 1019
1630200 1018
1630210 1018
1630220 1017
1630230 1015
1630240 1015
1630250 1012
1630260 1009
1630270 1009
1630280 1007
1630290 1005
1630300 1005
1630310 1002
1630320 998
1630330 998
1630340 997
1630350 996
1630360 996
1630370 994
1630380 992
1630390 993
1630400 991
1630410 988
1630420 988
1630430 984
1630440 981
1630450 978
1630460 978
1630470 976
1630480 974
1630490 974
1630500 972
1630510 970
1630520 970
1630530 967
1630540 965
1630550 965
1630560 963
1630570 960
1630580 960
1630590 957
1630600 951
1630610 951
1630620 948
1630630 946
1630640 946
1630650 945
1630660 943
1630670 943
1630680 941
1630690 939
1630700 939
1630710 937
1630720 936
1630730 936
1630740 935
1630750 933
1630760 933
1630770 932
1630780 930
1630790 930
1630800 928
1630810 927
1630820 927
1630830 925
1630840 924
1630850 924
1630860 922
1630870 920
1630880 920
1630890 918
1630900 916
1630910 916
1630920 912
1630930 908
1630940 908
1630950 905
1630960 902
1630970 902
1630980 898
1630990 895
1631000 895
1631010 893
1631020 892
1631030 892
1631040 890
1631050 887
1631060 887
1631070 884
1631080 881
1631090 881
1631100 877
1631110 871
1631120 864
1631130 864
1631140 857
1631150 851
1631160 851
1631170 846
1631180 841
1631190 841
1631200 836
1631210 832
1631220 832
1631230 828
1631240 822
1631250 822
1631260 813
1631270 803
1631280 803
1631290 796
1631300 789
1631310 789
1631320 781
1631330 774
1631340 774
1631350 767
1631360 761
1631370 761
1631380 755
1631390 750
1631400 750
1631410 744
1631420 739
1631430 739
1631440 733
1631450 727
1631460 727
1631470 720
1631480 712
1631490 712
1631500 703
1631510 696
1631520 696
1631530 687
1631540 679
1631550 679
1631560 673
1631570 667
1631580 667
1631590 662
1631600 655
1631610 655
1631620 650
1631630 645
1631640 645
1631650 639
1631660 634
1631670 634
1631680 628
1631690 623
1631700 623
1631710 617
1631720 611
1631730 611
1631740 605
1631750 598
1631760 598
1631770 590
1631780 583
1631790 578
1631800 578
1631810 575
1631820 573
1631830 573
1631840 571
1631850 569
1631860 569
1631870 566
1631880 562
1631890 562
1631900 559
1631910 556
1631920 556
1631930 552
1631940 548
1631950 548
1631960 544
1631970 540
1631980 540
1631990 536
1632000 532
1632010 532
1632020 527
1632030 521
1632040 521
1632050 515
1632060 509
1632070 509
1632080 505
1632090 503
1632100 503
1632110 501
1632120 499
1632130 499
1632140 498
1632150 495
1632160 495
1632170 500
1632180 507
1632190 507
1632200 513
1632210 519
1632220 519
1632230 524
1632240 529
1632250 529
1632260 536
1632270 542
1632280 542
1632290 548
1632300 554
1632310 554
1632320 560
1632330 565
1632340 565
1632350 570
1632360 574
1632370 574
1632380 577
1632390 577
1632400 577
1632410 577
1632420 577
1632430 577
1632440 575
1632450 575
1632460 575
1632470 575
1632480 575
1632490 575
1632500 575
1632510 575
1632520 575
1632530 575
1632540 574
1632550 573
1632560 573
1632570 572
1632580 572
1632590 572
1632600 571
1632610 569
1632620 569
1632630 565
1632640 561
1632650 561
1632660 556
1632670 551
1632680 551
1632690 546
1632700 541
1632710 541
1632720 536
1632730 532
1632740 532
1632750 526
1632760 521
1632770 521
1632780 514
1632790 508
1632800 508
1632810 504
1632820 500
1632830 500
1632840 497
1632850 492
1632860 492
1632870 487
1632880 482
1632890 482
1632900 478
1632910 475
1632920 475
1632930 472
1632940 470
1632950 470
1632960 468
1632970 467
1632980 467
1632990 466
1633000 465
1633010 465
1633020 465
1633030 463
1633040 463
1633050 461
1633060 459
1633070 459
1633080 456
1633090 453
1633100 453
1633110 449
1633120 445
1633130 442
1633140 442
1633150 440
1633160 439
1633170 439
1633180 439
1633190 439
1633200 439
1633210 438
1633220 436
1633230 436
1633240 436
1633250 437
1633260 437
1633270 438
1633280 438
1633290 438
1633300 438
1633310 437
1633320 437
1633330 437
1633340 436
1633350 436
1633360 436
1633370 437
1633380 437
1633390 437
1633400 437
1633410 437
1633420 437
1633430 437
1633440 437
1633450 438
1633460 437
1633470 437
1633480 437
1633490 437
1633500 437
1633510 437
1633520 437
1633530 437
1633540 437
1633550 437
1633560 437
1633570 437
1633580 437
1633590 437
1633600 436
1633610 436
1633620 436
1633630 436
1633640 436
1633650 436
1633660 436
1633670 436
1633680 436
1633690 435
1633700 435
1633710 435
1633720 435
1633730 435
1633740 435
1633750 434
1633760 434
1633770 434
1633780 434
1633790 434
1633800 434
1633810 434
1633820 434
1633830 434
1633840 434
1633850 434
1633860 434
1633870 434
1633880 434
1633890 434
1633900 434
1633910 434
1633920 434
1633930 434
1633940 434
1633950 434
1633960 434
1633970 434
1633980 434
1633990 434
1634000 434
1634010 434
1634020 434
1634030 434
1634040 434
1634050 434
1634060 434
1634070 434
1634080 434
1634090 434
1634100 434
1634110 434
1634120 435
1634130 435
1634140 435
1634150 435
1634160 435
1634170 435
1634180 434
1634190 433
1634200 433
1634210 434
1634220 433
1634230 433
1634240 428
1634250 421
1634260 421
1634270 417
1634280 417
1634290 417
1634300 417
1634310 417
1634320 417
1634330 417
1634340 420
1634350 420
1634360 421
1634370 421
1634380 421
1634390 422
1634400 422
1634410 422
1634420 422
1634430 422
1634440 422
1634450 423
1634460 424
1634470 426
1634480 426
1634490 428
1634500 428
1634510 428
1634520 429
1634530 432
1634540 432
1634550 434
1634560 437
1634570 437
1634580 442
1634590 449
1634600 449
1634610 456
1634620 464
1634630 464
1634640 470
1634650 475
1634660 475
1634670 481
1634680 487
1634690 487
1634700 492
1634710 498
1634720 498
1634730 501
1634740 493
1634750 493
1634760 495
1634770 497
1634780 497
1634790 500
1634800 502
1634810 502
1634820 504
1634830 505
1634840 505
1634850 508
1634860 512
1634870 512
1634880 517
1634890 522
1634900 522
1634910 527
1634920 532
1634930 532
1634940 535
1634950 537
1634960 537
1634970 539
1634980 539
1634990 539
1635000 538
1635010 538
1635020 538
1635030 538
1635040 534
1635050 534
1635060 528
1635070 521
1635080 521
1635090 512
1635100 504
1635110 504
1635120 498
1635130 492
1635140 488
1635150 488
1635160 485
1635170 484
1635180 484
1635190 485
1635200 486
1635210 486
1635220 487
1635230 487
1635240 487
1635250 488
1635260 490
1635270 490
1635280 493
1635290 496
1635300 496
1635310 500
1635320 503
1635330 503
1635340 507
1635350 511
1635360 511
1635370 514
1635380 517
1635390 517
1635400 521
1635410 524
1635420 524
1635430 527
1635440 529
1635450 529
1635460 530
1635470 531
1635480 531
1635490 531
1635500 528
1635510 528
1635520 521
1635530 513
1635540 513
1635550 510
1635560 508
1635570 508
1635580 507
1635590 506
1635600 502
1635610 503
1635620 505
1635630 505
1635640 508
1635650 511
1635660 511
1635670 515
1635680 520
1635690 520
1635700 524
1635710 528
1635720 528
1635730 532
1635740 535
1635750 535
1635760 537
1635770 539
1635780 539
1635790 541
1635800 542
1635810 544
1635820 544
1635830 545
1635840 547
1635850 547
1635860 547
1635870 548
1635880 548
1635890 548
1635900 548
1635910 548
1635920 549
1635930 550
1635940 550
1635950 551
1635960 550
1635970 550
1635980 549
1635990 547
1636000 547
1636010 545
1636020 544
1636030 544
1636040 544
1636050 543
1636060 543
1636070 545
1636080 548
1636090 548
1636100 551
1636110 553
1636120 553
1636130 555
1636140 557
1636150 557
1636160 558
1636170 559
1636180 559
1636190 558
1636200 560
1636210 560
1636220 562
1636230 564
1636240 564
1636250 565
1636260 568
1636270 568
1636280 571
1636290 574
1636300 574
1636310 577
1636320 581
1636330 581
1636340 584
1636350 588
1636360 588
1636370 592
1636380 596
1636390 596
1636400 600
1636410 605
1636420 605
1636430 610
1636440 617
1636450 616
1636460 621
1636470 626
1636480 629
1636490 629
1636500 633
1636510 638
1636520 638
1636530 644
1636540 649
1636550 649
1636560 654
1636570 658
1636580 658
1636590 663
1636600 668
1636610 668
1636620 673
1636630 677
1636640 677
1636650 681
1636660 684
1636670 684
1636680 690
1636690 695
1636700 695
1636710 701
1636720 706
1636730 706
1636740 710
1636750 714
1636760 714
1636770 719
1636780 724
1636790 724
1636800 729
1636810 735
1636820 735
1636830 739
1636840 745
1636850 745
1636860 750
1636870 754
1636880 754
1636890 754
1636900 751
1636910 751
1636920 747
1636930 743
1636940 743
1636950 741
1636960 739
1636970 739
1636980 738
1636990 737
1637000 737
1637010 733
1637020 726
1637030 726
1637040 720
1637050 714
1637060 714
1637070 709
1637080 704
1637090 704
1637100 700
1637110 695
1637120 695
1637130 691
1637140 687
1637150 687
1637160 685
1637170 682
1637180 679
1637190 679
1637200 676
1637210 672
1637220 672
1637230 668
1637240 663
1637250 663
1637260 659
1637270 655
1637280 655
1637290 652
1637300 650
1637310 650
1637320 646
1637330 643
1637340 643
1637350 640
1637360 636
1637370 636
1637380 632
1637390 627
1637400 627
1637410 623
1637420 620
1637430 620
1637440 617
1637450 614
1637460 614
1637470 611
1637480 608
1637490 608
1637500 604
1637510 602
1637520 602
1637530 600
1637540 598
1637550 598
1637560 595
1637570 591
1637580 591
1637590 587
1637600 583
1637610 583
1637620 579
1637630 575
1637640 575
1637650 573
1637660 571
1637670 571
1637680 568
1637690 566
1637700 566
1637710 563
1637720 562
1637730 562
1637740 560
1637750 558
1637760 558
1637770 556
1637780 554
1637790 554
1637800 553
1637810 550
1637820 550
1637830 547
1637840 545
1637850 542
1637860 542
1637870 539
1637880 536
1637890 536
1637900 534
1637910 532
1637920 532
1637930 529
1637940 527
1637950 527
1637960 524
1637970 520
1637980 520
1637990 515
1638000 511
1638010 511
1638020 507
1638030 504
1638040 504
1638050 504
1638060 506
1638070 506
1638080 511
1638090 518
1638100 518
1638110 524
1638120 529
1638130 529
1638140 535
1638150 541
1638160 541
1638170 547
1638180 552
1638190 552
1638200 558
1638210 563
1638220 563
1638230 568
1638240 573
1638250 573
1638260 578
1638270 582
1638280 582
1638290 585
1638300 589
1638310 589
1638320 592
1638330 596
1638340 596
1638350 599
1638360 603
1638370 603
1638380 606
1638390 609
1638400 609
1638410 611
1638420 613
1638430 613
1638440 616
1638450 619
1638460 619
1638470 621
1638480 625
1638490 625
1638500 629
1638510 633
1638520 637
1638530 637
1638540 641
1638550 646
1638560 646
1638570 651
1638580 655
1638590 655
1638600 659
1638610 664
1638620 664
1638630 668
1638640 673
1638650 673
1638660 677
1638670 682
1638680 682
1638690 686
1638700 690
1638710 690
1638720 694
1638730 697
1638740 697
1638750 700
1638760 702
1638770 702
1638780 702
1638790 701
1638800 701
1638810 699
1638820 697
1638830 697
1638840 697
1638850 697
1638860 697
1638870 698
1638880 698
1638890 698
1638900 699
1638910 700
1638920 700
1638930 702
1638940 704
1638950 704
1638960 705
1638970 705
1638980 705
1638990 706
1639000 707
1639010 707
1639020 708
1639030 710
1639040 710
1639050 711
1639060 714
1639070 714
1639080 716
1639090 718
1639100 718
1639110 720
1639120 722
1639130 722
1639140 723
1639150 724
1639160 724
1639170 724
1639180 719
1639190 712
1639200 712
1639210 704
1639220 699
1639230 699
1639240 696
1639250 695
1639260 695
1639270 693
1639280 692
1639290 692
1639300 689
1639310 686
1639320 686
1639330 681
1639340 677
1639350 677
1639360 673
1639370 670
1639380 670
1639390 669
1639400 670
1639410 670
1639420 673
1639430 678
1639440 678
1639450 683
1639460 687
1639470 687
1639480 692
1639490 697
1639500 697
1639510 702
1639520 708
1639530 708
1639540 713
1639550 718
1639560 718
1639570 722
1639580 727
1639590 727
1639600 732
1639610 737
1639620 737
1639630 743
1639640 749
1639650 749
1639660 756
1639670 761
1639680 761
1639690 765
1639700 769
1639710 769
1639720 775
1639730 780
1639740 780
1639750 786
1639760 791
1639770 791
1639780 795
1639790 800
1639800 800
1639810 803
1639820 807
1639830 807
1639840 809
1639850 810
1639860 807
1639870 807
1639880 802
1639890 797
1639900 797
1639910 792
1639920 788
1639930 788
1639940 783
1639950 779
1639960 779
1639970 774
1639980 770
1639990 770
