1620000 433
1620010 433
1620020 433
1620030 433
1620040 433
1620050 433
1620060 433
1620070 433
1620080 433
1620090 433
1620100 433
1620110 434
1620120 436
1620130 436
1620140 436
1620150 436
1620160 436
1620170 436
1620180 436
1620190 436
1620200 436
1620210 437
1620220 437
1620230 437
1620240 437
1620250 437
1620260 437
1620270 437
1620280 437
1620290 438
1620300 438
1620310 438
1620320 439
1620330 441
1620340 441
1620350 442
1620360 444
1620370 444
1620380 445
1620390 445
1620400 445
1620410 446
1620420 447
1620430 447
1620440 448
1620450 449
1620460 449
1620470 450
1620480 451
1620490 451
1620500 453
1620510 454
1620520 454
1620530 455
1620540 456
1620550 457
1620560 457
1620570 458
1620580 459
1620590 459
1620600 460
1620610 461
1620620 461
1620630 461
1620640 462
1620650 462
1620660 462
1620670 463
1620680 463
1620690 464
1620700 465
1620710 465
1620720 465
1620730 466
1620740 466
1620750 467
1620760 468
1620770 468
1620780 469
1620790 470
1620800 470
1620810 470
1620820 471
1620830 471
1620840 472
1620850 472
1620860 472
1620870 472
1620880 472
1620890 472
1620900 472
1620910 473
1620920 473
1620930 473
1620940 475
1620950 475
1620960 477
1620970 478
1620980 478
1620990 479
1621000 480
1621010 480
1621020 481
1621030 482
1621040 482
1621050 483
1621060 484
1621070 484
1621080 486
1621090 488
1621100 488
1621110 491
1621120 493
1621130 493
1621140 496
1621150 498
1621160 498
1621170 500
1621180 503
1621190 503
1621200 506
1621210 509
1621220 509
1621230 512
1621240 515
1621250 518
1621260 518
1621270 521
1621280 525
1621290 525
1621300 529
1621310 537
1621320 537
1621330 540
1621340 544
1621350 544
1621360 548
1621370 552
1621380 552
1621390 556
1621400 560
1621410 560
1621420 564
1621430 569
1621440 569
1621450 573
1621460 578
1621470 578
1621480 582
1621490 587
1621500 587
1621510 592
1621520 596
1621530 596
1621540 602
1621550 608
1621560 608
1621570 616
1621580 622
1621590 622
1621600 627
1621610 627
1621620 627
1621630 624
1621640 618
1621650 618
1621660 613
1621670 607
1621680 607
1621690 601
1621700 596
1621710 596
1621720 590
1621730 585
1621740 585
1621750 580
1621760 576
1621770 576
1621780 571
1621790 566
1621800 566
1621810 561
1621820 557
1621830 557
1621840 551
1621850 546
1621860 546
1621870 540
1621880 535
1621890 535
1621900 530
1621910 525
1621920 521
1621930 521
1621940 515
1621950 510
1621960 510
1621970 504
1621980 495
1621990 495
1622000 483
1622010 472
1622020 472
1622030 463
1622040 457
1622050 457
1622060 452
1622070 452
1622080 452
1622090 455
1622100 457
1622110 457
1622120 459
1622130 462
1622140 462
1622150 465
1622160 468
1622170 468
1622180 471
1622190 473
1622200 473
1622210 474
1622220 476
1622230 476
1622240 480
1622250 482
1622260 482
1622270 486
1622280 489
1622290 489
1622300 492
1622310 494
1622320 494
1622330 496
1622340 497
1622350 497
1622360 499
1622370 503
1622380 503
1622390 508
1622400 512
1622410 512
1622420 512
1622430 512
1622440 512
1622450 512
1622460 512
1622470 512
1622480 513
1622490 513
1622500 513
1622510 514
1622520 514
1622530 514
1622540 515
1622550 516
1622560 516
1622570 517
1622580 518
1622590 518
1622600 519
1622610 520
1622620 521
1622630 521
1622640 522
1622650 523
1622660 523
1622670 523
1622680 524
1622690 524
1622700 525
1622710 526
1622720 526
1622730 527
1622740 528
1622750 528
1622760 529
1622770 530
1622780 530
1622790 532
1622800 533
1622810 533
1622820 534
1622830 535
1622840 535
1622850 536
1622860 537
1622870 537
1622880 538
1622890 538
1622900 538
1622910 539
1622920 540
1622930 540
1622940 541
1622950 541
1622960 541
1622970 542
1622980 544
1622990 544
1623000 545
1623010 547
1623020 547
1623030 549
1623040 552
1623050 552
1623060 555
1623070 554
1623080 554
1623090 552
1623100 549
1623110 549
1623120 546
1623130 546
1623140 546
1623150 547
1623160 548
1623170 548
1623180 552
1623190 550
1623200 550
1623210 549
1623220 549
1623230 549
1623240 548
1623250 548
1623260 548
1623270 547
1623280 546
1623290 548
1623300 548
1623310 551
1623320 554
1623330 554
1623340 557
1623350 559
1623360 559
1623370 561
1623380 561
1623390 561
1623400 562
1623410 562
1623420 562
1623430 563
1623440 564
1623450 564
1623460 565
1623470 565
1623480 565
1623490 565
1623500 564
1623510 564
1623520 564
1623530 565
1623540 565
1623550 566
1623560 567
1623570 567
1623580 567
1623590 567
1623600 567
1623610 567
1623620 565
1623630 565
1623640 562
1623650 558
1623660 558
1623670 553
1623680 549
1623690 549
1623700 545
1623710 540
1623720 540
1623730 537
1623740 538
1623750 538
1623760 542
1623770 545
1623780 545
1623790 547
1623800 548
1623810 548
1623820 550
1623830 551
1623840 551
1623850 552
1623860 553
1623870 553
1623880 553
1623890 553
1623900 553
1623910 553
1623920 553
1623930 553
1623940 553
1623950 552
1623960 552
1623970 552
1623980 551
1623990 550
1624000 550
1624010 548
1624020 545
1624030 545
1624040 543
1624050 540
1624060 540
1624070 536
1624080 530
1624090 530
1624100 529
1624110 524
1624120 524
1624130 520
1624140 516
1624150 516
1624160 513
1624170 511
1624180 511
1624190 508
1624200 505
1624210 505
1624220 503
1624230 500
1624240 500
1624250 497
1624260 493
1624270 493
1624280 490
1624290 488
1624300 488
1624310 487
1624320 486
1624330 486
1624340 485
1624350 483
1624360 483
1624370 481
1624380 479
1624390 479
1624400 478
1624410 475
1624420 475
1624430 473
1624440 472
1624450 472
1624460 471
1624470 470
1624480 470
1624490 469
1624500 469
1624510 469
1624520 468
1624530 467
1624540 467
1624550 466
1624560 464
1624570 464
1624580 460
1624590 452
1624600 452
1624610 441
1624620 433
1624630 433
1624640 424
1624650 417
1624660 409
1624670 409
1624680 401
1624690 396
1624700 396
1624710 396
1624720 399
1624730 399
1624740 405
1624750 411
1624760 411
1624770 416
1624780 422
1624790 422
1624800 427
1624810 433
1624820 433
1624830 438
1624840 439
1624850 439
1624860 437
1624870 436
1624880 436
1624890 438
1624900 439
1624910 439
1624920 440
1624930 442
1624940 442
1624950 443
1624960 442
1624970 442
1624980 442
1624990 442
1625000 442
1625010 443
1625020 446
1625030 448
1625040 450
1625050 453
1625060 453
1625070 456
1625080 459
1625090 459
1625100 462
1625110 465
1625120 465
1625130 467
1625140 470
1625150 470
1625160 473
1625170 475
1625180 475
1625190 478
1625200 480
1625210 480
1625220 483
1625230 487
1625240 487
1625250 490
1625260 492
1625270 492
1625280 495
1625290 497
1625300 497
1625310 499
1625320 502
1625330 504
1625340 504
1625350 507
1625360 509
1625370 509
1625380 512
1625390 515
1625400 515
1625410 518
1625420 520
1625430 520
1625440 523
1625450 525
1625460 525
1625470 528
1625480 531
1625490 531
1625500 534
1625510 536
1625520 536
1625530 540
1625540 543
1625550 543
1625560 546
1625570 549
1625580 549
1625590 553
1625600 558
1625610 558
1625620 563
1625630 568
1625640 568
1625650 573
1625660 579
1625670 579
1625680 584
1625690 589
1625700 589
1625710 595
1625720 599
1625730 599
1625740 604
1625750 609
1625760 609
1625770 614
1625780 619
1625790 619
1625800 623
1625810 628
1625820 628
1625830 633
1625840 637
1625850 637
1625860 642
1625870 647
1625880 647
1625890 651
1625900 656
1625910 656
1625920 660
1625930 664
1625940 662
1625950 666
1625960 669
1625970 669
1625980 673
1625990 676
1626000 680
1626010 680
1626020 684
1626030 687
1626040 687
1626050 691
1626060 696
1626070 696
1626080 701
1626090 706
1626100 706
1626110 712
1626120 717
1626130 717
1626140 721
1626150 725
1626160 725
1626170 731
1626180 736
1626190 736
1626200 741
1626210 746
1626220 746
1626230 752
1626240 757
1626250 757
1626260 759
1626270 755
1626280 755
1626290 753
1626300 752
1626310 752
1626320 751
1626330 751
1626340 751
1626350 750
1626360 750
1626370 750
1626380 750
1626390 751
1626400 751
1626410 751
1626420 751
1626430 751
1626440 751
1626450 751
1626460 751
1626470 750
1626480 748
1626490 748
1626500 745
1626510 743
1626520 743
1626530 740
1626540 738
1626550 738
1626560 735
1626570 734
1626580 734
1626590 732
1626600 730
1626610 730
1626620 726
1626630 721
1626640 721
1626650 714
1626660 703
1626670 703
1626680 690
1626690 684
1626700 679
1626710 679
1626720 674
1626730 669
1626740 669
1626750 665
1626760 661
1626770 661
1626780 658
1626790 656
1626800 656
1626810 654
1626820 652
1626830 652
1626840 650
1626850 658
1626860 658
1626870 659
1626880 658
1626890 658
1626900 655
1626910 653
1626920 653
1626930 650
1626940 645
1626950 645
1626960 642
1626970 640
1626980 640
1626990 641
1627000 643
1627010 643
1627020 641
1627030 640
1627040 640
1627050 638
1627060 637
1627070 637
1627080 637
1627090 636
1627100 636
1627110 632
1627120 625
1627130 625
1627140 617
1627150 610
1627160 610
1627170 603
1627180 596
1627190 596
1627200 590
1627210 585
1627220 585
1627230 580
1627240 575
1627250 575
1627260 571
1627270 568
1627280 568
1627290 565
1627300 562
1627310 562
1627320 557
1627330 551
1627340 551
1627350 545
1627360 539
1627370 534
1627380 534
1627390 531
1627400 530
1627410 530
1627420 531
1627430 536
1627440 536
1627450 544
1627460 550
1627470 550
1627480 557
1627490 564
1627500 564
1627510 570
1627520 576
1627530 576
1627540 581
1627550 586
1627560 586
1627570 591
1627580 594
1627590 594
1627600 595
1627610 592
1627620 592
1627630 590
1627640 587
1627650 587
1627660 583
1627670 577
1627680 577
1627690 572
1627700 571
1627710 571
1627720 571
1627730 570
1627740 570
1627750 577
1627760 577
1627770 577
1627780 576
1627790 576
1627800 576
1627810 578
1627820 581
1627830 581
1627840 584
1627850 586
1627860 586
1627870 586
1627880 586
1627890 586
1627900 584
1627910 584
1627920 584
1627930 588
1627940 592
1627950 592
1627960 595
1627970 597
1627980 597
1627990 599
1628000 600
1628010 600
1628020 600
1628030 599
1628040 599
1628050 599
1628060 598
1628070 599
1628080 599
1628090 599
1628100 600
1628110 600
1628120 600
1628130 600
1628140 600
1628150 602
1628160 603
1628170 603
1628180 605
1628190 607
1628200 607
1628210 608
1628220 611
1628230 611
1628240 614
1628250 616
1628260 616
1628270 619
1628280 621
1628290 621
1628300 623
1628310 626
1628320 626
1628330 628
1628340 629
1628350 629
1628360 630
1628370 632
1628380 632
1628390 633
1628400 634
1628410 634
1628420 636
1628430 638
1628440 638
1628450 642
1628460 644
1628470 644
1628480 646
1628490 649
1628500 649
1628510 652
1628520 657
1628530 657
1628540 663
1628550 667
1628560 667
1628570 670
1628580 674
1628590 674
1628600 678
1628610 680
1628620 680
1628630 680
1628640 681
1628650 684
1628660 686
1628670 689
1628680 689
1628690 692
1628700 694
1628710 694
1628720 698
1628730 700
1628740 702
1628750 702
1628760 703
1628770 705
1628780 705
1628790 707
1628800 711
1628810 711
1628820 716
1628830 721
1628840 721
1628850 725
1628860 728
1628870 728
1628880 731
1628890 735
1628900 735
1628910 738
1628920 742
1628930 742
1628940 746
1628950 750
1628960 750
1628970 754
1628980 757
1628990 757
1629000 760
1629010 763
1629020 763
1629030 767
1629040 772
1629050 772
1629060 776
1629070 781
1629080 781
1629090 785
1629100 790
1629110 790
1629120 796
1629130 801
1629140 801
1629150 805
1629160 809
1629170 809
1629180 811
1629190 814
1629200 814
1629210 818
1629220 822
1629230 822
1629240 826
1629250 831
1629260 831
1629270 835
1629280 840
1629290 840
1629300 845
1629310 851
1629320 851
1629330 857
1629340 862
1629350 862
1629360 868
1629370 875
1629380 875
1629390 882
1629400 888
1629410 894
1629420 894
1629430 900
1629440 905
1629450 905
1629460 910
1629470 915
1629480 915
1629490 921
1629500 926
1629510 926
1629520 929
1629530 931
1629540 925
1629550 922
1629560 919
1629570 919
1629580 917
1629590 915
1629600 915
1629610 914
1629620 913
1629630 913
1629640 913
1629650 910
1629660 910
1629670 906
1629680 903
1629690 903
1629700 900
1629710 897
1629720 897
1629730 894
1629740 894
1629750 894
1629760 895
1629770 895
1629780 895
1629790 892
1629800 887
1629810 887
1629820 882
1629830 878
1629840 878
1629850 874
1629860 872
1629870 872
1629880 870
1629890 869
1629900 869
1629910 869
1629920 868
1629930 868
1629940 867
1629950 866
1629960 866
1629970 865
1629980 864
1629990 864
1630000 862
1630010 859
1630020 859
1630030 854
1630040 849
1630050 849
1630060 846
1630070 843
1630080 843
1630090 837
1630100 831
1630110 826
1630120 826
1630130 823
1630140 822
1630150 822
1630160 822
1630170 821
1630180 821
1630190 819
1630200 815
1630210 815
1630220 811
1630230 807
1630240 807
1630250 803
1630260 799
1630270 799
1630280 797
1630290 798
1630300 798
1630310 802
1630320 805
1630330 805
1630340 807
1630350 809
1630360 809
1630370 811
1630380 815
1630390 815
1630400 817
1630410 819
1630420 819
1630430 812
1630440 815
1630450 815
1630460 813
1630470 815
1630480 815
1630490 818
1630500 815
1630510 815
1630520 812
1630530 812
1630540 812
1630550 814
1630560 817
1630570 817
1630580 817
1630590 815
1630600 815
1630610 814
1630620 814
1630630 814
1630640 814
1630650 815
1630660 815
1630670 816
1630680 818
1630690 818
1630700 820
1630710 822
1630720 822
1630730 822
1630740 822
1630750 822
1630760 820
1630770 818
1630780 816
1630790 816
1630800 815
1630810 813
1630820 813
1630830 809
1630840 804
1630850 804
1630860 800
1630870 798
1630880 798
1630890 799
1630900 800
1630910 800
1630920 801
1630930 804
1630940 804
1630950 808
1630960 809
1630970 809
1630980 809
1630990 807
1631000 807
1631010 803
1631020 798
1631030 798
1631040 796
1631050 795
1631060 795
1631070 795
1631080 796
1631090 796
1631100 797
1631110 799
1631120 799
1631130 800
1631140 801
1631150 801
1631160 803
1631170 804
1631180 804
1631190 804
1631200 804
1631210 804
1631220 803
1631230 801
1631240 801
1631250 799
1631260 796
1631270 796
1631280 794
1631290 791
1631300 791
1631310 789
1631320 786
1631330 786
1631340 783
1631350 781
1631360 781
1631370 780
1631380 779
1631390 779
1631400 779
1631410 779
1631420 779
1631430 778
1631440 778
1631450 777
1631460 777
1631470 774
1631480 771
1631490 771
1631500 768
1631510 766
1631520 766
1631530 763
1631540 761
1631550 761
1631560 758
1631570 754
1631580 754
1631590 750
1631600 748
1631610 748
1631620 746
1631630 745
1631640 745
1631650 744
1631660 742
1631670 742
1631680 740
1631690 738
1631700 738
1631710 736
1631720 734
1631730 734
1631740 732
1631750 730
1631760 730
1631770 727
1631780 725
1631790 725
1631800 723
1631810 721
1631820 721
1631830 719
1631840 716
1631850 716
1631860 713
1631870 711
1631880 711
1631890 708
1631900 705
1631910 705
1631920 700
1631930 695
1631940 695
1631950 691
1631960 687
1631970 687
1631980 684
1631990 680
1632000 680
1632010 676
1632020 671
1632030 671
1632040 666
1632050 662
1632060 662
1632070 659
1632080 654
1632090 654
1632100 649
1632110 644
1632120 644
1632130 639
1632140 634
1632150 630
1632160 630
1632170 625
1632180 621
1632190 621
1632200 617
1632210 613
1632220 613
1632230 609
1632240 606
1632250 606
1632260 602
1632270 599
1632280 599
1632290 595
1632300 592
1632310 592
1632320 588
1632330 583
1632340 583
1632350 579
1632360 573
1632370 573
1632380 569
1632390 565
1632400 565
1632410 561
1632420 558
1632430 558
1632440 555
1632450 552
1632460 552
1632470 550
1632480 549
1632490 549
1632500 547
1632510 544
1632520 544
1632530 542
1632540 541
1632550 541
1632560 539
1632570 537
1632580 537
1632590 535
1632600 533
1632610 533
1632620 530
1632630 527
1632640 527
1632650 524
1632660 523
1632670 523
1632680 522
1632690 522
1632700 522
1632710 521
1632720 520
1632730 520
1632740 519
1632750 517
1632760 517
1632770 516
1632780 516
1632790 516
1632800 516
1632810 516
1632820 515
1632830 515
1632840 512
1632850 508
1632860 508
1632870 503
1632880 497
1632890 497
1632900 492
1632910 487
1632920 487
1632930 481
1632940 475
1632950 475
1632960 468
1632970 461
1632980 461
1632990 454
1633000 451
1633010 451
1633020 451
1633030 451
1633040 451
1633050 452
1633060 452
1633070 452
1633080 452
1633090 452
1633100 452
1633110 452
1633120 452
1633130 452
1633140 452
1633150 454
1633160 454
1633170 459
1633180 464
1633190 464
1633200 467
1633210 471
1633220 471
1633230 475
1633240 478
1633250 478
1633260 482
1633270 485
1633280 485
1633290 488
1633300 491
1633310 491
1633320 493
1633330 498
1633340 498
1633350 503
1633360 510
1633370 510
1633380 516
1633390 522
1633400 522
1633410 528
1633420 533
1633430 533
1633440 537
1633450 542
1633460 542
1633470 546
1633480 550
1633490 550
1633500 554
1633510 557
1633520 560
1633530 560
1633540 562
1633550 564
1633560 564
1633570 565
1633580 566
1633590 566
1633600 567
1633610 568
1633620 568
1633630 568
1633640 568
1633650 568
1633660 568
1633670 567
1633680 567
1633690 567
1633700 564
1633710 564
1633720 559
1633730 554
1633740 554
1633750 549
1633760 546
1633770 546
1633780 542
1633790 538
1633800 538
1633810 534
1633820 530
1633830 530
1633840 525
1633850 520
1633860 520
1633870 514
1633880 508
1633890 508
1633900 503
1633910 498
1633920 500
1633930 494
1633940 488
1633950 488
1633960 483
1633970 478
1633980 478
1633990 473
1634000 469
1634010 469
1634020 465
1634030 462
1634040 462
1634050 460
1634060 457
1634070 457
1634080 455
1634090 453
1634100 453
1634110 450
1634120 448
1634130 448
1634140 447
1634150 446
1634160 446
1634170 445
1634180 443
1634190 443
1634200 443
1634210 442
1634220 442
1634230 442
1634240 442
1634250 441
1634260 441
1634270 441
1634280 441
1634290 441
1634300 441
1634310 441
1634320 441
1634330 441
1634340 441
1634350 441
1634360 441
1634370 441
1634380 441
1634390 441
1634400 441
1634410 441
1634420 441
1634430 442
1634440 442
1634450 442
1634460 442
1634470 442
1634480 442
1634490 442
1634500 442
1634510 442
1634520 442
1634530 442
1634540 442
1634550 441
1634560 441
1634570 442
1634580 442
1634590 442
1634600 442
1634610 442
1634620 442
1634630 442
1634640 441
1634650 441
1634660 440
1634670 439
1634680 439
1634690 438
1634700 438
1634710 438
1634720 439
1634730 439
1634740 439
1634750 438
1634760 438
1634770 438
1634780 440
1634790 441
1634800 441
1634810 439
1634820 437
1634830 437
1634840 436
1634850 436
1634860 436
1634870 436
1634880 436
1634890 436
1634900 436
1634910 436
1634920 436
1634930 436
1634940 436
1634950 435
1634960 435
1634970 435
1634980 436
1634990 436
1635000 437
1635010 438
1635020 438
1635030 440
1635040 445
1635050 445
1635060 452
1635070 458
1635080 458
1635090 462
1635100 467
1635110 467
1635120 471
1635130 476
1635140 476
1635150 481
1635160 485
1635170 485
1635180 490
1635190 494
1635200 494
1635210 498
1635220 503
1635230 503
1635240 508
1635250 512
1635260 512
1635270 517
1635280 522
1635290 522
1635300 526
1635310 529
1635320 529
1635330 531
1635340 534
1635350 534
1635360 538
1635370 542
1635380 542
1635390 547
1635400 552
1635410 552
1635420 558
1635430 564
1635440 564
1635450 571
1635460 576
1635470 576
1635480 579
1635490 582
1635500 582
1635510 586
1635520 590
1635530 590
1635540 594
1635550 598
1635560 603
1635570 603
1635580 607
1635590 611
1635600 611
1635610 615
1635620 618
1635630 613
1635640 616
1635650 619
1635660 619
1635670 621
1635680 623
1635690 623
1635700 626
1635710 628
1635720 628
1635730 631
1635740 633
1635750 633
1635760 636
1635770 639
1635780 639
1635790 642
1635800 645
1635810 645
1635820 648
1635830 651
1635840 651
1635850 654
1635860 656
1635870 656
1635880 659
1635890 662
1635900 662
1635910 665
1635920 668
1635930 668
1635940 671
1635950 675
1635960 675
1635970 678
1635980 681
1635990 681
1636000 686
1636010 690
1636020 690
1636030 694
1636040 698
1636050 698
1636060 701
1636070 704
1636080 704
1636090 705
1636100 706
1636110 706
1636120 704
1636130 702
1636140 702
1636150 698
1636160 693
1636170 693
1636180 690
1636190 688
1636200 688
1636210 688
1636220 688
1636230 689
1636240 689
1636250 689
1636260 689
1636270 689
1636280 689
1636290 689
1636300 689
1636310 689
1636320 689
1636330 689
1636340 689
1636350 688
1636360 688
1636370 686
1636380 683
1636390 683
1636400 677
1636410 672
1636420 672
1636430 667
1636440 664
1636450 664
1636460 661
1636470 659
1636480 653
1636490 652
1636500 650
1636510 650
1636520 647
1636530 644
1636540 644
1636550 639
1636560 632
1636570 632
1636580 625
1636590 617
1636600 617
1636610 609
1636620 601
1636630 601
1636640 595
1636650 589
1636660 589
1636670 583
1636680 578
1636690 578
1636700 573
1636710 569
1636720 569
1636730 567
1636740 566
1636750 566
1636760 564
1636770 563
1636780 563
1636790 563
1636800 562
1636810 562
1636820 561
1636830 558
1636840 558
1636850 553
1636860 547
1636870 547
1636880 540
1636890 537
1636900 537
1636910 537
1636920 538
1636930 540
1636940 540
1636950 540
1636960 537
1636970 537
1636980 535
1636990 533
1637000 533
1637010 530
1637020 528
1637030 528
1637040 528
1637050 531
1637060 531
1637070 534
1637080 539
1637090 539
1637100 544
1637110 549
1637120 549
1637130 553
1637140 558
1637150 558
1637160 563
1637170 567
1637180 567
1637190 572
1637200 576
1637210 576
1637220 581
1637230 586
1637240 586
1637250 591
1637260 596
1637270 596
1637280 601
1637290 606
1637300 606
1637310 611
1637320 616
1637330 620
1637340 624
1637350 627
1637360 627
1637370 630
1637380 631
1637390 631
1637400 628
1637410 623
1637420 623
1637430 617
1637440 611
1637450 611
1637460 604
1637470 597
1637480 597
1637490 591
1637500 585
1637510 585
1637520 580
1637530 576
1637540 576
1637550 572
1637560 569
1637570 569
1637580 566
1637590 563
1637600 560
1637610 560
1637620 557
1637630 554
1637640 554
1637650 550
1637660 548
1637670 548
1637680 546
1637690 544
1637700 544
1637710 543
1637720 541
1637730 541
1637740 539
1637750 536
1637760 536
1637770 532
1637780 528
1637790 528
1637800 524
1637810 520
1637820 520
1637830 515
1637840 510
1637850 510
1637860 506
1637870 502
1637880 502
1637890 498
1637900 495
1637910 495
1637920 493
1637930 490
1637940 490
1637950 488
1637960 487
1637970 487
1637980 486
1637990 485
1638000 485
1638010 485
1638020 485
1638030 485
1638040 484
1638050 484
1638060 484
1638070 484
1638080 484
1638090 484
1638100 483
1638110 483
1638120 483
1638130 483
1638140 482
1638150 482
1638160 483
1638170 483
1638180 483
1638190 483
1638200 483
1638210 483
1638220 483
1638230 483
1638240 483
1638250 483
1638260 484
1638270 484
1638280 485
1638290 486
1638300 486
1638310 486
1638320 486
1638330 487
1638340 487
1638350 488
1638360 488
1638370 488
1638380 488
1638390 489
1638400 489
1638410 490
1638420 492
1638430 492
1638440 494
1638450 496
1638460 496
1638470 499
1638480 502
1638490 502
1638500 505
1638510 508
1638520 508
1638530 511
1638540 515
1638550 515
1638560 518
1638570 522
1638580 522
1638590 526
1638600 530
1638610 530
1638620 534
1638630 537
1638640 537
1638650 542
1638660 546
1638670 546
1638680 550
1638690 555
1638700 555
1638710 559
1638720 564
1638730 564
1638740 569
1638750 574
1638760 574
1638770 578
1638780 582
1638790 582
1638800 585
1638810 589
1638820 589
1638830 593
1638840 597
1638850 597
1638860 600
1638870 604
1638880 604
1638890 609
1638900 612
1638910 612
1638920 616
1638930 618
1638940 618
1638950 621
1638960 624
1638970 628
1638980 628
1638990 632
1639000 635
1639010 633
1639020 636
1639030 638
1639040 638
1639050 638
1639060 638
1639070 638
1639080 637
1639090 637
1639100 637
1639110 637
1639120 637
1639130 637
1639140 638
1639150 639
1639160 639
1639170 640
1639180 640
1639190 640
1639200 642
1639210 644
1639220 644
1639230 646
1639240 648
1639250 648
1639260 650
1639270 650
1639280 650
1639290 650
1639300 650
1639310 650
1639320 651
1639330 650
1639340 650
1639350 649
1639360 648
1639370 648
1639380 647
1639390 647
1639400 647
1639410 647
1639420 648
1639430 648
1639440 648
1639450 649
1639460 649
1639470 650
1639480 651
1639490 651
1639500 652
1639510 652
1639520 652
1639530 651
1639540 649
1639550 649
1639560 647
1639570 645
1639580 645
1639590 643
1639600 640
1639610 640
1639620 636
1639630 632
1639640 632
1639650 629
1639660 625
1639670 619
1639680 619
1639690 612
1639700 604
1639710 604
1639720 598
1639730 591
1639740 591
1639750 586
1639760 582
1639770 582
1639780 579
1639790 578
1639800 578
1639810 576
1639820 574
1639830 574
1639840 570
1639850 564
1639860 564
1639870 557
1639880 550
1639890 550
1639900 544
1639910 539
1639920 539
1639930 534
1639940 529
1639950 529
1639960 524
1639970 520
1639980 520
1639990 517
