1620000 534
1620010 536
1620020 537
1620030 537
1620040 539
1620050 540
1620060 540
1620070 542
1620080 543
1620090 543
1620100 544
1620110 545
1620120 545
1620130 546
1620140 547
1620150 547
1620160 548
1620170 549
1620180 549
1620190 550
1620200 551
1620210 551
1620220 553
1620230 554
1620240 554
1620250 555
1620260 556
1620270 556
1620280 557
1620290 557
1620300 557
1620310 557
1620320 558
1620330 558
1620340 558
1620350 558
1620360 560
1620370 561
1620380 562
1620390 562
1620400 562
1620410 563
1620420 564
1620430 564
1620440 565
1620450 565
1620460 565
1620470 566
1620480 568
1620490 568
1620500 568
1620510 569
1620520 569
1620530 570
1620540 570
1620550 570
1620560 571
1620570 574
1620580 574
1620590 576
1620600 577
1620610 577
1620620 577
1620630 579
1620640 579
1620650 581
1620660 582
1620670 582
1620680 584
1620690 587
1620700 587
1620710 590
1620720 593
1620730 593
1620740 594
1620750 595
1620760 595
1620770 597
1620780 599
1620790 599
1620800 600
1620810 601
1620820 601
1620830 601
1620840 602
1620850 602
1620860 604
1620870 606
1620880 606
1620890 608
1620900 610
1620910 610
1620920 611
1620930 613
1620940 613
1620950 614
1620960 615
1620970 615
1620980 617
1620990 618
1621000 618
1621010 619
1621020 621
1621030 621
1621040 622
1621050 624
1621060 624
1621070 626
1621080 627
1621090 627
1621100 629
1621110 631
1621120 631
1621130 634
1621140 636
1621150 636
1621160 639
1621170 642
1621180 645
1621190 645
1621200 648
1621210 652
1621220 652
1621230 655
1621240 658
1621250 658
1621260 661
1621270 665
1621280 665
1621290 669
1621300 677
1621310 677
1621320 682
1621330 686
1621340 686
1621350 689
1621360 697
1621370 697
1621380 705
1621390 712
1621400 712
1621410 719
1621420 726
1621430 726
1621440 732
1621450 739
1621460 739
1621470 745
1621480 750
1621490 750
1621500 754
1621510 759
1621520 759
1621530 763
1621540 767
1621550 767
1621560 771
1621570 776
1621580 776
1621590 781
1621600 784
1621610 784
1621620 785
1621630 785
1621640 785
1621650 784
1621660 783
1621670 783
1621680 785
1621690 786
1621700 786
1621710 787
1621720 789
1621730 789
1621740 790
1621750 791
1621760 791
1621770 792
1621780 792
1621790 792
1621800 792
1621810 792
1621820 792
1621830 792
1621840 792
1621850 792
1621860 792
1621870 792
1621880 792
1621890 793
1621900 793
1621910 793
1621920 793
1621930 794
1621940 794
1621950 794
1621960 795
1621970 797
1621980 797
1621990 798
1622000 800
1622010 800
1622020 802
1622030 803
1622040 803
1622050 805
1622060 807
1622070 807
1622080 808
1622090 806
1622100 806
1622110 803
1622120 801
1622130 801
1622140 799
1622150 798
1622160 798
1622170 796
1622180 794
1622190 794
1622200 792
1622210 789
1622220 789
1622230 787
1622240 786
1622250 786
1622260 783
1622270 780
1622280 780
1622290 777
1622300 773
1622310 773
1622320 769
1622330 765
1622340 765
1622350 762
1622360 758
1622370 758
1622380 754
1622390 750
1622400 750
1622410 746
1622420 742
1622430 742
1622440 738
1622450 734
1622460 734
1622470 729
1622480 723
1622490 723
1622500 718
1622510 713
1622520 713
1622530 708
1622540 703
1622550 703
1622560 698
1622570 695
1622580 695
1622590 692
1622600 688
1622610 688
1622620 686
1622630 683
1622640 683
1622650 682
1622660 682
1622670 682
1622680 681
1622690 680
1622700 680
1622710 678
1622720 675
1622730 673
1622740 673
1622750 670
1622760 668
1622770 668
1622780 666
1622790 663
1622800 663
1622810 660
1622820 657
1622830 657
1622840 655
1622850 654
1622860 654
1622870 653
1622880 651
1622890 651
1622900 647
1622910 643
1622920 643
1622930 640
1622940 636
1622950 636
1622960 632
1622970 629
1622980 629
1622990 626
1623000 622
1623010 622
1623020 615
1623030 610
1623040 610
1623050 606
1623060 604
1623070 604
1623080 601
1623090 598
1623100 598
1623110 595
1623120 592
1623130 592
1623140 589
1623150 586
1623160 586
1623170 582
1623180 574
1623190 574
1623200 569
1623210 563
1623220 563
1623230 558
1623240 553
1623250 553
1623260 548
1623270 545
1623280 545
1623290 542
1623300 538
1623310 538
1623320 534
1623330 527
1623340 527
1623350 520
1623360 529
1623370 529
1623380 535
1623390 540
1623400 540
1623410 543
1623420 545
1623430 545
1623440 547
1623450 549
1623460 549
1623470 550
1623480 551
1623490 551
1623500 552
1623510 552
1623520 553
1623530 553
1623540 553
1623550 554
1623560 554
1623570 555
1623580 555
1623590 555
1623600 555
1623610 556
1623620 556
1623630 556
1623640 557
1623650 557
1623660 557
1623670 557
1623680 557
1623690 557
1623700 557
1623710 557
1623720 557
1623730 557
1623740 557
1623750 557
1623760 556
1623770 556
1623780 556
1623790 556
1623800 556
1623810 555
1623820 555
1623830 555
1623840 554
1623850 553
1623860 553
1623870 552
1623880 552
1623890 552
1623900 551
1623910 550
1623920 550
1623930 549
1623940 548
1623950 548
1623960 547
1623970 546
1623980 546
1623990 545
1624000 545
1624010 545
1624020 544
1624030 543
1624040 543
1624050 542
1624060 541
1624070 541
1624080 540
1624090 538
1624100 537
1624110 535
1624120 532
1624130 532
1624140 527
1624150 523
1624160 523
1624170 519
1624180 515
1624190 515
1624200 511
1624210 508
1624220 508
1624230 505
1624240 503
1624250 503
1624260 501
1624270 498
1624280 496
1624290 496
1624300 494
1624310 491
1624320 491
1624330 489
1624340 486
1624350 486
1624360 484
1624370 482
1624380 482
1624390 479
1624400 477
1624410 477
1624420 474
1624430 472
1624440 472
1624450 469
1624460 468
1624470 468
1624480 467
1624490 467
1624500 467
1624510 466
1624520 467
1624530 467
1624540 468
1624550 469
1624560 469
1624570 472
1624580 475
1624590 475
1624600 478
1624610 484
1624620 484
1624630 489
1624640 494
1624650 494
1624660 499
1624670 503
1624680 503
1624690 507
1624700 510
1624710 510
1624720 513
1624730 517
1624740 517
1624750 523
1624760 528
1624770 528
1624780 532
1624790 537
1624800 537
1624810 541
1624820 546
1624830 546
1624840 551
1624850 556
1624860 556
1624870 560
1624880 563
1624890 563
1624900 562
1624910 561
1624920 561
1624930 561
1624940 562
1624950 562
1624960 564
1624970 566
1624980 566
1624990 568
1625000 570
1625010 570
1625020 572
1625030 576
1625040 576
1625050 577
1625060 580
1625070 581
1625080 581
1625090 582
1625100 582
1625110 582
1625120 583
1625130 583
1625140 583
1625150 584
1625160 584
1625170 584
1625180 584
1625190 584
1625200 584
1625210 583
1625220 583
1625230 583
1625240 583
1625250 583
1625260 583
1625270 584
1625280 585
1625290 585
1625300 586
1625310 586
1625320 586
1625330 587
1625340 587
1625350 587
1625360 587
1625370 587
1625380 587
1625390 587
1625400 586
1625410 586
1625420 586
1625430 587
1625440 587
1625450 588
1625460 588
1625470 588
1625480 588
1625490 588
1625500 588
1625510 587
1625520 585
1625530 585
1625540 583
1625550 581
1625560 581
1625570 580
1625580 578
1625590 578
1625600 577
1625610 573
1625620 573
1625630 571
1625640 570
1625650 570
1625660 569
1625670 569
1625680 569
1625690 570
1625700 572
1625710 572
1625720 572
1625730 571
1625740 571
1625750 568
1625760 566
1625770 566
1625780 566
1625790 565
1625800 565
1625810 564
1625820 563
1625830 562
1625840 562
1625850 562
1625860 562
1625870 562
1625880 562
1625890 561
1625900 561
1625910 559
1625920 559
1625930 559
1625940 560
1625950 560
1625960 560
1625970 560
1625980 559
1625990 559
1626000 559
1626010 558
1626020 558
1626030 557
1626040 556
1626050 556
1626060 555
1626070 554
1626080 554
1626090 553
1626100 551
1626110 551
1626120 550
1626130 549
1626140 549
1626150 546
1626160 541
1626170 541
1626180 538
1626190 538
1626200 538
1626210 538
1626220 535
1626230 535
1626240 533
1626250 535
1626260 535
1626270 534
1626280 532
1626290 532
1626300 530
1626310 529
1626320 529
1626330 526
1626340 523
1626350 523
1626360 520
1626370 516
1626380 516
1626390 513
1626400 510
1626410 510
1626420 506
1626430 503
1626440 503
1626450 501
1626460 502
1626470 502
1626480 505
1626490 505
1626500 505
1626510 501
1626520 499
1626530 499
1626540 499
1626550 498
1626560 498
1626570 494
1626580 490
1626590 490
1626600 487
1626610 488
1626620 489
1626630 489
1626640 492
1626650 496
1626660 496
1626670 501
1626680 504
1626690 504
1626700 507
1626710 510
1626720 510
1626730 513
1626740 516
1626750 516
1626760 518
1626770 520
1626780 520
1626790 522
1626800 524
1626810 524
1626820 525
1626830 527
1626840 527
1626850 526
1626860 527
1626870 527
1626880 528
1626890 530
1626900 530
1626910 532
1626920 534
1626930 534
1626940 536
1626950 538
1626960 538
1626970 540
1626980 541
1626990 541
1627000 543
1627010 545
1627020 545
1627030 546
1627040 547
1627050 547
1627060 549
1627070 555
1627080 555
1627090 558
1627100 561
1627110 561
1627120 563
1627130 566
1627140 566
1627150 568
1627160 570
1627170 570
1627180 573
1627190 575
1627200 575
1627210 578
1627220 581
1627230 581
1627240 583
1627250 585
1627260 585
1627270 587
1627280 589
1627290 589
1627300 592
1627310 594
1627320 594
1627330 597
1627340 599
1627350 599
1627360 600
1627370 602
1627380 605
1627390 605
1627400 608
1627410 610
1627420 610
1627430 613
1627440 616
1627450 616
1627460 618
1627470 620
1627480 620
1627490 622
1627500 625
1627510 625
1627520 627
1627530 630
1627540 630
1627550 633
1627560 635
1627570 635
1627580 638
1627590 641
1627600 641
1627610 644
1627620 646
1627630 646
1627640 649
1627650 651
1627660 651
1627670 654
1627680 657
1627690 657
1627700 658
1627710 661
1627720 661
1627730 663
1627740 664
1627750 666
1627760 668
1627770 670
1627780 670
1627790 672
1627800 674
1627810 674
1627820 675
1627830 677
1627840 677
1627850 678
1627860 679
1627870 679
1627880 680
1627890 681
1627900 681
1627910 681
1627920 682
1627930 682
1627940 682
1627950 683
1627960 683
1627970 683
1627980 684
1627990 684
1628000 686
1628010 687
1628020 687
1628030 687
1628040 687
1628050 687
1628060 687
1628070 688
1628080 688
1628090 689
1628100 690
1628110 690
1628120 691
1628130 693
1628140 693
1628150 694
1628160 695
1628170 696
1628180 696
1628190 697
1628200 699
1628210 699
1628220 700
1628230 701
1628240 701
1628250 701
1628260 702
1628270 702
1628280 703
1628290 704
1628300 704
1628310 705
1628320 706
1628330 706
1628340 708
1628350 709
1628360 709
1628370 711
1628380 712
1628390 712
1628400 714
1628410 715
1628420 715
1628430 716
1628440 716
1628450 716
1628460 717
1628470 717
1628480 717
1628490 716
1628500 716
1628510 716
1628520 715
1628530 715
1628540 715
1628550 714
1628560 713
1628570 713
1628580 710
1628590 707
1628600 707
1628610 703
1628620 701
1628630 701
1628640 699
1628650 704
1628660 704
1628670 702
1628680 701
1628690 701
1628700 701
1628710 701
1628720 701
1628730 700
1628740 700
1628750 700
1628760 700
1628770 699
1628780 699
1628790 700
1628800 700
1628810 700
1628820 700
1628830 700
1628840 700
1628850 699
1628860 698
1628870 698
1628880 697
1628890 695
1628900 695
1628910 692
1628920 689
1628930 689
1628940 685
1628950 682
1628960 679
1628970 679
1628980 677
1628990 674
1629000 674
1629010 672
1629020 670
1629030 670
1629040 667
1629050 663
1629060 663
1629070 660
1629080 658
1629090 658
1629100 658
1629110 658
1629120 658
1629130 659
1629140 660
1629150 660
1629160 660
1629170 661
1629180 661
1629190 663
1629200 664
1629210 664
1629220 665
1629230 664
1629240 664
1629250 664
1629260 665
1629270 665
1629280 665
1629290 665
1629300 665
1629310 665
1629320 665
1629330 665
1629340 664
1629350 664
1629360 664
1629370 662
1629380 659
1629390 659
1629400 654
1629410 649
1629420 649
1629430 644
1629440 641
1629450 641
1629460 639
1629470 638
1629480 638
1629490 637
1629500 637
1629510 637
1629520 636
1629530 635
1629540 639
1629550 639
1629560 641
1629570 641
1629580 643
1629590 646
1629600 646
1629610 648
1629620 651
1629630 651
1629640 653
1629650 655
1629660 655
1629670 657
1629680 659
1629690 659
1629700 660
1629710 662
1629720 663
1629730 663
1629740 665
1629750 666
1629760 666
1629770 667
1629780 668
1629790 668
1629800 668
1629810 668
1629820 668
1629830 666
1629840 661
1629850 661
1629860 656
1629870 650
1629880 650
1629890 644
1629900 637
1629910 637
1629920 632
1629930 626
1629940 626
1629950 620
1629960 619
1629970 619
1629980 624
1629990 627
1630000 627
1630010 629
1630020 631
1630030 631
1630040 634
1630050 636
1630060 636
1630070 638
1630080 640
1630090 640
1630100 643
1630110 645
1630120 645
1630130 646
1630140 647
1630150 647
1630160 648
1630170 650
1630180 650
1630190 651
1630200 651
1630210 651
1630220 652
1630230 652
1630240 652
1630250 651
1630260 651
1630270 651
1630280 650
1630290 649
1630300 649
1630310 647
1630320 642
1630330 642
1630340 634
1630350 626
1630360 626
1630370 619
1630380 618
1630390 618
1630400 622
1630410 626
1630420 626
1630430 632
1630440 633
1630450 633
1630460 634
1630470 635
1630480 635
1630490 637
1630500 638
1630510 638
1630520 638
1630530 639
1630540 639
1630550 639
1630560 639
1630570 639
1630580 639
1630590 638
1630600 638
1630610 638
1630620 638
1630630 637
1630640 637
1630650 637
1630660 636
1630670 636
1630680 636
1630690 635
1630700 635
1630710 635
1630720 634
1630730 634
1630740 633
1630750 632
1630760 632
1630770 631
1630780 630
1630790 630
1630800 629
1630810 628
1630820 628
1630830 628
1630840 628
1630850 628
1630860 627
1630870 627
1630880 627
1630890 626
1630900 625
1630910 625
1630920 625
1630930 626
1630940 626
1630950 626
1630960 626
1630970 626
1630980 625
1630990 624
1631000 624
1631010 623
1631020 624
1631030 624
1631040 625
1631050 626
1631060 626
1631070 627
1631080 628
1631090 628
1631100 629
1631110 629
1631120 629
1631130 630
1631140 631
1631150 631
1631160 631
1631170 632
1631180 632
1631190 633
1631200 635
1631210 635
1631220 636
1631230 638
1631240 638
1631250 639
1631260 640
1631270 640
1631280 641
1631290 642
1631300 642
1631310 644
1631320 644
1631330 645
1631340 645
1631350 645
1631360 646
1631370 646
1631380 647
1631390 648
1631400 648
1631410 648
1631420 649
1631430 649
1631440 649
1631450 649
1631460 649
1631470 648
1631480 648
1631490 648
1631500 648
1631510 648
1631520 648
1631530 648
1631540 648
1631550 648
1631560 648
1631570 648
1631580 648
1631590 648
1631600 647
1631610 647
1631620 647
1631630 646
1631640 646
1631650 645
1631660 643
1631670 643
1631680 641
1631690 638
1631700 638
1631710 636
1631720 635
1631730 635
1631740 633
1631750 630
1631760 630
1631770 628
1631780 628
1631790 628
1631800 628
1631810 631
1631820 631
1631830 634
1631840 638
1631850 638
1631860 640
1631870 643
1631880 643
1631890 646
1631900 648
1631910 648
1631920 651
1631930 653
1631940 653
1631950 656
1631960 659
1631970 659
1631980 661
1631990 663
1632000 663
1632010 666
1632020 668
1632030 668
1632040 671
1632050 674
1632060 677
1632070 677
1632080 680
1632090 683
1632100 683
1632110 686
1632120 689
1632130 689
1632140 692
1632150 695
1632160 695
1632170 698
1632180 701
1632190 701
1632200 704
1632210 707
1632220 707
1632230 710
1632240 713
1632250 713
1632260 716
1632270 718
1632280 718
1632290 722
1632300 725
1632310 725
1632320 727
1632330 730
1632340 730
1632350 733
1632360 736
1632370 736
1632380 739
1632390 742
1632400 742
1632410 744
1632420 747
1632430 747
1632440 750
1632450 754
1632460 754
1632470 756
1632480 759
1632490 759
1632500 762
1632510 764
1632520 764
1632530 767
1632540 770
1632550 770
1632560 773
1632570 776
1632580 776
1632590 779
1632600 782
1632610 782
1632620 785
1632630 788
1632640 788
1632650 790
1632660 792
1632670 792
1632680 795
1632690 797
1632700 797
1632710 799
1632720 802
1632730 802
1632740 804
1632750 807
1632760 807
1632770 809
1632780 812
1632790 812
1632800 815
1632810 818
1632820 818
1632830 819
1632840 819
1632850 819
1632860 819
1632870 818
1632880 816
1632890 816
1632900 816
1632910 815
1632920 815
1632930 814
1632940 814
1632950 814
1632960 813
1632970 812
1632980 812
1632990 811
1633000 810
1633010 810
1633020 809
1633030 808
1633040 808
1633050 807
1633060 810
1633070 810
1633080 811
1633090 812
1633100 812
1633110 814
1633120 815
1633130 815
1633140 815
1633150 815
1633160 815
1633170 815
1633180 815
1633190 815
1633200 815
1633210 815
1633220 815
1633230 815
1633240 815
1633250 815
1633260 815
1633270 815
1633280 815
1633290 814
1633300 813
1633310 813
1633320 812
1633330 811
1633340 811
1633350 809
1633360 806
1633370 806
1633380 802
1633390 797
1633400 797
1633410 792
1633420 789
1633430 789
1633440 788
1633450 787
1633460 787
1633470 786
1633480 787
1633490 787
1633500 788
1633510 789
1633520 789
1633530 791
1633540 793
1633550 793
1633560 794
1633570 795
1633580 795
1633590 795
1633600 795
1633610 795
1633620 794
1633630 794
1633640 794
1633650 794
1633660 794
1633670 795
1633680 795
1633690 795
1633700 796
1633710 796
1633720 798
1633730 798
1633740 798
1633750 799
1633760 798
1633770 798
1633780 798
1633790 797
1633800 797
1633810 797
1633820 796
1633830 796
1633840 795
1633850 794
1633860 794
1633870 792
1633880 790
1633890 790
1633900 786
1633910 783
1633920 783
1633930 773
1633940 768
1633950 768
1633960 765
1633970 762
1633980 762
1633990 760
1634000 758
1634010 758
1634020 756
1634030 754
1634040 754
1634050 752
1634060 750
1634070 750
1634080 749
1634090 749
1634100 749
1634110 749
1634120 747
1634130 747
1634140 743
1634150 739
1634160 739
1634170 739
1634180 742
1634190 742
1634200 745
1634210 747
1634220 747
1634230 748
1634240 748
1634250 748
1634260 747
1634270 745
1634280 745
1634290 744
1634300 745
1634310 745
1634320 745
1634330 745
1634340 745
1634350 745
1634360 746
1634370 746
1634380 746
1634390 747
1634400 746
1634410 746
1634420 742
1634430 736
1634440 736
1634450 731
1634460 727
1634470 727
1634480 725
1634490 724
1634500 724
1634510 722
1634520 719
1634530 719
1634540 716
1634550 713
1634560 713
1634570 709
1634580 702
1634590 702
1634600 699
1634610 698
1634620 698
1634630 695
1634640 692
1634650 692
1634660 688
1634670 688
1634680 688
1634690 692
1634700 694
1634710 694
1634720 696
1634730 699
1634740 699
1634750 700
1634760 699
1634770 699
1634780 697
1634790 695
1634800 695
1634810 696
1634820 697
1634830 697
1634840 701
1634850 708
1634860 708
1634870 713
1634880 716
1634890 716
1634900 716
1634910 716
1634920 716
1634930 721
1634940 727
1634950 727
1634960 733
1634970 737
1634980 737
1634990 741
1635000 745
1635010 745
1635020 748
1635030 750
1635040 750
1635050 753
1635060 755
1635070 755
1635080 758
1635090 759
1635100 759
1635110 761
1635120 763
1635130 763
1635140 763
1635150 763
1635160 763
1635170 762
1635180 757
1635190 750
1635200 750
1635210 749
1635220 751
1635230 751
1635240 753
1635250 759
1635260 759
1635270 764
1635280 765
1635290 765
1635300 769
1635310 773
1635320 773
1635330 776
1635340 779
1635350 779
1635360 782
1635370 784
1635380 784
1635390 787
1635400 788
1635410 788
1635420 788
1635430 787
1635440 787
1635450 785
1635460 782
1635470 782
1635480 778
1635490 774
1635500 774
1635510 768
1635520 764
1635530 764
1635540 761
1635550 757
1635560 757
1635570 756
1635580 748
1635590 748
1635600 740
1635610 734
1635620 734
1635630 733
1635640 722
1635650 722
1635660 715
1635670 710
1635680 710
1635690 716
1635700 723
1635710 723
1635720 731
1635730 735
1635740 735
1635750 741
1635760 746
1635770 746
1635780 746
1635790 748
1635800 748
1635810 751
1635820 753
1635830 753
1635840 756
1635850 759
1635860 759
1635870 762
1635880 764
1635890 764
1635900 765
1635910 766
1635920 766
1635930 767
1635940 768
1635950 768
1635960 769
1635970 770
1635980 771
1635990 771
1636000 772
1636010 772
1636020 772
1636030 772
1636040 771
1636050 771
1636060 771
1636070 771
1636080 771
1636090 770
1636100 771
1636110 771
1636120 772
1636130 773
1636140 773
1636150 775
1636160 776
1636170 776
1636180 777
1636190 778
1636200 778
1636210 778
1636220 777
1636230 777
1636240 776
1636250 774
1636260 774
1636270 772
1636280 770
1636290 770
1636300 768
1636310 764
1636320 764
1636330 760
1636340 754
1636350 754
1636360 749
1636370 744
1636380 744
1636390 739
1636400 734
1636410 734
1636420 729
1636430 723
1636440 723
1636450 718
1636460 719
1636470 719
1636480 721
1636490 715
1636500 715
1636510 711
1636520 705
1636530 705
1636540 699
1636550 693
1636560 693
1636570 690
1636580 687
1636590 687
1636600 685
1636610 689
1636620 689
1636630 695
1636640 700
1636650 700
1636660 704
1636670 709
1636680 709
1636690 713
1636700 716
1636710 716
1636720 719
1636730 722
1636740 722
1636750 726
1636760 731
1636770 735
1636780 735
1636790 740
1636800 746
1636810 746
1636820 751
1636830 757
1636840 757
1636850 762
1636860 769
1636870 769
1636880 776
1636890 784
1636900 784
1636910 789
1636920 794
1636930 794
1636940 798
1636950 802
1636960 802
1636970 805
1636980 808
1636990 808
1637000 812
1637010 817
1637020 817
1637030 820
1637040 825
1637050 825
1637060 830
1637070 835
1637080 835
1637090 839
1637100 844
1637110 844
1637120 850
1637130 855
1637140 855
1637150 859
1637160 864
1637170 864
1637180 868
1637190 873
1637200 873
1637210 877
1637220 881
1637230 881
1637240 886
1637250 890
1637260 890
1637270 895
1637280 900
1637290 900
1637300 905
1637310 909
1637320 909
1637330 912
1637340 909
1637350 909
1637360 911
1637370 912
1637380 912
1637390 914
1637400 914
1637410 914
1637420 914
1637430 914
1637440 914
1637450 913
1637460 912
1637470 912
1637480 912
1637490 911
1637500 911
1637510 910
1637520 909
1637530 908
1637540 908
1637550 908
1637560 906
1637570 906
1637580 906
1637590 905
1637600 905
1637610 904
1637620 903
1637630 903
1637640 902
1637650 901
1637660 901
1637670 900
1637680 901
1637690 901
1637700 902
1637710 903
1637720 903
1637730 903
1637740 903
1637750 903
1637760 903
1637770 904
1637780 904
1637790 906
1637800 908
1637810 908
1637820 910
1637830 912
1637840 912
1637850 913
1637860 915
1637870 915
1637880 917
1637890 919
1637900 919
1637910 921
1637920 923
1637930 923
1637940 925
1637950 927
1637960 927
1637970 930
1637980 932
1637990 932
1638000 935
1638010 938
1638020 938
1638030 941
1638040 944
1638050 944
1638060 947
1638070 950
1638080 950
1638090 953
1638100 956
1638110 956
1638120 959
1638130 962
1638140 962
1638150 964
1638160 967
1638170 967
1638180 964
1638190 966
1638200 966
1638210 968
1638220 970
1638230 970
1638240 972
1638250 974
1638260 974
1638270 975
1638280 977
1638290 977
1638300 980
1638310 982
1638320 984
1638330 984
1638340 987
1638350 990
1638360 990
1638370 995
1638380 1000
1638390 1000
1638400 1005
1638410 1010
1638420 1010
1638430 1015
1638440 1020
1638450 1020
1638460 1024
1638470 1028
1638480 1028
1638490 1031
1638500 1034
1638510 1034
1638520 1034
1638530 1034
1638540 1034
1638550 1031
1638560 1028
1638570 1028
1638580 1023
1638590 1018
1638600 1018
1638610 1014
1638620 1009
1638630 1009
1638640 1004
1638650 999
1638660 999
1638670 993
1638680 989
1638690 989
1638700 984
1638710 980
1638720 980
1638730 976
1638740 973
1638750 973
1638760 970
1638770 966
1638780 966
1638790 964
1638800 961
1638810 961
1638820 958
1638830 957
1638840 957
1638850 955
1638860 955
1638870 955
1638880 954
1638890 954
1638900 954
1638910 954
1638920 953
1638930 953
1638940 952
1638950 951
1638960 951
1638970 950
1638980 948
1638990 948
1639000 946
1639010 945
1639020 949
1639030 946
1639040 944
1639050 944
1639060 942
1639070 940
1639080 940
1639090 939
1639100 940
1639110 942
1639120 942
1639130 943
1639140 945
1639150 945
1639160 946
1639170 948
1639180 948
1639190 950
1639200 952
1639210 952
1639220 953
1639230 954
1639240 954
1639250 955
1639260 955
1639270 955
1639280 955
1639290 955
1639300 955
1639310 954
1639320 953
1639330 953
1639340 953
1639350 953
1639360 953
1639370 952
1639380 952
1639390 952
1639400 952
1639410 951
1639420 951
1639430 951
1639440 950
1639450 950
1639460 950
1639470 950
1639480 950
1639490 950
1639500 950
1639510 950
1639520 950
1639530 950
1639540 950
1639550 949
1639560 948
1639570 948
1639580 947
1639590 946
1639600 946
1639610 945
1639620 943
1639630 943
1639640 943
1639650 942
1639660 942
1639670 940
1639680 938
1639690 938
1639700 936
1639710 934
1639720 934
1639730 932
1639740 930
1639750 930
1639760 927
1639770 923
1639780 923
1639790 920
1639800 916
1639810 916
1639820 912
1639830 908
1639840 908
1639850 904
1639860 898
1639870 898
1639880 892
1639890 885
1639900 878
1639910 878
1639920 871
1639930 866
1639940 866
1639950 865
1639960 865
1639970 865
1639980 863
1639990 860
