1620000 643
1620010 640
1620020 637
1620030 637
1620040 633
1620050 627
1620060 627
1620070 621
1620080 614
1620090 614
1620100 608
1620110 601
1620120 601
1620130 594
1620140 586
1620150 586
1620160 580
1620170 573
1620180 573
1620190 566
1620200 559
1620210 559
1620220 551
1620230 545
1620240 545
1620250 544
1620260 547
1620270 547
1620280 553
1620290 559
1620300 559
1620310 565
1620320 572
1620330 572
1620340 577
1620350 583
1620360 583
1620370 588
1620380 593
1620390 593
1620400 597
1620410 602
1620420 602
1620430 606
1620440 611
1620450 611
1620460 615
1620470 618
1620480 618
1620490 621
1620500 625
1620510 625
1620520 629
1620530 634
1620540 634
1620550 638
1620560 642
1620570 646
1620580 646
1620590 650
1620600 656
1620610 656
1620620 662
1620630 669
1620640 669
1620650 675
1620660 681
1620670 681
1620680 688
1620690 695
1620700 695
1620710 700
1620720 706
1620730 706
1620740 712
1620750 718
1620760 718
1620770 725
1620780 731
1620790 731
1620800 737
1620810 743
1620820 743
1620830 749
1620840 755
1620850 755
1620860 761
1620870 768
1620880 768
1620890 774
1620900 780
1620910 780
1620920 786
1620930 792
1620940 792
1620950 799
1620960 805
1620970 805
1620980 811
1620990 817
1621000 817
1621010 823
1621020 829
1621030 829
1621040 834
1621050 838
1621060 838
1621070 843
1621080 848
1621090 848
1621100 853
1621110 857
1621120 857
1621130 861
1621140 865
1621150 865
1621160 867
1621170 870
1621180 870
1621190 873
1621200 875
1621210 875
1621220 877
1621230 879
1621240 879
1621250 881
1621260 883
1621270 883
1621280 885
1621290 887
1621300 887
1621310 888
1621320 890
1621330 890
1621340 892
1621350 893
1621360 894
1621370 894
1621380 896
1621390 897
1621400 897
1621410 898
1621420 900
1621430 900
1621440 901
1621450 902
1621460 902
1621470 903
1621480 904
1621490 904
1621500 905
1621510 905
1621520 905
1621530 905
1621540 904
1621550 904
1621560 902
1621570 901
1621580 901
1621590 898
1621600 896
1621610 896
1621620 892
1621630 888
1621640 888
1621650 883
1621660 879
1621670 879
1621680 874
1621690 870
1621700 870
1621710 865
1621720 861
1621730 861
1621740 857
1621750 854
1621760 854
1621770 850
1621780 847
1621790 847
1621800 843
1621810 840
1621820 840
1621830 836
1621840 833
1621850 833
1621860 829
1621870 826
1621880 826
1621890 821
1621900 816
1621910 816
1621920 815
1621930 813
1621940 813
1621950 811
1621960 808
1621970 808
1621980 806
1621990 803
1622000 803
1622010 801
1622020 799
1622030 804
1622040 802
1622050 800
1622060 800
1622070 796
1622080 792
1622090 792
1622100 789
1622110 786
1622120 786
1622130 783
1622140 780
1622150 777
1622160 777
1622170 774
1622180 771
1622190 771
1622200 769
1622210 766
1622220 766
1622230 763
1622240 761
1622250 761
1622260 759
1622270 757
1622280 757
1622290 755
1622300 753
1622310 753
1622320 750
1622330 747
1622340 747
1622350 744
1622360 741
1622370 741
1622380 738
1622390 735
1622400 735
1622410 733
1622420 730
1622430 730
1622440 727
1622450 724
1622460 724
1622470 720
1622480 716
1622490 716
1622500 712
1622510 708
1622520 708
1622530 705
1622540 703
1622550 703
1622560 700
1622570 699
1622580 699
1622590 697
1622600 696
1622610 696
1622620 695
1622630 693
1622640 693
1622650 691
1622660 689
1622670 689
1622680 685
1622690 682
1622700 682
1622710 679
1622720 678
1622730 678
1622740 675
1622750 676
1622760 676
1622770 677
1622780 678
1622790 678
1622800 680
1622810 682
1622820 682
1622830 683
1622840 684
1622850 684
1622860 685
1622870 686
1622880 686
1622890 686
1622900 686
1622910 686
1622920 686
1622930 687
1622940 686
1622950 686
1622960 685
1622970 687
1622980 687
1622990 686
1623000 686
1623010 686
1623020 685
1623030 684
1623040 684
1623050 682
1623060 680
1623070 680
1623080 678
1623090 676
1623100 676
1623110 673
1623120 671
1623130 671
1623140 668
1623150 666
1623160 666
1623170 664
1623180 662
1623190 662
1623200 660
1623210 658
1623220 658
1623230 654
1623240 651
1623250 651
1623260 648
1623270 645
1623280 645
1623290 642
1623300 639
1623310 639
1623320 637
1623330 635
1623340 635
1623350 634
1623360 632
1623370 632
1623380 629
1623390 628
1623400 628
1623410 627
1623420 626
1623430 626
1623440 626
1623450 625
1623460 625
1623470 621
1623480 617
1623490 617
1623500 613
1623510 610
1623520 610
1623530 609
1623540 608
1623550 608
1623560 608
1623570 607
1623580 607
1623590 606
1623600 605
1623610 605
1623620 603
1623630 602
1623640 602
1623650 602
1623660 602
1623670 602
1623680 602
1623690 601
1623700 601
1623710 600
1623720 598
1623730 597
1623740 597
1623750 596
1623760 595
1623770 595
1623780 594
1623790 593
1623800 593
1623810 593
1623820 592
1623830 592
1623840 592
1623850 592
1623860 592
1623870 592
1623880 592
1623890 592
1623900 594
1623910 595
1623920 595
1623930 595
1623940 595
1623950 595
1623960 594
1623970 593
1623980 593
1623990 592
1624000 591
1624010 591
1624020 590
1624030 588
1624040 588
1624050 586
1624060 585
1624070 585
1624080 583
1624090 582
1624100 582
1624110 580
1624120 579
1624130 579
1624140 578
1624150 576
1624160 576
1624170 575
1624180 573
1624190 573
1624200 572
1624210 570
1624220 570
1624230 569
1624240 567
1624250 567
1624260 566
1624270 566
1624280 566
1624290 564
1624300 563
1624310 563
1624320 561
1624330 559
1624340 559
1624350 558
1624360 556
1624370 556
1624380 555
1624390 553
1624400 553
1624410 551
1624420 550
1624430 550
1624440 548
1624450 546
1624460 546
1624470 544
1624480 543
1624490 543
1624500 542
1624510 541
1624520 539
1624530 539
1624540 538
1624550 536
1624560 536
1624570 535
1624580 532
1624590 532
1624600 529
1624610 526
1624620 526
1624630 522
1624640 519
1624650 519
1624660 516
1624670 514
1624680 514
1624690 512
1624700 512
1624710 512
1624720 515
1624730 516
1624740 516
1624750 516
1624760 516
1624770 516
1624780 516
1624790 516
1624800 516
1624810 515
1624820 515
1624830 515
1624840 514
1624850 513
1624860 513
1624870 513
1624880 512
1624890 512
1624900 512
1624910 510
1624920 510
1624930 507
1624940 507
1624950 507
1624960 508
1624970 507
1624980 507
1624990 506
1625000 504
1625010 504
1625020 501
1625030 500
1625040 500
1625050 502
1625060 503
1625070 503
1625080 504
1625090 505
1625100 505
1625110 505
1625120 507
1625130 507
1625140 509
1625150 511
1625160 511
1625170 512
1625180 513
1625190 513
1625200 514
1625210 515
1625220 515
1625230 516
1625240 518
1625250 518
1625260 519
1625270 519
1625280 519
1625290 520
1625300 520
1625310 520
1625320 520
1625330 521
1625340 522
1625350 522
1625360 523
1625370 524
1625380 524
1625390 526
1625400 527
1625410 527
1625420 528
1625430 529
1625440 529
1625450 531
1625460 532
1625470 532
1625480 533
1625490 535
1625500 535
1625510 536
1625520 537
1625530 537
1625540 538
1625550 538
1625560 538
1625570 539
1625580 540
1625590 540
1625600 540
1625610 541
1625620 541
1625630 542
1625640 544
1625650 544
1625660 545
1625670 547
1625680 547
1625690 550
1625700 551
1625710 551
1625720 553
1625730 553
1625740 553
1625750 554
1625760 556
1625770 556
1625780 559
1625790 560
1625800 560
1625810 562
1625820 563
1625830 563
1625840 564
1625850 566
1625860 566
1625870 567
1625880 569
1625890 569
1625900 570
1625910 571
1625920 571
1625930 572
1625940 573
1625950 573
1625960 573
1625970 574
1625980 574
1625990 574
1626000 575
1626010 575
1626020 574
1626030 576
1626040 576
1626050 578
1626060 579
1626070 579
1626080 582
1626090 585
1626100 587
1626110 587
1626120 589
1626130 591
1626140 591
1626150 592
1626160 594
1626170 594
1626180 595
1626190 597
1626200 597
1626210 598
1626220 600
1626230 600
1626240 601
1626250 602
1626260 602
1626270 604
1626280 605
1626290 605
1626300 607
1626310 608
1626320 608
1626330 610
1626340 612
1626350 612
1626360 614
1626370 616
1626380 616
1626390 617
1626400 619
1626410 619
1626420 620
1626430 620
1626440 620
1626450 621
1626460 621
1626470 621
1626480 621
1626490 621
1626500 621
1626510 621
1626520 621
1626530 621
1626540 621
1626550 620
1626560 620
1626570 620
1626580 618
1626590 618
1626600 616
1626610 615
1626620 615
1626630 614
1626640 613
1626650 616
1626660 615
1626670 615
1626680 615
1626690 614
1626700 614
1626710 614
1626720 614
1626730 614
1626740 614
1626750 613
1626760 612
1626770 612
1626780 611
1626790 610
1626800 610
1626810 608
1626820 607
1626830 607
1626840 607
1626850 607
1626860 607
1626870 607
1626880 608
1626890 608
1626900 608
1626910 610
1626920 613
1626930 613
1626940 617
1626950 621
1626960 621
1626970 626
1626980 630
1626990 630
1627000 633
1627010 637
1627020 637
1627030 640
1627040 643
1627050 643
1627060 646
1627070 649
1627080 649
1627090 652
1627100 656
1627110 656
1627120 660
1627130 664
1627140 664
1627150 667
1627160 670
1627170 670
1627180 673
1627190 677
1627200 677
1627210 679
1627220 681
1627230 681
1627240 683
1627250 685
1627260 685
1627270 686
1627280 688
1627290 688
1627300 690
1627310 692
1627320 692
1627330 694
1627340 696
1627350 696
1627360 697
1627370 699
1627380 699
1627390 701
1627400 703
1627410 703
1627420 705
1627430 706
1627440 706
1627450 708
1627460 710
1627470 710
1627480 712
1627490 715
1627500 715
1627510 716
1627520 715
1627530 715
1627540 713
1627550 718
1627560 718
1627570 718
1627580 718
1627590 718
1627600 718
1627610 718
1627620 718
1627630 718
1627640 718
1627650 718
1627660 718
1627670 718
1627680 717
1627690 717
1627700 716
1627710 715
1627720 715
1627730 713
1627740 710
1627750 710
1627760 708
1627770 706
1627780 706
1627790 704
1627800 704
1627810 704
1627820 703
1627830 704
1627840 704
1627850 704
1627860 704
1627870 704
1627880 705
1627890 706
1627900 706
1627910 706
1627920 706
1627930 706
1627940 707
1627950 707
1627960 707
1627970 707
1627980 706
1627990 706
1628000 706
1628010 704
1628020 704
1628030 702
1628040 699
1628050 699
1628060 698
1628070 701
1628080 701
1628090 705
1628100 707
1628110 707
1628120 711
1628130 713
1628140 713
1628150 716
1628160 718
1628170 718
1628180 721
1628190 724
1628200 724
1628210 726
1628220 729
1628230 729
1628240 732
1628250 736
1628260 736
1628270 739
1628280 742
1628290 742
1628300 745
1628310 748
1628320 748
1628330 751
1628340 754
1628350 754
1628360 757
1628370 760
1628380 760
1628390 763
1628400 765
1628410 765
1628420 767
1628430 770
1628440 770
1628450 771
1628460 772
1628470 773
1628480 773
1628490 775
1628500 776
1628510 776
1628520 777
1628530 778
1628540 778
1628550 779
1628560 779
1628570 779
1628580 780
1628590 780
1628600 780
1628610 781
1628620 781
1628630 781
1628640 782
1628650 782
1628660 782
1628670 782
1628680 782
1628690 782
1628700 782
1628710 782
1628720 782
1628730 783
1628740 783
1628750 783
1628760 782
1628770 782
1628780 782
1628790 782
1628800 783
1628810 783
1628820 783
1628830 783
1628840 783
1628850 783
1628860 784
1628870 784
1628880 784
1628890 784
1628900 784
1628910 784
1628920 784
1628930 784
1628940 785
1628950 786
1628960 786
1628970 786
1628980 786
1628990 786
1629000 786
1629010 786
1629020 786
1629030 787
1629040 788
1629050 788
1629060 788
1629070 789
1629080 789
1629090 789
1629100 789
1629110 789
1629120 789
1629130 790
1629140 790
1629150 791
1629160 791
1629170 791
1629180 793
1629190 794
1629200 794
1629210 795
1629220 796
1629230 796
1629240 797
1629250 798
1629260 798
1629270 799
1629280 800
1629290 801
1629300 801
1629310 801
1629320 802
1629330 802
1629340 802
1629350 799
1629360 799
1629370 799
1629380 799
1629390 799
1629400 800
1629410 800
1629420 800
1629430 801
1629440 802
1629450 802
1629460 803
1629470 804
1629480 804
1629490 806
1629500 808
1629510 808
1629520 812
1629530 815
1629540 815
1629550 818
1629560 820
1629570 820
1629580 823
1629590 825
1629600 825
1629610 828
1629620 830
1629630 830
1629640 833
1629650 835
1629660 835
1629670 836
1629680 838
1629690 838
1629700 840
1629710 841
1629720 841
1629730 843
1629740 845
1629750 845
1629760 847
1629770 849
1629780 849
1629790 852
1629800 854
1629810 854
1629820 856
1629830 858
1629840 858
1629850 860
1629860 862
1629870 862
1629880 864
1629890 865
1629900 865
1629910 867
1629920 869
1629930 869
1629940 871
1629950 872
1629960 872
1629970 871
1629980 868
1629990 868
1630000 862
1630010 856
1630020 856
1630030 850
1630040 846
1630050 846
1630060 843
1630070 841
1630080 839
1630090 839
1630100 838
1630110 838
1630120 838
1630130 838
1630140 838
1630150 838
1630160 837
1630170 836
1630180 836
1630190 837
1630200 838
1630210 838
1630220 841
1630230 846
1630240 846
1630250 845
1630260 845
1630270 845
1630280 845
1630290 846
1630300 846
1630310 848
1630320 850
1630330 850
1630340 854
1630350 858
1630360 858
1630370 861
1630380 863
1630390 863
1630400 864
1630410 864
1630420 864
1630430 864
1630440 862
1630450 862
1630460 860
1630470 860
1630480 860
1630490 863
1630500 865
1630510 865
1630520 866
1630530 867
1630540 867
1630550 868
1630560 869
1630570 869
1630580 870
1630590 872
1630600 872
1630610 874
1630620 877
1630630 877
1630640 881
1630650 884
1630660 884
1630670 888
1630680 892
1630690 892
1630700 895
1630710 899
1630720 899
1630730 903
1630740 907
1630750 907
1630760 911
1630770 916
1630780 916
1630790 923
1630800 929
1630810 929
1630820 930
1630830 929
1630840 929
1630850 929
1630860 930
1630870 932
1630880 932
1630890 933
1630900 935
1630910 935
1630920 935
1630930 936
1630940 936
1630950 937
1630960 937
1630970 937
1630980 938
1630990 939
1631000 939
1631010 941
1631020 943
1631030 943
1631040 946
1631050 949
1631060 949
1631070 952
1631080 952
1631090 952
1631100 951
1631110 950
1631120 953
1631130 952
1631140 951
1631150 951
1631160 949
1631170 949
1631180 949
1631190 949
1631200 949
1631210 949
1631220 950
1631230 952
1631240 952
1631250 953
1631260 955
1631270 955
1631280 956
1631290 955
1631300 955
1631310 953
1631320 951
1631330 951
1631340 949
1631350 947
1631360 947
1631370 945
1631380 943
1631390 943
1631400 940
1631410 936
1631420 936
1631430 932
1631440 928
1631450 928
1631460 923
1631470 919
1631480 919
1631490 914
1631500 908
1631510 908
1631520 903
1631530 899
1631540 899
1631550 894
1631560 890
1631570 890
1631580 886
1631590 882
1631600 882
1631610 878
1631620 873
1631630 873
1631640 868
1631650 863
1631660 858
1631670 858
1631680 853
1631690 849
1631700 849
1631710 846
1631720 843
1631730 843
1631740 839
1631750 835
1631760 835
1631770 831
1631780 828
1631790 828
1631800 825
1631810 822
1631820 822
1631830 819
1631840 816
1631850 816
1631860 813
1631870 811
1631880 811
1631890 808
1631900 804
1631910 804
1631920 801
1631930 798
1631940 798
1631950 795
1631960 792
1631970 792
1631980 789
1631990 788
1632000 788
1632010 784
1632020 781
1632030 781
1632040 778
1632050 775
1632060 775
1632070 772
1632080 770
1632090 770
1632100 767
1632110 763
1632120 763
1632130 761
1632140 758
1632150 758
1632160 754
1632170 750
1632180 750
1632190 747
1632200 742
1632210 742
1632220 738
1632230 733
1632240 733
1632250 728
1632260 724
1632270 724
1632280 721
1632290 718
1632300 718
1632310 715
1632320 712
1632330 712
1632340 709
1632350 706
1632360 706
1632370 702
1632380 698
1632390 698
1632400 696
1632410 693
1632420 693
1632430 691
1632440 689
1632450 687
1632460 687
1632470 684
1632480 681
1632490 681
1632500 679
1632510 677
1632520 677
1632530 676
1632540 674
1632550 674
1632560 673
1632570 672
1632580 672
1632590 671
1632600 669
1632610 669
1632620 668
1632630 666
1632640 666
1632650 666
1632660 664
1632670 664
1632680 659
1632690 658
1632700 658
1632710 656
1632720 658
1632730 658
1632740 658
1632750 659
1632760 659
1632770 659
1632780 659
1632790 659
1632800 659
1632810 660
1632820 660
1632830 660
1632840 661
1632850 661
1632860 660
1632870 661
1632880 661
1632890 661
1632900 661
1632910 661
1632920 661
1632930 661
1632940 661
1632950 661
1632960 661
1632970 661
1632980 662
1632990 663
1633000 663
1633010 664
1633020 664
1633030 664
1633040 664
1633050 664
1633060 664
1633070 665
1633080 665
1633090 665
1633100 665
1633110 665
1633120 665
1633130 665
1633140 664
1633150 664
1633160 664
1633170 664
1633180 664
1633190 664
1633200 664
1633210 664
1633220 665
1633230 665
1633240 665
1633250 665
1633260 666
1633270 666
1633280 666
1633290 667
1633300 668
1633310 668
1633320 669
1633330 669
1633340 669
1633350 669
1633360 670
1633370 670
1633380 671
1633390 672
1633400 672
1633410 673
1633420 674
1633430 674
1633440 674
1633450 675
1633460 675
1633470 676
1633480 676
1633490 676
1633500 677
1633510 677
1633520 677
1633530 678
1633540 678
1633550 678
1633560 678
1633570 678
1633580 678
1633590 679
1633600 679
1633610 679
1633620 680
1633630 680
1633640 680
1633650 682
1633660 685
1633670 685
1633680 686
1633690 685
1633700 685
1633710 685
1633720 683
1633730 679
1633740 678
1633750 676
1633760 676
1633770 675
1633780 674
1633790 674
1633800 673
1633810 672
1633820 672
1633830 671
1633840 670
1633850 670
1633860 670
1633870 671
1633880 671
1633890 671
1633900 671
1633910 671
1633920 670
1633930 670
1633940 670
1633950 670
1633960 671
1633970 671
1633980 671
1633990 672
1634000 672
1634010 672
1634020 672
1634030 672
1634040 673
1634050 673
1634060 673
1634070 673
1634080 674
1634090 674
1634100 674
1634110 674
1634120 674
1634130 674
1634140 675
1634150 675
1634160 675
1634170 674
1634180 673
1634190 673
1634200 672
1634210 671
1634220 671
1634230 670
1634240 668
1634250 668
1634260 664
1634270 662
1634280 662
1634290 661
1634300 659
1634310 659
1634320 657
1634330 656
1634340 656
1634350 654
1634360 651
1634370 651
1634380 650
1634390 649
1634400 649
1634410 647
1634420 646
1634430 646
1634440 645
1634450 643
1634460 643
1634470 642
1634480 641
1634490 641
1634500 639
1634510 637
1634520 637
1634530 635
1634540 634
1634550 634
1634560 632
1634570 628
1634580 628
1634590 626
1634600 623
1634610 623
1634620 619
1634630 615
1634640 615
1634650 610
1634660 605
1634670 605
1634680 600
1634690 594
1634700 594
1634710 588
1634720 583
1634730 583
1634740 579
1634750 576
1634760 576
1634770 572
1634780 574
1634790 574
1634800 579
1634810 582
1634820 582
1634830 585
1634840 588
1634850 590
1634860 590
1634870 592
1634880 594
1634890 594
1634900 594
1634910 593
1634920 593
1634930 592
1634940 592
1634950 592
1634960 592
1634970 592
1634980 592
1634990 591
1635000 591
1635010 591
1635020 592
1635030 594
1635040 594
1635050 594
1635060 593
1635070 593
1635080 591
1635090 587
1635100 587
1635110 589
1635120 591
1635130 591
1635140 591
1635150 591
1635160 591
1635170 591
1635180 592
1635190 592
1635200 593
1635210 593
1635220 593
1635230 593
1635240 594
1635250 594
1635260 595
1635270 597
1635280 597
1635290 597
1635300 596
1635310 596
1635320 596
1635330 592
1635340 592
1635350 587
1635360 581
1635370 581
1635380 575
1635390 570
1635400 570
1635410 564
1635420 562
1635430 562
1635440 569
1635450 566
1635460 566
1635470 572
1635480 575
1635490 575
1635500 579
1635510 582
1635520 582
1635530 586
1635540 589
1635550 589
1635560 591
1635570 596
1635580 596
1635590 599
1635600 603
1635610 603
1635620 606
1635630 609
1635640 613
1635650 613
1635660 615
1635670 618
1635680 618
1635690 620
1635700 622
1635710 622
1635720 623
1635730 623
1635740 623
1635750 623
1635760 621
1635770 621
1635780 619
1635790 616
1635800 616
1635810 613
1635820 609
1635830 609
1635840 604
1635850 599
1635860 599
1635870 593
1635880 588
1635890 588
1635900 583
1635910 578
1635920 578
1635930 573
1635940 567
1635950 567
1635960 559
1635970 554
1635980 554
1635990 558
1636000 560
1636010 560
1636020 562
1636030 566
1636040 566
1636050 570
1636060 572
1636070 572
1636080 575
1636090 580
1636100 580
1636110 585
1636120 590
1636130 590
1636140 594
1636150 599
1636160 599
1636170 605
1636180 611
1636190 611
1636200 617
1636210 623
1636220 623
1636230 629
1636240 634
1636250 634
1636260 639
1636270 643
1636280 643
1636290 648
1636300 649
1636310 649
1636320 649
1636330 646
1636340 646
1636350 641
1636360 636
1636370 636
1636380 630
1636390 623
1636400 623
1636410 616
1636420 609
1636430 602
1636440 602
1636450 595
1636460 588
1636470 588
1636480 579
1636490 571
1636500 571
1636510 564
1636520 560
1636530 560
1636540 560
1636550 562
1636560 562
1636570 563
1636580 564
1636590 564
1636600 565
1636610 566
1636620 566
1636630 566
1636640 566
1636650 566
1636660 567
1636670 568
1636680 568
1636690 569
1636700 571
1636710 571
1636720 573
1636730 575
1636740 575
1636750 576
1636760 578
1636770 578
1636780 579
1636790 580
1636800 580
1636810 582
1636820 584
1636830 584
1636840 586
1636850 588
1636860 588
1636870 591
1636880 594
1636890 594
1636900 597
1636910 599
1636920 599
1636930 602
1636940 605
1636950 605
1636960 608
1636970 611
1636980 611
1636990 613
1637000 614
1637010 614
1637020 612
1637030 607
1637040 607
1637050 601
1637060 596
1637070 596
1637080 591
1637090 587
1637100 587
1637110 588
1637120 586
1637130 586
1637140 585
1637150 590
1637160 590
1637170 594
1637180 599
1637190 599
1637200 604
1637210 609
1637220 609
1637230 613
1637240 618
1637250 622
1637260 622
1637270 627
1637280 630
1637290 630
1637300 634
1637310 638
1637320 638
1637330 641
1637340 644
1637350 644
1637360 647
1637370 649
1637380 649
1637390 651
1637400 653
1637410 653
1637420 653
1637430 653
1637440 653
1637450 649
1637460 643
1637470 643
1637480 635
1637490 626
1637500 626
1637510 619
1637520 610
1637530 610
1637540 602
1637550 599
1637560 599
1637570 603
1637580 609
1637590 609
1637600 611
1637610 613
1637620 613
1637630 615
1637640 616
1637650 616
1637660 617
1637670 618
1637680 618
1637690 618
1637700 619
1637710 619
1637720 618
1637730 616
1637740 616
1637750 613
1637760 611
1637770 611
1637780 609
1637790 608
1637800 608
1637810 612
1637820 619
1637830 619
1637840 621
1637850 624
1637860 624
1637870 637
1637880 644
1637890 644
1637900 651
1637910 657
1637920 657
1637930 663
1637940 667
1637950 667
1637960 668
1637970 669
1637980 669
1637990 665
1638000 665
1638010 665
1638020 665
1638030 664
1638040 665
1638050 665
1638060 666
1638070 666
1638080 666
1638090 666
1638100 665
1638110 665
1638120 663
1638130 658
1638140 658
1638150 654
1638160 648
1638170 648
1638180 645
1638190 648
1638200 648
1638210 651
1638220 657
1638230 657
1638240 662
1638250 668
1638260 668
1638270 674
1638280 679
1638290 679
1638300 685
1638310 691
1638320 691
1638330 697
1638340 703
1638350 703
1638360 708
1638370 715
1638380 715
1638390 721
1638400 726
1638410 726
1638420 730
1638430 732
1638440 732
1638450 734
1638460 737
1638470 737
1638480 740
1638490 744
1638500 744
1638510 748
1638520 752
1638530 752
1638540 756
1638550 759
1638560 759
1638570 763
1638580 767
1638590 767
1638600 771
1638610 775
1638620 775
1638630 778
1638640 779
1638650 779
1638660 779
1638670 781
1638680 781
1638690 783
1638700 784
1638710 784
1638720 786
1638730 788
1638740 788
1638750 789
1638760 792
1638770 792
1638780 793
1638790 794
1638800 794
1638810 795
1638820 798
1638830 804
1638840 804
1638850 804
1638860 805
1638870 805
1638880 805
1638890 806
1638900 806
1638910 805
1638920 805
1638930 805
1638940 803
1638950 800
1638960 800
1638970 798
1638980 795
1638990 795
1639000 791
1639010 788
1639020 788
1639030 784
1639040 779
1639050 779
1639060 775
1639070 773
1639080 773
1639090 771
1639100 768
1639110 768
1639120 765
1639130 764
1639140 764
1639150 763
1639160 759
1639170 759
1639180 758
1639190 757
1639200 757
1639210 757
1639220 758
1639230 758
1639240 758
1639250 759
1639260 759
1639270 759
1639280 759
1639290 759
1639300 759
1639310 759
1639320 759
1639330 759
1639340 758
1639350 758
1639360 758
1639370 758
1639380 758
1639390 758
1639400 757
1639410 757
1639420 755
1639430 754
1639440 754
1639450 753
1639460 753
1639470 753
1639480 753
1639490 753
1639500 753
1639510 754
1639520 756
1639530 756
1639540 757
1639550 759
1639560 759
1639570 761
1639580 763
1639590 763
1639600 765
1639610 766
1639620 769
1639630 769
1639640 771
1639650 774
1639660 770
1639670 773
1639680 775
1639690 775
1639700 777
1639710 779
1639720 779
1639730 781
1639740 784
1639750 784
1639760 786
1639770 788
1639780 788
1639790 790
1639800 792
1639810 792
1639820 793
1639830 795
1639840 795
1639850 797
1639860 799
1639870 799
1639880 801
1639890 802
1639900 802
1639910 805
1639920 807
1639930 807
1639940 809
1639950 812
1639960 812
1639970 814
1639980 816
1639990 816
