1620000 631
1620010 631
1620020 625
1620030 619
1620040 619
1620050 613
1620060 608
1620070 608
1620080 603
1620090 598
1620100 598
1620110 593
1620120 587
1620130 587
1620140 581
1620150 575
1620160 575
1620170 574
1620180 582
1620190 582
1620200 591
1620210 598
1620220 604
1620230 604
1620240 610
1620250 616
1620260 616
1620270 622
1620280 628
1620290 628
1620300 635
1620310 641
1620320 641
1620330 647
1620340 653
1620350 653
1620360 659
1620370 664
1620380 664
1620390 670
1620400 675
1620410 675
1620420 681
1620430 685
1620440 685
1620450 689
1620460 694
1620470 694
1620480 699
1620490 703
1620500 703
1620510 708
1620520 712
1620530 712
1620540 716
1620550 720
1620560 720
1620570 723
1620580 727
1620590 727
1620600 731
1620610 734
1620620 734
1620630 738
1620640 741
1620650 741
1620660 744
1620670 744
1620680 744
1620690 746
1620700 749
1620710 749
1620720 750
1620730 751
1620740 751
1620750 752
1620760 752
1620770 752
1620780 752
1620790 750
1620800 750
1620810 748
1620820 743
1620830 743
1620840 738
1620850 734
1620860 734
1620870 730
1620880 727
1620890 727
1620900 725
1620910 724
1620920 724
1620930 727
1620940 733
1620950 733
1620960 738
1620970 744
1620980 744
1620990 750
1621000 755
1621010 755
1621020 761
1621030 766
1621040 771
1621050 771
1621060 776
1621070 780
1621080 780
1621090 784
1621100 789
1621110 789
1621120 793
1621130 797
1621140 797
1621150 801
1621160 805
1621170 805
1621180 808
1621190 812
1621200 812
1621210 816
1621220 819
1621230 819
1621240 822
1621250 825
1621260 825
1621270 828
1621280 831
1621290 831
1621300 834
1621310 837
1621320 837
1621330 840
1621340 842
1621350 842
1621360 845
1621370 847
1621380 847
1621390 850
1621400 853
1621410 853
1621420 855
1621430 857
1621440 857
1621450 859
1621460 862
1621470 862
1621480 865
1621490 867
1621500 867
1621510 870
1621520 872
1621530 872
1621540 875
1621550 877
1621560 877
1621570 880
1621580 883
1621590 883
1621600 886
1621610 889
1621620 887
1621630 890
1621640 892
1621650 892
1621660 895
1621670 897
1621680 897
1621690 900
1621700 902
1621710 902
1621720 905
1621730 908
1621740 908
1621750 910
1621760 913
1621770 913
1621780 916
1621790 918
1621800 918
1621810 920
1621820 922
1621830 924
1621840 924
1621850 926
1621860 927
1621870 927
1621880 928
1621890 930
1621900 930
1621910 930
1621920 930
1621930 930
1621940 928
1621950 924
1621960 924
1621970 918
1621980 914
1621990 914
1622000 910
1622010 907
1622020 907
1622030 904
1622040 902
1622050 902
1622060 899
1622070 895
1622080 895
1622090 893
1622100 890
1622110 890
1622120 887
1622130 885
1622140 885
1622150 882
1622160 878
1622170 878
1622180 873
1622190 866
1622200 866
1622210 858
1622220 851
1622230 851
1622240 846
1622250 842
1622260 842
1622270 837
1622280 834
1622290 834
1622300 835
1622310 837
1622320 837
1622330 839
1622340 842
1622350 842
1622360 844
1622370 845
1622380 845
1622390 848
1622400 850
1622410 850
1622420 851
1622430 851
1622440 851
1622450 850
1622460 847
1622470 847
1622480 844
1622490 840
1622500 840
1622510 836
1622520 832
1622530 832
1622540 827
1622550 823
1622560 826
1622570 823
1622580 819
1622590 819
1622600 815
1622610 810
1622620 805
1622630 805
1622640 800
1622650 795
1622660 795
1622670 790
1622680 785
1622690 785
1622700 781
1622710 778
1622720 778
1622730 775
1622740 773
1622750 773
1622760 770
1622770 768
1622780 768
1622790 765
1622800 762
1622810 762
1622820 759
1622830 757
1622840 757
1622850 753
1622860 750
1622870 750
1622880 745
1622890 742
1622900 742
1622910 738
1622920 736
1622930 736
1622940 735
1622950 734
1622960 734
1622970 732
1622980 729
1622990 729
1623000 727
1623010 725
1623020 725
1623030 724
1623040 723
1623050 723
1623060 723
1623070 722
1623080 722
1623090 722
1623100 722
1623110 722
1623120 721
1623130 720
1623140 720
1623150 719
1623160 718
1623170 718
1623180 718
1623190 717
1623200 717
1623210 716
1623220 714
1623230 714
1623240 714
1623250 713
1623260 713
1623270 712
1623280 709
1623290 709
1623300 707
1623310 705
1623320 705
1623330 702
1623340 700
1623350 700
1623360 698
1623370 696
1623380 696
1623390 693
1623400 690
1623410 688
1623420 688
1623430 687
1623440 686
1623450 686
1623460 685
1623470 683
1623480 683
1623490 683
1623500 680
1623510 680
1623520 675
1623530 672
1623540 672
1623550 670
1623560 667
1623570 667
1623580 665
1623590 664
1623600 664
1623610 663
1623620 661
1623630 661
1623640 660
1623650 659
1623660 659
1623670 658
1623680 655
1623690 655
1623700 653
1623710 650
1623720 650
1623730 647
1623740 645
1623750 645
1623760 643
1623770 640
1623780 640
1623790 637
1623800 634
1623810 634
1623820 630
1623830 626
1623840 626
1623850 623
1623860 621
1623870 621
1623880 619
1623890 618
1623900 618
1623910 616
1623920 615
1623930 615
1623940 614
1623950 612
1623960 612
1623970 610
1623980 608
1623990 608
1624000 606
1624010 604
1624020 604
1624030 601
1624040 597
1624050 597
1624060 595
1624070 593
1624080 593
1624090 593
1624100 591
1624110 591
1624120 588
1624130 586
1624140 586
1624150 584
1624160 582
1624170 582
1624180 581
1624190 580
1624200 580
1624210 579
1624220 578
1624230 576
1624240 576
1624250 575
1624260 573
1624270 573
1624280 572
1624290 571
1624300 571
1624310 571
1624320 570
1624330 570
1624340 569
1624350 569
1624360 569
1624370 568
1624380 568
1624390 568
1624400 567
1624410 568
1624420 568
1624430 568
1624440 568
1624450 568
1624460 568
1624470 568
1624480 568
1624490 567
1624500 566
1624510 566
1624520 564
1624530 562
1624540 562
1624550 561
1624560 559
1624570 559
1624580 558
1624590 557
1624600 557
1624610 555
1624620 553
1624630 553
1624640 552
1624650 550
1624660 550
1624670 550
1624680 549
1624690 549
1624700 548
1624710 548
1624720 548
1624730 547
1624740 546
1624750 546
1624760 544
1624770 543
1624780 543
1624790 544
1624800 543
1624810 543
1624820 541
1624830 539
1624840 539
1624850 538
1624860 537
1624870 537
1624880 537
1624890 538
1624900 538
1624910 539
1624920 538
1624930 538
1624940 538
1624950 540
1624960 540
1624970 540
1624980 542
1624990 542
1625000 542
1625010 541
1625020 541
1625030 541
1625040 539
1625050 538
1625060 538
1625070 536
1625080 536
1625090 536
1625100 536
1625110 536
1625120 536
1625130 536
1625140 536
1625150 536
1625160 537
1625170 537
1625180 537
1625190 537
1625200 536
1625210 536
1625220 536
1625230 536
1625240 536
1625250 536
1625260 534
1625270 534
1625280 534
1625290 537
1625300 537
1625310 539
1625320 541
1625330 541
1625340 543
1625350 544
1625360 544
1625370 546
1625380 547
1625390 547
1625400 549
1625410 550
1625420 550
1625430 550
1625440 551
1625450 551
1625460 551
1625470 551
1625480 551
1625490 550
1625500 550
1625510 550
1625520 549
1625530 548
1625540 548
1625550 547
1625560 546
1625570 546
1625580 544
1625590 543
1625600 543
1625610 541
1625620 540
1625630 540
1625640 539
1625650 538
1625660 538
1625670 538
1625680 538
1625690 538
1625700 538
1625710 538
1625720 538
1625730 538
1625740 538
1625750 538
1625760 537
1625770 537
1625780 537
1625790 536
1625800 535
1625810 534
1625820 534
1625830 533
1625840 533
1625850 533
1625860 533
1625870 534
1625880 534
1625890 533
1625900 533
1625910 533
1625920 534
1625930 534
1625940 534
1625950 534
1625960 535
1625970 535
1625980 536
1625990 537
1626000 537
1626010 539
1626020 540
1626030 540
1626040 541
1626050 542
1626060 542
1626070 544
1626080 545
1626090 545
1626100 547
1626110 549
1626120 549
1626130 550
1626140 552
1626150 552
1626160 552
1626170 553
1626180 553
1626190 555
1626200 558
1626210 558
1626220 560
1626230 561
1626240 559
1626250 560
1626260 560
1626270 560
1626280 560
1626290 561
1626300 561
1626310 561
1626320 563
1626330 563
1626340 565
1626350 566
1626360 566
1626370 568
1626380 570
1626390 570
1626400 572
1626410 573
1626420 573
1626430 574
1626440 576
1626450 576
1626460 577
1626470 579
1626480 579
1626490 580
1626500 581
1626510 581
1626520 583
1626530 584
1626540 584
1626550 584
1626560 585
1626570 585
1626580 586
1626590 587
1626600 587
1626610 588
1626620 588
1626630 589
1626640 589
1626650 591
1626660 593
1626670 593
1626680 595
1626690 596
1626700 596
1626710 597
1626720 598
1626730 598
1626740 599
1626750 600
1626760 600
1626770 601
1626780 603
1626790 603
1626800 606
1626810 608
1626820 608
1626830 611
1626840 614
1626850 614
1626860 616
1626870 619
1626880 619
1626890 621
1626900 624
1626910 624
1626920 626
1626930 628
1626940 628
1626950 630
1626960 631
1626970 631
1626980 632
1626990 634
1627000 634
1627010 637
1627020 640
1627030 640
1627040 643
1627050 646
1627060 646
1627070 649
1627080 652
1627090 652
1627100 654
1627110 656
1627120 656
1627130 657
1627140 659
1627150 659
1627160 661
1627170 662
1627180 662
1627190 664
1627200 666
1627210 666
1627220 667
1627230 669
1627240 669
1627250 670
1627260 672
1627270 672
1627280 673
1627290 674
1627300 674
1627310 676
1627320 677
1627330 677
1627340 678
1627350 680
1627360 680
1627370 682
1627380 683
1627390 683
1627400 685
1627410 687
1627420 689
1627430 689
1627440 692
1627450 694
1627460 694
1627470 697
1627480 700
1627490 700
1627500 705
1627510 710
1627520 710
1627530 715
1627540 720
1627550 720
1627560 721
1627570 722
1627580 722
1627590 722
1627600 721
1627610 721
1627620 719
1627630 717
1627640 717
1627650 713
1627660 709
1627670 709
1627680 706
1627690 702
1627700 702
1627710 698
1627720 694
1627730 694
1627740 691
1627750 688
1627760 688
1627770 685
1627780 682
1627790 682
1627800 680
1627810 678
1627820 678
1627830 676
1627840 675
1627850 675
1627860 674
1627870 673
1627880 673
1627890 671
1627900 668
1627910 668
1627920 664
1627930 658
1627940 658
1627950 653
1627960 648
1627970 648
1627980 648
1627990 653
1628000 653
1628010 658
1628020 660
1628030 660
1628040 663
1628050 664
1628060 662
1628070 664
1628080 666
1628090 666
1628100 668
1628110 669
1628120 669
1628130 671
1628140 672
1628150 672
1628160 673
1628170 673
1628180 673
1628190 675
1628200 676
1628210 676
1628220 676
1628230 677
1628240 677
1628250 677
1628260 677
1628270 677
1628280 677
1628290 677
1628300 677
1628310 677
1628320 676
1628330 676
1628340 676
1628350 675
1628360 675
1628370 675
1628380 674
1628390 674
1628400 674
1628410 673
1628420 673
1628430 673
1628440 673
1628450 673
1628460 673
1628470 673
1628480 673
1628490 673
1628500 673
1628510 673
1628520 673
1628530 673
1628540 673
1628550 673
1628560 671
1628570 671
1628580 671
1628590 673
1628600 675
1628610 675
1628620 674
1628630 673
1628640 673
1628650 674
1628660 673
1628670 673
1628680 671
1628690 672
1628700 672
1628710 674
1628720 674
1628730 674
1628740 674
1628750 673
1628760 673
1628770 676
1628780 680
1628790 680
1628800 680
1628810 679
1628820 679
1628830 680
1628840 682
1628850 682
1628860 683
1628870 684
1628880 684
1628890 685
1628900 686
1628910 686
1628920 687
1628930 688
1628940 688
1628950 686
1628960 687
1628970 687
1628980 690
1628990 690
1629000 690
1629010 691
1629020 694
1629030 696
1629040 696
1629050 697
1629060 698
1629070 698
1629080 699
1629090 700
1629100 700
1629110 701
1629120 700
1629130 700
1629140 697
1629150 697
1629160 697
1629170 701
1629180 705
1629190 705
1629200 708
1629210 710
1629220 710
1629230 712
1629240 714
1629250 714
1629260 717
1629270 719
1629280 719
1629290 722
1629300 725
1629310 725
1629320 727
1629330 729
1629340 729
1629350 732
1629360 734
1629370 734
1629380 736
1629390 739
1629400 739
1629410 742
1629420 744
1629430 744
1629440 746
1629450 749
1629460 749
1629470 751
1629480 754
1629490 754
1629500 756
1629510 758
1629520 758
1629530 760
1629540 762
1629550 762
1629560 764
1629570 766
1629580 766
1629590 768
1629600 770
1629610 770
1629620 771
1629630 773
1629640 773
1629650 775
1629660 777
1629670 777
1629680 779
1629690 781
1629700 781
1629710 783
1629720 785
1629730 785
1629740 786
1629750 787
1629760 787
1629770 787
1629780 788
1629790 788
1629800 789
1629810 790
1629820 790
1629830 790
1629840 789
1629850 789
1629860 789
1629870 790
1629880 790
1629890 790
1629900 791
1629910 792
1629920 792
1629930 792
1629940 793
1629950 793
1629960 793
1629970 793
1629980 793
1629990 793
1630000 794
1630010 794
1630020 794
1630030 794
1630040 794
1630050 794
1630060 794
1630070 794
1630080 794
1630090 794
1630100 794
1630110 794
1630120 794
1630130 794
1630140 794
1630150 795
1630160 795
1630170 796
1630180 796
1630190 796
1630200 796
1630210 797
1630220 797
1630230 797
1630240 798
1630250 798
1630260 799
1630270 801
1630280 801
1630290 802
1630300 804
1630310 804
1630320 806
1630330 806
1630340 806
1630350 807
1630360 809
1630370 809
1630380 811
1630390 812
1630400 812
1630410 813
1630420 813
1630430 813
1630440 814
1630450 815
1630460 815
1630470 815
1630480 816
1630490 816
1630500 815
1630510 814
1630520 814
1630530 813
1630540 811
1630550 811
1630560 809
1630570 808
1630580 808
1630590 806
1630600 805
1630610 806
1630620 806
1630630 808
1630640 809
1630650 809
1630660 810
1630670 810
1630680 810
1630690 811
1630700 813
1630710 813
1630720 818
1630730 821
1630740 821
1630750 825
1630760 828
1630770 828
1630780 832
1630790 837
1630800 837
1630810 841
1630820 845
1630830 845
1630840 848
1630850 851
1630860 851
1630870 854
1630880 856
1630890 856
1630900 858
1630910 861
1630920 861
1630930 863
1630940 865
1630950 865
1630960 867
1630970 867
1630980 867
1630990 868
1631000 868
1631010 868
1631020 868
1631030 868
1631040 868
1631050 868
1631060 868
1631070 868
1631080 868
1631090 867
1631100 867
1631110 868
1631120 868
1631130 868
1631140 869
1631150 869
1631160 869
1631170 869
1631180 869
1631190 869
1631200 869
1631210 868
1631220 868
1631230 868
1631240 867
1631250 867
1631260 866
1631270 865
1631280 865
1631290 864
1631300 863
1631310 863
1631320 862
1631330 861
1631340 861
1631350 860
1631360 859
1631370 859
1631380 858
1631390 857
1631400 857
1631410 856
1631420 854
1631430 853
1631440 853
1631450 851
1631460 849
1631470 849
1631480 847
1631490 845
1631500 845
1631510 843
1631520 841
1631530 841
1631540 839
1631550 838
1631560 838
1631570 837
1631580 835
1631590 835
1631600 833
1631610 826
1631620 826
1631630 824
1631640 822
1631650 822
1631660 820
1631670 818
1631680 818
1631690 816
1631700 814
1631710 814
1631720 812
1631730 810
1631740 810
1631750 808
1631760 806
1631770 806
1631780 804
1631790 802
1631800 802
1631810 800
1631820 797
1631830 797
1631840 795
1631850 792
1631860 792
1631870 789
1631880 787
1631890 787
1631900 784
1631910 782
1631920 782
1631930 781
1631940 779
1631950 779
1631960 777
1631970 775
1631980 775
1631990 774
1632000 773
1632010 773
1632020 773
1632030 774
1632040 774
1632050 774
1632060 774
1632070 774
1632080 773
1632090 773
1632100 773
1632110 772
1632120 772
1632130 772
1632140 773
1632150 773
1632160 773
1632170 773
1632180 773
1632190 773
1632200 772
1632210 771
1632220 769
1632230 769
1632240 768
1632250 766
1632260 766
1632270 765
1632280 765
1632290 765
1632300 764
1632310 762
1632320 762
1632330 761
1632340 761
1632350 761
1632360 760
1632370 760
1632380 760
1632390 759
1632400 759
1632410 759
1632420 758
1632430 757
1632440 757
1632450 755
1632460 754
1632470 754
1632480 752
1632490 751
1632500 751
1632510 751
1632520 749
1632530 749
1632540 748
1632550 747
1632560 747
1632570 746
1632580 746
1632590 746
1632600 745
1632610 744
1632620 744
1632630 742
1632640 741
1632650 741
1632660 740
1632670 738
1632680 738
1632690 736
1632700 734
1632710 734
1632720 731
1632730 729
1632740 729
1632750 724
1632760 720
1632770 720
1632780 717
1632790 714
1632800 714
1632810 711
1632820 707
1632830 707
1632840 705
1632850 703
1632860 703
1632870 700
1632880 697
1632890 697
1632900 694
1632910 691
1632920 691
1632930 689
1632940 687
1632950 687
1632960 684
1632970 682
1632980 682
1632990 679
1633000 676
1633010 676
1633020 674
1633030 671
1633040 669
1633050 669
1633060 666
1633070 662
1633080 662
1633090 659
1633100 657
1633110 657
1633120 654
1633130 651
1633140 651
1633150 648
1633160 646
1633170 646
1633180 643
1633190 641
1633200 641
1633210 638
1633220 636
1633230 636
1633240 634
1633250 633
1633260 633
1633270 631
1633280 629
1633290 629
1633300 627
1633310 625
1633320 625
1633330 623
1633340 621
1633350 626
1633360 623
1633370 621
1633380 621
1633390 618
1633400 616
1633410 616
1633420 615
1633430 613
1633440 613
1633450 611
1633460 611
1633470 611
1633480 611
1633490 609
1633500 609
1633510 606
1633520 604
1633530 604
1633540 603
1633550 602
1633560 602
1633570 602
1633580 602
1633590 602
1633600 602
1633610 602
1633620 602
1633630 602
1633640 602
1633650 602
1633660 601
1633670 600
1633680 600
1633690 599
1633700 600
1633710 600
1633720 602
1633730 603
1633740 603
1633750 605
1633760 604
1633770 604
1633780 601
1633790 603
1633800 603
1633810 605
1633820 604
1633830 604
1633840 604
1633850 604
1633860 603
1633870 603
1633880 601
1633890 602
1633900 602
1633910 599
1633920 597
1633930 597
1633940 600
1633950 598
1633960 598
1633970 593
1633980 588
1633990 588
1634000 589
1634010 589
1634020 589
1634030 588
1634040 582
1634050 582
1634060 581
1634070 583
1634080 583
1634090 585
1634100 587
1634110 587
1634120 589
1634130 591
1634140 591
1634150 590
1634160 589
1634170 589
1634180 589
1634190 589
1634200 589
1634210 589
1634220 590
1634230 590
1634240 589
1634250 589
1634260 589
1634270 590
1634280 590
1634290 590
1634300 590
1634310 589
1634320 589
1634330 588
1634340 587
1634350 587
1634360 585
1634370 587
1634380 587
1634390 588
1634400 588
1634410 588
1634420 588
1634430 588
1634440 588
1634450 589
1634460 589
1634470 589
1634480 591
1634490 592
1634500 592
1634510 592
1634520 593
1634530 593
1634540 594
1634550 594
1634560 594
1634570 594
1634580 595
1634590 595
1634600 595
1634610 595
1634620 595
1634630 597
1634640 598
1634650 599
1634660 599
1634670 599
1634680 599
1634690 599
1634700 599
1634710 600
1634720 600
1634730 600
1634740 599
1634750 599
1634760 598
1634770 597
1634780 597
1634790 596
1634800 596
1634810 596
1634820 596
1634830 596
1634840 596
1634850 598
1634860 599
1634870 599
1634880 599
1634890 600
1634900 600
1634910 601
1634920 601
1634930 601
1634940 601
1634950 602
1634960 602
1634970 602
1634980 602
1634990 602
1635000 601
1635010 601
1635020 601
1635030 601
1635040 601
1635050 601
1635060 601
1635070 603
1635080 603
1635090 603
1635100 603
1635110 603
1635120 603
1635130 603
1635140 603
1635150 603
1635160 603
1635170 603
1635180 603
1635190 603
1635200 603
1635210 603
1635220 603
1635230 603
1635240 603
1635250 603
1635260 603
1635270 603
1635280 603
1635290 603
1635300 603
1635310 603
1635320 603
1635330 604
1635340 603
1635350 603
1635360 603
1635370 602
1635380 602
1635390 602
1635400 600
1635410 600
1635420 601
1635430 601
1635440 601
1635450 601
1635460 601
1635470 599
1635480 599
1635490 598
1635500 597
1635510 597
1635520 595
1635530 594
1635540 594
1635550 593
1635560 592
1635570 592
1635580 591
1635590 590
1635600 590
1635610 589
1635620 588
1635630 588
1635640 587
1635650 586
1635660 586
1635670 584
1635680 582
1635690 582
1635700 580
1635710 576
1635720 576
1635730 576
1635740 574
1635750 574
1635760 571
1635770 571
1635780 571
1635790 569
1635800 566
1635810 566
1635820 562
1635830 558
1635840 558
1635850 555
1635860 551
1635870 551
1635880 548
1635890 545
1635900 545
1635910 540
1635920 536
1635930 541
1635940 539
1635950 538
1635960 538
1635970 537
1635980 536
1635990 536
1636000 535
1636010 535
1636020 535
1636030 536
1636040 536
1636050 536
1636060 535
1636070 534
1636080 534
1636090 533
1636100 531
1636110 531
1636120 529
1636130 528
1636140 528
1636150 527
1636160 525
1636170 525
1636180 524
1636190 523
1636200 523
1636210 521
1636220 520
1636230 520
1636240 517
1636250 516
1636260 515
1636270 515
1636280 513
1636290 511
1636300 511
1636310 511
1636320 511
1636330 511
1636340 511
1636350 509
1636360 509
1636370 508
1636380 508
1636390 508
1636400 509
1636410 509
1636420 509
1636430 508
1636440 508
1636450 508
1636460 509
1636470 509
1636480 509
1636490 509
1636500 510
1636510 510
1636520 511
1636530 512
1636540 512
1636550 514
1636560 516
1636570 516
1636580 517
1636590 520
1636600 520
1636610 521
1636620 521
1636630 521
1636640 521
1636650 521
1636660 521
1636670 522
1636680 523
1636690 523
1636700 524
1636710 525
1636720 525
1636730 526
1636740 527
1636750 527
1636760 528
1636770 528
1636780 526
1636790 526
1636800 526
1636810 526
1636820 524
1636830 523
1636840 523
1636850 523
1636860 523
1636870 523
1636880 522
1636890 522
1636900 522
1636910 522
1636920 522
1636930 522
1636940 522
1636950 520
1636960 520
1636970 518
1636980 513
1636990 513
1637000 515
1637010 515
1637020 515
1637030 517
1637040 522
1637050 527
1637060 527
1637070 530
1637080 534
1637090 534
1637100 537
1637110 541
1637120 541
1637130 546
1637140 551
1637150 551
1637160 556
1637170 561
1637180 561
1637190 565
1637200 569
1637210 569
1637220 573
1637230 577
1637240 577
1637250 580
1637260 582
1637270 582
1637280 584
1637290 586
1637300 586
1637310 588
1637320 590
1637330 590
1637340 592
1637350 593
1637360 593
1637370 595
1637380 596
1637390 596
1637400 597
1637410 598
1637420 598
1637430 598
1637440 599
1637450 599
1637460 598
1637470 596
1637480 596
1637490 592
1637500 588
1637510 588
1637520 584
1637530 581
1637540 581
1637550 576
1637560 571
1637570 571
1637580 565
1637590 559
1637600 559
1637610 552
1637620 544
1637630 544
1637640 537
1637650 532
1637660 532
1637670 533
1637680 538
1637690 538
1637700 544
1637710 548
1637720 548
1637730 554
1637740 560
1637750 560
1637760 565
1637770 571
1637780 571
1637790 577
1637800 582
1637810 582
1637820 588
1637830 593
1637840 593
1637850 598
1637860 602
1637870 607
1637880 607
1637890 612
1637900 616
1637910 616
1637920 620
1637930 623
1637940 623
1637950 625
1637960 626
1637970 626
1637980 627
1637990 627
1638000 627
1638010 623
1638020 619
1638030 619
1638040 614
1638050 609
1638060 609
1638070 604
1638080 599
1638090 599
1638100 593
1638110 588
1638120 588
1638130 586
1638140 584
1638150 584
1638160 580
1638170 577
1638180 577
1638190 576
1638200 574
1638210 574
1638220 574
1638230 579
1638240 579
1638250 585
1638260 589
1638270 589
1638280 593
1638290 597
1638300 597
1638310 602
1638320 608
1638330 608
1638340 613
1638350 619
1638360 619
1638370 625
1638380 631
1638390 631
1638400 637
1638410 643
1638420 643
1638430 649
1638440 654
1638450 654
1638460 660
1638470 664
1638480 664
1638490 665
1638500 665
1638510 665
1638520 663
1638530 662
1638540 662
1638550 660
1638560 660
1638570 660
1638580 662
1638590 664
1638600 664
1638610 667
1638620 669
1638630 669
1638640 671
1638650 671
1638660 672
1638670 672
1638680 674
1638690 676
1638700 676
1638710 678
1638720 680
1638730 680
1638740 682
1638750 684
1638760 684
1638770 687
1638780 690
1638790 690
1638800 693
1638810 695
1638820 695
1638830 697
1638840 699
1638850 699
1638860 701
1638870 703
1638880 703
1638890 705
1638900 707
1638910 707
1638920 709
1638930 711
1638940 711
1638950 712
1638960 711
1638970 711
1638980 708
1638990 704
1639000 704
1639010 700
1639020 694
1639030 694
1639040 689
1639050 683
1639060 683
1639070 675
1639080 668
1639090 668
1639100 662
1639110 655
1639120 655
1639130 649
1639140 644
1639150 644
1639160 640
1639170 637
1639180 637
1639190 633
1639200 630
1639210 630
1639220 627
1639230 625
1639240 625
1639250 622
1639260 620
1639270 620
1639280 618
1639290 616
1639300 614
1639310 612
1639320 611
1639330 611
1639340 610
1639350 608
1639360 608
1639370 609
1639380 612
1639390 612
1639400 616
1639410 622
1639420 622
1639430 629
1639440 636
1639450 636
1639460 643
1639470 650
1639480 657
1639490 657
1639500 664
1639510 670
1639520 670
1639530 675
1639540 680
1639550 680
1639560 685
1639570 690
1639580 690
1639590 694
1639600 697
1639610 697
1639620 700
1639630 702
1639640 702
1639650 704
1639660 705
1639670 705
1639680 706
1639690 707
1639700 707
1639710 709
1639720 711
1639730 711
1639740 715
1639750 719
1639760 719
1639770 723
1639780 727
1639790 727
1639800 730
1639810 732
1639820 732
1639830 735
1639840 735
1639850 735
1639860 737
1639870 737
1639880 737
1639890 738
1639900 740
1639910 740
1639920 742
1639930 743
1639940 743
1639950 745
1639960 747
1639970 747
1639980 749
1639990 750
