1620000 633
1620010 633
1620020 628
1620030 622
1620040 622
1620050 617
1620060 617
1620070 617
1620080 622
1620090 626
1620100 626
1620110 629
1620120 630
1620130 630
1620140 633
1620150 635
1620160 635
1620170 638
1620180 640
1620190 640
1620200 643
1620210 645
1620220 645
1620230 647
1620240 650
1620250 650
1620260 652
1620270 654
1620280 657
1620290 657
1620300 659
1620310 661
1620320 661
1620330 663
1620340 666
1620350 666
1620360 668
1620370 670
1620380 670
1620390 671
1620400 673
1620410 673
1620420 674
1620430 676
1620440 676
1620450 679
1620460 680
1620470 680
1620480 682
1620490 683
1620500 683
1620510 684
1620520 686
1620530 686
1620540 687
1620550 689
1620560 689
1620570 690
1620580 691
1620590 691
1620600 692
1620610 693
1620620 693
1620630 694
1620640 694
1620650 694
1620660 695
1620670 695
1620680 695
1620690 696
1620700 696
1620710 696
1620720 697
1620730 697
1620740 697
1620750 697
1620760 697
1620770 697
1620780 697
1620790 697
1620800 697
1620810 697
1620820 697
1620830 697
1620840 697
1620850 697
1620860 697
1620870 697
1620880 697
1620890 697
1620900 697
1620910 697
1620920 697
1620930 697
1620940 696
1620950 696
1620960 696
1620970 695
1620980 695
1620990 694
1621000 693
1621010 693
1621020 692
1621030 692
1621040 692
1621050 691
1621060 689
1621070 691
1621080 689
1621090 688
1621100 687
1621110 687
1621120 685
1621130 683
1621140 683
1621150 682
1621160 681
1621170 681
1621180 679
1621190 677
1621200 677
1621210 676
1621220 673
1621230 673
1621240 671
1621250 669
1621260 669
1621270 667
1621280 665
1621290 665
1621300 663
1621310 660
1621320 660
1621330 657
1621340 653
1621350 653
1621360 649
1621370 645
1621380 645
1621390 642
1621400 640
1621410 640
1621420 638
1621430 636
1621440 636
1621450 634
1621460 633
1621470 633
1621480 631
1621490 629
1621500 629
1621510 627
1621520 625
1621530 625
1621540 623
1621550 621
1621560 621
1621570 619
1621580 617
1621590 617
1621600 614
1621610 611
1621620 611
1621630 608
1621640 603
1621650 603
1621660 600
1621670 599
1621680 599
1621690 597
1621700 594
1621710 594
1621720 592
1621730 587
1621740 587
1621750 583
1621760 581
1621770 581
1621780 580
1621790 577
1621800 577
1621810 576
1621820 577
1621830 577
1621840 579
1621850 581
1621860 581
1621870 584
1621880 585
1621890 585
1621900 587
1621910 588
1621920 588
1621930 589
1621940 590
1621950 591
1621960 591
1621970 591
1621980 592
1621990 592
1622000 592
1622010 590
1622020 590
1622030 591
1622040 592
1622050 592
1622060 592
1622070 593
1622080 593
1622090 592
1622100 592
1622110 592
1622120 591
1622130 589
1622140 589
1622150 588
1622160 588
1622170 588
1622180 585
1622190 581
1622200 581
1622210 576
1622220 571
1622230 571
1622240 567
1622250 566
1622260 566
1622270 567
1622280 569
1622290 569
1622300 573
1622310 576
1622320 576
1622330 578
1622340 581
1622350 581
1622360 584
1622370 586
1622380 586
1622390 588
1622400 590
1622410 590
1622420 592
1622430 594
1622440 594
1622450 596
1622460 597
1622470 597
1622480 596
1622490 596
1622500 596
1622510 595
1622520 592
1622530 592
1622540 588
1622550 586
1622560 586
1622570 589
1622580 592
1622590 592
1622600 594
1622610 597
1622620 597
1622630 600
1622640 603
1622650 603
1622660 605
1622670 607
1622680 607
1622690 610
1622700 611
1622710 611
1622720 613
1622730 615
1622740 615
1622750 616
1622760 618
1622770 618
1622780 620
1622790 621
1622800 623
1622810 623
1622820 624
1622830 626
1622840 626
1622850 627
1622860 628
1622870 628
1622880 629
1622890 630
1622900 630
1622910 630
1622920 630
1622930 630
1622940 630
1622950 628
1622960 628
1622970 627
1622980 627
1622990 627
1623000 625
1623010 622
1623020 622
1623030 619
1623040 615
1623050 615
1623060 610
1623070 604
1623080 604
1623090 598
1623100 593
1623110 593
1623120 590
1623130 588
1623140 588
1623150 585
1623160 582
1623170 582
1623180 579
1623190 576
1623200 576
1623210 574
1623220 574
1623230 574
1623240 577
1623250 577
1623260 577
1623270 578
1623280 579
1623290 579
1623300 581
1623310 581
1623320 581
1623330 582
1623340 583
1623350 583
1623360 584
1623370 585
1623380 585
1623390 586
1623400 587
1623410 587
1623420 588
1623430 588
1623440 588
1623450 589
1623460 590
1623470 590
1623480 590
1623490 591
1623500 591
1623510 592
1623520 592
1623530 592
1623540 593
1623550 593
1623560 593
1623570 594
1623580 594
1623590 594
1623600 594
1623610 595
1623620 595
1623630 595
1623640 595
1623650 596
1623660 596
1623670 596
1623680 596
1623690 596
1623700 597
1623710 597
1623720 597
1623730 598
1623740 598
1623750 598
1623760 598
1623770 597
1623780 597
1623790 598
1623800 597
1623810 597
1623820 596
1623830 596
1623840 596
1623850 596
1623860 596
1623870 596
1623880 593
1623890 593
1623900 593
1623910 593
1623920 593
1623930 593
1623940 592
1623950 591
1623960 591
1623970 590
1623980 590
1623990 590
1624000 589
1624010 588
1624020 588
1624030 587
1624040 586
1624050 586
1624060 584
1624070 582
1624080 582
1624090 582
1624100 580
1624110 580
1624120 578
1624130 576
1624140 576
1624150 574
1624160 570
1624170 570
1624180 567
1624190 563
1624200 563
1624210 560
1624220 556
1624230 556
1624240 553
1624250 549
1624260 549
1624270 543
1624280 538
1624290 538
1624300 536
1624310 534
1624320 534
1624330 532
1624340 529
1624350 529
1624360 528
1624370 527
1624380 527
1624390 527
1624400 528
1624410 528
1624420 529
1624430 531
1624440 531
1624450 534
1624460 536
1624470 539
1624480 539
1624490 541
1624500 543
1624510 543
1624520 545
1624530 546
1624540 546
1624550 549
1624560 551
1624570 551
1624580 552
1624590 553
1624600 553
1624610 555
1624620 555
1624630 555
1624640 557
1624650 558
1624660 558
1624670 560
1624680 561
1624690 561
1624700 563
1624710 564
1624720 564
1624730 565
1624740 566
1624750 566
1624760 567
1624770 568
1624780 568
1624790 569
1624800 573
1624810 573
1624820 573
1624830 574
1624840 574
1624850 573
1624860 572
1624870 572
1624880 569
1624890 567
1624900 567
1624910 568
1624920 568
1624930 568
1624940 569
1624950 570
1624960 570
1624970 571
1624980 571
1624990 571
1625000 571
1625010 569
1625020 569
1625030 567
1625040 566
1625050 566
1625060 568
1625070 574
1625080 574
1625090 577
1625100 581
1625110 581
1625120 584
1625130 586
1625140 586
1625150 589
1625160 592
1625170 592
1625180 595
1625190 598
1625200 598
1625210 600
1625220 603
1625230 603
1625240 606
1625250 608
1625260 608
1625270 611
1625280 614
1625290 614
1625300 617
1625310 620
1625320 622
1625330 622
1625340 625
1625350 627
1625360 627
1625370 630
1625380 632
1625390 632
1625400 634
1625410 637
1625420 637
1625430 640
1625440 642
1625450 642
1625460 645
1625470 648
1625480 648
1625490 651
1625500 653
1625510 653
1625520 656
1625530 659
1625540 659
1625550 662
1625560 664
1625570 664
1625580 666
1625590 669
1625600 669
1625610 672
1625620 675
1625630 675
1625640 678
1625650 680
1625660 680
1625670 682
1625680 685
1625690 685
1625700 688
1625710 691
1625720 689
1625730 692
1625740 694
1625750 694
1625760 696
1625770 700
1625780 700
1625790 702
1625800 705
1625810 705
1625820 708
1625830 711
1625840 711
1625850 714
1625860 716
1625870 716
1625880 719
1625890 721
1625900 721
1625910 723
1625920 724
1625930 724
1625940 726
1625950 727
1625960 727
1625970 729
1625980 730
1625990 730
1626000 731
1626010 733
1626020 733
1626030 734
1626040 735
1626050 735
1626060 736
1626070 737
1626080 737
1626090 738
1626100 738
1626110 738
1626120 739
1626130 740
1626140 740
1626150 741
1626160 741
1626170 742
1626180 742
1626190 743
1626200 745
1626210 745
1626220 746
1626230 747
1626240 747
1626250 748
1626260 749
1626270 749
1626280 750
1626290 751
1626300 751
1626310 752
1626320 753
1626330 753
1626340 754
1626350 755
1626360 755
1626370 756
1626380 756
1626390 756
1626400 758
1626410 759
1626420 759
1626430 759
1626440 759
1626450 759
1626460 761
1626470 762
1626480 762
1626490 763
1626500 764
1626510 764
1626520 767
1626530 769
1626540 769
1626550 771
1626560 773
1626570 773
1626580 774
1626590 775
1626600 775
1626610 777
1626620 779
1626630 774
1626640 776
1626650 777
1626660 777
1626670 777
1626680 778
1626690 778
1626700 780
1626710 782
1626720 782
1626730 783
1626740 784
1626750 784
1626760 785
1626770 786
1626780 786
1626790 786
1626800 787
1626810 787
1626820 787
1626830 788
1626840 788
1626850 789
1626860 790
1626870 790
1626880 790
1626890 789
1626900 789
1626910 789
1626920 789
1626930 789
1626940 790
1626950 791
1626960 791
1626970 792
1626980 793
1626990 793
1627000 793
1627010 792
1627020 791
1627030 791
1627040 789
1627050 788
1627060 788
1627070 786
1627080 783
1627090 783
1627100 780
1627110 777
1627120 777
1627130 775
1627140 771
1627150 771
1627160 768
1627170 764
1627180 764
1627190 760
1627200 758
1627210 758
1627220 756
1627230 753
1627240 753
1627250 751
1627260 748
1627270 748
1627280 745
1627290 741
1627300 741
1627310 738
1627320 735
1627330 735
1627340 732
1627350 730
1627360 730
1627370 729
1627380 727
1627390 727
1627400 723
1627410 719
1627420 719
1627430 715
1627440 712
1627450 712
1627460 709
1627470 706
1627480 706
1627490 703
1627500 700
1627510 700
1627520 698
1627530 698
1627540 698
1627550 694
1627560 689
1627570 689
1627580 683
1627590 678
1627600 678
1627610 673
1627620 669
1627630 669
1627640 666
1627650 664
1627660 664
1627670 662
1627680 662
1627690 662
1627700 661
1627710 659
1627720 659
1627730 657
1627740 656
1627750 656
1627760 654
1627770 652
1627780 652
1627790 650
1627800 649
1627810 649
1627820 647
1627830 646
1627840 646
1627850 645
1627860 644
1627870 644
1627880 644
1627890 643
1627900 642
1627910 642
1627920 642
1627930 641
1627940 641
1627950 640
1627960 639
1627970 639
1627980 639
1627990 639
1628000 639
1628010 638
1628020 637
1628030 637
1628040 636
1628050 635
1628060 635
1628070 634
1628080 632
1628090 632
1628100 631
1628110 630
1628120 630
1628130 629
1628140 627
1628150 627
1628160 626
1628170 624
1628180 624
1628190 622
1628200 620
1628210 620
1628220 619
1628230 617
1628240 617
1628250 615
1628260 613
1628270 613
1628280 611
1628290 609
1628300 609
1628310 608
1628320 605
1628330 605
1628340 602
1628350 601
1628360 601
1628370 600
1628380 600
1628390 600
1628400 599
1628410 597
1628420 597
1628430 599
1628440 597
1628450 597
1628460 595
1628470 592
1628480 592
1628490 590
1628500 586
1628510 586
1628520 584
1628530 582
1628540 582
1628550 579
1628560 577
1628570 577
1628580 576
1628590 575
1628600 575
1628610 573
1628620 571
1628630 571
1628640 569
1628650 567
1628660 567
1628670 564
1628680 561
1628690 561
1628700 558
1628710 556
1628720 554
1628730 554
1628740 552
1628750 551
1628760 551
1628770 550
1628780 548
1628790 548
1628800 545
1628810 541
1628820 541
1628830 540
1628840 538
1628850 538
1628860 535
1628870 532
1628880 532
1628890 529
1628900 526
1628910 526
1628920 523
1628930 522
1628940 522
1628950 520
1628960 518
1628970 518
1628980 517
1628990 518
1629000 518
1629010 520
1629020 522
1629030 522
1629040 525
1629050 528
1629060 528
1629070 530
1629080 533
1629090 533
1629100 535
1629110 537
1629120 537
1629130 538
1629140 541
1629150 541
1629160 543
1629170 546
1629180 546
1629190 549
1629200 551
1629210 551
1629220 553
1629230 555
1629240 555
1629250 557
1629260 560
1629270 560
1629280 561
1629290 561
1629300 561
1629310 565
1629320 567
1629330 569
1629340 570
1629350 572
1629360 572
1629370 573
1629380 575
1629390 575
1629400 576
1629410 578
1629420 578
1629430 579
1629440 580
1629450 580
1629460 580
1629470 581
1629480 581
1629490 582
1629500 583
1629510 583
1629520 583
1629530 584
1629540 584
1629550 584
1629560 584
1629570 585
1629580 585
1629590 585
1629600 585
1629610 585
1629620 586
1629630 586
1629640 586
1629650 586
1629660 586
1629670 586
1629680 586
1629690 585
1629700 585
1629710 585
1629720 586
1629730 586
1629740 586
1629750 586
1629760 586
1629770 585
1629780 585
1629790 585
1629800 585
1629810 584
1629820 584
1629830 584
1629840 583
1629850 583
1629860 582
1629870 580
1629880 580
1629890 579
1629900 577
1629910 577
1629920 575
1629930 573
1629940 573
1629950 572
1629960 571
1629970 571
1629980 570
1629990 568
1630000 568
1630010 567
1630020 566
1630030 566
1630040 566
1630050 565
1630060 565
1630070 564
1630080 563
1630090 563
1630100 561
1630110 560
1630120 560
1630130 558
1630140 557
1630150 557
1630160 555
1630170 553
1630180 553
1630190 551
1630200 549
1630210 549
1630220 547
1630230 546
1630240 546
1630250 544
1630260 543
1630270 543
1630280 541
1630290 539
1630300 539
1630310 538
1630320 536
1630330 536
1630340 534
1630350 533
1630360 533
1630370 531
1630380 530
1630390 530
1630400 528
1630410 526
1630420 524
1630430 524
1630440 521
1630450 519
1630460 519
1630470 515
1630480 510
1630490 510
1630500 511
1630510 513
1630520 513
1630530 513
1630540 512
1630550 512
1630560 511
1630570 511
1630580 511
1630590 510
1630600 509
1630610 509
1630620 508
1630630 507
1630640 507
1630650 506
1630660 504
1630670 504
1630680 502
1630690 500
1630700 500
1630710 500
1630720 500
1630730 500
1630740 500
1630750 501
1630760 501
1630770 502
1630780 502
1630790 502
1630800 504
1630810 505
1630820 505
1630830 505
1630840 506
1630850 506
1630860 508
1630870 510
1630880 510
1630890 511
1630900 512
1630910 512
1630920 514
1630930 515
1630940 515
1630950 516
1630960 518
1630970 518
1630980 520
1630990 521
1631000 521
1631010 522
1631020 523
1631030 523
1631040 525
1631050 526
1631060 526
1631070 527
1631080 529
1631090 529
1631100 533
1631110 534
1631120 534
1631130 535
1631140 537
1631150 537
1631160 539
1631170 541
1631180 541
1631190 544
1631200 547
1631210 547
1631220 550
1631230 553
1631240 553
1631250 556
1631260 558
1631270 560
1631280 560
1631290 563
1631300 565
1631310 565
1631320 568
1631330 570
1631340 570
1631350 572
1631360 573
1631370 573
1631380 576
1631390 579
1631400 579
1631410 582
1631420 585
1631430 585
1631440 587
1631450 589
1631460 589
1631470 591
1631480 592
1631490 592
1631500 593
1631510 595
1631520 595
1631530 596
1631540 597
1631550 597
1631560 598
1631570 599
1631580 599
1631590 600
1631600 600
1631610 600
1631620 601
1631630 602
1631640 602
1631650 604
1631660 604
1631670 604
1631680 604
1631690 605
1631700 605
1631710 605
1631720 605
1631730 605
1631740 605
1631750 605
1631760 605
1631770 605
1631780 605
1631790 605
1631800 606
1631810 607
1631820 607
1631830 607
1631840 607
1631850 607
1631860 607
1631870 607
1631880 607
1631890 606
1631900 606
1631910 606
1631920 605
1631930 605
1631940 605
1631950 605
1631960 604
1631970 604
1631980 607
1631990 606
1632000 606
1632010 605
1632020 603
1632030 603
1632040 601
1632050 598
1632060 598
1632070 596
1632080 595
1632090 593
1632100 593
1632110 591
1632120 589
1632130 589
1632140 585
1632150 580
1632160 580
1632170 575
1632180 570
1632190 570
1632200 564
1632210 559
1632220 559
1632230 552
1632240 546
1632250 546
1632260 539
1632270 532
1632280 532
1632290 525
1632300 518
1632310 518
1632320 512
1632330 506
1632340 506
1632350 501
1632360 495
1632370 495
1632380 491
1632390 484
1632400 484
1632410 478
1632420 478
1632430 478
1632440 478
1632450 481
1632460 481
1632470 488
1632480 495
1632490 495
1632500 501
1632510 507
1632520 507
1632530 513
1632540 519
1632550 519
1632560 525
1632570 531
1632580 531
1632590 537
1632600 542
1632610 542
1632620 547
1632630 553
1632640 553
1632650 558
1632660 563
1632670 563
1632680 568
1632690 572
1632700 572
1632710 576
1632720 580
1632730 580
1632740 584
1632750 588
1632760 588
1632770 591
1632780 595
1632790 595
1632800 598
1632810 601
1632820 601
1632830 603
1632840 605
1632850 605
1632860 607
1632870 609
1632880 609
1632890 610
1632900 611
1632910 611
1632920 611
1632930 611
1632940 611
1632950 611
1632960 612
1632970 613
1632980 613
1632990 614
1633000 615
1633010 615
1633020 616
1633030 618
1633040 618
1633050 619
1633060 620
1633070 620
1633080 621
1633090 622
1633100 622
1633110 623
1633120 623
1633130 623
1633140 624
1633150 624
1633160 624
1633170 624
1633180 625
1633190 625
1633200 626
1633210 627
1633220 627
1633230 628
1633240 629
1633250 629
1633260 630
1633270 631
1633280 631
1633290 632
1633300 634
1633310 634
1633320 635
1633330 636
1633340 636
1633350 638
1633360 639
1633370 639
1633380 640
1633390 642
1633400 642
1633410 643
1633420 644
1633430 644
1633440 645
1633450 647
1633460 647
1633470 648
1633480 649
1633490 649
1633500 650
1633510 652
1633520 652
1633530 654
1633540 656
1633550 656
1633560 659
1633570 661
1633580 661
1633590 663
1633600 665
1633610 665
1633620 667
1633630 670
1633640 670
1633650 672
1633660 674
1633670 674
1633680 676
1633690 678
1633700 678
1633710 679
1633720 680
1633730 680
1633740 682
1633750 684
1633760 684
1633770 686
1633780 688
1633790 690
1633800 690
1633810 692
1633820 693
1633830 693
1633840 695
1633850 697
1633860 697
1633870 698
1633880 700
1633890 700
1633900 702
1633910 703
1633920 703
1633930 704
1633940 705
1633950 705
1633960 707
1633970 709
1633980 709
1633990 711
1634000 712
1634010 712
1634020 714
1634030 715
1634040 715
1634050 716
1634060 717
1634070 717
1634080 718
1634090 718
1634100 718
1634110 719
1634120 719
1634130 719
1634140 720
1634150 720
1634160 720
1634170 721
1634180 722
1634190 722
1634200 722
1634210 723
1634220 723
1634230 724
1634240 725
1634250 725
1634260 725
1634270 726
1634280 726
1634290 726
1634300 726
1634310 726
1634320 726
1634330 725
1634340 725
1634350 725
1634360 724
1634370 724
1634380 723
1634390 722
1634400 722
1634410 721
1634420 719
1634430 719
1634440 719
1634450 719
1634460 719
1634470 718
1634480 717
1634490 717
1634500 716
1634510 715
1634520 715
1634530 714
1634540 713
1634550 713
1634560 711
1634570 708
1634580 705
1634590 702
1634600 700
1634610 700
1634620 699
1634630 698
1634640 697
1634650 697
1634660 696
1634670 696
1634680 696
1634690 695
1634700 695
1634710 695
1634720 695
1634730 695
1634740 695
1634750 694
1634760 694
1634770 694
1634780 693
1634790 691
1634800 691
1634810 688
1634820 685
1634830 685
1634840 682
1634850 683
1634860 683
1634870 683
1634880 683
1634890 683
1634900 686
1634910 690
1634920 690
1634930 694
1634940 696
1634950 696
1634960 700
1634970 702
1634980 702
1634990 703
1635000 705
1635010 705
1635020 707
1635030 708
1635040 708
1635050 709
1635060 710
1635070 710
1635080 712
1635090 713
1635100 713
1635110 714
1635120 715
1635130 715
1635140 717
1635150 718
1635160 718
1635170 720
1635180 722
1635190 722
1635200 724
1635210 725
1635220 725
1635230 727
1635240 728
1635250 728
1635260 729
1635270 729
1635280 729
1635290 729
1635300 728
1635310 728
1635320 728
1635330 726
1635340 726
1635350 724
1635360 722
1635370 722
1635380 721
1635390 721
1635400 721
1635410 719
1635420 720
1635430 720
1635440 716
1635450 715
1635460 715
1635470 717
1635480 719
1635490 719
1635500 720
1635510 722
1635520 724
1635530 724
1635540 725
1635550 727
1635560 727
1635570 729
1635580 731
1635590 731
1635600 733
1635610 735
1635620 735
1635630 738
1635640 740
1635650 740
1635660 742
1635670 745
1635680 745
1635690 747
1635700 749
1635710 749
1635720 752
1635730 754
1635740 754
1635750 757
1635760 759
1635770 759
1635780 762
1635790 765
1635800 765
1635810 768
1635820 771
1635830 771
1635840 774
1635850 777
1635860 777
1635870 781
1635880 784
1635890 784
1635900 787
1635910 790
1635920 790
1635930 794
1635940 797
1635950 797
1635960 800
1635970 803
1635980 803
1635990 806
1636000 809
1636010 809
1636020 812
1636030 815
1636040 815
1636050 817
1636060 820
1636070 820
1636080 822
1636090 822
1636100 822
1636110 824
1636120 824
1636130 824
1636140 824
1636150 824
1636160 824
1636170 824
1636180 825
1636190 825
1636200 825
1636210 824
1636220 824
1636230 824
1636240 824
1636250 824
1636260 823
1636270 823
1636280 823
1636290 818
1636300 818
1636310 818
1636320 818
1636330 817
1636340 817
1636350 817
1636360 817
1636370 817
1636380 817
1636390 817
1636400 817
1636410 817
1636420 817
1636430 816
1636440 816
1636450 815
1636460 813
1636470 813
1636480 811
1636490 806
1636500 806
1636510 804
1636520 801
1636530 801
1636540 797
1636550 792
1636560 792
1636570 788
1636580 786
1636590 786
1636600 783
1636610 779
1636620 779
1636630 777
1636640 775
1636650 775
1636660 772
1636670 769
1636680 769
1636690 765
1636700 760
1636710 760
1636720 754
1636730 747
1636740 747
1636750 741
1636760 736
1636770 736
1636780 729
1636790 723
1636800 723
1636810 717
1636820 709
1636830 709
1636840 704
1636850 698
1636860 698
1636870 695
1636880 691
1636890 691
1636900 689
1636910 686
1636920 686
1636930 683
1636940 680
1636950 680
1636960 678
1636970 676
1636980 676
1636990 673
1637000 671
1637010 671
1637020 668
1637030 665
1637040 665
1637050 662
1637060 659
1637070 659
1637080 656
1637090 652
1637100 652
1637110 647
1637120 643
1637130 643
1637140 637
1637150 634
1637160 634
1637170 632
1637180 630
1637190 630
1637200 627
1637210 624
1637220 622
1637230 622
1637240 620
1637250 617
1637260 617
1637270 612
1637280 609
1637290 609
1637300 605
1637310 602
1637320 602
1637330 597
1637340 590
1637350 590
1637360 583
1637370 575
1637380 575
1637390 569
1637400 562
1637410 562
1637420 555
1637430 550
1637440 550
1637450 543
1637460 537
1637470 537
1637480 529
1637490 519
1637500 519
1637510 509
1637520 509
1637530 509
1637540 516
1637550 522
1637560 522
1637570 526
1637580 531
1637590 531
1637600 535
1637610 536
1637620 536
1637630 536
1637640 536
1637650 536
1637660 536
1637670 536
1637680 536
1637690 537
1637700 538
1637710 538
1637720 538
1637730 539
1637740 539
1637750 539
1637760 540
1637770 540
1637780 541
1637790 542
1637800 542
1637810 544
1637820 545
1637830 545
1637840 546
1637850 547
1637860 547
1637870 548
1637880 550
1637890 550
1637900 551
1637910 553
1637920 553
1637930 554
1637940 556
1637950 556
1637960 557
1637970 559
1637980 559
1637990 561
1638000 562
1638010 562
1638020 564
1638030 565
1638040 565
1638050 567
1638060 568
1638070 570
1638080 570
1638090 571
1638100 572
1638110 572
1638120 573
1638130 575
1638140 575
1638150 576
1638160 578
1638170 578
1638180 579
1638190 580
1638200 580
1638210 581
1638220 582
1638230 582
1638240 583
1638250 584
1638260 584
1638270 585
1638280 586
1638290 586
1638300 587
1638310 587
1638320 587
1638330 587
1638340 587
1638350 587
1638360 587
1638370 586
1638380 586
1638390 586
1638400 586
1638410 586
1638420 586
1638430 586
1638440 586
1638450 586
1638460 586
1638470 586
1638480 586
1638490 586
1638500 586
1638510 585
1638520 584
1638530 584
1638540 583
1638550 583
1638560 583
1638570 582
1638580 582
1638590 582
1638600 581
1638610 580
1638620 580
1638630 579
1638640 578
1638650 578
1638660 577
1638670 576
1638680 576
1638690 574
1638700 572
1638710 572
1638720 570
1638730 568
1638740 568
1638750 567
1638760 566
1638770 566
1638780 565
1638790 564
1638800 564
1638810 563
1638820 558
1638830 558
1638840 556
1638850 555
1638860 555
1638870 554
1638880 553
1638890 553
1638900 552
1638910 551
1638920 550
1638930 550
1638940 549
1638950 548
1638960 548
1638970 546
1638980 545
1638990 545
1639000 544
1639010 542
1639020 542
1639030 541
1639040 540
1639050 540
1639060 539
1639070 538
1639080 538
1639090 537
1639100 537
1639110 537
1639120 536
1639130 535
1639140 535
1639150 535
1639160 535
1639170 535
1639180 535
1639190 534
1639200 534
1639210 534
1639220 533
1639230 533
1639240 533
1639250 533
1639260 533
1639270 532
1639280 532
1639290 532
1639300 531
1639310 531
1639320 531
1639330 530
1639340 529
1639350 529
1639360 528
1639370 527
1639380 527
1639390 527
1639400 526
1639410 526
1639420 525
1639430 524
1639440 524
1639450 522
1639460 521
1639470 521
1639480 518
1639490 516
1639500 516
1639510 514
1639520 513
1639530 513
1639540 511
1639550 508
1639560 508
1639570 505
1639580 502
1639590 502
1639600 502
1639610 501
1639620 501
1639630 500
1639640 499
1639650 502
1639660 501
1639670 502
1639680 502
1639690 502
1639700 501
1639710 501
1639720 500
1639730 499
1639740 499
1639750 499
1639760 498
1639770 497
1639780 497
1639790 496
1639800 497
1639810 497
1639820 496
1639830 497
1639840 497
1639850 497
1639860 497
1639870 497
1639880 497
1639890 497
1639900 497
1639910 497
1639920 497
1639930 497
1639940 498
1639950 498
1639960 498
1639970 499
1639980 500
1639990 500
