1620000 602
1620010 602
1620020 602
1620030 602
1620040 603
1620050 603
1620060 603
1620070 603
1620080 603
1620090 603
1620100 603
1620110 603
1620120 603
1620130 604
1620140 604
1620150 604
1620160 605
1620170 605
1620180 605
1620190 605
1620200 605
1620210 605
1620220 605
1620230 605
1620240 605
1620250 604
1620260 604
1620270 604
1620280 603
1620290 603
1620300 603
1620310 604
1620320 604
1620330 604
1620340 603
1620350 603
1620360 603
1620370 602
1620380 602
1620390 601
1620400 600
1620410 600
1620420 599
1620430 598
1620440 598
1620450 595
1620460 594
1620470 594
1620480 592
1620490 590
1620500 590
1620510 589
1620520 587
1620530 587
1620540 586
1620550 585
1620560 585
1620570 584
1620580 583
1620590 583
1620600 582
1620610 580
1620620 580
1620630 579
1620640 577
1620650 576
1620660 576
1620670 575
1620680 573
1620690 573
1620700 572
1620710 571
1620720 571
1620730 570
1620740 569
1620750 569
1620760 568
1620770 567
1620780 567
1620790 565
1620800 564
1620810 564
1620820 562
1620830 560
1620840 560
1620850 558
1620860 556
1620870 556
1620880 555
1620890 554
1620900 554
1620910 552
1620920 551
1620930 551
1620940 550
1620950 548
1620960 548
1620970 547
1620980 545
1620990 545
1621000 543
1621010 541
1621020 541
1621030 537
1621040 531
1621050 531
1621060 527
1621070 523
1621080 523
1621090 518
1621100 517
1621110 517
1621120 516
1621130 513
1621140 513
1621150 511
1621160 510
1621170 510
1621180 509
1621190 507
1621200 507
1621210 507
1621220 506
1621230 506
1621240 505
1621250 503
1621260 503
1621270 501
1621280 499
1621290 499
1621300 498
1621310 498
1621320 498
1621330 497
1621340 495
1621350 495
1621360 494
1621370 494
1621380 494
1621390 492
1621400 492
1621410 492
1621420 490
1621430 491
1621440 491
1621450 493
1621460 497
1621470 497
1621480 499
1621490 500
1621500 501
1621510 501
1621520 502
1621530 501
1621540 501
1621550 502
1621560 505
1621570 505
1621580 506
1621590 506
1621600 506
1621610 509
1621620 511
1621630 511
1621640 513
1621650 514
1621660 514
1621670 515
1621680 515
1621690 515
1621700 516
1621710 520
1621720 520
1621730 521
1621740 522
1621750 522
1621760 523
1621770 524
1621780 524
1621790 525
1621800 525
1621810 525
1621820 525
1621830 525
1621840 525
1621850 524
1621860 523
1621870 523
1621880 521
1621890 520
1621900 520
1621910 517
1621920 515
1621930 515
1621940 513
1621950 514
1621960 514
1621970 514
1621980 513
1621990 513
1622000 516
1622010 517
1622020 517
1622030 518
1622040 519
1622050 519
1622060 519
1622070 520
1622080 520
1622090 521
1622100 521
1622110 521
1622120 521
1622130 521
1622140 521
1622150 522
1622160 522
1622170 522
1622180 521
1622190 520
1622200 520
1622210 521
1622220 521
1622230 521
1622240 520
1622250 521
1622260 521
1622270 522
1622280 521
1622290 521
1622300 520
1622310 519
1622320 519
1622330 519
1622340 518
1622350 518
1622360 517
1622370 516
1622380 514
1622390 514
1622400 513
1622410 514
1622420 514
1622430 513
1622440 513
1622450 513
1622460 512
1622470 511
1622480 511
1622490 510
1622500 510
1622510 510
1622520 509
1622530 508
1622540 508
1622550 508
1622560 507
1622570 507
1622580 507
1622590 506
1622600 506
1622610 505
1622620 504
1622630 504
1622640 504
1622650 504
1622660 504
1622670 503
1622680 503
1622690 503
1622700 503
1622710 503
1622720 503
1622730 503
1622740 503
1622750 503
1622760 502
1622770 502
1622780 502
1622790 502
1622800 501
1622810 501
1622820 500
1622830 499
1622840 499
1622850 498
1622860 496
1622870 496
1622880 493
1622890 492
1622900 492
1622910 490
1622920 489
1622930 489
1622940 488
1622950 490
1622960 490
1622970 493
1622980 497
1622990 497
1623000 501
1623010 504
1623020 504
1623030 507
1623040 509
1623050 509
1623060 511
1623070 513
1623080 513
1623090 514
1623100 516
1623110 516
1623120 518
1623130 520
1623140 520
1623150 522
1623160 524
1623170 524
1623180 526
1623190 529
1623200 529
1623210 530
1623220 532
1623230 532
1623240 534
1623250 536
1623260 538
1623270 539
1623280 540
1623290 542
1623300 542
1623310 543
1623320 544
1623330 544
1623340 545
1623350 546
1623360 546
1623370 546
1623380 546
1623390 546
1623400 544
1623410 542
1623420 542
1623430 540
1623440 537
1623450 537
1623460 537
1623470 540
1623480 540
1623490 541
1623500 542
1623510 542
1623520 543
1623530 545
1623540 545
1623550 547
1623560 548
1623570 548
1623580 550
1623590 551
1623600 551
1623610 553
1623620 555
1623630 555
1623640 556
1623650 558
1623660 558
1623670 560
1623680 561
1623690 561
1623700 563
1623710 565
1623720 565
1623730 567
1623740 569
1623750 569
1623760 570
1623770 572
1623780 572
1623790 574
1623800 575
1623810 575
1623820 577
1623830 578
1623840 578
1623850 579
1623860 581
1623870 581
1623880 583
1623890 584
1623900 584
1623910 585
1623920 587
1623930 587
1623940 588
1623950 589
1623960 589
1623970 590
1623980 591
1623990 591
1624000 591
1624010 592
1624020 592
1624030 593
1624040 593
1624050 593
1624060 594
1624070 594
1624080 594
1624090 594
1624100 593
1624110 593
1624120 592
1624130 590
1624140 589
1624150 589
1624160 589
1624170 588
1624180 588
1624190 588
1624200 590
1624210 590
1624220 590
1624230 589
1624240 589
1624250 589
1624260 589
1624270 589
1624280 588
1624290 588
1624300 588
1624310 589
1624320 590
1624330 590
1624340 590
1624350 590
1624360 590
1624370 591
1624380 592
1624390 592
1624400 592
1624410 590
1624420 590
1624430 588
1624440 589
1624450 589
1624460 589
1624470 588
1624480 588
1624490 586
1624500 587
1624510 587
1624520 589
1624530 589
1624540 589
1624550 590
1624560 590
1624570 590
1624580 589
1624590 591
1624600 591
1624610 594
1624620 594
1624630 594
1624640 595
1624650 596
1624660 596
1624670 596
1624680 596
1624690 596
1624700 597
1624710 596
1624720 596
1624730 595
1624740 597
1624750 597
1624760 599
1624770 602
1624780 602
1624790 606
1624800 613
1624810 613
1624820 614
1624830 616
1624840 616
1624850 620
1624860 625
1624870 625
1624880 628
1624890 631
1624900 631
1624910 633
1624920 635
1624930 635
1624940 638
1624950 641
1624960 641
1624970 643
1624980 646
1624990 646
1625000 649
1625010 652
1625020 654
1625030 654
1625040 656
1625050 659
1625060 659
1625070 662
1625080 665
1625090 665
1625100 667
1625110 670
1625120 670
1625130 672
1625140 674
1625150 674
1625160 677
1625170 679
1625180 679
1625190 681
1625200 684
1625210 684
1625220 686
1625230 688
1625240 688
1625250 691
1625260 693
1625270 693
1625280 695
1625290 697
1625300 697
1625310 699
1625320 701
1625330 701
1625340 703
1625350 705
1625360 705
1625370 706
1625380 707
1625390 707
1625400 708
1625410 708
1625420 708
1625430 708
1625440 709
1625450 709
1625460 708
1625470 708
1625480 708
1625490 707
1625500 706
1625510 706
1625520 705
1625530 704
1625540 704
1625550 703
1625560 702
1625570 702
1625580 701
1625590 700
1625600 700
1625610 699
1625620 698
1625630 698
1625640 696
1625650 694
1625660 694
1625670 692
1625680 689
1625690 689
1625700 687
1625710 685
1625720 685
1625730 684
1625740 683
1625750 683
1625760 683
1625770 681
1625780 681
1625790 680
1625800 679
1625810 679
1625820 679
1625830 679
1625840 679
1625850 679
1625860 680
1625870 680
1625880 680
1625890 681
1625900 681
1625910 681
1625920 682
1625930 682
1625940 682
1625950 683
1625960 682
1625970 682
1625980 682
1625990 681
1626000 681
1626010 681
1626020 680
1626030 680
1626040 679
1626050 677
1626060 677
1626070 676
1626080 675
1626090 675
1626100 674
1626110 673
1626120 673
1626130 671
1626140 670
1626150 670
1626160 668
1626170 667
1626180 667
1626190 665
1626200 663
1626210 663
1626220 661
1626230 659
1626240 659
1626250 656
1626260 654
1626270 654
1626280 652
1626290 649
1626300 649
1626310 647
1626320 645
1626330 645
1626340 642
1626350 640
1626360 640
1626370 638
1626380 635
1626390 635
1626400 633
1626410 632
1626420 632
1626430 630
1626440 627
1626450 627
1626460 625
1626470 623
1626480 623
1626490 620
1626500 617
1626510 617
1626520 614
1626530 611
1626540 611
1626550 608
1626560 606
1626570 606
1626580 603
1626590 600
1626600 600
1626610 597
1626620 594
1626630 594
1626640 593
1626650 591
1626660 591
1626670 588
1626680 584
1626690 584
1626700 581
1626710 580
1626720 580
1626730 577
1626740 574
1626750 570
1626760 570
1626770 568
1626780 567
1626790 567
1626800 565
1626810 564
1626820 564
1626830 563
1626840 561
1626850 561
1626860 560
1626870 557
1626880 557
1626890 556
1626900 555
1626910 555
1626920 554
1626930 554
1626940 554
1626950 553
1626960 554
1626970 554
1626980 553
1626990 552
1627000 552
1627010 550
1627020 547
1627030 547
1627040 548
1627050 547
1627060 547
1627070 547
1627080 546
1627090 546
1627100 546
1627110 545
1627120 545
1627130 544
1627140 544
1627150 544
1627160 543
1627170 542
1627180 542
1627190 541
1627200 540
1627210 540
1627220 539
1627230 538
1627240 538
1627250 537
1627260 537
1627270 537
1627280 536
1627290 534
1627300 534
1627310 533
1627320 531
1627330 531
1627340 530
1627350 529
1627360 529
1627370 528
1627380 527
1627390 527
1627400 526
1627410 525
1627420 525
1627430 523
1627440 522
1627450 522
1627460 521
1627470 520
1627480 520
1627490 519
1627500 518
1627510 518
1627520 516
1627530 515
1627540 515
1627550 515
1627560 515
1627570 515
1627580 514
1627590 513
1627600 513
1627610 512
1627620 511
1627630 510
1627640 510
1627650 509
1627660 508
1627670 508
1627680 507
1627690 506
1627700 506
1627710 505
1627720 504
1627730 504
1627740 501
1627750 497
1627760 497
1627770 492
1627780 487
1627790 487
1627800 482
1627810 478
1627820 478
1627830 473
1627840 467
1627850 467
1627860 464
1627870 465
1627880 465
1627890 466
1627900 468
1627910 468
1627920 471
1627930 474
1627940 474
1627950 476
1627960 478
1627970 478
1627980 480
1627990 484
1628000 484
1628010 487
1628020 490
1628030 490
1628040 492
1628050 495
1628060 495
1628070 497
1628080 499
1628090 499
1628100 502
1628110 504
1628120 504
1628130 506
1628140 508
1628150 508
1628160 510
1628170 512
1628180 512
1628190 514
1628200 516
1628210 516
1628220 518
1628230 519
1628240 519
1628250 521
1628260 522
1628270 522
1628280 524
1628290 526
1628300 526
1628310 527
1628320 528
1628330 528
1628340 530
1628350 531
1628360 531
1628370 532
1628380 533
1628390 533
1628400 534
1628410 534
1628420 534
1628430 535
1628440 536
1628450 536
1628460 536
1628470 536
1628480 536
1628490 537
1628500 537
1628510 537
1628520 537
1628530 538
1628540 538
1628550 538
1628560 538
1628570 539
1628580 539
1628590 539
1628600 539
1628610 539
1628620 539
1628630 540
1628640 540
1628650 540
1628660 540
1628670 540
1628680 540
1628690 540
1628700 540
1628710 541
1628720 541
1628730 541
1628740 541
1628750 539
1628760 539
1628770 539
1628780 538
1628790 538
1628800 538
1628810 539
1628820 539
1628830 539
1628840 539
1628850 539
1628860 539
1628870 540
1628880 540
1628890 540
1628900 540
1628910 540
1628920 541
1628930 541
1628940 541
1628950 542
1628960 543
1628970 543
1628980 543
1628990 544
1629000 544
1629010 544
1629020 545
1629030 545
1629040 545
1629050 545
1629060 545
1629070 545
1629080 544
1629090 544
1629100 544
1629110 543
1629120 543
1629130 543
1629140 542
1629150 542
1629160 541
1629170 540
1629180 540
1629190 538
1629200 534
1629210 534
1629220 531
1629230 528
1629240 528
1629250 527
1629260 524
1629270 524
1629280 521
1629290 519
1629300 519
1629310 517
1629320 515
1629330 515
1629340 512
1629350 508
1629360 508
1629370 504
1629380 505
1629390 506
1629400 506
1629410 504
1629420 501
1629430 501
1629440 497
1629450 496
1629460 496
1629470 495
1629480 494
1629490 494
1629500 491
1629510 487
1629520 487
1629530 488
1629540 487
1629550 487
1629560 483
1629570 484
1629580 484
1629590 482
1629600 478
1629610 478
1629620 475
1629630 474
1629640 472
1629650 471
1629660 470
1629670 470
1629680 469
1629690 467
1629700 467
1629710 463
1629720 463
1629730 463
1629740 465
1629750 466
1629760 466
1629770 468
1629780 469
1629790 469
1629800 472
1629810 475
1629820 475
1629830 478
1629840 480
1629850 480
1629860 483
1629870 485
1629880 485
1629890 488
1629900 490
1629910 490
1629920 494
1629930 498
1629940 498
1629950 502
1629960 506
1629970 506
1629980 510
1629990 513
1630000 513
1630010 516
1630020 518
1630030 518
1630040 521
1630050 524
1630060 524
1630070 526
1630080 529
1630090 529
1630100 532
1630110 534
1630120 534
1630130 537
1630140 540
1630150 540
1630160 542
1630170 544
1630180 544
1630190 546
1630200 548
1630210 548
1630220 550
1630230 554
1630240 554
1630250 557
1630260 559
1630270 561
1630280 561
1630290 564
1630300 566
1630310 566
1630320 569
1630330 571
1630340 571
1630350 574
1630360 577
1630370 577
1630380 579
1630390 581
1630400 581
1630410 583
1630420 584
1630430 584
1630440 585
1630450 586
1630460 586
1630470 586
1630480 586
1630490 586
1630500 586
1630510 587
1630520 587
1630530 588
1630540 588
1630550 588
1630560 589
1630570 590
1630580 590
1630590 591
1630600 592
1630610 592
1630620 593
1630630 594
1630640 594
1630650 595
1630660 596
1630670 596
1630680 598
1630690 598
1630700 598
1630710 599
1630720 600
1630730 600
1630740 601
1630750 601
1630760 601
1630770 602
1630780 602
1630790 602
1630800 601
1630810 600
1630820 600
1630830 600
1630840 599
1630850 599
1630860 600
1630870 601
1630880 601
1630890 601
1630900 600
1630910 600
1630920 598
1630930 597
1630940 597
1630950 597
1630960 596
1630970 596
1630980 595
1630990 595
1631000 595
1631010 594
1631020 594
1631030 594
1631040 595
1631050 595
1631060 595
1631070 596
1631080 598
1631090 598
1631100 600
1631110 601
1631120 601
1631130 601
1631140 602
1631150 602
1631160 602
1631170 601
1631180 599
1631190 599
1631200 599
1631210 599
1631220 599
1631230 599
1631240 599
1631250 599
1631260 599
1631270 598
1631280 598
1631290 597
1631300 597
1631310 597
1631320 598
1631330 599
1631340 599
1631350 600
1631360 602
1631370 602
1631380 604
1631390 606
1631400 608
1631410 609
1631420 610
1631430 610
1631440 611
1631450 613
1631460 613
1631470 614
1631480 614
1631490 614
1631500 615
1631510 616
1631520 616
1631530 618
1631540 620
1631550 620
1631560 622
1631570 625
1631580 625
1631590 627
1631600 629
1631610 629
1631620 630
1631630 632
1631640 632
1631650 634
1631660 635
1631670 635
1631680 636
1631690 638
1631700 638
1631710 639
1631720 640
1631730 640
1631740 641
1631750 642
1631760 642
1631770 643
1631780 645
1631790 645
1631800 646
1631810 647
1631820 647
1631830 649
1631840 650
1631850 650
1631860 651
1631870 653
1631880 653
1631890 654
1631900 654
1631910 654
1631920 654
1631930 654
1631940 654
1631950 654
1631960 654
1631970 654
1631980 653
1631990 653
1632000 653
1632010 652
1632020 652
1632030 651
1632040 651
1632050 651
1632060 651
1632070 651
1632080 650
1632090 650
1632100 650
1632110 649
1632120 649
1632130 649
1632140 648
1632150 648
1632160 648
1632170 647
1632180 647
1632190 647
1632200 645
1632210 644
1632220 644
1632230 642
1632240 640
1632250 640
1632260 638
1632270 637
1632280 640
1632290 639
1632300 638
1632310 638
1632320 637
1632330 636
1632340 636
1632350 635
1632360 635
1632370 635
1632380 634
1632390 633
1632400 633
1632410 633
1632420 632
1632430 632
1632440 631
1632450 630
1632460 630
1632470 628
1632480 627
1632490 627
1632500 626
1632510 625
1632520 625
1632530 624
1632540 622
1632550 622
1632560 620
1632570 617
1632580 617
1632590 615
1632600 613
1632610 613
1632620 611
1632630 609
1632640 609
1632650 607
1632660 607
1632670 607
1632680 606
1632690 606
1632700 606
1632710 606
1632720 605
1632730 605
1632740 604
1632750 604
1632760 604
1632770 603
1632780 603
1632790 603
1632800 603
1632810 602
1632820 602
1632830 599
1632840 597
1632850 597
1632860 596
1632870 594
1632880 594
1632890 593
1632900 592
1632910 591
1632920 591
1632930 589
1632940 586
1632950 586
1632960 582
1632970 579
1632980 579
1632990 577
1633000 574
1633010 574
1633020 572
1633030 570
1633040 570
1633050 568
1633060 566
1633070 566
1633080 564
1633090 562
1633100 562
1633110 561
1633120 559
1633130 559
1633140 556
1633150 557
1633160 557
1633170 554
1633180 551
1633190 551
1633200 549
1633210 549
1633220 549
1633230 548
1633240 549
1633250 549
1633260 550
1633270 550
1633280 550
1633290 551
1633300 551
1633310 551
1633320 552
1633330 552
1633340 552
1633350 552
1633360 553
1633370 553
1633380 553
1633390 554
1633400 554
1633410 554
1633420 554
1633430 554
1633440 553
1633450 553
1633460 553
1633470 552
1633480 552
1633490 552
1633500 551
1633510 549
1633520 549
1633530 548
1633540 545
1633550 545
1633560 543
1633570 542
1633580 542
1633590 540
1633600 539
1633610 539
1633620 538
1633630 537
1633640 537
1633650 536
1633660 535
1633670 535
1633680 534
1633690 533
1633700 533
1633710 531
1633720 528
1633730 528
1633740 527
1633750 526
1633760 526
1633770 525
1633780 524
1633790 523
1633800 523
1633810 522
1633820 521
1633830 521
1633840 520
1633850 519
1633860 519
1633870 517
1633880 516
1633890 516
1633900 515
1633910 513
1633920 513
1633930 512
1633940 510
1633950 510
1633960 508
1633970 506
1633980 506
1633990 503
1634000 500
1634010 500
1634020 499
1634030 498
1634040 498
1634050 496
1634060 495
1634070 495
1634080 493
1634090 490
1634100 490
1634110 486
1634120 481
1634130 481
1634140 478
1634150 475
1634160 475
1634170 474
1634180 472
1634190 472
1634200 473
1634210 473
1634220 473
1634230 473
1634240 473
1634250 473
1634260 474
1634270 475
1634280 475
1634290 476
1634300 477
1634310 477
1634320 478
1634330 478
1634340 478
1634350 479
1634360 479
1634370 479
1634380 478
1634390 478
1634400 478
1634410 477
1634420 477
1634430 477
1634440 476
1634450 474
1634460 474
1634470 473
1634480 472
1634490 472
1634500 470
1634510 469
1634520 469
1634530 467
1634540 466
1634550 466
1634560 464
1634570 462
1634580 462
1634590 458
1634600 454
1634610 454
1634620 451
1634630 448
1634640 448
1634650 445
1634660 442
1634670 438
1634680 438
1634690 434
1634700 432
1634710 432
1634720 430
1634730 431
1634740 431
1634750 431
1634760 431
1634770 431
1634780 431
1634790 431
1634800 431
1634810 432
1634820 432
1634830 432
1634840 433
1634850 433
1634860 433
1634870 433
1634880 431
1634890 431
1634900 430
1634910 430
1634920 430
1634930 430
1634940 430
1634950 430
1634960 430
1634970 430
1634980 430
1634990 430
1635000 430
1635010 430
1635020 430
1635030 430
1635040 430
1635050 430
1635060 433
1635070 433
1635080 437
1635090 437
1635100 437
1635110 438
1635120 439
1635130 439
1635140 440
1635150 441
1635160 441
1635170 443
1635180 444
1635190 444
1635200 446
1635210 446
1635220 446
1635230 448
1635240 449
1635250 449
1635260 449
1635270 448
1635280 448
1635290 450
1635300 451
1635310 451
1635320 450
1635330 451
1635340 451
1635350 453
1635360 454
1635370 454
1635380 456
1635390 457
1635400 457
1635410 459
1635420 461
1635430 461
1635440 461
1635450 462
1635460 462
1635470 463
1635480 464
1635490 464
1635500 466
1635510 467
1635520 467
1635530 467
1635540 469
1635550 470
1635560 470
1635570 471
1635580 472
1635590 472
1635600 473
1635610 473
1635620 473
1635630 474
1635640 475
1635650 475
1635660 475
1635670 475
1635680 475
1635690 475
1635700 472
1635710 472
1635720 469
1635730 464
1635740 464
1635750 462
1635760 459
1635770 459
1635780 456
1635790 458
1635800 458
1635810 462
1635820 465
1635830 465
1635840 468
1635850 471
1635860 471
1635870 474
1635880 476
1635890 476
1635900 478
1635910 481
1635920 481
1635930 483
1635940 485
1635950 485
1635960 487
1635970 489
1635980 489
1635990 491
1636000 493
1636010 493
1636020 494
1636030 495
1636040 495
1636050 497
1636060 498
1636070 498
1636080 499
1636090 500
1636100 500
1636110 501
1636120 502
1636130 502
1636140 503
1636150 505
1636160 505
1636170 506
1636180 505
1636190 505
1636200 504
1636210 504
1636220 504
1636230 504
1636240 506
1636250 506
1636260 507
1636270 508
1636280 508
1636290 508
1636300 509
1636310 509
1636320 510
1636330 510
1636340 510
1636350 510
1636360 510
1636370 510
1636380 511
1636390 511
1636400 511
1636410 512
1636420 512
1636430 512
1636440 512
1636450 513
1636460 514
1636470 514
1636480 515
1636490 515
1636500 515
1636510 516
1636520 517
1636530 517
1636540 517
1636550 518
1636560 518
1636570 518
1636580 515
1636590 515
1636600 515
1636610 516
1636620 516
1636630 516
1636640 517
1636650 517
1636660 518
1636670 518
1636680 518
1636690 519
1636700 520
1636710 520
1636720 520
1636730 521
1636740 521
1636750 521
1636760 521
1636770 521
1636780 522
1636790 523
1636800 523
1636810 523
1636820 524
1636830 524
1636840 525
1636850 525
1636860 525
1636870 525
1636880 526
1636890 526
1636900 526
1636910 526
1636920 526
1636930 526
1636940 526
1636950 526
1636960 526
1636970 526
1636980 526
1636990 525
1637000 525
1637010 525
1637020 524
1637030 523
1637040 523
1637050 521
1637060 518
1637070 518
1637080 515
1637090 512
1637100 512
1637110 507
1637120 502
1637130 502
1637140 498
1637150 493
1637160 493
1637170 489
1637180 483
1637190 483
1637200 478
1637210 471
1637220 471
1637230 464
1637240 457
1637250 457
1637260 450
1637270 445
1637280 445
1637290 439
1637300 433
1637310 428
1637320 428
1637330 424
1637340 424
1637350 424
1637360 424
1637370 425
1637380 425
1637390 431
1637400 436
1637410 436
1637420 441
1637430 445
1637440 445
1637450 449
1637460 453
1637470 453
1637480 457
1637490 461
1637500 461
1637510 465
1637520 469
1637530 469
1637540 473
1637550 477
1637560 477
1637570 481
1637580 484
1637590 484
1637600 488
1637610 491
1637620 491
1637630 494
1637640 496
1637650 496
1637660 499
1637670 502
1637680 502
1637690 505
1637700 508
1637710 508
1637720 511
1637730 513
1637740 513
1637750 515
1637760 517
1637770 517
1637780 519
1637790 520
1637800 520
1637810 522
1637820 523
1637830 523
1637840 524
1637850 526
1637860 526
1637870 527
1637880 528
1637890 528
1637900 529
1637910 530
1637920 530
1637930 531
1637940 531
1637950 531
1637960 532
1637970 532
1637980 532
1637990 533
1638000 534
1638010 534
1638020 534
1638030 534
1638040 534
1638050 534
1638060 534
1638070 534
1638080 533
1638090 533
1638100 533
1638110 533
1638120 532
1638130 532
1638140 532
1638150 531
1638160 531
1638170 529
1638180 528
1638190 526
1638200 526
1638210 524
1638220 518
1638230 518
1638240 513
1638250 509
1638260 509
1638270 502
1638280 497
1638290 497
1638300 493
1638310 490
1638320 490
1638330 486
1638340 483
1638350 483
1638360 482
1638370 479
1638380 479
1638390 477
1638400 475
1638410 475
1638420 474
1638430 472
1638440 472
1638450 469
1638460 468
1638470 468
1638480 466
1638490 463
1638500 463
1638510 460
1638520 456
1638530 456
1638540 452
1638550 449
1638560 449
1638570 446
1638580 443
1638590 443
1638600 439
1638610 434
1638620 434
1638630 429
1638640 427
1638650 427
1638660 422
1638670 420
1638680 420
1638690 421
1638700 423
1638710 423
1638720 427
1638730 431
1638740 431
1638750 435
1638760 439
1638770 439
1638780 442
1638790 446
1638800 446
1638810 450
1638820 454
1638830 454
1638840 457
1638850 460
1638860 460
1638870 463
1638880 466
1638890 466
1638900 470
1638910 473
1638920 473
1638930 476
1638940 479
1638950 479
1638960 482
1638970 485
1638980 485
1638990 488
1639000 491
1639010 491
1639020 495
1639030 498
1639040 498
1639050 501
1639060 504
1639070 507
1639080 507
1639090 510
1639100 513
1639110 514
1639120 517
1639130 519
1639140 519
1639150 522
1639160 524
1639170 524
1639180 527
1639190 530
1639200 530
1639210 534
1639220 536
1639230 536
1639240 539
1639250 543
1639260 543
1639270 545
1639280 548
1639290 548
1639300 550
1639310 553
1639320 553
1639330 556
1639340 558
1639350 558
1639360 561
1639370 564
1639380 564
1639390 567
1639400 570
1639410 570
1639420 572
1639430 575
1639440 575
1639450 577
1639460 578
1639470 578
1639480 580
1639490 581
1639500 581
1639510 583
1639520 583
1639530 583
1639540 584
1639550 584
1639560 584
1639570 584
1639580 583
1639590 583
1639600 582
1639610 581
1639620 581
1639630 580
1639640 578
1639650 578
1639660 576
1639670 574
1639680 574
1639690 571
1639700 568
1639710 568
1639720 564
1639730 561
1639740 561
1639750 560
1639760 560
1639770 560
1639780 559
1639790 558
1639800 558
1639810 558
1639820 558
1639830 558
1639840 557
1639850 557
1639860 557
1639870 557
1639880 556
1639890 556
1639900 556
1639910 555
1639920 555
1639930 554
1639940 551
1639950 549
1639960 549
1639970 548
1639980 547
1639990 547
