1620000 560
1620010 560
1620020 560
1620030 560
1620040 560
1620050 559
1620060 559
1620070 559
1620080 558
1620090 558
1620100 557
1620110 556
1620120 556
1620130 555
1620140 551
1620150 551
1620160 549
1620170 545
1620180 545
1620190 543
1620200 541
1620210 541
1620220 539
1620230 537
1620240 537
1620250 536
1620260 535
1620270 535
1620280 533
1620290 532
1620300 532
1620310 530
1620320 528
1620330 528
1620340 526
1620350 523
1620360 523
1620370 521
1620380 518
1620390 518
1620400 516
1620410 514
1620420 514
1620430 512
1620440 510
1620450 510
1620460 508
1620470 506
1620480 506
1620490 505
1620500 502
1620510 502
1620520 499
1620530 500
1620540 500
1620550 499
1620560 495
1620570 495
1620580 494
1620590 499
1620600 499
1620610 500
1620620 502
1620630 502
1620640 504
1620650 505
1620660 505
1620670 507
1620680 508
1620690 508
1620700 508
1620710 509
1620720 509
1620730 510
1620740 512
1620750 513
1620760 513
1620770 514
1620780 515
1620790 515
1620800 515
1620810 516
1620820 516
1620830 517
1620840 517
1620850 517
1620860 518
1620870 519
1620880 519
1620890 519
1620900 520
1620910 520
1620920 520
1620930 520
1620940 520
1620950 520
1620960 520
1620970 520
1620980 519
1620990 518
1621000 518
1621010 518
1621020 517
1621030 517
1621040 517
1621050 516
1621060 516
1621070 514
1621080 513
1621090 512
1621100 510
1621110 509
1621120 509
1621130 507
1621140 505
1621150 505
1621160 503
1621170 501
1621180 501
1621190 499
1621200 496
1621210 496
1621220 494
1621230 492
1621240 492
1621250 489
1621260 487
1621270 487
1621280 484
1621290 480
1621300 480
1621310 476
1621320 475
1621330 475
1621340 471
1621350 468
1621360 468
1621370 463
1621380 458
1621390 458
1621400 454
1621410 451
1621420 451
1621430 449
1621440 446
1621450 446
1621460 444
1621470 441
1621480 441
1621490 439
1621500 437
1621510 437
1621520 436
1621530 437
1621540 437
1621550 442
1621560 444
1621570 444
1621580 445
1621590 446
1621600 446
1621610 447
1621620 448
1621630 448
1621640 448
1621650 449
1621660 449
1621670 450
1621680 450
1621690 450
1621700 451
1621710 451
1621720 451
1621730 452
1621740 452
1621750 452
1621760 451
1621770 451
1621780 451
1621790 450
1621800 448
1621810 447
1621820 447
1621830 445
1621840 440
1621850 440
1621860 436
1621870 431
1621880 431
1621890 428
1621900 425
1621910 425
1621920 422
1621930 419
1621940 419
1621950 417
1621960 417
1621970 417
1621980 416
1621990 416
1622000 416
1622010 416
1622020 417
1622030 417
1622040 419
1622050 422
1622060 422
1622070 425
1622080 430
1622090 430
1622100 434
1622110 436
1622120 436
1622130 440
1622140 443
1622150 443
1622160 446
1622170 450
1622180 450
1622190 453
1622200 457
1622210 457
1622220 460
1622230 463
1622240 463
1622250 467
1622260 470
1622270 470
1622280 473
1622290 476
1622300 476
1622310 479
1622320 481
1622330 481
1622340 483
1622350 486
1622360 486
1622370 488
1622380 490
1622390 490
1622400 491
1622410 493
1622420 493
1622430 495
1622440 497
1622450 497
1622460 500
1622470 502
1622480 502
1622490 504
1622500 506
1622510 506
1622520 508
1622530 510
1622540 510
1622550 512
1622560 514
1622570 514
1622580 516
1622590 518
1622600 518
1622610 520
1622620 522
1622630 522
1622640 523
1622650 524
1622660 524
1622670 525
1622680 526
1622690 526
1622700 526
1622710 526
1622720 526
1622730 527
1622740 527
1622750 527
1622760 528
1622770 528
1622780 528
1622790 528
1622800 528
1622810 528
1622820 528
1622830 527
1622840 527
1622850 527
1622860 527
1622870 527
1622880 527
1622890 527
1622900 527
1622910 527
1622920 527
1622930 527
1622940 527
1622950 527
1622960 526
1622970 527
1622980 527
1622990 526
1623000 526
1623010 526
1623020 526
1623030 526
1623040 525
1623050 525
1623060 525
1623070 524
1623080 524
1623090 524
1623100 523
1623110 522
1623120 522
1623130 522
1623140 521
1623150 521
1623160 521
1623170 520
1623180 520
1623190 519
1623200 518
1623210 518
1623220 517
1623230 516
1623240 516
1623250 515
1623260 512
1623270 512
1623280 510
1623290 508
1623300 508
1623310 506
1623320 505
1623330 505
1623340 504
1623350 502
1623360 502
1623370 500
1623380 499
1623390 499
1623400 498
1623410 496
1623420 496
1623430 496
1623440 495
1623450 495
1623460 494
1623470 492
1623480 492
1623490 491
1623500 489
1623510 489
1623520 487
1623530 485
1623540 485
1623550 483
1623560 481
1623570 481
1623580 479
1623590 477
1623600 477
1623610 475
1623620 473
1623630 473
1623640 470
1623650 468
1623660 468
1623670 465
1623680 463
1623690 463
1623700 462
1623710 460
1623720 460
1623730 459
1623740 458
1623750 458
1623760 456
1623770 453
1623780 453
1623790 450
1623800 449
1623810 449
1623820 447
1623830 446
1623840 446
1623850 444
1623860 440
1623870 440
1623880 437
1623890 436
1623900 437
1623910 437
1623920 438
1623930 438
1623940 438
1623950 438
1623960 438
1623970 439
1623980 439
1623990 439
1624000 439
1624010 438
1624020 437
1624030 437
1624040 436
1624050 435
1624060 435
1624070 433
1624080 432
1624090 432
1624100 431
1624110 430
1624120 430
1624130 429
1624140 428
1624150 428
1624160 428
1624170 427
1624180 427
1624190 426
1624200 425
1624210 425
1624220 424
1624230 423
1624240 423
1624250 422
1624260 421
1624270 421
1624280 420
1624290 419
1624300 419
1624310 418
1624320 417
1624330 417
1624340 416
1624350 415
1624360 415
1624370 413
1624380 413
1624390 413
1624400 412
1624410 411
1624420 411
1624430 410
1624440 409
1624450 409
1624460 408
1624470 407
1624480 407
1624490 406
1624500 405
1624510 405
1624520 404
1624530 403
1624540 403
1624550 402
1624560 401
1624570 401
1624580 401
1624590 400
1624600 400
1624610 399
1624620 398
1624630 398
1624640 397
1624650 396
1624660 396
1624670 395
1624680 394
1624690 394
1624700 393
1624710 392
1624720 392
1624730 391
1624740 390
1624750 390
1624760 390
1624770 389
1624780 389
1624790 388
1624800 387
1624810 387
1624820 387
1624830 387
1624840 387
1624850 386
1624860 386
1624870 386
1624880 385
1624890 384
1624900 384
1624910 384
1624920 383
1624930 383
1624940 383
1624950 382
1624960 382
1624970 382
1624980 381
1624990 381
1625000 380
1625010 380
1625020 380
1625030 379
1625040 379
1625050 379
1625060 378
1625070 377
1625080 377
1625090 377
1625100 376
1625110 375
1625120 375
1625130 374
1625140 373
1625150 373
1625160 373
1625170 372
1625180 372
1625190 372
1625200 372
1625210 372
1625220 372
1625230 371
1625240 371
1625250 371
1625260 370
1625270 370
1625280 370
1625290 370
1625300 370
1625310 369
1625320 369
1625330 369
1625340 369
1625350 368
1625360 368
1625370 368
1625380 368
1625390 368
1625400 367
1625410 367
1625420 367
1625430 367
1625440 366
1625450 366
1625460 365
1625470 365
1625480 365
1625490 363
1625500 362
1625510 362
1625520 361
1625530 361
1625540 361
1625550 361
1625560 360
1625570 360
1625580 360
1625590 360
1625600 360
1625610 360
1625620 360
1625630 360
1625640 359
1625650 359
1625660 359
1625670 359
1625680 359
1625690 359
1625700 359
1625710 358
1625720 358
1625730 358
1625740 358
1625750 358
1625760 358
1625770 358
1625780 358
1625790 358
1625800 358
1625810 358
1625820 358
1625830 358
1625840 358
1625850 357
1625860 357
1625870 357
1625880 357
1625890 356
1625900 356
1625910 356
1625920 356
1625930 356
1625940 356
1625950 356
1625960 356
1625970 355
1625980 355
1625990 355
1626000 355
1626010 355
1626020 355
1626030 355
1626040 355
1626050 355
1626060 355
1626070 355
1626080 355
1626090 356
1626100 355
1626110 355
1626120 355
1626130 353
1626140 354
1626150 354
1626160 355
1626170 355
1626180 355
1626190 354
1626200 354
1626210 354
1626220 354
1626230 354
1626240 354
1626250 354
1626260 354
1626270 354
1626280 353
1626290 353
1626300 353
1626310 353
1626320 352
1626330 352
1626340 350
1626350 350
1626360 350
1626370 351
1626380 355
1626390 355
1626400 360
1626410 361
1626420 361
1626430 362
1626440 362
1626450 362
1626460 363
1626470 363
1626480 363
1626490 364
1626500 364
1626510 364
1626520 365
1626530 365
1626540 365
1626550 365
1626560 365
1626570 365
1626580 366
1626590 366
1626600 366
1626610 366
1626620 367
1626630 367
1626640 367
1626650 367
1626660 366
1626670 366
1626680 366
1626690 366
1626700 366
1626710 366
1626720 366
1626730 366
1626740 366
1626750 366
1626760 366
1626770 366
1626780 366
1626790 366
1626800 366
1626810 366
1626820 366
1626830 366
1626840 366
1626850 365
1626860 365
1626870 365
1626880 364
1626890 364
1626900 364
1626910 363
1626920 362
1626930 362
1626940 361
1626950 360
1626960 360
1626970 360
1626980 360
1626990 360
1627000 360
1627010 360
1627020 360
1627030 360
1627040 360
1627050 360
1627060 361
1627070 362
1627080 362
1627090 363
1627100 363
1627110 363
1627120 364
1627130 365
1627140 365
1627150 366
1627160 367
1627170 367
1627180 367
1627190 368
1627200 368
1627210 369
1627220 369
1627230 369
1627240 369
1627250 369
1627260 368
1627270 368
1627280 367
1627290 365
1627300 365
1627310 363
1627320 361
1627330 361
1627340 362
1627350 363
1627360 363
1627370 364
1627380 365
1627390 365
1627400 367
1627410 368
1627420 368
1627430 369
1627440 370
1627450 370
1627460 371
1627470 372
1627480 372
1627490 373
1627500 374
1627510 374
1627520 375
1627530 376
1627540 376
1627550 377
1627560 376
1627570 376
1627580 377
1627590 378
1627600 378
1627610 378
1627620 378
1627630 378
1627640 379
1627650 380
1627660 380
1627670 380
1627680 381
1627690 381
1627700 382
1627710 382
1627720 382
1627730 383
1627740 384
1627750 384
1627760 384
1627770 385
1627780 385
1627790 385
1627800 386
1627810 386
1627820 386
1627830 386
1627840 386
1627850 386
1627860 387
1627870 387
1627880 387
1627890 387
1627900 387
1627910 387
1627920 386
1627930 386
1627940 386
1627950 386
1627960 386
1627970 386
1627980 385
1627990 385
1628000 384
1628010 384
1628020 384
1628030 383
1628040 382
1628050 382
1628060 381
1628070 380
1628080 380
1628090 379
1628100 378
1628110 378
1628120 376
1628130 374
1628140 374
1628150 372
1628160 371
1628170 371
1628180 370
1628190 369
1628200 369
1628210 368
1628220 367
1628230 367
1628240 365
1628250 368
1628260 368
1628270 372
1628280 376
1628290 376
1628300 380
1628310 383
1628320 386
1628330 386
1628340 388
1628350 390
1628360 390
1628370 392
1628380 393
1628390 393
1628400 394
1628410 396
1628420 396
1628430 397
1628440 398
1628450 398
1628460 398
1628470 399
1628480 399
1628490 400
1628500 400
1628510 400
1628520 400
1628530 400
1628540 400
1628550 400
1628560 400
1628570 400
1628580 400
1628590 401
1628600 401
1628610 401
1628620 400
1628630 400
1628640 400
1628650 400
1628660 400
1628670 400
1628680 399
1628690 399
1628700 399
1628710 398
1628720 398
1628730 398
1628740 398
1628750 398
1628760 397
1628770 397
1628780 397
1628790 396
1628800 396
1628810 396
1628820 396
1628830 396
1628840 396
1628850 396
1628860 396
1628870 396
1628880 396
1628890 395
1628900 395
1628910 395
1628920 396
1628930 396
1628940 396
1628950 396
1628960 396
1628970 396
1628980 396
1628990 396
1629000 397
1629010 397
1629020 397
1629030 397
1629040 398
1629050 398
1629060 398
1629070 399
1629080 399
1629090 400
1629100 401
1629110 401
1629120 401
1629130 402
1629140 402
1629150 402
1629160 403
1629170 403
1629180 404
1629190 404
1629200 404
1629210 405
1629220 405
1629230 405
1629240 405
1629250 406
1629260 406
1629270 406
1629280 406
1629290 406
1629300 407
1629310 407
1629320 407
1629330 407
1629340 407
1629350 407
1629360 405
1629370 405
1629380 405
1629390 405
1629400 406
1629410 406
1629420 406
1629430 407
1629440 407
1629450 407
1629460 407
1629470 408
1629480 408
1629490 408
1629500 409
1629510 409
1629520 410
1629530 411
1629540 411
1629550 412
1629560 412
1629570 412
1629580 412
1629590 412
1629600 412
1629610 412
1629620 411
1629630 411
1629640 412
1629650 412
1629660 412
1629670 412
1629680 412
1629690 412
1629700 412
1629710 412
1629720 412
1629730 411
1629740 410
1629750 410
1629760 410
1629770 409
1629780 409
1629790 408
1629800 407
1629810 407
1629820 405
1629830 404
1629840 404
1629850 402
1629860 399
1629870 399
1629880 395
1629890 390
1629900 390
1629910 386
1629920 382
1629930 382
1629940 378
1629950 376
1629960 376
1629970 374
1629980 371
1629990 371
1630000 369
1630010 367
1630020 367
1630030 365
1630040 364
1630050 364
1630060 362
1630070 361
1630080 361
1630090 359
1630100 356
1630110 356
1630120 355
1630130 353
1630140 353
1630150 353
1630160 352
1630170 352
1630180 352
1630190 352
1630200 352
1630210 352
1630220 351
1630230 351
1630240 351
1630250 348
1630260 348
1630270 350
1630280 351
1630290 351
1630300 352
1630310 355
1630320 355
1630330 357
1630340 358
1630350 358
1630360 359
1630370 360
1630380 360
1630390 361
1630400 362
1630410 362
1630420 362
1630430 363
1630440 363
1630450 363
1630460 364
1630470 365
1630480 365
1630490 365
1630500 366
1630510 366
1630520 367
1630530 368
1630540 368
1630550 368
1630560 369
1630570 369
1630580 369
1630590 369
1630600 369
1630610 369
1630620 368
1630630 368
1630640 369
1630650 370
1630660 370
1630670 371
1630680 371
1630690 371
1630700 372
1630710 373
1630720 373
1630730 374
1630740 374
1630750 374
1630760 374
1630770 375
1630780 375
1630790 375
1630800 375
1630810 375
1630820 376
1630830 376
1630840 376
1630850 377
1630860 377
1630870 377
1630880 377
1630890 378
1630900 378
1630910 378
1630920 378
1630930 378
1630940 379
1630950 379
1630960 379
1630970 379
1630980 380
1630990 380
1631000 380
1631010 380
1631020 380
1631030 380
1631040 380
1631050 380
1631060 381
1631070 381
1631080 381
1631090 381
1631100 381
1631110 381
1631120 381
1631130 380
1631140 380
1631150 380
1631160 380
1631170 380
1631180 380
1631190 380
1631200 380
1631210 380
1631220 380
1631230 380
1631240 380
1631250 380
1631260 380
1631270 380
1631280 380
1631290 380
1631300 380
1631310 380
1631320 380
1631330 380
1631340 380
1631350 380
1631360 380
1631370 380
1631380 380
1631390 380
1631400 380
1631410 380
1631420 380
1631430 379
1631440 379
1631450 379
1631460 379
1631470 379
1631480 379
1631490 378
1631500 378
1631510 378
1631520 378
1631530 378
1631540 378
1631550 378
1631560 379
1631570 379
1631580 379
1631590 380
1631600 380
1631610 380
1631620 381
1631630 381
1631640 381
1631650 381
1631660 381
1631670 382
1631680 382
1631690 382
1631700 382
1631710 383
1631720 383
1631730 383
1631740 383
1631750 383
1631760 383
1631770 383
1631780 383
1631790 383
1631800 383
1631810 383
1631820 383
1631830 383
1631840 383
1631850 383
1631860 383
1631870 383
1631880 383
1631890 382
1631900 382
1631910 382
1631920 382
1631930 382
1631940 382
1631950 382
1631960 382
1631970 382
1631980 382
1631990 382
1632000 381
1632010 380
1632020 380
1632030 380
1632040 380
1632050 380
1632060 379
1632070 379
1632080 379
1632090 378
1632100 378
1632110 378
1632120 378
1632130 377
1632140 377
1632150 377
1632160 376
1632170 376
1632180 376
1632190 376
1632200 376
1632210 375
1632220 375
1632230 375
1632240 374
1632250 374
1632260 374
1632270 374
1632280 373
1632290 373
1632300 373
1632310 372
1632320 372
1632330 372
1632340 371
1632350 371
1632360 371
1632370 370
1632380 370
1632390 369
1632400 367
1632410 367
1632420 365
1632430 363
1632440 363
1632450 363
1632460 364
1632470 364
1632480 365
1632490 366
1632500 366
1632510 367
1632520 367
1632530 367
1632540 367
1632550 367
1632560 367
1632570 367
1632580 367
1632590 367
1632600 367
1632610 367
1632620 367
1632630 367
1632640 367
1632650 367
1632660 367
1632670 366
1632680 366
1632690 366
1632700 366
1632710 366
1632720 366
1632730 365
1632740 365
1632750 365
1632760 365
1632770 365
1632780 365
1632790 365
1632800 364
1632810 364
1632820 364
1632830 364
1632840 364
1632850 364
1632860 363
1632870 363
1632880 362
1632890 361
1632900 361
1632910 360
1632920 359
1632930 359
1632940 358
1632950 358
1632960 358
1632970 357
1632980 358
1632990 358
1633000 359
1633010 360
1633020 360
1633030 362
1633040 363
1633050 363
1633060 364
1633070 364
1633080 364
1633090 365
1633100 365
1633110 365
1633120 366
1633130 365
1633140 365
1633150 365
1633160 365
1633170 365
1633180 365
1633190 365
1633200 365
1633210 364
1633220 363
1633230 363
1633240 362
1633250 362
1633260 362
1633270 361
1633280 360
1633290 360
1633300 359
1633310 358
1633320 358
1633330 357
1633340 357
1633350 357
1633360 356
1633370 356
1633380 356
1633390 355
1633400 356
1633410 356
1633420 358
1633430 360
1633440 360
1633450 362
1633460 363
1633470 363
1633480 364
1633490 365
1633500 365
1633510 366
1633520 367
1633530 367
1633540 368
1633550 369
1633560 369
1633570 370
1633580 372
1633590 372
1633600 373
1633610 374
1633620 374
1633630 375
1633640 376
1633650 376
1633660 377
1633670 377
1633680 377
1633690 378
1633700 379
1633710 379
1633720 379
1633730 380
1633740 380
1633750 379
1633760 380
1633770 380
1633780 380
1633790 380
1633800 380
1633810 380
1633820 380
1633830 381
1633840 381
1633850 381
1633860 381
1633870 381
1633880 381
1633890 381
1633900 381
1633910 381
1633920 381
1633930 381
1633940 381
1633950 381
1633960 381
1633970 381
1633980 381
1633990 381
1634000 381
1634010 381
1634020 381
1634030 381
1634040 381
1634050 381
1634060 380
1634070 380
1634080 380
1634090 380
1634100 380
1634110 380
1634120 380
1634130 380
1634140 380
1634150 380
1634160 380
1634170 380
1634180 380
1634190 380
1634200 380
1634210 380
1634220 380
1634230 380
1634240 379
1634250 379
1634260 379
1634270 379
1634280 378
1634290 378
1634300 378
1634310 378
1634320 378
1634330 377
1634340 377
1634350 377
1634360 377
1634370 377
1634380 377
1634390 377
1634400 376
1634410 376
1634420 376
1634430 376
1634440 376
1634450 376
1634460 375
1634470 375
1634480 375
1634490 375
1634500 375
1634510 375
1634520 374
1634530 374
1634540 374
1634550 374
1634560 374
1634570 373
1634580 373
1634590 373
1634600 372
1634610 371
1634620 371
1634630 370
1634640 370
1634650 370
1634660 369
1634670 367
1634680 367
1634690 366
1634700 365
1634710 365
1634720 364
1634730 362
1634740 362
1634750 362
1634760 362
1634770 362
1634780 362
1634790 362
1634800 362
1634810 362
1634820 362
1634830 362
1634840 362
1634850 362
1634860 363
1634870 363
1634880 363
1634890 364
1634900 364
1634910 365
1634920 365
1634930 365
1634940 366
1634950 366
1634960 366
1634970 367
1634980 367
1634990 367
1635000 367
1635010 367
1635020 367
1635030 367
1635040 367
1635050 367
1635060 367
1635070 366
1635080 366
1635090 367
1635100 368
1635110 368
1635120 369
1635130 370
1635140 370
1635150 370
1635160 371
1635170 371
1635180 371
1635190 372
1635200 372
1635210 373
1635220 373
1635230 373
1635240 374
1635250 374
1635260 374
1635270 375
1635280 375
1635290 375
1635300 376
1635310 376
1635320 376
1635330 377
1635340 377
1635350 377
1635360 377
1635370 377
1635380 377
1635390 378
1635400 378
1635410 378
1635420 378
1635430 379
1635440 379
1635450 379
1635460 379
1635470 378
1635480 378
1635490 378
1635500 378
1635510 378
1635520 379
1635530 379
1635540 379
1635550 379
1635560 379
1635570 379
1635580 379
1635590 379
1635600 379
1635610 379
1635620 379
1635630 378
1635640 378
1635650 378
1635660 378
1635670 377
1635680 377
1635690 377
1635700 376
1635710 376
1635720 376
1635730 376
1635740 376
1635750 375
1635760 374
1635770 374
1635780 374
1635790 373
1635800 373
1635810 372
1635820 371
1635830 371
1635840 369
1635850 368
1635860 368
1635870 367
1635880 366
1635890 365
1635900 365
1635910 363
1635920 362
1635930 362
1635940 361
1635950 360
1635960 360
1635970 359
1635980 358
1635990 358
1636000 356
1636010 355
1636020 355
1636030 353
1636040 353
1636050 353
1636060 353
1636070 354
1636080 354
1636090 354
1636100 354
1636110 354
1636120 355
1636130 356
1636140 356
1636150 357
1636160 358
1636170 358
1636180 359
1636190 359
1636200 359
1636210 360
1636220 361
1636230 361
1636240 361
1636250 361
1636260 361
1636270 362
1636280 362
1636290 362
1636300 362
1636310 362
1636320 361
1636330 361
1636340 362
1636350 362
1636360 361
1636370 361
1636380 361
1636390 360
1636400 360
1636410 360
1636420 359
1636430 359
1636440 359
1636450 359
1636460 358
1636470 358
1636480 357
1636490 355
1636500 355
1636510 354
1636520 353
1636530 353
1636540 352
1636550 350
1636560 350
1636570 347
1636580 344
1636590 344
1636600 342
1636610 340
1636620 340
1636630 339
1636640 339
1636650 339
1636660 340
1636670 341
1636680 341
1636690 341
1636700 341
1636710 341
1636720 340
1636730 340
1636740 340
1636750 340
1636760 341
1636770 341
1636780 341
1636790 342
1636800 342
1636810 342
1636820 342
1636830 342
1636840 342
1636850 342
1636860 342
1636870 343
1636880 343
1636890 343
1636900 345
1636910 346
1636920 346
1636930 347
1636940 349
1636950 349
1636960 350
1636970 352
1636980 353
1636990 353
1637000 355
1637010 356
1637020 356
1637030 357
1637040 359
1637050 359
1637060 361
1637070 362
1637080 362
1637090 363
1637100 365
1637110 365
1637120 366
1637130 367
1637140 367
1637150 368
1637160 369
1637170 369
1637180 369
1637190 370
1637200 370
1637210 370
1637220 371
1637230 371
1637240 372
1637250 372
1637260 372
1637270 373
1637280 373
1637290 373
1637300 374
1637310 375
1637320 375
1637330 377
1637340 377
1637350 377
1637360 377
1637370 377
1637380 377
1637390 377
1637400 377
1637410 377
1637420 378
1637430 378
1637440 378
1637450 378
1637460 377
1637470 377
1637480 377
1637490 377
1637500 377
1637510 377
1637520 377
1637530 377
1637540 377
1637550 377
1637560 377
1637570 376
1637580 376
1637590 376
1637600 376
1637610 376
1637620 376
1637630 376
1637640 375
1637650 375
1637660 375
1637670 376
1637680 376
1637690 376
1637700 376
1637710 376
1637720 377
1637730 378
1637740 378
1637750 379
1637760 380
1637770 380
1637780 381
1637790 382
1637800 382
1637810 384
1637820 384
1637830 384
1637840 385
1637850 386
1637860 386
1637870 386
1637880 386
1637890 386
1637900 387
1637910 387
1637920 387
1637930 387
1637940 387
1637950 387
1637960 387
1637970 387
1637980 387
1637990 387
1638000 386
1638010 386
1638020 386
1638030 385
1638040 385
1638050 384
1638060 383
1638070 382
1638080 382
1638090 380
1638100 379
1638110 379
1638120 377
1638130 375
1638140 375
1638150 373
1638160 371
1638170 371
1638180 369
1638190 368
1638200 368
1638210 367
1638220 367
1638230 367
1638240 368
1638250 368
1638260 368
1638270 368
1638280 368
1638290 368
1638300 369
1638310 370
1638320 370
1638330 370
1638340 370
1638350 370
1638360 370
1638370 371
1638380 371
1638390 373
1638400 376
1638410 376
1638420 378
1638430 380
1638440 380
1638450 383
1638460 385
1638470 385
1638480 387
1638490 389
1638500 389
1638510 391
1638520 392
1638530 392
1638540 393
1638550 393
1638560 393
1638570 394
1638580 395
1638590 395
1638600 396
1638610 396
1638620 396
1638630 396
1638640 397
1638650 397
1638660 397
1638670 397
1638680 397
1638690 397
1638700 397
1638710 397
1638720 396
1638730 396
1638740 396
1638750 396
1638760 395
1638770 395
1638780 394
1638790 393
1638800 393
1638810 391
1638820 390
1638830 390
1638840 389
1638850 389
1638860 386
1638870 385
1638880 384
1638890 384
1638900 384
1638910 383
1638920 383
1638930 383
1638940 381
1638950 381
1638960 380
1638970 378
1638980 378
1638990 377
1639000 376
1639010 376
1639020 375
1639030 374
1639040 374
1639050 373
1639060 372
1639070 372
1639080 371
1639090 376
1639100 376
1639110 381
1639120 384
1639130 384
1639140 387
1639150 389
1639160 391
1639170 391
1639180 393
1639190 395
1639200 395
1639210 397
1639220 399
1639230 399
1639240 400
1639250 401
1639260 401
1639270 403
1639280 404
1639290 404
1639300 406
1639310 407
1639320 407
1639330 408
1639340 409
1639350 409
1639360 410
1639370 411
1639380 411
1639390 412
1639400 413
1639410 413
1639420 413
1639430 414
1639440 414
1639450 414
1639460 414
1639470 414
1639480 413
1639490 412
1639500 412
1639510 411
1639520 410
1639530 410
1639540 409
1639550 408
1639560 408
1639570 407
1639580 406
1639590 406
1639600 404
1639610 401
1639620 401
1639630 398
1639640 395
1639650 395
1639660 393
1639670 389
1639680 389
1639690 385
1639700 388
1639710 388
1639720 390
1639730 391
1639740 391
1639750 393
1639760 395
1639770 395
1639780 398
1639790 402
1639800 402
1639810 405
1639820 407
1639830 407
1639840 409
1639850 412
1639860 412
1639870 413
1639880 414
1639890 414
1639900 415
1639910 414
1639920 414
1639930 415
1639940 415
1639950 415
1639960 416
1639970 417
1639980 417
1639990 417
