1620000 368
1620010 368
1620020 368
1620030 368
1620040 368
1620050 368
1620060 368
1620070 368
1620080 368
1620090 368
1620100 367
1620110 367
1620120 367
1620130 367
1620140 367
1620150 367
1620160 366
1620170 366
1620180 366
1620190 366
1620200 366
1620210 365
1620220 365
1620230 365
1620240 365
1620250 364
1620260 364
1620270 364
1620280 364
1620290 364
1620300 363
1620310 363
1620320 363
1620330 362
1620340 362
1620350 362
1620360 362
1620370 362
1620380 362
1620390 362
1620400 362
1620410 362
1620420 362
1620430 362
1620440 362
1620450 362
1620460 362
1620470 362
1620480 362
1620490 362
1620500 362
1620510 362
1620520 362
1620530 362
1620540 362
1620550 362
1620560 362
1620570 362
1620580 361
1620590 361
1620600 361
1620610 361
1620620 361
1620630 361
1620640 361
1620650 361
1620660 360
1620670 360
1620680 360
1620690 360
1620700 360
1620710 360
1620720 360
1620730 360
1620740 360
1620750 360
1620760 360
1620770 360
1620780 360
1620790 360
1620800 360
1620810 360
1620820 360
1620830 360
1620840 360
1620850 360
1620860 360
1620870 360
1620880 360
1620890 360
1620900 360
1620910 360
1620920 360
1620930 360
1620940 360
1620950 360
1620960 360
1620970 360
1620980 360
1620990 360
1621000 360
1621010 359
1621020 359
1621030 359
1621040 359
1621050 359
1621060 359
1621070 359
1621080 359
1621090 359
1621100 358
1621110 358
1621120 358
1621130 358
1621140 358
1621150 358
1621160 357
1621170 357
1621180 357
1621190 357
1621200 357
1621210 357
1621220 356
1621230 356
1621240 356
1621250 356
1621260 356
1621270 356
1621280 355
1621290 355
1621300 355
1621310 355
1621320 355
1621330 355
1621340 355
1621350 355
1621360 354
1621370 354
1621380 354
1621390 354
1621400 354
1621410 354
1621420 354
1621430 353
1621440 353
1621450 353
1621460 353
1621470 353
1621480 352
1621490 352
1621500 352
1621510 352
1621520 352
1621530 352
1621540 352
1621550 352
1621560 352
1621570 352
1621580 352
1621590 352
1621600 351
1621610 352
1621620 352
1621630 352
1621640 352
1621650 352
1621660 352
1621670 352
1621680 352
1621690 352
1621700 352
1621710 352
1621720 351
1621730 352
1621740 352
1621750 352
1621760 351
1621770 351
1621780 351
1621790 351
1621800 351
1621810 351
1621820 351
1621830 351
1621840 351
1621850 351
1621860 351
1621870 351
1621880 351
1621890 351
1621900 351
1621910 351
1621920 351
1621930 351
1621940 351
1621950 351
1621960 352
1621970 352
1621980 352
1621990 353
1622000 354
1622010 354
1622020 354
1622030 354
1622040 354
1622050 355
1622060 355
1622070 355
1622080 355
1622090 355
1622100 355
1622110 355
1622120 355
1622130 355
1622140 355
1622150 355
1622160 355
1622170 355
1622180 356
1622190 356
1622200 356
1622210 357
1622220 357
1622230 357
1622240 358
1622250 358
1622260 358
1622270 359
1622280 359
1622290 359
1622300 360
1622310 360
1622320 360
1622330 361
1622340 361
1622350 361
1622360 362
1622370 362
1622380 362
1622390 362
1622400 362
1622410 362
1622420 363
1622430 363
1622440 363
1622450 364
1622460 364
1622470 364
1622480 364
1622490 364
1622500 364
1622510 365
1622520 365
1622530 365
1622540 365
1622550 365
1622560 365
1622570 365
1622580 365
1622590 365
1622600 365
1622610 365
1622620 365
1622630 365
1622640 365
1622650 365
1622660 365
1622670 364
1622680 364
1622690 364
1622700 364
1622710 364
1622720 363
1622730 363
1622740 363
1622750 363
1622760 363
1622770 363
1622780 362
1622790 362
1622800 362
1622810 362
1622820 362
1622830 362
1622840 361
1622850 361
1622860 361
1622870 361
1622880 360
1622890 360
1622900 360
1622910 360
1622920 360
1622930 360
1622940 360
1622950 360
1622960 360
1622970 360
1622980 360
1622990 360
1623000 360
1623010 360
1623020 360
1623030 361
1623040 361
1623050 361
1623060 361
1623070 361
1623080 361
1623090 361
1623100 361
1623110 361
1623120 361
1623130 361
1623140 361
1623150 362
1623160 362
1623170 362
1623180 362
1623190 362
1623200 362
1623210 362
1623220 362
1623230 362
1623240 362
1623250 362
1623260 363
1623270 363
1623280 363
1623290 363
1623300 363
1623310 363
1623320 363
1623330 363
1623340 363
1623350 363
1623360 363
1623370 363
1623380 363
1623390 363
1623400 363
1623410 363
1623420 363
1623430 363
1623440 363
1623450 363
1623460 363
1623470 363
1623480 363
1623490 363
1623500 363
1623510 363
1623520 363
1623530 363
1623540 364
1623550 363
1623560 363
1623570 363
1623580 363
1623590 363
1623600 363
1623610 363
1623620 363
1623630 364
1623640 364
1623650 364
1623660 363
1623670 363
1623680 363
1623690 363
1623700 364
1623710 364
1623720 364
1623730 364
1623740 364
1623750 363
1623760 363
1623770 363
1623780 363
1623790 363
1623800 363
1623810 363
1623820 363
1623830 363
1623840 363
1623850 363
1623860 363
1623870 363
1623880 363
1623890 363
1623900 363
1623910 362
1623920 362
1623930 362
1623940 362
1623950 362
1623960 362
1623970 362
1623980 362
1623990 362
1624000 362
1624010 362
1624020 361
1624030 362
1624040 362
1624050 361
1624060 361
1624070 361
1624080 361
1624090 361
1624100 361
1624110 360
1624120 360
1624130 360
1624140 360
1624150 360
1624160 360
1624170 360
1624180 360
1624190 360
1624200 360
1624210 359
1624220 359
1624230 359
1624240 359
1624250 359
1624260 359
1624270 359
1624280 359
1624290 359
1624300 359
1624310 359
1624320 359
1624330 358
1624340 358
1624350 358
1624360 358
1624370 358
1624380 358
1624390 358
1624400 358
1624410 358
1624420 358
1624430 358
1624440 358
1624450 357
1624460 357
1624470 357
1624480 357
1624490 357
1624500 357
1624510 357
1624520 357
1624530 357
1624540 357
1624550 357
1624560 356
1624570 356
1624580 356
1624590 356
1624600 356
1624610 356
1624620 356
1624630 356
1624640 356
1624650 356
1624660 355
1624670 356
1624680 356
1624690 356
1624700 355
1624710 355
1624720 355
1624730 355
1624740 355
1624750 355
1624760 355
1624770 355
1624780 355
1624790 354
1624800 354
1624810 354
1624820 354
1624830 354
1624840 354
1624850 353
1624860 353
1624870 353
1624880 353
1624890 353
1624900 352
1624910 352
1624920 352
1624930 352
1624940 352
1624950 352
1624960 351
1624970 351
1624980 351
1624990 351
1625000 350
1625010 350
1625020 350
1625030 350
1625040 350
1625050 349
1625060 349
1625070 349
1625080 349
1625090 348
1625100 348
1625110 348
1625120 348
1625130 348
1625140 348
1625150 347
1625160 347
1625170 347
1625180 347
1625190 347
1625200 347
1625210 347
1625220 347
1625230 347
1625240 347
1625250 347
1625260 346
1625270 346
1625280 346
1625290 345
1625300 345
1625310 345
1625320 345
1625330 345
1625340 345
1625350 344
1625360 344
1625370 344
1625380 344
1625390 344
1625400 344
1625410 343
1625420 343
1625430 343
1625440 343
1625450 343
1625460 343
1625470 343
1625480 342
1625490 342
1625500 342
1625510 342
1625520 342
1625530 342
1625540 341
1625550 341
1625560 341
1625570 340
1625580 340
1625590 341
1625600 340
1625610 340
1625620 340
1625630 340
1625640 340
1625650 339
1625660 339
1625670 339
1625680 339
1625690 339
1625700 339
1625710 338
1625720 338
1625730 338
1625740 338
1625750 338
1625760 338
1625770 337
1625780 337
1625790 337
1625800 337
1625810 337
1625820 337
1625830 336
1625840 336
1625850 336
1625860 336
1625870 335
1625880 335
1625890 335
1625900 335
1625910 334
1625920 334
1625930 334
1625940 334
1625950 334
1625960 334
1625970 334
1625980 334
1625990 334
1626000 334
1626010 334
1626020 334
1626030 334
1626040 334
1626050 334
1626060 334
1626070 334
1626080 334
1626090 334
1626100 334
1626110 334
1626120 334
1626130 334
1626140 334
1626150 334
1626160 334
1626170 333
1626180 333
1626190 333
1626200 333
1626210 334
1626220 334
1626230 334
1626240 334
1626250 334
1626260 334
1626270 334
1626280 334
1626290 334
1626300 334
1626310 334
1626320 335
1626330 335
1626340 335
1626350 336
1626360 336
1626370 336
1626380 337
1626390 337
1626400 337
1626410 338
1626420 339
1626430 339
1626440 339
1626450 339
1626460 339
1626470 339
1626480 339
1626490 339
1626500 340
1626510 339
1626520 339
1626530 339
1626540 339
1626550 339
1626560 340
1626570 340
1626580 340
1626590 340
1626600 341
1626610 341
1626620 341
1626630 341
1626640 341
1626650 342
1626660 342
1626670 342
1626680 342
1626690 342
1626700 342
1626710 342
1626720 343
1626730 343
1626740 343
1626750 343
1626760 343
1626770 343
1626780 343
1626790 343
1626800 343
1626810 344
1626820 344
1626830 344
1626840 344
1626850 344
1626860 344
1626870 344
1626880 344
1626890 344
1626900 344
1626910 344
1626920 345
1626930 345
1626940 345
1626950 345
1626960 345
1626970 345
1626980 345
1626990 345
1627000 345
1627010 345
1627020 346
1627030 346
1627040 346
1627050 346
1627060 346
1627070 346
1627080 346
1627090 346
1627100 346
1627110 346
1627120 346
1627130 346
1627140 346
1627150 346
1627160 346
1627170 346
1627180 347
1627190 347
1627200 347
1627210 348
1627220 348
1627230 348
1627240 348
1627250 348
1627260 348
1627270 348
1627280 348
1627290 347
1627300 347
1627310 347
1627320 347
1627330 347
1627340 347
1627350 346
1627360 346
1627370 346
1627380 346
1627390 346
1627400 346
1627410 345
1627420 345
1627430 345
1627440 345
1627450 344
1627460 344
1627470 344
1627480 343
1627490 343
1627500 343
1627510 342
1627520 342
1627530 342
1627540 341
1627550 341
1627560 341
1627570 340
1627580 340
1627590 339
1627600 339
1627610 339
1627620 338
1627630 337
1627640 337
1627650 336
1627660 335
1627670 335
1627680 335
1627690 334
1627700 334
1627710 333
1627720 333
1627730 333
1627740 332
1627750 332
1627760 332
1627770 332
1627780 331
1627790 331
1627800 331
1627810 330
1627820 330
1627830 330
1627840 330
1627850 330
1627860 330
1627870 329
1627880 329
1627890 329
1627900 329
1627910 329
1627920 329
1627930 328
1627940 328
1627950 327
1627960 328
1627970 328
1627980 328
1627990 328
1628000 328
1628010 327
1628020 327
1628030 327
1628040 328
1628050 328
1628060 328
1628070 330
1628080 329
1628090 329
1628100 328
1628110 328
1628120 328
1628130 328
1628140 328
1628150 328
1628160 327
1628170 327
1628180 327
1628190 327
1628200 327
1628210 327
1628220 327
1628230 327
1628240 327
1628250 327
1628260 328
1628270 328
1628280 329
1628290 330
1628300 330
1628310 331
1628320 331
1628330 331
1628340 332
1628350 333
1628360 333
1628370 334
1628380 335
1628390 335
1628400 335
1628410 336
1628420 338
1628430 338
1628440 338
1628450 338
1628460 338
1628470 335
1628480 335
1628490 335
1628500 338
1628510 341
1628520 341
1628530 342
1628540 343
1628550 343
1628560 343
1628570 344
1628580 344
1628590 344
1628600 344
1628610 344
1628620 345
1628630 345
1628640 345
1628650 345
1628660 346
1628670 346
1628680 346
1628690 346
1628700 346
1628710 347
1628720 347
1628730 347
1628740 347
1628750 348
1628760 348
1628770 348
1628780 348
1628790 348
1628800 348
1628810 348
1628820 348
1628830 349
1628840 349
1628850 349
1628860 349
1628870 349
1628880 349
1628890 349
1628900 349
1628910 349
1628920 349
1628930 350
1628940 350
1628950 350
1628960 350
1628970 350
1628980 350
1628990 350
1629000 350
1629010 349
1629020 349
1629030 349
1629040 349
1629050 349
1629060 349
1629070 349
1629080 349
1629090 349
1629100 349
1629110 349
1629120 349
1629130 349
1629140 348
1629150 348
1629160 348
1629170 348
1629180 348
1629190 347
1629200 347
1629210 347
1629220 347
1629230 346
1629240 346
1629250 346
1629260 345
1629270 345
1629280 344
1629290 344
1629300 344
1629310 343
1629320 342
1629330 342
1629340 341
1629350 340
1629360 340
1629370 339
1629380 339
1629390 339
1629400 338
1629410 338
1629420 338
1629430 338
1629440 338
1629450 338
1629460 338
1629470 338
1629480 338
1629490 338
1629500 337
1629510 337
1629520 337
1629530 337
1629540 337
1629550 336
1629560 336
1629570 336
1629580 335
1629590 335
1629600 335
1629610 334
1629620 333
1629630 333
1629640 333
1629650 332
1629660 332
1629670 331
1629680 330
1629690 330
1629700 330
1629710 330
1629720 331
1629730 331
1629740 331
1629750 331
1629760 331
1629770 334
1629780 335
1629790 335
1629800 336
1629810 338
1629820 338
1629830 340
1629840 341
1629850 341
1629860 342
1629870 343
1629880 343
1629890 344
1629900 345
1629910 345
1629920 345
1629930 346
1629940 346
1629950 346
1629960 346
1629970 346
1629980 346
1629990 347
1630000 347
1630010 347
1630020 347
1630030 347
1630040 348
1630050 348
1630060 348
1630070 349
1630080 349
1630090 349
1630100 349
1630110 350
1630120 350
1630130 350
1630140 350
1630150 350
1630160 351
1630170 351
1630180 351
1630190 351
1630200 351
1630210 351
1630220 351
1630230 351
1630240 351
1630250 351
1630260 351
1630270 351
1630280 351
1630290 351
1630300 351
1630310 351
1630320 351
1630330 351
1630340 351
1630350 351
1630360 351
1630370 351
1630380 351
1630390 351
1630400 351
1630410 351
1630420 351
1630430 351
1630440 351
1630450 351
1630460 351
1630470 351
1630480 351
1630490 351
1630500 351
1630510 351
1630520 351
1630530 351
1630540 351
1630550 351
1630560 351
1630570 351
1630580 351
1630590 351
1630600 351
1630610 351
1630620 351
1630630 351
1630640 351
1630650 351
1630660 351
1630670 351
1630680 351
1630690 351
1630700 351
1630710 351
1630720 351
1630730 351
1630740 351
1630750 351
1630760 351
1630770 351
1630780 351
1630790 351
1630800 350
1630810 350
1630820 350
1630830 350
1630840 350
1630850 350
1630860 350
1630870 350
1630880 349
1630890 349
1630900 349
1630910 349
1630920 349
1630930 349
1630940 348
1630950 348
1630960 348
1630970 348
1630980 347
1630990 347
1631000 347
1631010 346
1631020 346
1631030 346
1631040 346
1631050 345
1631060 345
1631070 344
1631080 344
1631090 344
1631100 343
1631110 343
1631120 343
1631130 341
1631140 340
1631150 340
1631160 338
1631170 337
1631180 337
1631190 336
1631200 336
1631210 336
1631220 335
1631230 335
1631240 335
1631250 334
1631260 334
1631270 334
1631280 334
1631290 335
1631300 335
1631310 336
1631320 336
1631330 336
1631340 337
1631350 337
1631360 337
1631370 338
1631380 339
1631390 339
1631400 340
1631410 340
1631420 340
1631430 341
1631440 341
1631450 341
1631460 342
1631470 342
1631480 342
1631490 343
1631500 343
1631510 343
1631520 343
1631530 344
1631540 344
1631550 344
1631560 345
1631570 345
1631580 345
1631590 346
1631600 346
1631610 346
1631620 346
1631630 346
1631640 346
1631650 346
1631660 346
1631670 346
1631680 346
1631690 346
1631700 346
1631710 347
1631720 347
1631730 347
1631740 347
1631750 347
1631760 347
1631770 347
1631780 347
1631790 347
1631800 347
1631810 347
1631820 346
1631830 346
1631840 346
1631850 346
1631860 346
1631870 346
1631880 346
1631890 345
1631900 345
1631910 345
1631920 345
1631930 345
1631940 344
1631950 344
1631960 344
1631970 343
1631980 343
1631990 343
1632000 342
1632010 342
1632020 342
1632030 342
1632040 342
1632050 342
1632060 342
1632070 343
1632080 343
1632090 343
1632100 343
1632110 343
1632120 344
1632130 344
1632140 344
1632150 345
1632160 345
1632170 345
1632180 345
1632190 346
1632200 346
1632210 346
1632220 347
1632230 347
1632240 347
1632250 347
1632260 347
1632270 347
1632280 348
1632290 348
1632300 348
1632310 348
1632320 348
1632330 348
1632340 348
1632350 348
1632360 348
1632370 349
1632380 349
1632390 349
1632400 349
1632410 349
1632420 349
1632430 349
1632440 349
1632450 349
1632460 349
1632470 349
1632480 349
1632490 349
1632500 349
1632510 349
1632520 349
1632530 349
1632540 349
1632550 349
1632560 349
1632570 349
1632580 349
1632590 349
1632600 349
1632610 349
1632620 349
1632630 349
1632640 349
1632650 348
1632660 348
1632670 348
1632680 348
1632690 348
1632700 348
1632710 348
1632720 348
1632730 348
1632740 347
1632750 347
1632760 347
1632770 347
1632780 347
1632790 347
1632800 347
1632810 347
1632820 347
1632830 347
1632840 347
1632850 347
1632860 347
1632870 347
1632880 347
1632890 347
1632900 347
1632910 347
1632920 346
1632930 346
1632940 346
1632950 346
1632960 346
1632970 346
1632980 346
1632990 346
1633000 346
1633010 345
1633020 345
1633030 345
1633040 345
1633050 345
1633060 345
1633070 345
1633080 345
1633090 345
1633100 345
1633110 345
1633120 344
1633130 344
1633140 344
1633150 344
1633160 344
1633170 344
1633180 343
1633190 343
1633200 343
1633210 343
1633220 342
1633230 342
1633240 342
1633250 342
1633260 342
1633270 341
1633280 341
1633290 341
1633300 341
1633310 340
1633320 340
1633330 339
1633340 338
1633350 338
1633360 338
1633370 337
1633380 337
1633390 336
1633400 335
1633410 335
1633420 334
1633430 333
1633440 333
1633450 331
1633460 330
1633470 330
1633480 329
1633490 328
1633500 328
1633510 327
1633520 326
1633530 326
1633540 326
1633550 325
1633560 324
1633570 324
1633580 323
1633590 323
1633600 323
1633610 321
1633620 321
1633630 321
1633640 320
1633650 319
1633660 319
1633670 319
1633680 318
1633690 318
1633700 317
1633710 317
1633720 317
1633730 316
1633740 316
1633750 316
1633760 316
1633770 316
1633780 316
1633790 316
1633800 316
1633810 316
1633820 316
1633830 316
1633840 316
1633850 317
1633860 317
1633870 317
1633880 318
1633890 320
1633900 320
1633910 321
1633920 323
1633930 323
1633940 325
1633950 326
1633960 326
1633970 327
1633980 328
1633990 328
1634000 329
1634010 329
1634020 329
1634030 330
1634040 331
1634050 331
1634060 331
1634070 332
1634080 332
1634090 333
1634100 334
1634110 334
1634120 335
1634130 335
1634140 335
1634150 336
1634160 336
1634170 336
1634180 337
1634190 337
1634200 337
1634210 337
1634220 337
1634230 337
1634240 337
1634250 337
1634260 337
1634270 336
1634280 336
1634290 336
1634300 335
1634310 335
1634320 335
1634330 334
1634340 334
1634350 334
1634360 333
1634370 333
1634380 333
1634390 332
1634400 331
1634410 331
1634420 330
1634430 329
1634440 329
1634450 328
1634460 326
1634470 326
1634480 324
1634490 324
1634500 324
1634510 324
1634520 325
1634530 325
1634540 325
1634550 326
1634560 326
1634570 326
1634580 327
1634590 327
1634600 328
1634610 329
1634620 329
1634630 329
1634640 330
1634650 330
1634660 331
1634670 333
1634680 333
1634690 334
1634700 335
1634710 335
1634720 336
1634730 337
1634740 337
1634750 337
1634760 338
1634770 338
1634780 338
1634790 338
1634800 338
1634810 338
1634820 339
1634830 338
1634840 338
1634850 338
1634860 338
1634870 338
1634880 339
1634890 340
1634900 340
1634910 340
1634920 340
1634930 340
1634940 340
1634950 340
1634960 340
1634970 341
1634980 341
1634990 341
1635000 341
1635010 341
1635020 341
1635030 341
1635040 341
1635050 341
1635060 341
1635070 341
1635080 341
1635090 342
1635100 342
1635110 342
1635120 342
1635130 342
1635140 342
1635150 342
1635160 342
1635170 342
1635180 343
1635190 342
1635200 342
1635210 342
1635220 342
1635230 342
1635240 343
1635250 343
1635260 343
1635270 343
1635280 343
1635290 343
1635300 343
1635310 343
1635320 343
1635330 343
1635340 343
1635350 343
1635360 343
1635370 343
1635380 343
1635390 343
1635400 343
1635410 343
1635420 343
1635430 343
1635440 343
1635450 343
1635460 343
1635470 343
1635480 343
1635490 343
1635500 343
1635510 343
1635520 343
1635530 343
1635540 343
1635550 342
1635560 342
1635570 342
1635580 343
1635590 343
1635600 343
1635610 343
1635620 343
1635630 343
1635640 343
1635650 343
1635660 343
1635670 342
1635680 342
1635690 342
1635700 342
1635710 342
1635720 342
1635730 342
1635740 342
1635750 342
1635760 342
1635770 342
1635780 342
1635790 342
1635800 342
1635810 341
1635820 341
1635830 341
1635840 341
1635850 341
1635860 341
1635870 341
1635880 341
1635890 341
1635900 340
1635910 340
1635920 340
1635930 340
1635940 340
1635950 340
1635960 339
1635970 339
1635980 339
1635990 339
1636000 338
1636010 338
1636020 338
1636030 338
1636040 338
1636050 337
1636060 337
1636070 336
1636080 336
1636090 336
1636100 335
1636110 335
1636120 335
1636130 334
1636140 334
1636150 332
1636160 329
1636170 329
1636180 327
1636190 325
1636200 325
1636210 323
1636220 322
1636230 322
1636240 320
1636250 320
1636260 320
1636270 320
1636280 319
1636290 319
1636300 319
1636310 318
1636320 318
1636330 318
1636340 319
1636350 319
1636360 319
1636370 320
1636380 320
1636390 321
1636400 322
1636410 322
1636420 323
1636430 324
1636440 324
1636450 325
1636460 326
1636470 326
1636480 328
1636490 329
1636500 329
1636510 330
1636520 331
1636530 331
1636540 331
1636550 332
1636560 332
1636570 333
1636580 333
1636590 333
1636600 333
1636610 333
1636620 333
1636630 333
1636640 333
1636650 333
1636660 333
1636670 333
1636680 333
1636690 333
1636700 332
1636710 332
1636720 332
1636730 332
1636740 332
1636750 332
1636760 332
1636770 332
1636780 332
1636790 332
1636800 332
1636810 332
1636820 332
1636830 332
1636840 332
1636850 332
1636860 332
1636870 332
1636880 332
1636890 332
1636900 332
1636910 332
1636920 332
1636930 332
1636940 332
1636950 332
1636960 332
1636970 332
1636980 332
1636990 332
1637000 332
1637010 332
1637020 332
1637030 332
1637040 332
1637050 332
1637060 332
1637070 332
1637080 332
1637090 332
1637100 332
1637110 332
1637120 331
1637130 331
1637140 331
1637150 331
1637160 331
1637170 331
1637180 331
1637190 331
1637200 331
1637210 331
1637220 331
1637230 330
1637240 331
1637250 331
1637260 331
1637270 331
1637280 331
1637290 331
1637300 331
1637310 331
1637320 332
1637330 332
1637340 332
1637350 332
1637360 332
1637370 332
1637380 332
1637390 332
1637400 333
1637410 333
1637420 333
1637430 334
1637440 334
1637450 334
1637460 333
1637470 333
1637480 333
1637490 333
1637500 333
1637510 333
1637520 333
1637530 333
1637540 332
1637550 332
1637560 332
1637570 332
1637580 333
1637590 333
1637600 334
1637610 334
1637620 334
1637630 334
1637640 334
1637650 334
1637660 334
1637670 334
1637680 334
1637690 333
1637700 333
1637710 333
1637720 333
1637730 332
1637740 332
1637750 332
1637760 331
1637770 331
1637780 330
1637790 329
1637800 329
1637810 328
1637820 328
1637830 328
1637840 328
1637850 328
1637860 328
1637870 328
1637880 329
1637890 329
1637900 330
1637910 330
1637920 330
1637930 330
1637940 330
1637950 330
1637960 331
1637970 332
1637980 332
1637990 332
1638000 332
1638010 332
1638020 332
1638030 332
1638040 332
1638050 332
1638060 333
1638070 333
1638080 333
1638090 333
1638100 333
1638110 333
1638120 333
1638130 333
1638140 334
1638150 334
1638160 334
1638170 334
1638180 334
1638190 334
1638200 335
1638210 335
1638220 335
1638230 335
1638240 336
1638250 336
1638260 336
1638270 336
1638280 336
1638290 336
1638300 337
1638310 337
1638320 337
1638330 337
1638340 337
1638350 337
1638360 337
1638370 337
1638380 337
1638390 337
1638400 337
1638410 336
1638420 336
1638430 336
1638440 336
1638450 336
1638460 336
1638470 336
1638480 336
1638490 336
1638500 336
1638510 336
1638520 336
1638530 336
1638540 336
1638550 336
1638560 336
1638570 336
1638580 336
1638590 336
1638600 336
1638610 336
1638620 336
1638630 336
1638640 336
1638650 336
1638660 336
1638670 336
1638680 336
1638690 336
1638700 336
1638710 336
1638720 336
1638730 336
1638740 336
1638750 336
1638760 336
1638770 336
1638780 336
1638790 336
1638800 336
1638810 336
1638820 336
1638830 336
1638840 336
1638850 336
1638860 336
1638870 335
1638880 335
1638890 335
1638900 335
1638910 335
1638920 335
1638930 334
1638940 334
1638950 334
1638960 334
1638970 334
1638980 334
1638990 333
1639000 333
1639010 333
1639020 333
1639030 332
1639040 332
1639050 332
1639060 332
1639070 332
1639080 331
1639090 331
1639100 331
1639110 330
1639120 330
1639130 330
1639140 329
1639150 329
1639160 329
1639170 328
1639180 328
1639190 328
1639200 327
1639210 327
1639220 327
1639230 325
1639240 323
1639250 323
1639260 321
1639270 320
1639280 320
1639290 319
1639300 317
1639310 317
1639320 316
1639330 316
1639340 316
1639350 315
1639360 314
1639370 314
1639380 314
1639390 313
1639400 313
1639410 313
1639420 314
1639430 314
1639440 314
1639450 314
1639460 314
1639470 314
1639480 314
1639490 314
1639500 314
1639510 314
1639520 314
1639530 314
1639540 313
1639550 313
1639560 314
1639570 314
1639580 314
1639590 313
1639600 313
1639610 313
1639620 312
1639630 312
1639640 312
1639650 312
1639660 312
1639670 312
1639680 311
1639690 311
1639700 311
1639710 311
1639720 311
1639730 311
1639740 311
1639750 310
1639760 310
1639770 310
1639780 310
1639790 310
1639800 309
1639810 309
1639820 309
1639830 308
1639840 308
1639850 308
1639860 308
1639870 308
1639880 308
1639890 308
1639900 309
1639910 309
1639920 309
1639930 309
1639940 308
1639950 308
1639960 308
1639970 307
1639980 307
1639990 307
