1620000 365
1620010 365
1620020 365
1620030 365
1620040 364
1620050 364
1620060 364
1620070 364
1620080 364
1620090 364
1620100 364
1620110 364
1620120 364
1620130 364
1620140 363
1620150 363
1620160 363
1620170 363
1620180 363
1620190 363
1620200 364
1620210 364
1620220 364
1620230 364
1620240 364
1620250 364
1620260 364
1620270 364
1620280 364
1620290 364
1620300 364
1620310 364
1620320 364
1620330 364
1620340 365
1620350 365
1620360 365
1620370 365
1620380 365
1620390 365
1620400 366
1620410 366
1620420 366
1620430 366
1620440 366
1620450 366
1620460 366
1620470 366
1620480 366
1620490 367
1620500 367
1620510 367
1620520 367
1620530 367
1620540 367
1620550 367
1620560 367
1620570 367
1620580 367
1620590 367
1620600 367
1620610 367
1620620 367
1620630 367
1620640 366
1620650 366
1620660 366
1620670 366
1620680 366
1620690 366
1620700 365
1620710 365
1620720 365
1620730 365
1620740 365
1620750 365
1620760 365
1620770 365
1620780 365
1620790 365
1620800 365
1620810 365
1620820 365
1620830 365
1620840 365
1620850 365
1620860 365
1620870 365
1620880 365
1620890 365
1620900 365
1620910 365
1620920 365
1620930 365
1620940 365
1620950 365
1620960 365
1620970 365
1620980 366
1620990 366
1621000 366
1621010 366
1621020 366
1621030 366
1621040 366
1621050 366
1621060 366
1621070 366
1621080 366
1621090 366
1621100 366
1621110 366
1621120 366
1621130 366
1621140 366
1621150 366
1621160 366
1621170 366
1621180 366
1621190 366
1621200 366
1621210 366
1621220 366
1621230 366
1621240 366
1621250 366
1621260 366
1621270 366
1621280 366
1621290 366
1621300 366
1621310 366
1621320 366
1621330 366
1621340 366
1621350 366
1621360 366
1621370 366
1621380 366
1621390 366
1621400 365
1621410 365
1621420 365
1621430 365
1621440 365
1621450 365
1621460 364
1621470 364
1621480 364
1621490 363
1621500 363
1621510 363
1621520 363
1621530 363
1621540 363
1621550 363
1621560 363
1621570 363
1621580 362
1621590 362
1621600 362
1621610 362
1621620 362
1621630 362
1621640 362
1621650 362
1621660 362
1621670 361
1621680 361
1621690 361
1621700 361
1621710 361
1621720 361
1621730 360
1621740 360
1621750 360
1621760 360
1621770 360
1621780 360
1621790 359
1621800 359
1621810 359
1621820 358
1621830 358
1621840 358
1621850 358
1621860 358
1621870 358
1621880 357
1621890 357
1621900 357
1621910 357
1621920 356
1621930 356
1621940 356
1621950 355
1621960 355
1621970 355
1621980 353
1621990 353
1622000 353
1622010 353
1622020 353
1622030 353
1622040 352
1622050 352
1622060 352
1622070 350
1622080 350
1622090 347
1622100 348
1622110 348
1622120 348
1622130 348
1622140 348
1622150 348
1622160 348
1622170 348
1622180 348
1622190 348
1622200 348
1622210 348
1622220 348
1622230 348
1622240 348
1622250 348
1622260 348
1622270 348
1622280 348
1622290 348
1622300 348
1622310 349
1622320 348
1622330 348
1622340 348
1622350 350
1622360 350
1622370 351
1622380 352
1622390 352
1622400 353
1622410 354
1622420 354
1622430 355
1622440 355
1622450 355
1622460 356
1622470 356
1622480 356
1622490 356
1622500 357
1622510 357
1622520 357
1622530 358
1622540 358
1622550 358
1622560 358
1622570 358
1622580 359
1622590 359
1622600 359
1622610 359
1622620 360
1622630 360
1622640 360
1622650 360
1622660 360
1622670 360
1622680 361
1622690 361
1622700 361
1622710 361
1622720 361
1622730 361
1622740 361
1622750 361
1622760 361
1622770 361
1622780 361
1622790 362
1622800 362
1622810 362
1622820 362
1622830 361
1622840 361
1622850 361
1622860 361
1622870 361
1622880 361
1622890 361
1622900 361
1622910 361
1622920 360
1622930 360
1622940 360
1622950 359
1622960 359
1622970 359
1622980 359
1622990 359
1623000 358
1623010 358
1623020 358
1623030 358
1623040 358
1623050 358
1623060 359
1623070 359
1623080 359
1623090 359
1623100 359
1623110 359
1623120 359
1623130 360
1623140 360
1623150 360
1623160 360
1623170 360
1623180 361
1623190 361
1623200 361
1623210 361
1623220 361
1623230 361
1623240 362
1623250 362
1623260 362
1623270 362
1623280 362
1623290 362
1623300 363
1623310 363
1623320 363
1623330 363
1623340 363
1623350 363
1623360 363
1623370 363
1623380 363
1623390 363
1623400 363
1623410 363
1623420 362
1623430 362
1623440 362
1623450 362
1623460 362
1623470 362
1623480 362
1623490 362
1623500 362
1623510 362
1623520 362
1623530 362
1623540 362
1623550 362
1623560 362
1623570 362
1623580 362
1623590 362
1623600 362
1623610 362
1623620 361
1623630 361
1623640 361
1623650 361
1623660 361
1623670 361
1623680 361
1623690 361
1623700 361
1623710 361
1623720 361
1623730 361
1623740 361
1623750 361
1623760 360
1623770 360
1623780 360
1623790 360
1623800 360
1623810 360
1623820 360
1623830 360
1623840 360
1623850 360
1623860 360
1623870 360
1623880 360
1623890 360
1623900 360
1623910 360
1623920 360
1623930 360
1623940 360
1623950 360
1623960 360
1623970 360
1623980 360
1623990 360
1624000 360
1624010 360
1624020 360
1624030 360
1624040 359
1624050 359
1624060 359
1624070 359
1624080 359
1624090 358
1624100 358
1624110 358
1624120 358
1624130 358
1624140 358
1624150 358
1624160 358
1624170 358
1624180 358
1624190 358
1624200 358
1624210 359
1624220 359
1624230 359
1624240 359
1624250 359
1624260 359
1624270 359
1624280 359
1624290 359
1624300 359
1624310 359
1624320 359
1624330 359
1624340 359
1624350 359
1624360 359
1624370 359
1624380 359
1624390 358
1624400 358
1624410 358
1624420 358
1624430 358
1624440 358
1624450 358
1624460 357
1624470 357
1624480 357
1624490 357
1624500 357
1624510 357
1624520 356
1624530 356
1624540 356
1624550 356
1624560 356
1624570 355
1624580 355
1624590 355
1624600 354
1624610 354
1624620 354
1624630 354
1624640 353
1624650 353
1624660 353
1624670 352
1624680 352
1624690 352
1624700 351
1624710 351
1624720 351
1624730 351
1624740 350
1624750 350
1624760 349
1624770 349
1624780 349
1624790 349
1624800 349
1624810 349
1624820 350
1624830 351
1624840 351
1624850 351
1624860 352
1624870 352
1624880 352
1624890 353
1624900 353
1624910 353
1624920 353
1624930 353
1624940 353
1624950 353
1624960 353
1624970 353
1624980 353
1624990 353
1625000 353
1625010 353
1625020 353
1625030 353
1625040 353
1625050 353
1625060 354
1625070 354
1625080 354
1625090 354
1625100 354
1625110 354
1625120 354
1625130 354
1625140 354
1625150 354
1625160 354
1625170 354
1625180 354
1625190 354
1625200 354
1625210 354
1625220 354
1625230 354
1625240 354
1625250 354
1625260 354
1625270 354
1625280 354
1625290 354
1625300 354
1625310 353
1625320 353
1625330 353
1625340 353
1625350 353
1625360 352
1625370 352
1625380 352
1625390 351
1625400 351
1625410 351
1625420 351
1625430 350
1625440 350
1625450 349
1625460 349
1625470 349
1625480 348
1625490 348
1625500 348
1625510 347
1625520 346
1625530 346
1625540 345
1625550 345
1625560 345
1625570 344
1625580 344
1625590 344
1625600 345
1625610 346
1625620 346
1625630 346
1625640 347
1625650 347
1625660 347
1625670 348
1625680 348
1625690 348
1625700 349
1625710 349
1625720 349
1625730 350
1625740 350
1625750 350
1625760 351
1625770 351
1625780 351
1625790 351
1625800 351
1625810 351
1625820 351
1625830 351
1625840 352
1625850 352
1625860 352
1625870 352
1625880 352
1625890 352
1625900 353
1625910 353
1625920 353
1625930 353
1625940 353
1625950 353
1625960 353
1625970 353
1625980 353
1625990 353
1626000 353
1626010 353
1626020 353
1626030 353
1626040 353
1626050 353
1626060 353
1626070 353
1626080 353
1626090 353
1626100 352
1626110 352
1626120 352
1626130 352
1626140 352
1626150 351
1626160 351
1626170 351
1626180 350
1626190 349
1626200 349
1626210 349
1626220 348
1626230 348
1626240 347
1626250 346
1626260 346
1626270 345
1626280 345
1626290 345
1626300 344
1626310 344
1626320 344
1626330 343
1626340 343
1626350 343
1626360 343
1626370 344
1626380 344
1626390 344
1626400 344
1626410 344
1626420 345
1626430 345
1626440 345
1626450 345
1626460 345
1626470 345
1626480 345
1626490 345
1626500 345
1626510 345
1626520 345
1626530 345
1626540 345
1626550 345
1626560 345
1626570 345
1626580 345
1626590 345
1626600 345
1626610 345
1626620 345
1626630 345
1626640 345
1626650 345
1626660 345
1626670 345
1626680 345
1626690 345
1626700 345
1626710 345
1626720 345
1626730 344
1626740 344
1626750 344
1626760 344
1626770 344
1626780 344
1626790 344
1626800 344
1626810 343
1626820 343
1626830 343
1626840 343
1626850 343
1626860 343
1626870 342
1626880 342
1626890 342
1626900 341
1626910 341
1626920 341
1626930 340
1626940 340
1626950 340
1626960 339
1626970 338
1626980 338
1626990 338
1627000 337
1627010 337
1627020 336
1627030 336
1627040 336
1627050 335
1627060 335
1627070 335
1627080 334
1627090 334
1627100 334
1627110 333
1627120 333
1627130 333
1627140 332
1627150 331
1627160 331
1627170 331
1627180 330
1627190 330
1627200 330
1627210 330
1627220 330
1627230 330
1627240 330
1627250 330
1627260 330
1627270 330
1627280 330
1627290 330
1627300 329
1627310 329
1627320 330
1627330 330
1627340 328
1627350 328
1627360 329
1627370 329
1627380 329
1627390 329
1627400 330
1627410 330
1627420 329
1627430 329
1627440 329
1627450 329
1627460 329
1627470 329
1627480 329
1627490 329
1627500 329
1627510 329
1627520 329
1627530 329
1627540 329
1627550 329
1627560 329
1627570 329
1627580 329
1627590 329
1627600 329
1627610 329
1627620 329
1627630 329
1627640 329
1627650 329
1627660 329
1627670 331
1627680 331
1627690 332
1627700 330
1627710 330
1627720 328
1627730 330
1627740 330
1627750 330
1627760 330
1627770 330
1627780 331
1627790 331
1627800 331
1627810 332
1627820 332
1627830 332
1627840 330
1627850 329
1627860 329
1627870 329
1627880 329
1627890 329
1627900 329
1627910 329
1627920 329
1627930 329
1627940 329
1627950 329
1627960 329
1627970 328
1627980 329
1627990 329
1628000 328
1628010 328
1628020 328
1628030 329
1628040 329
1628050 329
1628060 329
1628070 329
1628080 329
1628090 330
1628100 330
1628110 331
1628120 332
1628130 332
1628140 333
1628150 334
1628160 334
1628170 335
1628180 336
1628190 336
1628200 337
1628210 338
1628220 338
1628230 339
1628240 339
1628250 339
1628260 340
1628270 340
1628280 340
1628290 341
1628300 341
1628310 341
1628320 341
1628330 341
1628340 341
1628350 342
1628360 342
1628370 342
1628380 342
1628390 342
1628400 342
1628410 342
1628420 342
1628430 342
1628440 342
1628450 342
1628460 342
1628470 342
1628480 342
1628490 342
1628500 342
1628510 342
1628520 342
1628530 343
1628540 343
1628550 343
1628560 344
1628570 344
1628580 344
1628590 345
1628600 345
1628610 345
1628620 345
1628630 346
1628640 347
1628650 347
1628660 347
1628670 347
1628680 347
1628690 348
1628700 348
1628710 348
1628720 348
1628730 349
1628740 349
1628750 349
1628760 349
1628770 349
1628780 350
1628790 351
1628800 351
1628810 351
1628820 352
1628830 352
1628840 352
1628850 353
1628860 353
1628870 353
1628880 353
1628890 353
1628900 354
1628910 354
1628920 354
1628930 354
1628940 355
1628950 355
1628960 355
1628970 355
1628980 355
1628990 356
1629000 356
1629010 356
1629020 356
1629030 356
1629040 356
1629050 356
1629060 356
1629070 356
1629080 356
1629090 355
1629100 355
1629110 355
1629120 355
1629130 355
1629140 354
1629150 354
1629160 354
1629170 354
1629180 353
1629190 353
1629200 353
1629210 352
1629220 352
1629230 352
1629240 351
1629250 351
1629260 351
1629270 351
1629280 351
1629290 350
1629300 350
1629310 350
1629320 349
1629330 349
1629340 349
1629350 348
1629360 348
1629370 348
1629380 348
1629390 347
1629400 347
1629410 347
1629420 347
1629430 347
1629440 347
1629450 347
1629460 347
1629470 347
1629480 347
1629490 347
1629500 347
1629510 348
1629520 348
1629530 348
1629540 348
1629550 348
1629560 348
1629570 348
1629580 348
1629590 349
1629600 349
1629610 349
1629620 349
1629630 349
1629640 349
1629650 349
1629660 349
1629670 349
1629680 349
1629690 349
1629700 349
1629710 349
1629720 349
1629730 349
1629740 349
1629750 349
1629760 349
1629770 348
1629780 349
1629790 349
1629800 348
1629810 348
1629820 348
1629830 347
1629840 347
1629850 347
1629860 347
1629870 346
1629880 346
1629890 345
1629900 345
1629910 345
1629920 344
1629930 343
1629940 343
1629950 343
1629960 342
1629970 341
1629980 341
1629990 340
1630000 339
1630010 339
1630020 338
1630030 338
1630040 338
1630050 338
1630060 338
1630070 338
1630080 338
1630090 340
1630100 340
1630110 341
1630120 343
1630130 343
1630140 344
1630150 346
1630160 346
1630170 347
1630180 347
1630190 347
1630200 348
1630210 349
1630220 349
1630230 349
1630240 350
1630250 350
1630260 350
1630270 351
1630280 351
1630290 351
1630300 352
1630310 352
1630320 352
1630330 352
1630340 352
1630350 353
1630360 353
1630370 353
1630380 353
1630390 353
1630400 353
1630410 354
1630420 354
1630430 354
1630440 354
1630450 354
1630460 354
1630470 354
1630480 354
1630490 354
1630500 354
1630510 354
1630520 354
1630530 354
1630540 354
1630550 354
1630560 353
1630570 353
1630580 353
1630590 353
1630600 353
1630610 353
1630620 352
1630630 352
1630640 352
1630650 352
1630660 352
1630670 352
1630680 351
1630690 351
1630700 351
1630710 351
1630720 350
1630730 350
1630740 350
1630750 350
1630760 350
1630770 350
1630780 350
1630790 350
1630800 350
1630810 349
1630820 349
1630830 349
1630840 349
1630850 349
1630860 349
1630870 349
1630880 349
1630890 349
1630900 349
1630910 349
1630920 349
1630930 349
1630940 349
1630950 349
1630960 348
1630970 348
1630980 348
1630990 348
1631000 348
1631010 348
1631020 348
1631030 348
1631040 348
1631050 348
1631060 348
1631070 348
1631080 348
1631090 348
1631100 347
1631110 346
1631120 346
1631130 346
1631140 347
1631150 347
1631160 347
1631170 348
1631180 348
1631190 348
1631200 349
1631210 349
1631220 349
1631230 349
1631240 350
1631250 350
1631260 350
1631270 350
1631280 350
1631290 351
1631300 351
1631310 351
1631320 351
1631330 352
1631340 352
1631350 352
1631360 352
1631370 352
1631380 352
1631390 352
1631400 352
1631410 353
1631420 353
1631430 353
1631440 353
1631450 353
1631460 353
1631470 353
1631480 353
1631490 353
1631500 353
1631510 353
1631520 353
1631530 353
1631540 353
1631550 353
1631560 353
1631570 353
1631580 353
1631590 353
1631600 354
1631610 354
1631620 354
1631630 354
1631640 354
1631650 354
1631660 354
1631670 354
1631680 354
1631690 354
1631700 354
1631710 354
1631720 354
1631730 354
1631740 354
1631750 354
1631760 354
1631770 353
1631780 354
1631790 354
1631800 354
1631810 354
1631820 354
1631830 353
1631840 353
1631850 353
1631860 353
1631870 353
1631880 353
1631890 353
1631900 353
1631910 353
1631920 353
1631930 353
1631940 353
1631950 353
1631960 353
1631970 353
1631980 353
1631990 353
1632000 353
1632010 353
1632020 354
1632030 354
1632040 353
1632050 354
1632060 354
1632070 354
1632080 353
1632090 353
1632100 353
1632110 353
1632120 353
1632130 353
1632140 353
1632150 353
1632160 353
1632170 352
1632180 352
1632190 352
1632200 352
1632210 352
1632220 352
1632230 352
1632240 352
1632250 352
1632260 352
1632270 352
1632280 352
1632290 352
1632300 352
1632310 352
1632320 352
1632330 352
1632340 351
1632350 351
1632360 351
1632370 351
1632380 351
1632390 351
1632400 351
1632410 351
1632420 351
1632430 350
1632440 350
1632450 350
1632460 350
1632470 349
1632480 349
1632490 349
1632500 349
1632510 349
1632520 349
1632530 348
1632540 348
1632550 348
1632560 347
1632570 347
1632580 347
1632590 346
1632600 345
1632610 345
1632620 345
1632630 345
1632640 345
1632650 344
1632660 344
1632670 344
1632680 343
1632690 343
1632700 343
1632710 342
1632720 341
1632730 341
1632740 341
1632750 340
1632760 340
1632770 340
1632780 339
1632790 339
1632800 338
1632810 337
1632820 337
1632830 337
1632840 336
1632850 336
1632860 335
1632870 335
1632880 335
1632890 334
1632900 333
1632910 333
1632920 332
1632930 332
1632940 332
1632950 331
1632960 330
1632970 330
1632980 329
1632990 328
1633000 328
1633010 327
1633020 326
1633030 326
1633040 325
1633050 325
1633060 325
1633070 324
1633080 323
1633090 323
1633100 322
1633110 322
1633120 322
1633130 321
1633140 322
1633150 322
1633160 322
1633170 321
1633180 321
1633190 320
1633200 320
1633210 320
1633220 319
1633230 318
1633240 318
1633250 319
1633260 319
1633270 319
1633280 319
1633290 320
1633300 320
1633310 320
1633320 321
1633330 321
1633340 322
1633350 323
1633360 323
1633370 325
1633380 326
1633390 326
1633400 328
1633410 330
1633420 330
1633430 331
1633440 333
1633450 333
1633460 334
1633470 336
1633480 336
1633490 337
1633500 338
1633510 338
1633520 339
1633530 339
1633540 339
1633550 340
1633560 340
1633570 340
1633580 341
1633590 341
1633600 341
1633610 342
1633620 342
1633630 342
1633640 342
1633650 342
1633660 342
1633670 343
1633680 343
1633690 343
1633700 343
1633710 343
1633720 343
1633730 343
1633740 343
1633750 343
1633760 344
1633770 344
1633780 344
1633790 344
1633800 344
1633810 344
1633820 344
1633830 344
1633840 344
1633850 344
1633860 344
1633870 344
1633880 344
1633890 344
1633900 344
1633910 344
1633920 343
1633930 343
1633940 343
1633950 343
1633960 343
1633970 343
1633980 343
1633990 342
1634000 342
1634010 342
1634020 342
1634030 342
1634040 341
1634050 341
1634060 341
1634070 341
1634080 340
1634090 340
1634100 340
1634110 340
1634120 340
1634130 339
1634140 339
1634150 339
1634160 338
1634170 337
1634180 337
1634190 337
1634200 337
1634210 337
1634220 338
1634230 338
1634240 338
1634250 339
1634260 339
1634270 339
1634280 339
1634290 339
1634300 339
1634310 339
1634320 339
1634330 339
1634340 340
1634350 340
1634360 340
1634370 340
1634380 340
1634390 340
1634400 340
1634410 340
1634420 340
1634430 340
1634440 340
1634450 340
1634460 341
1634470 340
1634480 340
1634490 340
1634500 340
1634510 340
1634520 340
1634530 340
1634540 340
1634550 340
1634560 340
1634570 340
1634580 340
1634590 340
1634600 340
1634610 339
1634620 339
1634630 339
1634640 339
1634650 339
1634660 339
1634670 338
1634680 338
1634690 338
1634700 338
1634710 338
1634720 338
1634730 339
1634740 339
1634750 339
1634760 339
1634770 339
1634780 339
1634790 340
1634800 340
1634810 340
1634820 340
1634830 341
1634840 341
1634850 341
1634860 341
1634870 341
1634880 342
1634890 342
1634900 342
1634910 342
1634920 343
1634930 343
1634940 343
1634950 343
1634960 343
1634970 344
1634980 344
1634990 344
1635000 344
1635010 345
1635020 345
1635030 345
1635040 345
1635050 345
1635060 345
1635070 345
1635080 345
1635090 345
1635100 346
1635110 346
1635120 346
1635130 346
1635140 346
1635150 346
1635160 346
1635170 346
1635180 346
1635190 346
1635200 346
1635210 346
1635220 346
1635230 346
1635240 346
1635250 346
1635260 346
1635270 346
1635280 346
1635290 346
1635300 346
1635310 346
1635320 346
1635330 346
1635340 346
1635350 346
1635360 346
1635370 345
1635380 345
1635390 345
1635400 345
1635410 345
1635420 345
1635430 345
1635440 345
1635450 345
1635460 345
1635470 345
1635480 345
1635490 345
1635500 344
1635510 344
1635520 344
1635530 344
1635540 344
1635550 344
1635560 344
1635570 344
1635580 344
1635590 343
1635600 343
1635610 343
1635620 343
1635630 343
1635640 343
1635650 343
1635660 343
1635670 343
1635680 342
1635690 342
1635700 342
1635710 342
1635720 342
1635730 341
1635740 341
1635750 341
1635760 341
1635770 341
1635780 341
1635790 340
1635800 340
1635810 340
1635820 339
1635830 338
1635840 338
1635850 338
1635860 337
1635870 337
1635880 337
1635890 336
1635900 336
1635910 336
1635920 336
1635930 336
1635940 336
1635950 337
1635960 337
1635970 337
1635980 338
1635990 338
1636000 338
1636010 339
1636020 339
1636030 339
1636040 339
1636050 339
1636060 340
1636070 341
1636080 341
1636090 341
1636100 341
1636110 341
1636120 342
1636130 342
1636140 342
1636150 342
1636160 342
1636170 342
1636180 343
1636190 343
1636200 343
1636210 343
1636220 343
1636230 343
1636240 343
1636250 344
1636260 344
1636270 344
1636280 344
1636290 344
1636300 344
1636310 344
1636320 344
1636330 344
1636340 344
1636350 344
1636360 344
1636370 344
1636380 344
1636390 344
1636400 344
1636410 344
1636420 344
1636430 344
1636440 344
1636450 344
1636460 344
1636470 344
1636480 344
1636490 344
1636500 343
1636510 343
1636520 343
1636530 343
1636540 343
1636550 342
1636560 342
1636570 342
1636580 342
1636590 342
1636600 342
1636610 341
1636620 341
1636630 341
1636640 341
1636650 340
1636660 340
1636670 340
1636680 340
1636690 340
1636700 340
1636710 339
1636720 339
1636730 339
1636740 339
1636750 339
1636760 338
1636770 338
1636780 338
1636790 338
1636800 338
1636810 338
1636820 338
1636830 338
1636840 338
1636850 338
1636860 338
1636870 338
1636880 338
1636890 339
1636900 339
1636910 339
1636920 339
1636930 339
1636940 339
1636950 339
1636960 339
1636970 339
1636980 339
1636990 339
1637000 339
1637010 340
1637020 340
1637030 340
1637040 340
1637050 340
1637060 340
1637070 341
1637080 341
1637090 341
1637100 341
1637110 341
1637120 342
1637130 341
1637140 341
1637150 341
1637160 342
1637170 342
1637180 342
1637190 342
1637200 342
1637210 342
1637220 343
1637230 343
1637240 343
1637250 343
1637260 343
1637270 343
1637280 343
1637290 343
1637300 343
1637310 344
1637320 344
1637330 344
1637340 344
1637350 344
1637360 344
1637370 344
1637380 344
1637390 343
1637400 343
1637410 343
1637420 343
1637430 343
1637440 343
1637450 343
1637460 342
1637470 342
1637480 342
1637490 342
1637500 342
1637510 342
1637520 342
1637530 342
1637540 342
1637550 341
1637560 341
1637570 341
1637580 341
1637590 341
1637600 341
1637610 341
1637620 341
1637630 340
1637640 340
1637650 340
1637660 340
1637670 339
1637680 339
1637690 339
1637700 339
1637710 339
1637720 339
1637730 338
1637740 338
1637750 338
1637760 338
1637770 338
1637780 338
1637790 337
1637800 337
1637810 337
1637820 337
1637830 336
1637840 336
1637850 336
1637860 336
1637870 336
1637880 336
1637890 335
1637900 335
1637910 335
1637920 335
1637930 335
1637940 334
1637950 334
1637960 334
1637970 334
1637980 333
1637990 333
1638000 333
1638010 332
1638020 332
1638030 332
1638040 332
1638050 332
1638060 331
1638070 330
1638080 330
1638090 330
1638100 330
1638110 330
1638120 330
1638130 329
1638140 329
1638150 328
1638160 327
1638170 327
1638180 327
1638190 326
1638200 326
1638210 326
1638220 325
1638230 325
1638240 325
1638250 324
1638260 324
1638270 324
1638280 323
1638290 323
1638300 323
1638310 322
1638320 322
1638330 321
1638340 321
1638350 321
1638360 321
1638370 320
1638380 320
1638390 320
1638400 320
1638410 319
1638420 319
1638430 319
1638440 319
1638450 319
1638460 319
1638470 319
1638480 319
1638490 318
1638500 318
1638510 318
1638520 318
1638530 318
1638540 318
1638550 318
1638560 318
1638570 318
1638580 318
1638590 318
1638600 319
1638610 319
1638620 319
1638630 319
1638640 319
1638650 319
1638660 319
1638670 319
1638680 319
1638690 319
1638700 319
1638710 319
1638720 319
1638730 319
1638740 319
1638750 319
1638760 319
1638770 319
1638780 319
1638790 319
1638800 319
1638810 318
1638820 318
1638830 318
1638840 319
1638850 318
1638860 318
1638870 319
1638880 319
1638890 319
1638900 319
1638910 319
1638920 319
1638930 319
1638940 318
1638950 318
1638960 318
1638970 319
1638980 319
1638990 319
1639000 319
1639010 319
1639020 319
1639030 319
1639040 319
1639050 319
1639060 319
1639070 319
1639080 319
1639090 319
1639100 319
1639110 319
1639120 320
1639130 320
1639140 320
1639150 320
1639160 320
1639170 320
1639180 320
1639190 320
1639200 320
1639210 321
1639220 321
1639230 321
1639240 322
1639250 321
1639260 321
1639270 322
1639280 322
1639290 322
1639300 323
1639310 325
1639320 325
1639330 327
1639340 328
1639350 328
1639360 329
1639370 330
1639380 330
1639390 330
1639400 331
1639410 331
1639420 331
1639430 332
1639440 332
1639450 332
1639460 333
1639470 333
1639480 333
1639490 334
1639500 334
1639510 334
1639520 335
1639530 335
1639540 335
1639550 335
1639560 335
1639570 336
1639580 336
1639590 336
1639600 336
1639610 336
1639620 336
1639630 337
1639640 337
1639650 337
1639660 337
1639670 337
1639680 337
1639690 337
1639700 338
1639710 338
1639720 338
1639730 338
1639740 338
1639750 338
1639760 338
1639770 338
1639780 338
1639790 338
1639800 338
1639810 338
1639820 338
1639830 338
1639840 338
1639850 338
1639860 338
1639870 338
1639880 337
1639890 337
1639900 337
1639910 337
1639920 337
1639930 337
1639940 337
1639950 337
1639960 337
1639970 337
1639980 337
1639990 337
