1620000 329
1620010 329
1620020 328
1620030 328
1620040 328
1620050 329
1620060 329
1620070 328
1620080 328
1620090 328
1620100 327
1620110 327
1620120 327
1620130 326
1620140 324
1620150 324
1620160 321
1620170 323
1620180 323
1620190 323
1620200 323
1620210 323
1620220 323
1620230 323
1620240 323
1620250 323
1620260 323
1620270 323
1620280 323
1620290 324
1620300 324
1620310 328
1620320 330
1620330 330
1620340 333
1620350 337
1620360 337
1620370 342
1620380 346
1620390 345
1620400 348
1620410 350
1620420 350
1620430 350
1620440 351
1620450 351
1620460 351
1620470 351
1620480 351
1620490 352
1620500 352
1620510 352
1620520 352
1620530 352
1620540 352
1620550 352
1620560 352
1620570 352
1620580 352
1620590 352
1620600 352
1620610 352
1620620 352
1620630 352
1620640 353
1620650 353
1620660 353
1620670 353
1620680 353
1620690 353
1620700 353
1620710 353
1620720 353
1620730 353
1620740 353
1620750 354
1620760 354
1620770 353
1620780 352
1620790 352
1620800 352
1620810 353
1620820 353
1620830 353
1620840 353
1620850 353
1620860 353
1620870 352
1620880 352
1620890 352
1620900 352
1620910 352
1620920 351
1620930 350
1620940 350
1620950 349
1620960 348
1620970 348
1620980 346
1620990 346
1621000 346
1621010 345
1621020 344
1621030 344
1621040 344
1621050 344
1621060 344
1621070 343
1621080 343
1621090 343
1621100 343
1621110 343
1621120 343
1621130 344
1621140 344
1621150 344
1621160 345
1621170 345
1621180 345
1621190 346
1621200 347
1621210 347
1621220 348
1621230 349
1621240 349
1621250 349
1621260 350
1621270 350
1621280 350
1621290 351
1621300 351
1621310 352
1621320 352
1621330 352
1621340 354
1621350 354
1621360 354
1621370 355
1621380 355
1621390 355
1621400 355
1621410 356
1621420 356
1621430 356
1621440 357
1621450 357
1621460 357
1621470 357
1621480 357
1621490 357
1621500 358
1621510 358
1621520 358
1621530 359
1621540 359
1621550 359
1621560 359
1621570 359
1621580 360
1621590 360
1621600 360
1621610 360
1621620 360
1621630 360
1621640 360
1621650 360
1621660 360
1621670 360
1621680 361
1621690 361
1621700 361
1621710 361
1621720 361
1621730 361
1621740 361
1621750 361
1621760 360
1621770 360
1621780 360
1621790 361
1621800 360
1621810 360
1621820 360
1621830 360
1621840 360
1621850 360
1621860 360
1621870 360
1621880 360
1621890 360
1621900 360
1621910 360
1621920 360
1621930 360
1621940 360
1621950 360
1621960 360
1621970 360
1621980 360
1621990 360
1622000 360
1622010 360
1622020 360
1622030 359
1622040 359
1622050 359
1622060 360
1622070 360
1622080 360
1622090 359
1622100 358
1622110 358
1622120 358
1622130 358
1622140 358
1622150 357
1622160 357
1622170 357
1622180 356
1622190 356
1622200 356
1622210 356
1622220 355
1622230 355
1622240 355
1622250 355
1622260 355
1622270 355
1622280 355
1622290 354
1622300 354
1622310 354
1622320 354
1622330 354
1622340 354
1622350 354
1622360 354
1622370 354
1622380 354
1622390 354
1622400 353
1622410 353
1622420 353
1622430 353
1622440 353
1622450 353
1622460 353
1622470 353
1622480 353
1622490 353
1622500 353
1622510 353
1622520 353
1622530 353
1622540 353
1622550 354
1622560 354
1622570 354
1622580 354
1622590 354
1622600 354
1622610 354
1622620 354
1622630 354
1622640 354
1622650 354
1622660 354
1622670 354
1622680 354
1622690 354
1622700 355
1622710 355
1622720 355
1622730 355
1622740 355
1622750 355
1622760 355
1622770 355
1622780 355
1622790 355
1622800 355
1622810 355
1622820 355
1622830 356
1622840 356
1622850 356
1622860 356
1622870 356
1622880 356
1622890 357
1622900 357
1622910 357
1622920 357
1622930 357
1622940 357
1622950 358
1622960 358
1622970 358
1622980 358
1622990 358
1623000 358
1623010 358
1623020 358
1623030 359
1623040 359
1623050 359
1623060 359
1623070 359
1623080 359
1623090 359
1623100 359
1623110 359
1623120 359
1623130 359
1623140 359
1623150 359
1623160 359
1623170 359
1623180 359
1623190 359
1623200 359
1623210 359
1623220 359
1623230 359
1623240 359
1623250 359
1623260 359
1623270 359
1623280 359
1623290 359
1623300 358
1623310 358
1623320 358
1623330 358
1623340 359
1623350 359
1623360 357
1623370 354
1623380 354
1623390 350
1623400 347
1623410 347
1623420 347
1623430 349
1623440 349
1623450 353
1623460 356
1623470 356
1623480 355
1623490 355
1623500 355
1623510 354
1623520 354
1623530 354
1623540 354
1623550 353
1623560 353
1623570 353
1623580 353
1623590 353
1623600 352
1623610 352
1623620 352
1623630 352
1623640 351
1623650 351
1623660 351
1623670 350
1623680 350
1623690 350
1623700 350
1623710 350
1623720 350
1623730 349
1623740 349
1623750 349
1623760 348
1623770 348
1623780 348
1623790 347
1623800 347
1623810 347
1623820 347
1623830 347
1623840 347
1623850 348
1623860 349
1623870 349
1623880 349
1623890 350
1623900 350
1623910 350
1623920 351
1623930 351
1623940 351
1623950 351
1623960 351
1623970 352
1623980 352
1623990 352
1624000 352
1624010 352
1624020 352
1624030 353
1624040 353
1624050 353
1624060 353
1624070 353
1624080 353
1624090 353
1624100 353
1624110 353
1624120 354
1624130 354
1624140 354
1624150 354
1624160 354
1624170 354
1624180 354
1624190 354
1624200 354
1624210 354
1624220 354
1624230 354
1624240 354
1624250 354
1624260 354
1624270 354
1624280 354
1624290 354
1624300 354
1624310 354
1624320 354
1624330 353
1624340 353
1624350 353
1624360 353
1624370 353
1624380 353
1624390 353
1624400 352
1624410 352
1624420 352
1624430 352
1624440 352
1624450 352
1624460 351
1624470 351
1624480 351
1624490 351
1624500 351
1624510 351
1624520 351
1624530 351
1624540 350
1624550 349
1624560 349
1624570 348
1624580 348
1624590 348
1624600 347
1624610 347
1624620 347
1624630 347
1624640 346
1624650 346
1624660 346
1624670 346
1624680 346
1624690 347
1624700 347
1624710 347
1624720 348
1624730 348
1624740 348
1624750 349
1624760 349
1624770 349
1624780 350
1624790 350
1624800 350
1624810 350
1624820 350
1624830 350
1624840 351
1624850 351
1624860 351
1624870 351
1624880 352
1624890 352
1624900 352
1624910 352
1624920 352
1624930 353
1624940 353
1624950 353
1624960 353
1624970 354
1624980 354
1624990 354
1625000 354
1625010 354
1625020 355
1625030 355
1625040 355
1625050 355
1625060 356
1625070 356
1625080 356
1625090 356
1625100 356
1625110 356
1625120 356
1625130 356
1625140 357
1625150 357
1625160 357
1625170 357
1625180 357
1625190 357
1625200 356
1625210 356
1625220 356
1625230 356
1625240 356
1625250 356
1625260 356
1625270 356
1625280 356
1625290 355
1625300 355
1625310 355
1625320 355
1625330 355
1625340 354
1625350 354
1625360 354
1625370 354
1625380 354
1625390 351
1625400 351
1625410 351
1625420 353
1625430 354
1625440 354
1625450 354
1625460 354
1625470 354
1625480 355
1625490 356
1625500 356
1625510 357
1625520 358
1625530 358
1625540 358
1625550 358
1625560 358
1625570 358
1625580 359
1625590 359
1625600 359
1625610 360
1625620 360
1625630 360
1625640 360
1625650 360
1625660 361
1625670 361
1625680 361
1625690 361
1625700 361
1625710 361
1625720 362
1625730 362
1625740 362
1625750 362
1625760 362
1625770 362
1625780 363
1625790 363
1625800 363
1625810 363
1625820 363
1625830 363
1625840 363
1625850 362
1625860 362
1625870 362
1625880 362
1625890 362
1625900 362
1625910 361
1625920 361
1625930 361
1625940 360
1625950 360
1625960 360
1625970 359
1625980 359
1625990 359
1626000 358
1626010 358
1626020 358
1626030 359
1626040 359
1626050 359
1626060 359
1626070 359
1626080 359
1626090 360
1626100 360
1626110 360
1626120 360
1626130 360
1626140 361
1626150 362
1626160 362
1626170 363
1626180 364
1626190 364
1626200 366
1626210 367
1626220 367
1626230 368
1626240 368
1626250 368
1626260 369
1626270 370
1626280 370
1626290 371
1626300 372
1626310 372
1626320 373
1626330 373
1626340 373
1626350 374
1626360 375
1626370 375
1626380 375
1626390 376
1626400 376
1626410 377
1626420 377
1626430 377
1626440 378
1626450 378
1626460 378
1626470 379
1626480 379
1626490 379
1626500 380
1626510 381
1626520 381
1626530 382
1626540 382
1626550 382
1626560 383
1626570 383
1626580 383
1626590 384
1626600 384
1626610 384
1626620 385
1626630 385
1626640 385
1626650 385
1626660 386
1626670 386
1626680 386
1626690 386
1626700 386
1626710 387
1626720 387
1626730 387
1626740 387
1626750 387
1626760 387
1626770 388
1626780 389
1626790 389
1626800 389
1626810 390
1626820 390
1626830 390
1626840 391
1626850 391
1626860 391
1626870 392
1626880 392
1626890 392
1626900 394
1626910 394
1626920 394
1626930 395
1626940 395
1626950 395
1626960 396
1626970 396
1626980 396
1626990 397
1627000 397
1627010 397
1627020 397
1627030 398
1627040 398
1627050 398
1627060 398
1627070 398
1627080 398
1627090 399
1627100 399
1627110 399
1627120 399
1627130 399
1627140 399
1627150 399
1627160 399
1627170 398
1627180 397
1627190 397
1627200 397
1627210 397
1627220 397
1627230 397
1627240 397
1627250 397
1627260 397
1627270 398
1627280 398
1627290 398
1627300 397
1627310 397
1627320 397
1627330 396
1627340 396
1627350 395
1627360 395
1627370 395
1627380 394
1627390 393
1627400 393
1627410 392
1627420 391
1627430 391
1627440 390
1627450 389
1627460 389
1627470 388
1627480 386
1627490 386
1627500 385
1627510 384
1627520 384
1627530 382
1627540 381
1627550 381
1627560 380
1627570 379
1627580 379
1627590 378
1627600 377
1627610 377
1627620 376
1627630 375
1627640 375
1627650 374
1627660 374
1627670 374
1627680 373
1627690 372
1627700 372
1627710 371
1627720 370
1627730 370
1627740 369
1627750 368
1627760 368
1627770 367
1627780 366
1627790 366
1627800 363
1627810 363
1627820 363
1627830 363
1627840 363
1627850 363
1627860 363
1627870 363
1627880 363
1627890 364
1627900 366
1627910 366
1627920 367
1627930 369
1627940 369
1627950 370
1627960 371
1627970 371
1627980 371
1627990 372
1628000 372
1628010 373
1628020 373
1628030 373
1628040 374
1628050 374
1628060 374
1628070 375
1628080 375
1628090 375
1628100 375
1628110 376
1628120 376
1628130 376
1628140 376
1628150 376
1628160 377
1628170 377
1628180 377
1628190 377
1628200 378
1628210 378
1628220 378
1628230 379
1628240 379
1628250 379
1628260 379
1628270 379
1628280 380
1628290 380
1628300 380
1628310 380
1628320 381
1628330 381
1628340 381
1628350 381
1628360 381
1628370 382
1628380 382
1628390 382
1628400 382
1628410 382
1628420 382
1628430 383
1628440 383
1628450 383
1628460 383
1628470 383
1628480 384
1628490 384
1628500 384
1628510 384
1628520 384
1628530 384
1628540 385
1628550 385
1628560 385
1628570 385
1628580 385
1628590 385
1628600 386
1628610 386
1628620 386
1628630 386
1628640 386
1628650 387
1628660 387
1628670 387
1628680 387
1628690 387
1628700 387
1628710 387
1628720 387
1628730 387
1628740 387
1628750 388
1628760 388
1628770 389
1628780 390
1628790 390
1628800 392
1628810 393
1628820 393
1628830 394
1628840 395
1628850 395
1628860 396
1628870 397
1628880 397
1628890 398
1628900 399
1628910 399
1628920 400
1628930 401
1628940 401
1628950 402
1628960 403
1628970 403
1628980 403
1628990 404
1629000 404
1629010 405
1629020 405
1629030 405
1629040 405
1629050 406
1629060 406
1629070 406
1629080 406
1629090 406
1629100 406
1629110 405
1629120 405
1629130 405
1629140 404
1629150 404
1629160 403
1629170 402
1629180 402
1629190 400
1629200 399
1629210 399
1629220 398
1629230 396
1629240 396
1629250 395
1629260 393
1629270 393
1629280 391
1629290 392
1629300 392
1629310 394
1629320 394
1629330 394
1629340 395
1629350 396
1629360 396
1629370 397
1629380 398
1629390 398
1629400 400
1629410 401
1629420 401
1629430 402
1629440 403
1629450 403
1629460 404
1629470 404
1629480 404
1629490 405
1629500 405
1629510 405
1629520 405
1629530 406
1629540 406
1629550 405
1629560 405
1629570 405
1629580 405
1629590 405
1629600 404
1629610 404
1629620 403
1629630 403
1629640 403
1629650 402
1629660 402
1629670 402
1629680 401
1629690 401
1629700 401
1629710 400
1629720 400
1629730 400
1629740 399
1629750 399
1629760 399
1629770 399
1629780 399
1629790 398
1629800 398
1629810 398
1629820 398
1629830 397
1629840 397
1629850 397
1629860 396
1629870 396
1629880 396
1629890 395
1629900 395
1629910 394
1629920 393
1629930 393
1629940 393
1629950 392
1629960 392
1629970 391
1629980 390
1629990 390
1630000 389
1630010 388
1630020 386
1630030 386
1630040 385
1630050 384
1630060 384
1630070 383
1630080 382
1630090 382
1630100 381
1630110 380
1630120 380
1630130 379
1630140 377
1630150 377
1630160 374
1630170 372
1630180 372
1630190 375
1630200 375
1630210 375
1630220 375
1630230 375
1630240 375
1630250 374
1630260 373
1630270 373
1630280 372
1630290 372
1630300 372
1630310 371
1630320 370
1630330 370
1630340 369
1630350 368
1630360 368
1630370 367
1630380 366
1630390 366
1630400 365
1630410 365
1630420 365
1630430 364
1630440 364
1630450 364
1630460 364
1630470 365
1630480 365
1630490 367
1630500 368
1630510 368
1630520 369
1630530 370
1630540 370
1630550 370
1630560 370
1630570 370
1630580 371
1630590 372
1630600 372
1630610 373
1630620 374
1630630 374
1630640 375
1630650 376
1630660 376
1630670 377
1630680 377
1630690 377
1630700 378
1630710 379
1630720 379
1630730 379
1630740 380
1630750 380
1630760 381
1630770 381
1630780 381
1630790 381
1630800 382
1630810 382
1630820 382
1630830 382
1630840 382
1630850 381
1630860 381
1630870 381
1630880 380
1630890 380
1630900 380
1630910 379
1630920 379
1630930 379
1630940 379
1630950 378
1630960 378
1630970 377
1630980 375
1630990 375
1631000 374
1631010 372
1631020 372
1631030 370
1631040 368
1631050 368
1631060 367
1631070 365
1631080 365
1631090 363
1631100 361
1631110 361
1631120 360
1631130 359
1631140 359
1631150 359
1631160 358
1631170 358
1631180 358
1631190 357
1631200 357
1631210 357
1631220 357
1631230 357
1631240 356
1631250 356
1631260 356
1631270 355
1631280 355
1631290 355
1631300 354
1631310 354
1631320 354
1631330 353
1631340 353
1631350 353
1631360 352
1631370 350
1631380 350
1631390 349
1631400 348
1631410 348
1631420 347
1631430 346
1631440 346
1631450 345
1631460 345
1631470 345
1631480 343
1631490 343
1631500 343
1631510 342
1631520 342
1631530 342
1631540 341
1631550 340
1631560 340
1631570 339
1631580 339
1631590 339
1631600 339
1631610 339
1631620 339
1631630 339
1631640 339
1631650 339
1631660 339
1631670 339
1631680 339
1631690 339
1631700 339
1631710 340
1631720 340
1631730 340
1631740 341
1631750 341
1631760 342
1631770 342
1631780 342
1631790 342
1631800 342
1631810 342
1631820 343
1631830 343
1631840 343
1631850 343
1631860 343
1631870 343
1631880 344
1631890 344
1631900 344
1631910 345
1631920 345
1631930 345
1631940 346
1631950 348
1631960 348
1631970 349
1631980 350
1631990 350
1632000 352
1632010 353
1632020 353
1632030 354
1632040 355
1632050 355
1632060 356
1632070 357
1632080 357
1632090 358
1632100 359
1632110 359
1632120 360
1632130 361
1632140 361
1632150 362
1632160 363
1632170 363
1632180 364
1632190 365
1632200 365
1632210 366
1632220 367
1632230 367
1632240 368
1632250 367
1632260 367
1632270 368
1632280 369
1632290 369
1632300 369
1632310 370
1632320 370
1632330 371
1632340 371
1632350 371
1632360 372
1632370 372
1632380 372
1632390 373
1632400 373
1632410 373
1632420 374
1632430 374
1632440 374
1632450 375
1632460 375
1632470 375
1632480 375
1632490 376
1632500 376
1632510 376
1632520 377
1632530 377
1632540 378
1632550 378
1632560 378
1632570 379
1632580 379
1632590 379
1632600 379
1632610 380
1632620 380
1632630 380
1632640 380
1632650 380
1632660 381
1632670 381
1632680 381
1632690 381
1632700 381
1632710 381
1632720 381
1632730 382
1632740 382
1632750 382
1632760 382
1632770 382
1632780 381
1632790 381
1632800 381
1632810 381
1632820 381
1632830 381
1632840 380
1632850 380
1632860 380
1632870 379
1632880 379
1632890 379
1632900 378
1632910 377
1632920 377
1632930 377
1632940 376
1632950 376
1632960 375
1632970 375
1632980 375
1632990 374
1633000 373
1633010 373
1633020 372
1633030 372
1633040 372
1633050 370
1633060 370
1633070 370
1633080 369
1633090 368
1633100 368
1633110 367
1633120 366
1633130 366
1633140 365
1633150 364
1633160 363
1633170 363
1633180 362
1633190 360
1633200 360
1633210 359
1633220 358
1633230 358
1633240 357
1633250 356
1633260 356
1633270 354
1633280 354
1633290 354
1633300 355
1633310 356
1633320 356
1633330 357
1633340 358
1633350 358
1633360 359
1633370 360
1633380 360
1633390 361
1633400 362
1633410 362
1633420 363
1633430 364
1633440 364
1633450 364
1633460 365
1633470 365
1633480 365
1633490 366
1633500 366
1633510 366
1633520 366
1633530 366
1633540 366
1633550 366
1633560 366
1633570 366
1633580 366
1633590 366
1633600 366
1633610 366
1633620 366
1633630 366
1633640 365
1633650 365
1633660 365
1633670 364
1633680 364
1633690 364
1633700 363
1633710 363
1633720 363
1633730 362
1633740 362
1633750 361
1633760 360
1633770 360
1633780 359
1633790 358
1633800 358
1633810 357
1633820 357
1633830 357
1633840 355
1633850 354
1633860 354
1633870 353
1633880 352
1633890 352
1633900 351
1633910 350
1633920 350
1633930 349
1633940 347
1633950 347
1633960 346
1633970 345
1633980 345
1633990 344
1634000 343
1634010 343
1634020 344
1634030 345
1634040 345
1634050 346
1634060 347
1634070 347
1634080 349
1634090 351
1634100 351
1634110 353
1634120 355
1634130 355
1634140 357
1634150 359
1634160 359
1634170 360
1634180 362
1634190 362
1634200 363
1634210 365
1634220 365
1634230 366
1634240 367
1634250 367
1634260 367
1634270 368
1634280 368
1634290 368
1634300 369
1634310 369
1634320 369
1634330 370
1634340 370
1634350 370
1634360 371
1634370 371
1634380 371
1634390 371
1634400 371
1634410 371
1634420 371
1634430 371
1634440 371
1634450 371
1634460 371
1634470 371
1634480 371
1634490 371
1634500 371
1634510 371
1634520 371
1634530 371
1634540 371
1634550 371
1634560 372
1634570 372
1634580 372
1634590 372
1634600 372
1634610 372
1634620 372
1634630 373
1634640 373
1634650 373
1634660 373
1634670 373
1634680 373
1634690 373
1634700 373
1634710 374
1634720 374
1634730 374
1634740 374
1634750 375
1634760 375
1634770 375
1634780 375
1634790 376
1634800 376
1634810 376
1634820 376
1634830 376
1634840 377
1634850 375
1634860 375
1634870 376
1634880 376
1634890 376
1634900 377
1634910 378
1634920 378
1634930 378
1634940 379
1634950 379
1634960 380
1634970 381
1634980 381
1634990 381
1635000 382
1635010 382
1635020 383
1635030 383
1635040 383
1635050 384
1635060 385
1635070 385
1635080 385
1635090 384
1635100 384
1635110 385
1635120 388
1635130 388
1635140 391
1635150 393
1635160 393
1635170 393
1635180 394
1635190 394
1635200 396
1635210 398
1635220 398
1635230 399
1635240 401
1635250 401
1635260 402
1635270 404
1635280 404
1635290 406
1635300 407
1635310 407
1635320 409
1635330 410
1635340 410
1635350 412
1635360 413
1635370 413
1635380 414
1635390 416
1635400 416
1635410 416
1635420 417
1635430 417
1635440 418
1635450 418
1635460 418
1635470 419
1635480 420
1635490 420
1635500 420
1635510 420
1635520 420
1635530 421
1635540 421
1635550 421
1635560 421
1635570 421
1635580 421
1635590 421
1635600 421
1635610 421
1635620 421
1635630 421
1635640 421
1635650 421
1635660 421
1635670 421
1635680 420
1635690 420
1635700 420
1635710 420
1635720 419
1635730 419
1635740 419
1635750 418
1635760 418
1635770 418
1635780 417
1635790 417
1635800 417
1635810 416
1635820 416
1635830 415
1635840 415
1635850 415
1635860 414
1635870 413
1635880 413
1635890 413
1635900 412
1635910 412
1635920 411
1635930 410
1635940 410
1635950 410
1635960 410
1635970 410
1635980 409
1635990 409
1636000 409
1636010 408
1636020 408
1636030 408
1636040 407
1636050 407
1636060 407
1636070 407
1636080 406
1636090 406
1636100 406
1636110 406
1636120 406
1636130 406
1636140 405
1636150 405
1636160 405
1636170 405
1636180 405
1636190 405
1636200 405
1636210 405
1636220 405
1636230 405
1636240 405
1636250 404
1636260 404
1636270 404
1636280 404
1636290 404
1636300 404
1636310 404
1636320 405
1636330 404
1636340 404
1636350 404
1636360 404
1636370 404
1636380 403
1636390 403
1636400 403
1636410 403
1636420 403
1636430 403
1636440 403
1636450 402
1636460 402
1636470 402
1636480 402
1636490 402
1636500 401
1636510 401
1636520 401
1636530 400
1636540 400
1636550 400
1636560 398
1636570 398
1636580 398
1636590 397
1636600 396
1636610 396
1636620 396
1636630 395
1636640 395
1636650 395
1636660 394
1636670 394
1636680 393
1636690 393
1636700 393
1636710 392
1636720 391
1636730 391
1636740 390
1636750 389
1636760 389
1636770 388
1636780 387
1636790 387
1636800 386
1636810 384
1636820 384
1636830 382
1636840 380
1636850 380
1636860 377
1636870 376
1636880 376
1636890 374
1636900 373
1636910 373
1636920 373
1636930 374
1636940 374
1636950 375
1636960 375
1636970 375
1636980 376
1636990 377
1637000 377
1637010 377
1637020 377
1637030 377
1637040 377
1637050 377
1637060 377
1637070 376
1637080 376
1637090 376
1637100 376
1637110 375
1637120 375
1637130 375
1637140 374
1637150 374
1637160 374
1637170 373
1637180 373
1637190 373
1637200 372
1637210 372
1637220 371
1637230 371
1637240 371
1637250 370
1637260 369
1637270 369
1637280 368
1637290 367
1637300 367
1637310 366
1637320 365
1637330 365
1637340 364
1637350 363
1637360 363
1637370 362
1637380 361
1637390 361
1637400 360
1637410 358
1637420 358
1637430 357
1637440 357
1637450 357
1637460 357
1637470 356
1637480 356
1637490 356
1637500 356
1637510 356
1637520 356
1637530 356
1637540 356
1637550 355
1637560 355
1637570 355
1637580 355
1637590 354
1637600 354
1637610 354
1637620 354
1637630 354
1637640 353
1637650 353
1637660 353
1637670 352
1637680 351
1637690 351
1637700 351
1637710 350
1637720 350
1637730 350
1637740 349
1637750 349
1637760 348
1637770 348
1637780 348
1637790 347
1637800 346
1637810 346
1637820 346
1637830 345
1637840 345
1637850 345
1637860 344
1637870 344
1637880 344
1637890 344
1637900 344
1637910 344
1637920 343
1637930 343
1637940 343
1637950 343
1637960 343
1637970 343
1637980 343
1637990 344
1638000 344
1638010 344
1638020 344
1638030 344
1638040 344
1638050 345
1638060 345
1638070 345
1638080 345
1638090 345
1638100 345
1638110 346
1638120 346
1638130 346
1638140 346
1638150 346
1638160 346
1638170 346
1638180 346
1638190 346
1638200 347
1638210 347
1638220 347
1638230 347
1638240 347
1638250 347
1638260 346
1638270 346
1638280 346
1638290 346
1638300 346
1638310 346
1638320 347
1638330 347
1638340 347
1638350 347
1638360 347
1638370 347
1638380 348
1638390 348
1638400 348
1638410 347
1638420 347
1638430 347
1638440 346
1638450 346
1638460 345
1638470 346
1638480 346
1638490 347
1638500 348
1638510 348
1638520 349
1638530 351
1638540 351
1638550 352
1638560 353
1638570 353
1638580 353
1638590 354
1638600 354
1638610 354
1638620 355
1638630 355
1638640 355
1638650 356
1638660 356
1638670 356
1638680 357
1638690 357
1638700 357
1638710 357
1638720 357
1638730 358
1638740 358
1638750 358
1638760 358
1638770 358
1638780 358
1638790 358
1638800 358
1638810 358
1638820 358
1638830 358
1638840 358
1638850 358
1638860 357
1638870 357
1638880 356
1638890 352
1638900 352
1638910 353
1638920 354
1638930 354
1638940 356
1638950 357
1638960 357
1638970 357
1638980 357
1638990 357
1639000 357
1639010 356
1639020 356
1639030 356
1639040 355
1639050 355
1639060 355
1639070 355
1639080 355
1639090 353
1639100 353
1639110 353
1639120 352
1639130 352
1639140 352
1639150 351
1639160 350
1639170 350
1639180 350
1639190 349
1639200 349
1639210 348
1639220 348
1639230 348
1639240 347
1639250 346
1639260 346
1639270 346
1639280 345
1639290 345
1639300 344
1639310 343
1639320 343
1639330 342
1639340 342
1639350 342
1639360 341
1639370 340
1639380 340
1639390 340
1639400 339
1639410 339
1639420 338
1639430 338
1639440 338
1639450 337
1639460 336
1639470 335
1639480 335
1639490 334
1639500 333
1639510 333
1639520 332
1639530 332
1639540 332
1639550 331
1639560 331
1639570 331
1639580 331
1639590 330
1639600 330
1639610 329
1639620 329
1639630 329
1639640 329
1639650 328
1639660 328
1639670 328
1639680 327
1639690 327
1639700 327
1639710 327
1639720 327
1639730 326
1639740 326
1639750 326
1639760 325
1639770 325
1639780 325
1639790 324
1639800 323
1639810 323
1639820 323
1639830 323
1639840 323
1639850 322
1639860 322
1639870 322
1639880 322
1639890 322
1639900 322
1639910 322
1639920 322
1639930 323
1639940 323
1639950 324
1639960 324
1639970 325
1639980 326
1639990 326
