1620000 333
1620010 333
1620020 333
1620030 333
1620040 333
1620050 333
1620060 333
1620070 333
1620080 333
1620090 333
1620100 333
1620110 334
1620120 334
1620130 334
1620140 334
1620150 333
1620160 333
1620170 333
1620180 333
1620190 332
1620200 332
1620210 332
1620220 331
1620230 331
1620240 331
1620250 330
1620260 330
1620270 329
1620280 329
1620290 329
1620300 328
1620310 327
1620320 327
1620330 326
1620340 326
1620350 326
1620360 325
1620370 324
1620380 324
1620390 324
1620400 323
1620410 323
1620420 323
1620430 321
1620440 321
1620450 319
1620460 316
1620470 316
1620480 317
1620490 317
1620500 317
1620510 318
1620520 318
1620530 318
1620540 319
1620550 319
1620560 319
1620570 320
1620580 320
1620590 320
1620600 320
1620610 320
1620620 320
1620630 321
1620640 321
1620650 321
1620660 322
1620670 322
1620680 322
1620690 323
1620700 324
1620710 324
1620720 324
1620730 325
1620740 325
1620750 326
1620760 326
1620770 326
1620780 326
1620790 327
1620800 327
1620810 327
1620820 327
1620830 327
1620840 327
1620850 327
1620860 327
1620870 327
1620880 327
1620890 327
1620900 327
1620910 327
1620920 327
1620930 328
1620940 328
1620950 328
1620960 327
1620970 328
1620980 328
1620990 328
1621000 329
1621010 329
1621020 330
1621030 331
1621040 331
1621050 332
1621060 334
1621070 334
1621080 335
1621090 336
1621100 336
1621110 338
1621120 339
1621130 339
1621140 341
1621150 342
1621160 342
1621170 343
1621180 344
1621190 344
1621200 345
1621210 345
1621220 345
1621230 345
1621240 345
1621250 345
1621260 346
1621270 346
1621280 346
1621290 346
1621300 346
1621310 346
1621320 347
1621330 347
1621340 347
1621350 347
1621360 347
1621370 347
1621380 347
1621390 347
1621400 347
1621410 347
1621420 347
1621430 347
1621440 347
1621450 348
1621460 348
1621470 348
1621480 348
1621490 348
1621500 348
1621510 348
1621520 348
1621530 348
1621540 348
1621550 348
1621560 348
1621570 348
1621580 348
1621590 348
1621600 348
1621610 348
1621620 348
1621630 347
1621640 347
1621650 347
1621660 346
1621670 346
1621680 346
1621690 346
1621700 345
1621710 345
1621720 345
1621730 345
1621740 345
1621750 345
1621760 345
1621770 345
1621780 344
1621790 344
1621800 344
1621810 343
1621820 343
1621830 343
1621840 342
1621850 342
1621860 342
1621870 341
1621880 340
1621890 340
1621900 340
1621910 339
1621920 339
1621930 339
1621940 339
1621950 339
1621960 339
1621970 339
1621980 339
1621990 340
1622000 340
1622010 340
1622020 340
1622030 340
1622040 340
1622050 340
1622060 340
1622070 340
1622080 341
1622090 341
1622100 341
1622110 342
1622120 342
1622130 342
1622140 343
1622150 344
1622160 344
1622170 345
1622180 346
1622190 346
1622200 347
1622210 348
1622220 348
1622230 349
1622240 350
1622250 350
1622260 350
1622270 351
1622280 351
1622290 352
1622300 352
1622310 352
1622320 353
1622330 353
1622340 353
1622350 354
1622360 354
1622370 354
1622380 355
1622390 355
1622400 355
1622410 356
1622420 356
1622430 356
1622440 356
1622450 356
1622460 356
1622470 357
1622480 357
1622490 357
1622500 357
1622510 357
1622520 357
1622530 357
1622540 357
1622550 357
1622560 357
1622570 357
1622580 357
1622590 357
1622600 356
1622610 356
1622620 356
1622630 356
1622640 356
1622650 356
1622660 356
1622670 356
1622680 355
1622690 355
1622700 355
1622710 354
1622720 354
1622730 354
1622740 353
1622750 352
1622760 352
1622770 351
1622780 351
1622790 351
1622800 351
1622810 351
1622820 351
1622830 352
1622840 353
1622850 353
1622860 354
1622870 354
1622880 354
1622890 355
1622900 356
1622910 356
1622920 357
1622930 358
1622940 359
1622950 360
1622960 361
1622970 361
1622980 362
1622990 363
1623000 363
1623010 363
1623020 364
1623030 364
1623040 365
1623050 365
1623060 365
1623070 366
1623080 367
1623090 367
1623100 368
1623110 369
1623120 369
1623130 369
1623140 370
1623150 370
1623160 371
1623170 371
1623180 371
1623190 372
1623200 373
1623210 373
1623220 373
1623230 374
1623240 374
1623250 375
1623260 375
1623270 375
1623280 376
1623290 377
1623300 377
1623310 377
1623320 378
1623330 378
1623340 378
1623350 379
1623360 379
1623370 379
1623380 380
1623390 380
1623400 380
1623410 380
1623420 381
1623430 381
1623440 381
1623450 381
1623460 381
1623470 381
1623480 382
1623490 382
1623500 382
1623510 382
1623520 382
1623530 382
1623540 381
1623550 381
1623560 381
1623570 381
1623580 381
1623590 381
1623600 381
1623610 381
1623620 381
1623630 381
1623640 381
1623650 380
1623660 380
1623670 380
1623680 380
1623690 379
1623700 379
1623710 379
1623720 379
1623730 379
1623740 378
1623750 378
1623760 378
1623770 378
1623780 377
1623790 377
1623800 377
1623810 377
1623820 377
1623830 377
1623840 378
1623850 378
1623860 378
1623870 380
1623880 380
1623890 380
1623900 381
1623910 381
1623920 381
1623930 381
1623940 381
1623950 382
1623960 382
1623970 382
1623980 383
1623990 383
1624000 383
1624010 383
1624020 384
1624030 384
1624040 384
1624050 384
1624060 384
1624070 385
1624080 385
1624090 385
1624100 385
1624110 385
1624120 385
1624130 386
1624140 386
1624150 386
1624160 386
1624170 386
1624180 386
1624190 386
1624200 387
1624210 387
1624220 387
1624230 387
1624240 387
1624250 387
1624260 387
1624270 387
1624280 387
1624290 387
1624300 387
1624310 387
1624320 387
1624330 387
1624340 387
1624350 386
1624360 386
1624370 386
1624380 386
1624390 386
1624400 386
1624410 385
1624420 385
1624430 385
1624440 384
1624450 384
1624460 384
1624470 383
1624480 383
1624490 382
1624500 381
1624510 381
1624520 379
1624530 374
1624540 374
1624550 371
1624560 370
1624570 370
1624580 372
1624590 370
1624600 370
1624610 369
1624620 370
1624630 370
1624640 373
1624650 372
1624660 372
1624670 373
1624680 370
1624690 370
1624700 369
1624710 369
1624720 369
1624730 368
1624740 367
1624750 367
1624760 367
1624770 366
1624780 366
1624790 366
1624800 370
1624810 370
1624820 371
1624830 372
1624840 372
1624850 372
1624860 372
1624870 372
1624880 372
1624890 372
1624900 372
1624910 372
1624920 370
1624930 370
1624940 365
1624950 361
1624960 361
1624970 362
1624980 367
1624990 367
1625000 371
1625010 372
1625020 372
1625030 372
1625040 371
1625050 371
1625060 371
1625070 371
1625080 371
1625090 371
1625100 371
1625110 371
1625120 371
1625130 370
1625140 370
1625150 370
1625160 371
1625170 371
1625180 372
1625190 373
1625200 373
1625210 374
1625220 374
1625230 374
1625240 374
1625250 373
1625260 370
1625270 370
1625280 370
1625290 373
1625300 373
1625310 377
1625320 380
1625330 380
1625340 381
1625350 381
1625360 381
1625370 381
1625380 381
1625390 381
1625400 382
1625410 382
1625420 382
1625430 382
1625440 382
1625450 382
1625460 382
1625470 382
1625480 382
1625490 382
1625500 381
1625510 381
1625520 381
1625530 381
1625540 381
1625550 380
1625560 380
1625570 380
1625580 379
1625590 378
1625600 378
1625610 378
1625620 378
1625630 378
1625640 378
1625650 377
1625660 377
1625670 375
1625680 375
1625690 375
1625700 374
1625710 373
1625720 372
1625730 371
1625740 370
1625750 370
1625760 369
1625770 367
1625780 367
1625790 364
1625800 361
1625810 361
1625820 357
1625830 354
1625840 354
1625850 352
1625860 351
1625870 351
1625880 349
1625890 348
1625900 348
1625910 346
1625920 344
1625930 344
1625940 343
1625950 342
1625960 342
1625970 342
1625980 340
1625990 340
1626000 339
1626010 338
1626020 338
1626030 337
1626040 336
1626050 336
1626060 335
1626070 335
1626080 335
1626090 334
1626100 333
1626110 333
1626120 332
1626130 332
1626140 332
1626150 331
1626160 330
1626170 330
1626180 330
1626190 329
1626200 329
1626210 328
1626220 328
1626230 328
1626240 327
1626250 327
1626260 327
1626270 326
1626280 325
1626290 325
1626300 324
1626310 322
1626320 322
1626330 320
1626340 319
1626350 319
1626360 318
1626370 318
1626380 318
1626390 316
1626400 315
1626410 315
1626420 315
1626430 316
1626440 316
1626450 316
1626460 316
1626470 316
1626480 316
1626490 317
1626500 317
1626510 317
1626520 317
1626530 317
1626540 318
1626550 318
1626560 318
1626570 318
1626580 318
1626590 318
1626600 319
1626610 319
1626620 319
1626630 322
1626640 322
1626650 322
1626660 323
1626670 323
1626680 323
1626690 323
1626700 324
1626710 324
1626720 324
1626730 325
1626740 325
1626750 326
1626760 327
1626770 327
1626780 327
1626790 327
1626800 327
1626810 328
1626820 328
1626830 328
1626840 328
1626850 328
1626860 328
1626870 328
1626880 329
1626890 329
1626900 329
1626910 329
1626920 329
1626930 329
1626940 328
1626950 328
1626960 327
1626970 327
1626980 327
1626990 326
1627000 325
1627010 325
1627020 325
1627030 325
1627040 325
1627050 325
1627060 325
1627070 325
1627080 325
1627090 323
1627100 323
1627110 322
1627120 322
1627130 322
1627140 320
1627150 318
1627160 316
1627170 316
1627180 315
1627190 314
1627200 314
1627210 313
1627220 313
1627230 313
1627240 313
1627250 314
1627260 314
1627270 315
1627280 316
1627290 316
1627300 317
1627310 317
1627320 317
1627330 318
1627340 318
1627350 318
1627360 318
1627370 318
1627380 318
1627390 318
1627400 318
1627410 318
1627420 318
1627430 317
1627440 317
1627450 317
1627460 316
1627470 316
1627480 316
1627490 315
1627500 315
1627510 315
1627520 314
1627530 314
1627540 314
1627550 314
1627560 314
1627570 313
1627580 312
1627590 312
1627600 311
1627610 311
1627620 311
1627630 310
1627640 309
1627650 309
1627660 308
1627670 308
1627680 308
1627690 307
1627700 306
1627710 306
1627720 306
1627730 305
1627740 305
1627750 304
1627760 304
1627770 304
1627780 304
1627790 303
1627800 303
1627810 302
1627820 302
1627830 302
1627840 301
1627850 299
1627860 299
1627870 298
1627880 298
1627890 298
1627900 297
1627910 296
1627920 296
1627930 295
1627940 294
1627950 294
1627960 293
1627970 292
1627980 292
1627990 291
1628000 290
1628010 290
1628020 289
1628030 288
1628040 288
1628050 287
1628060 286
1628070 286
1628080 285
1628090 284
1628100 284
1628110 284
1628120 284
1628130 284
1628140 284
1628150 284
1628160 284
1628170 285
1628180 285
1628190 285
1628200 285
1628210 285
1628220 285
1628230 288
1628240 290
1628250 290
1628260 293
1628270 294
1628280 294
1628290 295
1628300 296
1628310 296
1628320 296
1628330 296
1628340 296
1628350 296
1628360 296
1628370 296
1628380 296
1628390 295
1628400 295
1628410 294
1628420 293
1628430 293
1628440 292
1628450 291
1628460 291
1628470 291
1628480 290
1628490 290
1628500 290
1628510 289
1628520 289
1628530 288
1628540 287
1628550 287
1628560 287
1628570 286
1628580 286
1628590 285
1628600 284
1628610 284
1628620 283
1628630 282
1628640 282
1628650 281
1628660 281
1628670 281
1628680 280
1628690 279
1628700 279
1628710 280
1628720 280
1628730 280
1628740 280
1628750 281
1628760 281
1628770 282
1628780 283
1628790 283
1628800 284
1628810 285
1628820 285
1628830 286
1628840 287
1628850 287
1628860 288
1628870 290
1628880 290
1628890 291
1628900 292
1628910 292
1628920 293
1628930 295
1628940 295
1628950 296
1628960 297
1628970 297
1628980 298
1628990 299
1629000 299
1629010 300
1629020 301
1629030 301
1629040 302
1629050 303
1629060 303
1629070 304
1629080 305
1629090 306
1629100 306
1629110 307
1629120 307
1629130 307
1629140 308
1629150 309
1629160 309
1629170 310
1629180 311
1629190 311
1629200 311
1629210 312
1629220 312
1629230 313
1629240 314
1629250 314
1629260 314
1629270 315
1629280 315
1629290 314
1629300 314
1629310 314
1629320 314
1629330 314
1629340 314
1629350 314
1629360 314
1629370 314
1629380 314
1629390 314
1629400 314
1629410 314
1629420 313
1629430 313
1629440 313
1629450 313
1629460 313
1629470 313
1629480 312
1629490 312
1629500 311
1629510 311
1629520 311
1629530 310
1629540 309
1629550 309
1629560 309
1629570 308
1629580 308
1629590 307
1629600 307
1629610 307
1629620 306
1629630 305
1629640 305
1629650 305
1629660 304
1629670 304
1629680 304
1629690 303
1629700 303
1629710 302
1629720 302
1629730 302
1629740 301
1629750 301
1629760 301
1629770 300
1629780 300
1629790 300
1629800 299
1629810 299
1629820 299
1629830 298
1629840 297
1629850 297
1629860 297
1629870 296
1629880 296
1629890 296
1629900 295
1629910 295
1629920 294
1629930 294
1629940 294
1629950 293
1629960 292
1629970 292
1629980 291
1629990 290
1630000 290
1630010 289
1630020 288
1630030 288
1630040 287
1630050 286
1630060 286
1630070 285
1630080 284
1630090 284
1630100 283
1630110 282
1630120 282
1630130 281
1630140 280
1630150 280
1630160 279
1630170 278
1630180 278
1630190 277
1630200 277
1630210 277
1630220 276
1630230 275
1630240 275
1630250 274
1630260 274
1630270 274
1630280 273
1630290 273
1630300 273
1630310 272
1630320 272
1630330 272
1630340 273
1630350 274
1630360 274
1630370 277
1630380 281
1630390 281
1630400 283
1630410 284
1630420 284
1630430 286
1630440 287
1630450 287
1630460 288
1630470 289
1630480 289
1630490 290
1630500 291
1630510 291
1630520 291
1630530 292
1630540 292
1630550 293
1630560 293
1630570 293
1630580 294
1630590 295
1630600 295
1630610 295
1630620 296
1630630 296
1630640 296
1630650 297
1630660 297
1630670 298
1630680 298
1630690 298
1630700 299
1630710 299
1630720 299
1630730 300
1630740 300
1630750 300
1630760 301
1630770 301
1630780 301
1630790 301
1630800 301
1630810 301
1630820 301
1630830 301
1630840 301
1630850 302
1630860 302
1630870 302
1630880 303
1630890 303
1630900 303
1630910 303
1630920 303
1630930 303
1630940 303
1630950 303
1630960 303
1630970 303
1630980 303
1630990 303
1631000 303
1631010 302
1631020 302
1631030 302
1631040 302
1631050 302
1631060 302
1631070 301
1631080 299
1631090 299
1631100 301
1631110 300
1631120 300
1631130 300
1631140 300
1631150 300
1631160 299
1631170 299
1631180 299
1631190 298
1631200 297
1631210 297
1631220 296
1631230 295
1631240 295
1631250 294
1631260 292
1631270 292
1631280 291
1631290 290
1631300 290
1631310 289
1631320 288
1631330 288
1631340 287
1631350 286
1631360 286
1631370 285
1631380 284
1631390 284
1631400 284
1631410 283
1631420 283
1631430 282
1631440 282
1631450 282
1631460 281
1631470 280
1631480 280
1631490 279
1631500 278
1631510 278
1631520 278
1631530 277
1631540 277
1631550 277
1631560 275
1631570 275
1631580 273
1631590 276
1631600 276
1631610 277
1631620 277
1631630 277
1631640 277
1631650 278
1631660 278
1631670 278
1631680 279
1631690 279
1631700 279
1631710 279
1631720 279
1631730 280
1631740 281
1631750 281
1631760 282
1631770 284
1631780 284
1631790 285
1631800 286
1631810 286
1631820 287
1631830 289
1631840 289
1631850 290
1631860 291
1631870 291
1631880 292
1631890 293
1631900 293
1631910 293
1631920 294
1631930 294
1631940 296
1631950 298
1631960 298
1631970 299
1631980 300
1631990 298
1632000 298
1632010 299
1632020 299
1632030 300
1632040 301
1632050 301
1632060 302
1632070 303
1632080 303
1632090 304
1632100 305
1632110 305
1632120 305
1632130 306
1632140 306
1632150 306
1632160 307
1632170 307
1632180 307
1632190 308
1632200 308
1632210 308
1632220 309
1632230 309
1632240 309
1632250 309
1632260 309
1632270 310
1632280 310
1632290 310
1632300 310
1632310 310
1632320 310
1632330 310
1632340 310
1632350 310
1632360 310
1632370 310
1632380 310
1632390 310
1632400 310
1632410 310
1632420 310
1632430 310
1632440 310
1632450 310
1632460 310
1632470 310
1632480 309
1632490 309
1632500 309
1632510 309
1632520 308
1632530 308
1632540 308
1632550 307
1632560 307
1632570 307
1632580 306
1632590 306
1632600 305
1632610 305
1632620 305
1632630 304
1632640 304
1632650 304
1632660 303
1632670 303
1632680 303
1632690 302
1632700 302
1632710 302
1632720 301
1632730 300
1632740 300
1632750 300
1632760 299
1632770 299
1632780 299
1632790 298
1632800 298
1632810 298
1632820 297
1632830 297
1632840 296
1632850 296
1632860 296
1632870 296
1632880 295
1632890 295
1632900 295
1632910 294
1632920 294
1632930 294
1632940 293
1632950 292
1632960 292
1632970 292
1632980 291
1632990 291
1633000 290
1633010 290
1633020 290
1633030 289
1633040 288
1633050 288
1633060 288
1633070 288
1633080 288
1633090 287
1633100 286
1633110 286
1633120 285
1633130 284
1633140 284
1633150 284
1633160 283
1633170 283
1633180 282
1633190 281
1633200 281
1633210 280
1633220 279
1633230 279
1633240 279
1633250 278
1633260 278
1633270 277
1633280 276
1633290 276
1633300 276
1633310 275
1633320 275
1633330 274
1633340 273
1633350 273
1633360 272
1633370 272
1633380 272
1633390 271
1633400 270
1633410 270
1633420 269
1633430 267
1633440 267
1633450 266
1633460 264
1633470 264
1633480 262
1633490 263
1633500 263
1633510 263
1633520 264
1633530 264
1633540 264
1633550 265
1633560 265
1633570 266
1633580 267
1633590 267
1633600 268
1633610 269
1633620 269
1633630 270
1633640 271
1633650 271
1633660 272
1633670 273
1633680 273
1633690 275
1633700 277
1633710 277
1633720 278
1633730 279
1633740 280
1633750 280
1633760 281
1633770 281
1633780 281
1633790 280
1633800 280
1633810 280
1633820 281
1633830 281
1633840 281
1633850 283
1633860 283
1633870 284
1633880 287
1633890 287
1633900 290
1633910 292
1633920 292
1633930 296
1633940 302
1633950 302
1633960 304
1633970 305
1633980 305
1633990 307
1634000 308
1634010 308
1634020 309
1634030 310
1634040 310
1634050 311
1634060 313
1634070 313
1634080 314
1634090 315
1634100 315
1634110 316
1634120 317
1634130 317
1634140 318
1634150 319
1634160 319
1634170 320
1634180 320
1634190 320
1634200 321
1634210 322
1634220 322
1634230 322
1634240 323
1634250 323
1634260 324
1634270 324
1634280 324
1634290 325
1634300 325
1634310 325
1634320 325
1634330 326
1634340 326
1634350 326
1634360 327
1634370 327
1634380 327
1634390 327
1634400 327
1634410 327
1634420 328
1634430 328
1634440 328
1634450 328
1634460 328
1634470 328
1634480 329
1634490 329
1634500 329
1634510 329
1634520 329
1634530 329
1634540 329
1634550 329
1634560 329
1634570 329
1634580 329
1634590 329
1634600 328
1634610 328
1634620 328
1634630 327
1634640 327
1634650 327
1634660 327
1634670 327
1634680 326
1634690 326
1634700 326
1634710 326
1634720 326
1634730 326
1634740 326
1634750 325
1634760 325
1634770 325
1634780 324
1634790 324
1634800 323
1634810 323
1634820 323
1634830 322
1634840 321
1634850 321
1634860 321
1634870 320
1634880 319
1634890 319
1634900 319
1634910 318
1634920 318
1634930 318
1634940 317
1634950 317
1634960 316
1634970 315
1634980 315
1634990 314
1635000 314
1635010 314
1635020 313
1635030 313
1635040 313
1635050 312
1635060 312
1635070 312
1635080 311
1635090 311
1635100 311
1635110 310
1635120 309
1635130 309
1635140 308
1635150 308
1635160 308
1635170 307
1635180 306
1635190 306
1635200 305
1635210 304
1635220 304
1635230 304
1635240 301
1635250 301
1635260 297
1635270 294
1635280 294
1635290 293
1635300 292
1635310 292
1635320 291
1635330 291
1635340 291
1635350 290
1635360 291
1635370 291
1635380 291
1635390 290
1635400 290
1635410 288
1635420 287
1635430 287
1635440 286
1635450 284
1635460 284
1635470 282
1635480 280
1635490 280
1635500 279
1635510 278
1635520 278
1635530 277
1635540 276
1635550 276
1635560 275
1635570 273
1635580 273
1635590 273
1635600 275
1635610 275
1635620 276
1635630 277
1635640 277
1635650 278
1635660 279
1635670 279
1635680 280
1635690 281
1635700 281
1635710 282
1635720 284
1635730 284
1635740 285
1635750 286
1635760 286
1635770 286
1635780 287
1635790 287
1635800 287
1635810 287
1635820 287
1635830 288
1635840 289
1635850 289
1635860 290
1635870 290
1635880 290
1635890 291
1635900 292
1635910 292
1635920 293
1635930 294
1635940 294
1635950 295
1635960 295
1635970 295
1635980 296
1635990 297
1636000 297
1636010 298
1636020 299
1636030 299
1636040 299
1636050 300
1636060 300
1636070 301
1636080 301
1636090 301
1636100 302
1636110 304
1636120 304
1636130 305
1636140 306
1636150 306
1636160 306
1636170 307
1636180 307
1636190 308
1636200 310
1636210 310
1636220 312
1636230 313
1636240 313
1636250 314
1636260 315
1636270 315
1636280 319
1636290 320
1636300 320
1636310 321
1636320 324
1636330 324
1636340 325
1636350 326
1636360 326
1636370 327
1636380 328
1636390 328
1636400 330
1636410 331
1636420 331
1636430 332
1636440 333
1636450 333
1636460 334
1636470 335
1636480 335
1636490 336
1636500 337
1636510 337
1636520 338
1636530 340
1636540 340
1636550 340
1636560 341
1636570 341
1636580 342
1636590 343
1636600 343
1636610 344
1636620 345
1636630 345
1636640 346
1636650 347
1636660 347
1636670 348
1636680 348
1636690 348
1636700 349
1636710 350
1636720 350
1636730 351
1636740 351
1636750 351
1636760 352
1636770 353
1636780 353
1636790 353
1636800 354
1636810 354
1636820 354
1636830 354
1636840 355
1636850 355
1636860 355
1636870 355
1636880 355
1636890 356
1636900 356
1636910 356
1636920 357
1636930 357
1636940 357
1636950 357
1636960 357
1636970 357
1636980 357
1636990 358
1637000 358
1637010 358
1637020 358
1637030 358
1637040 358
1637050 358
1637060 358
1637070 358
1637080 358
1637090 358
1637100 358
1637110 357
1637120 357
1637130 357
1637140 356
1637150 356
1637160 355
1637170 356
1637180 356
1637190 357
1637200 357
1637210 357
1637220 356
1637230 356
1637240 356
1637250 355
1637260 355
1637270 355
1637280 355
1637290 354
1637300 354
1637310 353
1637320 352
1637330 352
1637340 351
1637350 350
1637360 350
1637370 349
1637380 348
1637390 348
1637400 348
1637410 347
1637420 347
1637430 346
1637440 344
1637450 344
1637460 344
1637470 343
1637480 343
1637490 342
1637500 341
1637510 341
1637520 340
1637530 339
1637540 339
1637550 339
1637560 338
1637570 338
1637580 337
1637590 336
1637600 336
1637610 336
1637620 335
1637630 335
1637640 334
1637650 334
1637660 334
1637670 334
1637680 333
1637690 333
1637700 333
1637710 333
1637720 333
1637730 332
1637740 332
1637750 332
1637760 331
1637770 331
1637780 331
1637790 330
1637800 330
1637810 330
1637820 329
1637830 328
1637840 328
1637850 328
1637860 327
1637870 327
1637880 326
1637890 325
1637900 325
1637910 325
1637920 324
1637930 324
1637940 323
1637950 322
1637960 322
1637970 321
1637980 320
1637990 320
1638000 319
1638010 319
1638020 317
1638030 316
1638040 315
1638050 315
1638060 314
1638070 313
1638080 313
1638090 312
1638100 311
1638110 311
1638120 310
1638130 309
1638140 309
1638150 308
1638160 307
1638170 307
1638180 306
1638190 305
1638200 305
1638210 304
1638220 303
1638230 303
1638240 302
1638250 301
1638260 301
1638270 301
1638280 300
1638290 300
1638300 299
1638310 299
1638320 299
1638330 298
1638340 298
1638350 298
1638360 298
1638370 297
1638380 297
1638390 297
1638400 297
1638410 297
1638420 297
1638430 296
1638440 296
1638450 296
1638460 295
1638470 295
1638480 295
1638490 294
1638500 294
1638510 293
1638520 293
1638530 293
1638540 291
1638550 290
1638560 290
1638570 289
1638580 290
1638590 290
1638600 291
1638610 292
1638620 292
1638630 293
1638640 294
1638650 294
1638660 295
1638670 296
1638680 296
1638690 298
1638700 298
1638710 298
1638720 298
1638730 298
1638740 298
1638750 297
1638760 297
1638770 296
1638780 296
1638790 295
1638800 294
1638810 294
1638820 293
1638830 291
1638840 291
1638850 290
1638860 289
1638870 289
1638880 288
1638890 286
1638900 286
1638910 285
1638920 285
1638930 285
1638940 285
1638950 286
1638960 286
1638970 288
1638980 290
1638990 290
1639000 292
1639010 295
1639020 295
1639030 297
1639040 299
1639050 299
1639060 301
1639070 302
1639080 302
1639090 304
1639100 306
1639110 306
1639120 308
1639130 309
1639140 309
1639150 311
1639160 313
1639170 313
1639180 314
1639190 315
1639200 315
1639210 317
1639220 318
1639230 318
1639240 319
1639250 321
1639260 321
1639270 322
1639280 323
1639290 323
1639300 324
1639310 325
1639320 325
1639330 325
1639340 326
1639350 326
1639360 327
1639370 328
1639380 328
1639390 329
1639400 329
1639410 329
1639420 329
1639430 330
1639440 330
1639450 330
1639460 331
1639470 331
1639480 332
1639490 332
1639500 332
1639510 332
1639520 333
1639530 333
1639540 333
1639550 333
1639560 333
1639570 333
1639580 334
1639590 334
1639600 334
1639610 334
1639620 334
1639630 333
1639640 333
1639650 333
1639660 332
1639670 330
1639680 330
1639690 331
1639700 330
1639710 330
1639720 328
1639730 326
1639740 326
1639750 324
1639760 323
1639770 323
1639780 321
1639790 320
1639800 320
1639810 319
1639820 319
1639830 319
1639840 318
1639850 318
1639860 318
1639870 318
1639880 318
1639890 318
1639900 318
1639910 318
1639920 318
1639930 318
1639940 318
1639950 318
1639960 319
1639970 319
1639980 319
1639990 319
