1620000 359
1620010 359
1620020 359
1620030 359
1620040 359
1620050 358
1620060 358
1620070 358
1620080 358
1620090 357
1620100 357
1620110 357
1620120 357
1620130 357
1620140 356
1620150 356
1620160 356
1620170 355
1620180 355
1620190 355
1620200 354
1620210 353
1620220 353
1620230 352
1620240 351
1620250 351
1620260 351
1620270 350
1620280 350
1620290 348
1620300 347
1620310 347
1620320 346
1620330 345
1620340 345
1620350 344
1620360 343
1620370 343
1620380 342
1620390 341
1620400 341
1620410 340
1620420 339
1620430 339
1620440 338
1620450 337
1620460 337
1620470 336
1620480 335
1620490 335
1620500 331
1620510 330
1620520 330
1620530 330
1620540 331
1620550 331
1620560 332
1620570 334
1620580 334
1620590 336
1620600 339
1620610 339
1620620 342
1620630 345
1620640 345
1620650 348
1620660 351
1620670 351
1620680 354
1620690 357
1620700 357
1620710 359
1620720 359
1620730 359
1620740 360
1620750 362
1620760 362
1620770 362
1620780 363
1620790 363
1620800 363
1620810 363
1620820 363
1620830 363
1620840 363
1620850 363
1620860 363
1620870 363
1620880 363
1620890 362
1620900 362
1620910 362
1620920 362
1620930 361
1620940 361
1620950 360
1620960 360
1620970 359
1620980 359
1620990 358
1621000 357
1621010 357
1621020 357
1621030 356
1621040 356
1621050 355
1621060 354
1621070 354
1621080 352
1621090 351
1621100 351
1621110 349
1621120 348
1621130 348
1621140 346
1621150 344
1621160 344
1621170 343
1621180 341
1621190 341
1621200 340
1621210 338
1621220 338
1621230 335
1621240 331
1621250 331
1621260 330
1621270 333
1621280 333
1621290 335
1621300 335
1621310 335
1621320 335
1621330 335
1621340 335
1621350 335
1621360 335
1621370 335
1621380 335
1621390 335
1621400 335
1621410 336
1621420 336
1621430 336
1621440 336
1621450 336
1621460 336
1621470 336
1621480 336
1621490 336
1621500 336
1621510 336
1621520 336
1621530 335
1621540 335
1621550 335
1621560 334
1621570 334
1621580 334
1621590 334
1621600 334
1621610 334
1621620 334
1621630 334
1621640 334
1621650 334
1621660 333
1621670 333
1621680 333
1621690 332
1621700 332
1621710 331
1621720 331
1621730 331
1621740 329
1621750 327
1621760 327
1621770 327
1621780 327
1621790 327
1621800 327
1621810 327
1621820 327
1621830 327
1621840 328
1621850 328
1621860 328
1621870 329
1621880 329
1621890 331
1621900 334
1621910 334
1621920 336
1621930 338
1621940 338
1621950 339
1621960 340
1621970 340
1621980 341
1621990 341
1622000 341
1622010 341
1622020 342
1622030 342
1622040 342
1622050 342
1622060 342
1622070 343
1622080 343
1622090 343
1622100 343
1622110 344
1622120 344
1622130 345
1622140 345
1622150 345
1622160 346
1622170 346
1622180 346
1622190 347
1622200 347
1622210 347
1622220 348
1622230 349
1622240 349
1622250 349
1622260 350
1622270 350
1622280 350
1622290 351
1622300 351
1622310 351
1622320 352
1622330 352
1622340 353
1622350 354
1622360 354
1622370 354
1622380 355
1622390 355
1622400 356
1622410 356
1622420 356
1622430 357
1622440 358
1622450 358
1622460 358
1622470 359
1622480 359
1622490 360
1622500 360
1622510 360
1622520 361
1622530 361
1622540 361
1622550 362
1622560 364
1622570 364
1622580 363
1622590 363
1622600 363
1622610 363
1622620 363
1622630 363
1622640 362
1622650 362
1622660 362
1622670 361
1622680 360
1622690 360
1622700 359
1622710 358
1622720 358
1622730 358
1622740 358
1622750 358
1622760 359
1622770 360
1622780 360
1622790 362
1622800 363
1622810 363
1622820 365
1622830 366
1622840 366
1622850 367
1622860 368
1622870 368
1622880 369
1622890 369
1622900 369
1622910 370
1622920 371
1622930 371
1622940 372
1622950 373
1622960 373
1622970 373
1622980 373
1622990 374
1623000 374
1623010 375
1623020 376
1623030 376
1623040 376
1623050 376
1623060 376
1623070 376
1623080 376
1623090 376
1623100 376
1623110 375
1623120 375
1623130 375
1623140 375
1623150 375
1623160 376
1623170 376
1623180 376
1623190 375
1623200 374
1623210 374
1623220 374
1623230 375
1623240 375
1623250 375
1623260 375
1623270 375
1623280 377
1623290 377
1623300 377
1623310 377
1623320 377
1623330 377
1623340 377
1623350 377
1623360 377
1623370 377
1623380 377
1623390 377
1623400 377
1623410 377
1623420 377
1623430 377
1623440 376
1623450 376
1623460 377
1623470 377
1623480 377
1623490 378
1623500 378
1623510 378
1623520 378
1623530 377
1623540 377
1623550 377
1623560 377
1623570 377
1623580 378
1623590 378
1623600 378
1623610 378
1623620 378
1623630 378
1623640 377
1623650 377
1623660 377
1623670 376
1623680 375
1623690 375
1623700 373
1623710 372
1623720 372
1623730 371
1623740 369
1623750 369
1623760 368
1623770 366
1623780 366
1623790 365
1623800 363
1623810 363
1623820 362
1623830 360
1623840 360
1623850 359
1623860 358
1623870 358
1623880 357
1623890 356
1623900 356
1623910 355
1623920 354
1623930 354
1623940 353
1623950 352
1623960 352
1623970 352
1623980 351
1623990 351
1624000 350
1624010 349
1624020 349
1624030 349
1624040 348
1624050 348
1624060 347
1624070 346
1624080 346
1624090 345
1624100 344
1624110 344
1624120 344
1624130 343
1624140 343
1624150 342
1624160 341
1624170 341
1624180 341
1624190 340
1624200 340
1624210 339
1624220 338
1624230 338
1624240 338
1624250 337
1624260 337
1624270 336
1624280 335
1624290 335
1624300 334
1624310 333
1624320 333
1624330 332
1624340 331
1624350 331
1624360 329
1624370 328
1624380 328
1624390 326
1624400 325
1624410 325
1624420 323
1624430 322
1624440 322
1624450 320
1624460 319
1624470 319
1624480 318
1624490 317
1624500 317
1624510 316
1624520 315
1624530 315
1624540 314
1624550 313
1624560 313
1624570 313
1624580 313
1624590 313
1624600 311
1624610 310
1624620 310
1624630 309
1624640 308
1624650 308
1624660 307
1624670 306
1624680 306
1624690 306
1624700 306
1624710 306
1624720 305
1624730 305
1624740 305
1624750 304
1624760 304
1624770 304
1624780 304
1624790 304
1624800 304
1624810 303
1624820 302
1624830 302
1624840 302
1624850 301
1624860 301
1624870 300
1624880 299
1624890 299
1624900 298
1624910 298
1624920 298
1624930 298
1624940 297
1624950 297
1624960 297
1624970 298
1624980 300
1624990 300
1625000 304
1625010 307
1625020 307
1625030 308
1625040 309
1625050 309
1625060 308
1625070 308
1625080 308
1625090 306
1625100 303
1625110 303
1625120 302
1625130 302
1625140 302
1625150 305
1625160 309
1625170 309
1625180 313
1625190 317
1625200 317
1625210 320
1625220 323
1625230 323
1625240 326
1625250 328
1625260 328
1625270 330
1625280 332
1625290 332
1625300 334
1625310 335
1625320 335
1625330 337
1625340 338
1625350 338
1625360 339
1625370 340
1625380 340
1625390 341
1625400 342
1625410 342
1625420 342
1625430 343
1625440 343
1625450 344
1625460 345
1625470 345
1625480 345
1625490 345
1625500 345
1625510 345
1625520 345
1625530 345
1625540 344
1625550 344
1625560 344
1625570 344
1625580 343
1625590 343
1625600 340
1625610 339
1625620 339
1625630 339
1625640 338
1625650 338
1625660 336
1625670 336
1625680 336
1625690 335
1625700 334
1625710 334
1625720 333
1625730 331
1625740 331
1625750 330
1625760 328
1625770 328
1625780 327
1625790 325
1625800 325
1625810 324
1625820 322
1625830 322
1625840 320
1625850 318
1625860 318
1625870 316
1625880 314
1625890 314
1625900 313
1625910 310
1625920 310
1625930 309
1625940 307
1625950 307
1625960 307
1625970 306
1625980 306
1625990 306
1626000 305
1626010 305
1626020 304
1626030 303
1626040 303
1626050 303
1626060 305
1626070 305
1626080 308
1626090 309
1626100 309
1626110 310
1626120 310
1626130 310
1626140 310
1626150 310
1626160 310
1626170 310
1626180 311
1626190 311
1626200 313
1626210 314
1626220 314
1626230 315
1626240 317
1626250 317
1626260 318
1626270 319
1626280 319
1626290 320
1626300 321
1626310 321
1626320 322
1626330 323
1626340 323
1626350 323
1626360 325
1626370 325
1626380 326
1626390 326
1626400 326
1626410 327
1626420 327
1626430 327
1626440 328
1626450 329
1626460 329
1626470 329
1626480 330
1626490 330
1626500 330
1626510 331
1626520 331
1626530 331
1626540 332
1626550 332
1626560 332
1626570 332
1626580 332
1626590 333
1626600 333
1626610 333
1626620 333
1626630 334
1626640 334
1626650 334
1626660 334
1626670 334
1626680 334
1626690 335
1626700 335
1626710 335
1626720 334
1626730 334
1626740 333
1626750 333
1626760 333
1626770 332
1626780 332
1626790 332
1626800 331
1626810 330
1626820 330
1626830 329
1626840 329
1626850 329
1626860 328
1626870 328
1626880 328
1626890 327
1626900 325
1626910 325
1626920 324
1626930 323
1626940 323
1626950 323
1626960 322
1626970 322
1626980 322
1626990 322
1627000 322
1627010 322
1627020 322
1627030 322
1627040 322
1627050 322
1627060 322
1627070 322
1627080 322
1627090 322
1627100 322
1627110 322
1627120 322
1627130 322
1627140 322
1627150 322
1627160 322
1627170 322
1627180 322
1627190 322
1627200 323
1627210 323
1627220 323
1627230 323
1627240 324
1627250 324
1627260 324
1627270 325
1627280 325
1627290 325
1627300 325
1627310 325
1627320 325
1627330 326
1627340 326
1627350 326
1627360 326
1627370 326
1627380 327
1627390 326
1627400 326
1627410 326
1627420 326
1627430 326
1627440 326
1627450 326
1627460 326
1627470 326
1627480 327
1627490 327
1627500 327
1627510 327
1627520 327
1627530 327
1627540 327
1627550 327
1627560 327
1627570 327
1627580 327
1627590 327
1627600 327
1627610 327
1627620 327
1627630 327
1627640 327
1627650 327
1627660 327
1627670 327
1627680 326
1627690 325
1627700 325
1627710 324
1627720 323
1627730 323
1627740 322
1627750 321
1627760 321
1627770 321
1627780 320
1627790 320
1627800 319
1627810 319
1627820 319
1627830 319
1627840 318
1627850 318
1627860 318
1627870 317
1627880 317
1627890 316
1627900 316
1627910 316
1627920 315
1627930 314
1627940 314
1627950 314
1627960 314
1627970 314
1627980 315
1627990 317
1628000 317
1628010 317
1628020 318
1628030 318
1628040 318
1628050 319
1628060 319
1628070 319
1628080 320
1628090 320
1628100 320
1628110 321
1628120 321
1628130 321
1628140 321
1628150 321
1628160 322
1628170 322
1628180 322
1628190 322
1628200 322
1628210 322
1628220 322
1628230 322
1628240 322
1628250 322
1628260 321
1628270 321
1628280 321
1628290 320
1628300 320
1628310 319
1628320 319
1628330 319
1628340 318
1628350 317
1628360 317
1628370 316
1628380 315
1628390 315
1628400 314
1628410 313
1628420 313
1628430 312
1628440 311
1628450 311
1628460 310
1628470 308
1628480 308
1628490 307
1628500 305
1628510 305
1628520 304
1628530 303
1628540 303
1628550 303
1628560 302
1628570 302
1628580 302
1628590 300
1628600 300
1628610 299
1628620 298
1628630 298
1628640 297
1628650 296
1628660 296
1628670 295
1628680 294
1628690 294
1628700 294
1628710 293
1628720 293
1628730 292
1628740 291
1628750 291
1628760 289
1628770 288
1628780 288
1628790 286
1628800 285
1628810 285
1628820 284
1628830 285
1628840 285
1628850 286
1628860 286
1628870 286
1628880 287
1628890 288
1628900 288
1628910 290
1628920 291
1628930 291
1628940 292
1628950 293
1628960 293
1628970 293
1628980 294
1628990 294
1629000 295
1629010 296
1629020 297
1629030 297
1629040 297
1629050 298
1629060 298
1629070 299
1629080 300
1629090 300
1629100 300
1629110 299
1629120 299
1629130 299
1629140 299
1629150 299
1629160 299
1629170 299
1629180 299
1629190 299
1629200 299
1629210 299
1629220 298
1629230 297
1629240 297
1629250 297
1629260 297
1629270 297
1629280 297
1629290 296
1629300 296
1629310 295
1629320 295
1629330 295
1629340 294
1629350 295
1629360 295
1629370 295
1629380 295
1629390 295
1629400 295
1629410 295
1629420 295
1629430 295
1629440 295
1629450 295
1629460 294
1629470 294
1629480 294
1629490 294
1629500 293
1629510 293
1629520 293
1629530 292
1629540 292
1629550 291
1629560 291
1629570 291
1629580 290
1629590 290
1629600 290
1629610 289
1629620 288
1629630 288
1629640 288
1629650 287
1629660 287
1629670 286
1629680 285
1629690 285
1629700 285
1629710 284
1629720 284
1629730 283
1629740 282
1629750 282
1629760 281
1629770 280
1629780 280
1629790 280
1629800 279
1629810 279
1629820 279
1629830 278
1629840 278
1629850 276
1629860 277
1629870 277
1629880 277
1629890 277
1629900 277
1629910 277
1629920 277
1629930 277
1629940 277
1629950 278
1629960 278
1629970 279
1629980 280
1629990 280
1630000 281
1630010 282
1630020 282
1630030 284
1630040 287
1630050 287
1630060 290
1630070 293
1630080 293
1630090 296
1630100 297
1630110 297
1630120 298
1630130 299
1630140 299
1630150 300
1630160 301
1630170 301
1630180 301
1630190 302
1630200 302
1630210 302
1630220 303
1630230 303
1630240 303
1630250 303
1630260 303
1630270 303
1630280 302
1630290 302
1630300 302
1630310 302
1630320 302
1630330 302
1630340 302
1630350 302
1630360 302
1630370 301
1630380 301
1630390 301
1630400 301
1630410 301
1630420 301
1630430 300
1630440 300
1630450 300
1630460 300
1630470 300
1630480 299
1630490 299
1630500 299
1630510 299
1630520 298
1630530 298
1630540 298
1630550 297
1630560 297
1630570 297
1630580 296
1630590 296
1630600 295
1630610 294
1630620 294
1630630 292
1630640 291
1630650 291
1630660 289
1630670 288
1630680 288
1630690 287
1630700 286
1630710 286
1630720 286
1630730 285
1630740 285
1630750 284
1630760 284
1630770 284
1630780 284
1630790 284
1630800 284
1630810 284
1630820 284
1630830 284
1630840 283
1630850 283
1630860 283
1630870 282
1630880 281
1630890 281
1630900 280
1630910 279
1630920 279
1630930 278
1630940 278
1630950 278
1630960 278
1630970 279
1630980 279
1630990 280
1631000 281
1631010 281
1631020 283
1631030 284
1631040 284
1631050 285
1631060 287
1631070 288
1631080 288
1631090 289
1631100 291
1631110 291
1631120 292
1631130 293
1631140 293
1631150 294
1631160 295
1631170 295
1631180 296
1631190 296
1631200 296
1631210 297
1631220 297
1631230 297
1631240 297
1631250 298
1631260 298
1631270 298
1631280 298
1631290 298
1631300 298
1631310 298
1631320 298
1631330 298
1631340 298
1631350 298
1631360 298
1631370 298
1631380 298
1631390 298
1631400 298
1631410 298
1631420 298
1631430 298
1631440 298
1631450 298
1631460 298
1631470 298
1631480 297
1631490 297
1631500 297
1631510 297
1631520 297
1631530 297
1631540 297
1631550 297
1631560 297
1631570 297
1631580 297
1631590 297
1631600 297
1631610 297
1631620 297
1631630 296
1631640 296
1631650 296
1631660 296
1631670 296
1631680 296
1631690 295
1631700 295
1631710 295
1631720 295
1631730 294
1631740 295
1631750 294
1631760 294
1631770 294
1631780 293
1631790 293
1631800 293
1631810 292
1631820 291
1631830 291
1631840 290
1631850 288
1631860 288
1631870 287
1631880 285
1631890 285
1631900 284
1631910 283
1631920 283
1631930 282
1631940 281
1631950 281
1631960 279
1631970 277
1631980 277
1631990 277
1632000 276
1632010 276
1632020 275
1632030 275
1632040 275
1632050 274
1632060 274
1632070 274
1632080 274
1632090 274
1632100 274
1632110 274
1632120 274
1632130 274
1632140 274
1632150 274
1632160 274
1632170 274
1632180 274
1632190 274
1632200 275
1632210 277
1632220 277
1632230 277
1632240 278
1632250 278
1632260 278
1632270 279
1632280 279
1632290 279
1632300 279
1632310 279
1632320 279
1632330 278
1632340 278
1632350 278
1632360 277
1632370 277
1632380 277
1632390 276
1632400 276
1632410 276
1632420 275
1632430 275
1632440 275
1632450 274
1632460 274
1632470 274
1632480 274
1632490 274
1632500 274
1632510 274
1632520 274
1632530 274
1632540 274
1632550 274
1632560 273
1632570 273
1632580 273
1632590 272
1632600 271
1632610 272
1632620 272
1632630 271
1632640 271
1632650 270
1632660 270
1632670 270
1632680 269
1632690 269
1632700 269
1632710 268
1632720 268
1632730 268
1632740 268
1632750 267
1632760 267
1632770 267
1632780 266
1632790 266
1632800 265
1632810 265
1632820 265
1632830 264
1632840 263
1632850 263
1632860 262
1632870 261
1632880 261
1632890 260
1632900 259
1632910 259
1632920 258
1632930 258
1632940 258
1632950 258
1632960 257
1632970 257
1632980 257
1632990 257
1633000 257
1633010 256
1633020 256
1633030 256
1633040 255
1633050 255
1633060 255
1633070 254
1633080 254
1633090 254
1633100 253
1633110 253
1633120 255
1633130 255
1633140 255
1633150 255
1633160 255
1633170 256
1633180 256
1633190 256
1633200 256
1633210 256
1633220 256
1633230 255
1633240 255
1633250 255
1633260 255
1633270 255
1633280 255
1633290 255
1633300 255
1633310 255
1633320 255
1633330 255
1633340 255
1633350 254
1633360 254
1633370 254
1633380 254
1633390 254
1633400 254
1633410 254
1633420 256
1633430 256
1633440 257
1633450 258
1633460 258
1633470 258
1633480 259
1633490 260
1633500 260
1633510 261
1633520 261
1633530 262
1633540 262
1633550 262
1633560 263
1633570 264
1633580 264
1633590 265
1633600 267
1633610 267
1633620 268
1633630 269
1633640 269
1633650 271
1633660 272
1633670 272
1633680 274
1633690 275
1633700 275
1633710 276
1633720 277
1633730 277
1633740 279
1633750 281
1633760 281
1633770 282
1633780 284
1633790 284
1633800 285
1633810 286
1633820 286
1633830 287
1633840 288
1633850 288
1633860 289
1633870 289
1633880 289
1633890 290
1633900 290
1633910 290
1633920 291
1633930 291
1633940 291
1633950 292
1633960 292
1633970 292
1633980 293
1633990 293
1634000 293
1634010 293
1634020 293
1634030 293
1634040 294
1634050 294
1634060 294
1634070 294
1634080 294
1634090 294
1634100 294
1634110 294
1634120 294
1634130 294
1634140 294
1634150 294
1634160 294
1634170 295
1634180 295
1634190 295
1634200 294
1634210 294
1634220 294
1634230 294
1634240 294
1634250 294
1634260 294
1634270 294
1634280 294
1634290 294
1634300 294
1634310 294
1634320 294
1634330 294
1634340 294
1634350 295
1634360 295
1634370 295
1634380 295
1634390 295
1634400 295
1634410 294
1634420 294
1634430 294
1634440 294
1634450 294
1634460 294
1634470 294
1634480 294
1634490 294
1634500 293
1634510 293
1634520 293
1634530 292
1634540 292
1634550 291
1634560 291
1634570 291
1634580 290
1634590 290
1634600 290
1634610 289
1634620 289
1634630 289
1634640 289
1634650 289
1634660 289
1634670 289
1634680 290
1634690 290
1634700 290
1634710 291
1634720 291
1634730 291
1634740 291
1634750 291
1634760 292
1634770 292
1634780 292
1634790 292
1634800 292
1634810 292
1634820 291
1634830 290
1634840 290
1634850 289
1634860 288
1634870 288
1634880 287
1634890 287
1634900 287
1634910 288
1634920 289
1634930 289
1634940 290
1634950 290
1634960 290
1634970 290
1634980 290
1634990 290
1635000 290
1635010 290
1635020 290
1635030 291
1635040 291
1635050 291
1635060 291
1635070 291
1635080 291
1635090 291
1635100 291
1635110 291
1635120 292
1635130 292
1635140 292
1635150 292
1635160 293
1635170 293
1635180 293
1635190 293
1635200 293
1635210 294
1635220 295
1635230 295
1635240 295
1635250 295
1635260 296
1635270 296
1635280 296
1635290 296
1635300 296
1635310 297
1635320 297
1635330 297
1635340 297
1635350 297
1635360 297
1635370 298
1635380 298
1635390 298
1635400 298
1635410 299
1635420 299
1635430 299
1635440 300
1635450 300
1635460 300
1635470 300
1635480 300
1635490 301
1635500 301
1635510 301
1635520 302
1635530 303
1635540 303
1635550 303
1635560 304
1635570 304
1635580 304
1635590 305
1635600 305
1635610 305
1635620 306
1635630 306
1635640 307
1635650 307
1635660 307
1635670 308
1635680 308
1635690 308
1635700 308
1635710 309
1635720 309
1635730 309
1635740 309
1635750 309
1635760 309
1635770 310
1635780 310
1635790 310
1635800 310
1635810 310
1635820 311
1635830 311
1635840 311
1635850 311
1635860 311
1635870 311
1635880 312
1635890 312
1635900 312
1635910 312
1635920 312
1635930 312
1635940 312
1635950 313
1635960 313
1635970 313
1635980 313
1635990 313
1636000 313
1636010 313
1636020 313
1636030 313
1636040 313
1636050 313
1636060 313
1636070 313
1636080 313
1636090 313
1636100 313
1636110 313
1636120 314
1636130 314
1636140 314
1636150 314
1636160 315
1636170 315
1636180 316
1636190 316
1636200 316
1636210 316
1636220 316
1636230 316
1636240 316
1636250 317
1636260 317
1636270 317
1636280 317
1636290 317
1636300 317
1636310 317
1636320 317
1636330 317
1636340 318
1636350 318
1636360 318
1636370 318
1636380 318
1636390 318
1636400 318
1636410 318
1636420 318
1636430 318
1636440 318
1636450 318
1636460 318
1636470 318
1636480 318
1636490 318
1636500 318
1636510 318
1636520 318
1636530 318
1636540 318
1636550 319
1636560 319
1636570 319
1636580 320
1636590 320
1636600 320
1636610 318
1636620 318
1636630 317
1636640 316
1636650 316
1636660 315
1636670 315
1636680 315
1636690 315
1636700 317
1636710 317
1636720 317
1636730 316
1636740 316
1636750 314
1636760 314
1636770 314
1636780 316
1636790 318
1636800 318
1636810 319
1636820 320
1636830 320
1636840 321
1636850 321
1636860 321
1636870 321
1636880 321
1636890 321
1636900 321
1636910 322
1636920 321
1636930 321
1636940 321
1636950 321
1636960 322
1636970 322
1636980 322
1636990 322
1637000 322
1637010 322
1637020 322
1637030 322
1637040 322
1637050 322
1637060 322
1637070 322
1637080 322
1637090 322
1637100 322
1637110 322
1637120 322
1637130 322
1637140 322
1637150 321
1637160 321
1637170 322
1637180 321
1637190 321
1637200 322
1637210 322
1637220 322
1637230 322
1637240 322
1637250 322
1637260 322
1637270 322
1637280 322
1637290 322
1637300 321
1637310 321
1637320 321
1637330 321
1637340 320
1637350 320
1637360 319
1637370 318
1637380 318
1637390 317
1637400 317
1637410 317
1637420 317
1637430 317
1637440 317
1637450 317
1637460 318
1637470 318
1637480 318
1637490 318
1637500 318
1637510 318
1637520 318
1637530 318
1637540 317
1637550 317
1637560 317
1637570 316
1637580 315
1637590 315
1637600 314
1637610 313
1637620 313
1637630 311
1637640 310
1637650 310
1637660 309
1637670 309
1637680 309
1637690 308
1637700 307
1637710 307
1637720 307
1637730 305
1637740 305
1637750 303
1637760 304
1637770 304
1637780 304
1637790 306
1637800 306
1637810 308
1637820 310
1637830 310
1637840 313
1637850 315
1637860 315
1637870 316
1637880 316
1637890 316
1637900 316
1637910 316
1637920 316
1637930 316
1637940 315
1637950 315
1637960 315
1637970 315
1637980 315
1637990 315
1638000 314
1638010 314
1638020 314
1638030 314
1638040 314
1638050 313
1638060 313
1638070 313
1638080 313
1638090 313
1638100 313
1638110 312
1638120 311
1638130 311
1638140 311
1638150 311
1638160 311
1638170 311
1638180 310
1638190 310
1638200 309
1638210 308
1638220 308
1638230 307
1638240 306
1638250 306
1638260 305
1638270 304
1638280 304
1638290 303
1638300 303
1638310 303
1638320 302
1638330 301
1638340 301
1638350 300
1638360 300
1638370 300
1638380 299
1638390 298
1638400 298
1638410 297
1638420 296
1638430 296
1638440 295
1638450 293
1638460 293
1638470 291
1638480 290
1638490 290
1638500 289
1638510 288
1638520 288
1638530 288
1638540 289
1638550 289
1638560 290
1638570 290
1638580 290
1638590 290
1638600 290
1638610 291
1638620 291
1638630 290
1638640 290
1638650 290
1638660 289
1638670 289
1638680 289
1638690 288
1638700 288
1638710 287
1638720 286
1638730 286
1638740 283
1638750 280
1638760 280
1638770 279
1638780 278
1638790 278
1638800 278
1638810 279
1638820 279
1638830 279
1638840 280
1638850 280
1638860 280
1638870 280
1638880 280
1638890 280
1638900 279
1638910 279
1638920 279
1638930 279
1638940 279
1638950 279
1638960 278
1638970 278
1638980 278
1638990 277
1639000 277
1639010 276
1639020 275
1639030 275
1639040 274
1639050 274
1639060 274
1639070 274
1639080 273
1639090 273
1639100 272
1639110 270
1639120 270
1639130 270
1639140 271
1639150 271
1639160 271
1639170 271
1639180 271
1639190 271
1639200 271
1639210 271
1639220 272
1639230 273
1639240 273
1639250 274
1639260 275
1639270 276
1639280 276
1639290 277
1639300 278
1639310 278
1639320 278
1639330 278
1639340 278
1639350 278
1639360 278
1639370 278
1639380 278
1639390 278
1639400 278
1639410 279
1639420 280
1639430 280
1639440 281
1639450 282
1639460 282
1639470 282
1639480 282
1639490 282
1639500 283
1639510 283
1639520 283
1639530 283
1639540 283
1639550 283
1639560 283
1639570 283
1639580 283
1639590 283
1639600 283
1639610 283
1639620 283
1639630 283
1639640 283
1639650 283
1639660 283
1639670 283
1639680 282
1639690 281
1639700 281
1639710 279
1639720 277
1639730 277
1639740 276
1639750 277
1639760 277
1639770 276
1639780 275
1639790 275
1639800 275
1639810 277
1639820 277
1639830 278
1639840 280
1639850 280
1639860 282
1639870 283
1639880 283
1639890 284
1639900 286
1639910 286
1639920 287
1639930 289
1639940 289
1639950 291
1639960 292
1639970 292
1639980 294
1639990 296
