1620000 362
1620010 362
1620020 362
1620030 362
1620040 362
1620050 361
1620060 361
1620070 361
1620080 361
1620090 360
1620100 360
1620110 360
1620120 360
1620130 360
1620140 360
1620150 358
1620160 358
1620170 357
1620180 355
1620190 355
1620200 354
1620210 353
1620220 353
1620230 352
1620240 351
1620250 351
1620260 350
1620270 348
1620280 348
1620290 347
1620300 346
1620310 346
1620320 345
1620330 343
1620340 343
1620350 342
1620360 341
1620370 341
1620380 340
1620390 339
1620400 339
1620410 339
1620420 338
1620430 338
1620440 338
1620450 337
1620460 337
1620470 334
1620480 332
1620490 332
1620500 332
1620510 332
1620520 332
1620530 334
1620540 336
1620550 336
1620560 338
1620570 339
1620580 339
1620590 342
1620600 345
1620610 345
1620620 347
1620630 350
1620640 350
1620650 353
1620660 356
1620670 356
1620680 358
1620690 360
1620700 360
1620710 361
1620720 362
1620730 362
1620740 363
1620750 364
1620760 364
1620770 364
1620780 364
1620790 364
1620800 364
1620810 364
1620820 364
1620830 364
1620840 363
1620850 363
1620860 363
1620870 362
1620880 362
1620890 362
1620900 362
1620910 362
1620920 361
1620930 360
1620940 360
1620950 359
1620960 358
1620970 358
1620980 357
1620990 356
1621000 356
1621010 355
1621020 353
1621030 353
1621040 352
1621050 351
1621060 351
1621070 349
1621080 348
1621090 348
1621100 346
1621110 345
1621120 345
1621130 343
1621140 341
1621150 341
1621160 339
1621170 337
1621180 337
1621190 335
1621200 333
1621210 333
1621220 335
1621230 337
1621240 337
1621250 338
1621260 339
1621270 339
1621280 339
1621290 339
1621300 339
1621310 339
1621320 339
1621330 339
1621340 339
1621350 340
1621360 340
1621370 340
1621380 340
1621390 340
1621400 340
1621410 340
1621420 340
1621430 340
1621440 340
1621450 340
1621460 340
1621470 340
1621480 340
1621490 340
1621500 340
1621510 340
1621520 340
1621530 340
1621540 340
1621550 340
1621560 339
1621570 339
1621580 339
1621590 339
1621600 338
1621610 338
1621620 338
1621630 338
1621640 338
1621650 337
1621660 337
1621670 337
1621680 336
1621690 336
1621700 336
1621710 335
1621720 335
1621730 336
1621740 335
1621750 334
1621760 334
1621770 333
1621780 332
1621790 332
1621800 330
1621810 329
1621820 329
1621830 328
1621840 328
1621850 328
1621860 328
1621870 328
1621880 328
1621890 328
1621900 328
1621910 328
1621920 328
1621930 330
1621940 330
1621950 330
1621960 331
1621970 331
1621980 331
1621990 332
1622000 332
1622010 333
1622020 333
1622030 333
1622040 334
1622050 334
1622060 334
1622070 335
1622080 335
1622090 335
1622100 335
1622110 336
1622120 336
1622130 336
1622140 337
1622150 337
1622160 337
1622170 338
1622180 338
1622190 338
1622200 339
1622210 339
1622220 339
1622230 340
1622240 340
1622250 340
1622260 341
1622270 341
1622280 342
1622290 343
1622300 343
1622310 344
1622320 345
1622330 345
1622340 346
1622350 347
1622360 347
1622370 348
1622380 349
1622390 349
1622400 350
1622410 351
1622420 351
1622430 352
1622440 353
1622450 353
1622460 354
1622470 355
1622480 355
1622490 356
1622500 357
1622510 357
1622520 358
1622530 359
1622540 359
1622550 359
1622560 360
1622570 360
1622580 363
1622590 363
1622600 363
1622610 362
1622620 362
1622630 362
1622640 362
1622650 362
1622660 362
1622670 362
1622680 361
1622690 361
1622700 360
1622710 359
1622720 359
1622730 358
1622740 359
1622750 359
1622760 360
1622770 362
1622780 362
1622790 364
1622800 366
1622810 366
1622820 368
1622830 370
1622840 370
1622850 371
1622860 371
1622870 371
1622880 372
1622890 372
1622900 372
1622910 374
1622920 375
1622930 375
1622940 375
1622950 375
1622960 375
1622970 375
1622980 375
1622990 375
1623000 376
1623010 376
1623020 376
1623030 376
1623040 375
1623050 375
1623060 375
1623070 375
1623080 375
1623090 375
1623100 376
1623110 376
1623120 376
1623130 374
1623140 374
1623150 374
1623160 374
1623170 374
1623180 374
1623190 374
1623200 374
1623210 377
1623220 381
1623230 381
1623240 382
1623250 382
1623260 382
1623270 382
1623280 382
1623290 382
1623300 382
1623310 382
1623320 382
1623330 382
1623340 382
1623350 382
1623360 382
1623370 382
1623380 382
1623390 381
1623400 382
1623410 382
1623420 382
1623430 381
1623440 381
1623450 381
1623460 381
1623470 381
1623480 381
1623490 381
1623500 381
1623510 381
1623520 380
1623530 380
1623540 380
1623550 380
1623560 379
1623570 379
1623580 378
1623590 377
1623600 377
1623610 376
1623620 374
1623630 374
1623640 373
1623650 372
1623660 372
1623670 369
1623680 366
1623690 366
1623700 364
1623710 362
1623720 362
1623730 360
1623740 359
1623750 359
1623760 357
1623770 355
1623780 355
1623790 353
1623800 352
1623810 352
1623820 350
1623830 349
1623840 349
1623850 347
1623860 346
1623870 346
1623880 345
1623890 344
1623900 344
1623910 342
1623920 341
1623930 341
1623940 341
1623950 340
1623960 340
1623970 339
1623980 339
1623990 339
1624000 338
1624010 337
1624020 337
1624030 336
1624040 336
1624050 336
1624060 335
1624070 334
1624080 334
1624090 333
1624100 333
1624110 333
1624120 332
1624130 331
1624140 331
1624150 331
1624160 330
1624170 330
1624180 330
1624190 329
1624200 329
1624210 329
1624220 328
1624230 328
1624240 327
1624250 326
1624260 326
1624270 326
1624280 325
1624290 325
1624300 324
1624310 324
1624320 324
1624330 323
1624340 322
1624350 322
1624360 321
1624370 320
1624380 320
1624390 319
1624400 318
1624410 318
1624420 318
1624430 317
1624440 317
1624450 316
1624460 315
1624470 315
1624480 314
1624490 314
1624500 314
1624510 313
1624520 313
1624530 314
1624540 314
1624550 314
1624560 314
1624570 314
1624580 314
1624590 314
1624600 314
1624610 313
1624620 313
1624630 313
1624640 313
1624650 313
1624660 313
1624670 312
1624680 312
1624690 311
1624700 311
1624710 311
1624720 310
1624730 309
1624740 309
1624750 309
1624760 308
1624770 308
1624780 308
1624790 307
1624800 307
1624810 306
1624820 306
1624830 306
1624840 305
1624850 304
1624860 304
1624870 303
1624880 303
1624890 303
1624900 302
1624910 301
1624920 301
1624930 300
1624940 299
1624950 299
1624960 298
1624970 297
1624980 297
1624990 297
1625000 296
1625010 296
1625020 296
1625030 296
1625040 296
1625050 296
1625060 296
1625070 296
1625080 297
1625090 298
1625100 298
1625110 300
1625120 305
1625130 305
1625140 310
1625150 315
1625160 315
1625170 320
1625180 324
1625190 324
1625200 328
1625210 330
1625220 330
1625230 331
1625240 332
1625250 332
1625260 333
1625270 333
1625280 333
1625290 334
1625300 335
1625310 335
1625320 335
1625330 336
1625340 336
1625350 337
1625360 338
1625370 338
1625380 338
1625390 339
1625400 339
1625410 339
1625420 340
1625430 340
1625440 341
1625450 340
1625460 340
1625470 340
1625480 340
1625490 340
1625500 341
1625510 341
1625520 341
1625530 341
1625540 342
1625550 341
1625560 341
1625570 341
1625580 341
1625590 341
1625600 340
1625610 340
1625620 340
1625630 339
1625640 339
1625650 339
1625660 338
1625670 337
1625680 337
1625690 336
1625700 335
1625710 335
1625720 333
1625730 331
1625740 331
1625750 330
1625760 329
1625770 329
1625780 328
1625790 326
1625800 326
1625810 325
1625820 323
1625830 323
1625840 321
1625850 319
1625860 319
1625870 316
1625880 312
1625890 312
1625900 310
1625910 308
1625920 308
1625930 307
1625940 305
1625950 305
1625960 304
1625970 302
1625980 302
1625990 301
1626000 301
1626010 301
1626020 301
1626030 305
1626040 305
1626050 311
1626060 315
1626070 315
1626080 319
1626090 320
1626100 320
1626110 321
1626120 322
1626130 322
1626140 323
1626150 324
1626160 324
1626170 324
1626180 325
1626190 325
1626200 326
1626210 326
1626220 326
1626230 327
1626240 328
1626250 328
1626260 329
1626270 330
1626280 330
1626290 331
1626300 331
1626310 331
1626320 332
1626330 333
1626340 333
1626350 333
1626360 336
1626370 336
1626380 337
1626390 337
1626400 337
1626410 338
1626420 339
1626430 339
1626440 339
1626450 339
1626460 339
1626470 340
1626480 340
1626490 340
1626500 341
1626510 341
1626520 341
1626530 341
1626540 341
1626550 341
1626560 341
1626570 341
1626580 341
1626590 342
1626600 341
1626610 341
1626620 341
1626630 340
1626640 340
1626650 340
1626660 339
1626670 339
1626680 338
1626690 338
1626700 338
1626710 337
1626720 336
1626730 336
1626740 335
1626750 334
1626760 334
1626770 334
1626780 334
1626790 334
1626800 334
1626810 334
1626820 334
1626830 333
1626840 331
1626850 331
1626860 330
1626870 329
1626880 329
1626890 329
1626900 329
1626910 329
1626920 328
1626930 328
1626940 328
1626950 328
1626960 328
1626970 328
1626980 328
1626990 328
1627000 328
1627010 328
1627020 328
1627030 328
1627040 328
1627050 327
1627060 327
1627070 327
1627080 328
1627090 328
1627100 328
1627110 328
1627120 328
1627130 328
1627140 328
1627150 328
1627160 328
1627170 328
1627180 328
1627190 328
1627200 328
1627210 328
1627220 328
1627230 329
1627240 329
1627250 329
1627260 329
1627270 332
1627280 332
1627290 332
1627300 332
1627310 332
1627320 332
1627330 332
1627340 332
1627350 332
1627360 332
1627370 332
1627380 333
1627390 333
1627400 333
1627410 334
1627420 334
1627430 334
1627440 335
1627450 335
1627460 335
1627470 336
1627480 336
1627490 336
1627500 336
1627510 336
1627520 335
1627530 335
1627540 335
1627550 334
1627560 333
1627570 333
1627580 333
1627590 333
1627600 333
1627610 333
1627620 333
1627630 333
1627640 333
1627650 333
1627660 333
1627670 333
1627680 333
1627690 333
1627700 333
1627710 333
1627720 332
1627730 332
1627740 330
1627750 330
1627760 330
1627770 329
1627780 328
1627790 328
1627800 328
1627810 327
1627820 327
1627830 327
1627840 326
1627850 326
1627860 326
1627870 325
1627880 325
1627890 324
1627900 324
1627910 324
1627920 323
1627930 323
1627940 323
1627950 324
1627960 324
1627970 324
1627980 325
1627990 325
1628000 325
1628010 326
1628020 326
1628030 326
1628040 326
1628050 326
1628060 326
1628070 326
1628080 326
1628090 326
1628100 326
1628110 325
1628120 325
1628130 325
1628140 325
1628150 325
1628160 325
1628170 324
1628180 325
1628190 324
1628200 324
1628210 324
1628220 323
1628230 322
1628240 322
1628250 322
1628260 321
1628270 321
1628280 320
1628290 319
1628300 319
1628310 318
1628320 317
1628330 317
1628340 316
1628350 316
1628360 316
1628370 315
1628380 314
1628390 314
1628400 312
1628410 311
1628420 311
1628430 310
1628440 308
1628450 308
1628460 307
1628470 306
1628480 306
1628490 304
1628500 303
1628510 303
1628520 302
1628530 301
1628540 301
1628550 301
1628560 300
1628570 300
1628580 299
1628590 298
1628600 298
1628610 298
1628620 297
1628630 297
1628640 295
1628650 294
1628660 294
1628670 292
1628680 291
1628690 291
1628700 289
1628710 288
1628720 288
1628730 287
1628740 286
1628750 286
1628760 286
1628770 287
1628780 287
1628790 288
1628800 288
1628810 288
1628820 290
1628830 293
1628840 293
1628850 296
1628860 298
1628870 298
1628880 299
1628890 300
1628900 300
1628910 301
1628920 302
1628930 302
1628940 302
1628950 303
1628960 303
1628970 303
1628980 303
1628990 303
1629000 304
1629010 304
1629020 304
1629030 304
1629040 304
1629050 304
1629060 304
1629070 304
1629080 305
1629090 305
1629100 305
1629110 305
1629120 304
1629130 304
1629140 304
1629150 304
1629160 303
1629170 303
1629180 302
1629190 302
1629200 302
1629210 303
1629220 303
1629230 303
1629240 302
1629250 302
1629260 302
1629270 301
1629280 301
1629290 301
1629300 301
1629310 301
1629320 301
1629330 301
1629340 301
1629350 301
1629360 300
1629370 300
1629380 300
1629390 300
1629400 299
1629410 299
1629420 299
1629430 299
1629440 299
1629450 299
1629460 298
1629470 298
1629480 298
1629490 297
1629500 297
1629510 297
1629520 296
1629530 296
1629540 296
1629550 295
1629560 295
1629570 294
1629580 294
1629590 294
1629600 293
1629610 292
1629620 292
1629630 291
1629640 291
1629650 290
1629660 290
1629670 289
1629680 288
1629690 288
1629700 287
1629710 286
1629720 286
1629730 285
1629740 284
1629750 284
1629760 283
1629770 283
1629780 283
1629790 282
1629800 281
1629810 281
1629820 280
1629830 279
1629840 279
1629850 278
1629860 278
1629870 278
1629880 278
1629890 279
1629900 279
1629910 279
1629920 280
1629930 280
1629940 280
1629950 280
1629960 280
1629970 281
1629980 282
1629990 282
1630000 283
1630010 284
1630020 284
1630030 286
1630040 288
1630050 288
1630060 291
1630070 294
1630080 294
1630090 297
1630100 300
1630110 300
1630120 301
1630130 302
1630140 302
1630150 303
1630160 304
1630170 304
1630180 304
1630190 305
1630200 305
1630210 305
1630220 305
1630230 305
1630240 305
1630250 305
1630260 305
1630270 305
1630280 304
1630290 304
1630300 304
1630310 304
1630320 304
1630330 304
1630340 304
1630350 304
1630360 304
1630370 304
1630380 304
1630390 303
1630400 303
1630410 303
1630420 303
1630430 303
1630440 303
1630450 302
1630460 302
1630470 302
1630480 302
1630490 301
1630500 301
1630510 301
1630520 300
1630530 300
1630540 299
1630550 299
1630560 299
1630570 298
1630580 298
1630590 298
1630600 298
1630610 297
1630620 297
1630630 297
1630640 296
1630650 296
1630660 296
1630670 295
1630680 295
1630690 294
1630700 293
1630710 293
1630720 292
1630730 291
1630740 291
1630750 291
1630760 290
1630770 290
1630780 289
1630790 289
1630800 289
1630810 288
1630820 285
1630830 285
1630840 285
1630850 285
1630860 286
1630870 286
1630880 286
1630890 286
1630900 285
1630910 285
1630920 285
1630930 284
1630940 285
1630950 285
1630960 287
1630970 287
1630980 287
1630990 288
1631000 289
1631010 289
1631020 291
1631030 293
1631040 293
1631050 296
1631060 296
1631070 296
1631080 297
1631090 298
1631100 298
1631110 299
1631120 300
1631130 300
1631140 301
1631150 301
1631160 301
1631170 301
1631180 302
1631190 302
1631200 302
1631210 302
1631220 302
1631230 303
1631240 303
1631250 303
1631260 303
1631270 303
1631280 303
1631290 304
1631300 304
1631310 304
1631320 304
1631330 304
1631340 304
1631350 304
1631360 304
1631370 304
1631380 304
1631390 304
1631400 304
1631410 304
1631420 303
1631430 303
1631440 303
1631450 303
1631460 303
1631470 302
1631480 302
1631490 302
1631500 302
1631510 302
1631520 302
1631530 302
1631540 302
1631550 302
1631560 301
1631570 301
1631580 301
1631590 301
1631600 300
1631610 300
1631620 300
1631630 300
1631640 300
1631650 299
1631660 299
1631670 299
1631680 298
1631690 298
1631700 298
1631710 298
1631720 297
1631730 297
1631740 297
1631750 297
1631760 296
1631770 296
1631780 295
1631790 294
1631800 294
1631810 293
1631820 292
1631830 292
1631840 290
1631850 289
1631860 289
1631870 287
1631880 286
1631890 286
1631900 285
1631910 284
1631920 284
1631930 284
1631940 283
1631950 283
1631960 283
1631970 283
1631980 283
1631990 283
1632000 282
1632010 282
1632020 282
1632030 282
1632040 282
1632050 281
1632060 280
1632070 280
1632080 280
1632090 279
1632100 279
1632110 279
1632120 279
1632130 279
1632140 279
1632150 279
1632160 279
1632170 280
1632180 280
1632190 280
1632200 281
1632210 282
1632220 282
1632230 283
1632240 284
1632250 284
1632260 284
1632270 284
1632280 284
1632290 283
1632300 283
1632310 283
1632320 283
1632330 282
1632340 282
1632350 282
1632360 281
1632370 281
1632380 281
1632390 280
1632400 280
1632410 280
1632420 280
1632430 280
1632440 279
1632450 278
1632460 278
1632470 278
1632480 278
1632490 278
1632500 277
1632510 277
1632520 277
1632530 277
1632540 276
1632550 276
1632560 276
1632570 276
1632580 276
1632590 275
1632600 275
1632610 275
1632620 275
1632630 275
1632640 275
1632650 274
1632660 274
1632670 274
1632680 274
1632690 273
1632700 273
1632710 273
1632720 273
1632730 273
1632740 272
1632750 271
1632760 271
1632770 271
1632780 270
1632790 270
1632800 270
1632810 269
1632820 269
1632830 268
1632840 267
1632850 267
1632860 267
1632870 266
1632880 266
1632890 265
1632900 264
1632910 264
1632920 263
1632930 262
1632940 262
1632950 260
1632960 259
1632970 259
1632980 258
1632990 258
1633000 258
1633010 257
1633020 257
1633030 257
1633040 256
1633050 256
1633060 256
1633070 256
1633080 256
1633090 256
1633100 256
1633110 256
1633120 256
1633130 255
1633140 255
1633150 255
1633160 255
1633170 255
1633180 255
1633190 253
1633200 254
1633210 254
1633220 254
1633230 254
1633240 254
1633250 254
1633260 254
1633270 254
1633280 254
1633290 254
1633300 254
1633310 254
1633320 254
1633330 254
1633340 253
1633350 253
1633360 253
1633370 254
1633380 257
1633390 257
1633400 258
1633410 259
1633420 259
1633430 260
1633440 261
1633450 261
1633460 261
1633470 262
1633480 262
1633490 263
1633500 263
1633510 263
1633520 264
1633530 264
1633540 264
1633550 265
1633560 266
1633570 266
1633580 267
1633590 268
1633600 268
1633610 269
1633620 270
1633630 270
1633640 271
1633650 272
1633660 272
1633670 274
1633680 276
1633690 276
1633700 278
1633710 280
1633720 280
1633730 282
1633740 284
1633750 285
1633760 285
1633770 286
1633780 288
1633790 288
1633800 289
1633810 289
1633820 289
1633830 290
1633840 291
1633850 291
1633860 292
1633870 292
1633880 292
1633890 293
1633900 294
1633910 294
1633920 295
1633930 295
1633940 295
1633950 296
1633960 296
1633970 296
1633980 297
1633990 298
1634000 298
1634010 298
1634020 299
1634030 299
1634040 299
1634050 299
1634060 299
1634070 300
1634080 300
1634090 300
1634100 300
1634110 300
1634120 300
1634130 300
1634140 301
1634150 301
1634160 301
1634170 301
1634180 301
1634190 301
1634200 301
1634210 301
1634220 301
1634230 301
1634240 301
1634250 300
1634260 300
1634270 300
1634280 300
1634290 301
1634300 301
1634310 302
1634320 302
1634330 302
1634340 301
1634350 301
1634360 302
1634370 302
1634380 302
1634390 302
1634400 302
1634410 302
1634420 302
1634430 302
1634440 302
1634450 302
1634460 302
1634470 302
1634480 302
1634490 302
1634500 302
1634510 302
1634520 302
1634530 301
1634540 301
1634550 301
1634560 300
1634570 300
1634580 300
1634590 299
1634600 299
1634610 299
1634620 298
1634630 298
1634640 298
1634650 297
1634660 297
1634670 297
1634680 297
1634690 297
1634700 297
1634710 297
1634720 297
1634730 297
1634740 296
1634750 296
1634760 296
1634770 296
1634780 296
1634790 296
1634800 295
1634810 295
1634820 295
1634830 295
1634840 295
1634850 295
1634860 295
1634870 295
1634880 295
1634890 295
1634900 295
1634910 295
1634920 295
1634930 295
1634940 295
1634950 295
1634960 295
1634970 296
1634980 296
1634990 296
1635000 297
1635010 297
1635020 297
1635030 297
1635040 297
1635050 297
1635060 297
1635070 297
1635080 297
1635090 298
1635100 299
1635110 299
1635120 300
1635130 300
1635140 300
1635150 301
1635160 300
1635170 300
1635180 300
1635190 300
1635200 300
1635210 300
1635220 301
1635230 301
1635240 301
1635250 301
1635260 301
1635270 301
1635280 301
1635290 301
1635300 302
1635310 302
1635320 302
1635330 302
1635340 302
1635350 302
1635360 303
1635370 303
1635380 303
1635390 303
1635400 304
1635410 304
1635420 304
1635430 304
1635440 304
1635450 304
1635460 304
1635470 304
1635480 305
1635490 305
1635500 305
1635510 306
1635520 306
1635530 306
1635540 307
1635550 307
1635560 307
1635570 307
1635580 308
1635590 308
1635600 308
1635610 308
1635620 308
1635630 310
1635640 310
1635650 310
1635660 311
1635670 311
1635680 311
1635690 312
1635700 312
1635710 312
1635720 313
1635730 313
1635740 313
1635750 314
1635760 314
1635770 314
1635780 314
1635790 315
1635800 315
1635810 315
1635820 315
1635830 316
1635840 316
1635850 316
1635860 316
1635870 316
1635880 316
1635890 317
1635900 317
1635910 317
1635920 317
1635930 317
1635940 317
1635950 317
1635960 317
1635970 317
1635980 318
1635990 318
1636000 318
1636010 318
1636020 318
1636030 318
1636040 318
1636050 318
1636060 318
1636070 319
1636080 319
1636090 319
1636100 319
1636110 319
1636120 319
1636130 319
1636140 319
1636150 319
1636160 319
1636170 319
1636180 320
1636190 320
1636200 320
1636210 320
1636220 320
1636230 320
1636240 320
1636250 320
1636260 320
1636270 320
1636280 320
1636290 320
1636300 320
1636310 320
1636320 320
1636330 320
1636340 320
1636350 320
1636360 320
1636370 320
1636380 320
1636390 320
1636400 320
1636410 320
1636420 320
1636430 320
1636440 320
1636450 319
1636460 319
1636470 319
1636480 319
1636490 319
1636500 319
1636510 319
1636520 320
1636530 320
1636540 320
1636550 318
1636560 318
1636570 317
1636580 316
1636590 316
1636600 315
1636610 314
1636620 314
1636630 313
1636640 312
1636650 312
1636660 311
1636670 310
1636680 310
1636690 310
1636700 309
1636710 309
1636720 309
1636730 310
1636740 310
1636750 310
1636760 311
1636770 311
1636780 312
1636790 313
1636800 313
1636810 316
1636820 317
1636830 317
1636840 317
1636850 317
1636860 317
1636870 316
1636880 315
1636890 315
1636900 315
1636910 315
1636920 315
1636930 315
1636940 316
1636950 316
1636960 317
1636970 317
1636980 317
1636990 317
1637000 317
1637010 317
1637020 318
1637030 318
1637040 318
1637050 319
1637060 319
1637070 319
1637080 319
1637090 320
1637100 320
1637110 320
1637120 320
1637130 320
1637140 320
1637150 320
1637160 320
1637170 320
1637180 320
1637190 320
1637200 320
1637210 320
1637220 320
1637230 320
1637240 319
1637250 319
1637260 319
1637270 319
1637280 319
1637290 319
1637300 319
1637310 319
1637320 319
1637330 318
1637340 318
1637350 318
1637360 318
1637370 318
1637380 317
1637390 317
1637400 317
1637410 317
1637420 316
1637430 316
1637440 315
1637450 314
1637460 314
1637470 313
1637480 312
1637490 312
1637500 311
1637510 310
1637520 310
1637530 310
1637540 309
1637550 309
1637560 309
1637570 309
1637580 309
1637590 308
1637600 308
1637610 308
1637620 307
1637630 307
1637640 307
1637650 306
1637660 305
1637670 305
1637680 305
1637690 304
1637700 304
1637710 303
1637720 301
1637730 301
1637740 300
1637750 302
1637760 302
1637770 303
1637780 305
1637790 305
1637800 306
1637810 308
1637820 308
1637830 309
1637840 310
1637850 310
1637860 310
1637870 311
1637880 311
1637890 311
1637900 311
1637910 311
1637920 311
1637930 311
1637940 311
1637950 311
1637960 311
1637970 311
1637980 311
1637990 311
1638000 311
1638010 311
1638020 311
1638030 310
1638040 310
1638050 310
1638060 310
1638070 310
1638080 310
1638090 309
1638100 309
1638110 309
1638120 308
1638130 308
1638140 308
1638150 306
1638160 306
1638170 307
1638180 307
1638190 307
1638200 306
1638210 306
1638220 306
1638230 305
1638240 304
1638250 304
1638260 303
1638270 303
1638280 303
1638290 302
1638300 301
1638310 301
1638320 301
1638330 300
1638340 300
1638350 299
1638360 298
1638370 298
1638380 297
1638390 295
1638400 295
1638410 293
1638420 292
1638430 292
1638440 292
1638450 294
1638460 294
1638470 294
1638480 296
1638490 296
1638500 297
1638510 297
1638520 297
1638530 297
1638540 297
1638550 297
1638560 296
1638570 295
1638580 295
1638590 295
1638600 294
1638610 294
1638620 293
1638630 292
1638640 292
1638650 291
1638660 290
1638670 290
1638680 290
1638690 290
1638700 290
1638710 290
1638720 290
1638730 290
1638740 289
1638750 289
1638760 289
1638770 288
1638780 287
1638790 287
1638800 286
1638810 285
1638820 285
1638830 285
1638840 284
1638850 284
1638860 283
1638870 283
1638880 283
1638890 282
1638900 281
1638910 281
1638920 279
1638930 278
1638940 278
1638950 277
1638960 277
1638970 277
1638980 277
1638990 276
1639000 276
1639010 275
1639020 275
1639030 275
1639040 275
1639050 275
1639060 275
1639070 275
1639080 275
1639090 275
1639100 275
1639110 274
1639120 274
1639130 274
1639140 274
1639150 274
1639160 273
1639170 272
1639180 272
1639190 270
1639200 269
1639210 269
1639220 268
1639230 268
1639240 268
1639250 268
1639260 269
1639270 269
1639280 269
1639290 269
1639300 269
1639310 269
1639320 270
1639330 270
1639340 270
1639350 270
1639360 270
1639370 271
1639380 272
1639390 272
1639400 274
1639410 275
1639420 275
1639430 276
1639440 276
1639450 275
1639460 275
1639470 276
1639480 276
1639490 276
1639500 276
1639510 276
1639520 276
1639530 277
1639540 277
1639550 277
1639560 278
1639570 278
1639580 278
1639590 278
1639600 278
1639610 278
1639620 278
1639630 278
1639640 278
1639650 277
1639660 277
1639670 277
1639680 275
1639690 275
1639700 273
1639710 273
1639720 273
1639730 273
1639740 273
1639750 273
1639760 274
1639770 275
1639780 275
1639790 276
1639800 277
1639810 277
1639820 278
1639830 279
1639840 279
1639850 281
1639860 282
1639870 282
1639880 284
1639890 286
1639900 286
1639910 288
1639920 291
1639930 293
1639940 293
1639950 295
1639960 297
1639970 297
1639980 298
1639990 299
