1620000 377
1620010 377
1620020 377
1620030 377
1620040 377
1620050 377
1620060 377
1620070 377
1620080 377
1620090 376
1620100 376
1620110 376
1620120 376
1620130 376
1620140 376
1620150 377
1620160 377
1620170 377
1620180 376
1620190 376
1620200 373
1620210 372
1620220 372
1620230 372
1620240 372
1620250 372
1620260 373
1620270 374
1620280 374
1620290 375
1620300 376
1620310 376
1620320 373
1620330 373
1620340 373
1620350 372
1620360 371
1620370 371
1620380 371
1620390 370
1620400 370
1620410 370
1620420 370
1620430 370
1620440 370
1620450 369
1620460 369
1620470 369
1620480 367
1620490 367
1620500 365
1620510 364
1620520 364
1620530 364
1620540 364
1620550 364
1620560 365
1620570 364
1620580 364
1620590 363
1620600 363
1620610 363
1620620 362
1620630 361
1620640 361
1620650 359
1620660 357
1620670 357
1620680 357
1620690 357
1620700 357
1620710 356
1620720 356
1620730 356
1620740 355
1620750 355
1620760 355
1620770 354
1620780 354
1620790 354
1620800 353
1620810 353
1620820 353
1620830 352
1620840 352
1620850 352
1620860 352
1620870 352
1620880 352
1620890 352
1620900 352
1620910 352
1620920 352
1620930 352
1620940 352
1620950 352
1620960 352
1620970 352
1620980 352
1620990 352
1621000 352
1621010 351
1621020 351
1621030 351
1621040 351
1621050 350
1621060 350
1621070 350
1621080 349
1621090 349
1621100 348
1621110 348
1621120 348
1621130 348
1621140 348
1621150 347
1621160 347
1621170 347
1621180 346
1621190 346
1621200 346
1621210 345
1621220 345
1621230 345
1621240 344
1621250 344
1621260 343
1621270 343
1621280 343
1621290 342
1621300 342
1621310 342
1621320 341
1621330 341
1621340 341
1621350 340
1621360 340
1621370 340
1621380 340
1621390 339
1621400 339
1621410 339
1621420 339
1621430 339
1621440 338
1621450 337
1621460 337
1621470 337
1621480 336
1621490 336
1621500 336
1621510 335
1621520 335
1621530 334
1621540 333
1621550 333
1621560 332
1621570 331
1621580 331
1621590 330
1621600 330
1621610 330
1621620 329
1621630 329
1621640 329
1621650 328
1621660 328
1621670 328
1621680 328
1621690 328
1621700 328
1621710 327
1621720 327
1621730 327
1621740 327
1621750 326
1621760 326
1621770 325
1621780 325
1621790 325
1621800 325
1621810 325
1621820 325
1621830 325
1621840 325
1621850 325
1621860 325
1621870 325
1621880 325
1621890 325
1621900 325
1621910 325
1621920 325
1621930 324
1621940 324
1621950 324
1621960 324
1621970 324
1621980 324
1621990 324
1622000 324
1622010 324
1622020 324
1622030 324
1622040 324
1622050 323
1622060 323
1622070 322
1622080 321
1622090 321
1622100 320
1622110 319
1622120 319
1622130 319
1622140 319
1622150 319
1622160 318
1622170 318
1622180 318
1622190 317
1622200 316
1622210 316
1622220 315
1622230 315
1622240 315
1622250 314
1622260 313
1622270 313
1622280 312
1622290 311
1622300 311
1622310 311
1622320 310
1622330 310
1622340 309
1622350 309
1622360 309
1622370 308
1622380 307
1622390 307
1622400 307
1622410 306
1622420 306
1622430 305
1622440 305
1622450 305
1622460 305
1622470 304
1622480 304
1622490 304
1622500 303
1622510 303
1622520 303
1622530 301
1622540 301
1622550 301
1622560 300
1622570 300
1622580 300
1622590 299
1622600 299
1622610 299
1622620 298
1622630 298
1622640 298
1622650 299
1622660 299
1622670 300
1622680 302
1622690 302
1622700 303
1622710 304
1622720 304
1622730 305
1622740 305
1622750 305
1622760 306
1622770 307
1622780 307
1622790 307
1622800 308
1622810 308
1622820 308
1622830 309
1622840 309
1622850 309
1622860 310
1622870 310
1622880 310
1622890 310
1622900 310
1622910 311
1622920 311
1622930 311
1622940 311
1622950 311
1622960 311
1622970 312
1622980 312
1622990 312
1623000 313
1623010 313
1623020 313
1623030 313
1623040 314
1623050 314
1623060 315
1623070 315
1623080 315
1623090 315
1623100 315
1623110 315
1623120 315
1623130 315
1623140 315
1623150 315
1623160 315
1623170 315
1623180 315
1623190 314
1623200 314
1623210 314
1623220 313
1623230 313
1623240 312
1623250 311
1623260 311
1623270 310
1623280 310
1623290 310
1623300 309
1623310 308
1623320 308
1623330 306
1623340 305
1623350 305
1623360 305
1623370 305
1623380 305
1623390 305
1623400 306
1623410 306
1623420 307
1623430 309
1623440 309
1623450 310
1623460 313
1623470 313
1623480 314
1623490 315
1623500 315
1623510 315
1623520 316
1623530 316
1623540 316
1623550 317
1623560 317
1623570 317
1623580 317
1623590 318
1623600 318
1623610 318
1623620 318
1623630 318
1623640 318
1623650 319
1623660 319
1623670 319
1623680 320
1623690 320
1623700 320
1623710 320
1623720 320
1623730 320
1623740 320
1623750 320
1623760 321
1623770 320
1623780 320
1623790 320
1623800 320
1623810 320
1623820 320
1623830 320
1623840 320
1623850 320
1623860 320
1623870 320
1623880 320
1623890 320
1623900 320
1623910 320
1623920 320
1623930 320
1623940 320
1623950 320
1623960 320
1623970 320
1623980 321
1623990 321
1624000 321
1624010 321
1624020 321
1624030 322
1624040 322
1624050 322
1624060 323
1624070 324
1624080 324
1624090 324
1624100 324
1624110 324
1624120 325
1624130 325
1624140 325
1624150 325
1624160 326
1624170 326
1624180 327
1624190 327
1624200 327
1624210 328
1624220 328
1624230 328
1624240 328
1624250 329
1624260 329
1624270 329
1624280 329
1624290 329
1624300 329
1624310 329
1624320 329
1624330 329
1624340 329
1624350 329
1624360 329
1624370 329
1624380 329
1624390 328
1624400 328
1624410 328
1624420 327
1624430 327
1624440 327
1624450 326
1624460 326
1624470 326
1624480 325
1624490 324
1624500 324
1624510 324
1624520 323
1624530 323
1624540 322
1624550 321
1624560 321
1624570 320
1624580 319
1624590 319
1624600 319
1624610 318
1624620 318
1624630 316
1624640 315
1624650 315
1624660 313
1624670 312
1624680 312
1624690 310
1624700 308
1624710 308
1624720 307
1624730 309
1624740 309
1624750 310
1624760 313
1624770 313
1624780 315
1624790 316
1624800 316
1624810 316
1624820 317
1624830 317
1624840 318
1624850 319
1624860 319
1624870 320
1624880 321
1624890 321
1624900 321
1624910 322
1624920 322
1624930 323
1624940 324
1624950 324
1624960 324
1624970 325
1624980 325
1624990 325
1625000 326
1625010 326
1625020 326
1625030 326
1625040 326
1625050 327
1625060 327
1625070 327
1625080 327
1625090 327
1625100 327
1625110 327
1625120 327
1625130 327
1625140 326
1625150 326
1625160 326
1625170 326
1625180 325
1625190 325
1625200 325
1625210 324
1625220 324
1625230 324
1625240 324
1625250 324
1625260 324
1625270 322
1625280 322
1625290 321
1625300 320
1625310 320
1625320 319
1625330 318
1625340 318
1625350 318
1625360 317
1625370 317
1625380 317
1625390 316
1625400 316
1625410 315
1625420 314
1625430 314
1625440 313
1625450 312
1625460 312
1625470 310
1625480 309
1625490 309
1625500 308
1625510 307
1625520 307
1625530 305
1625540 304
1625550 304
1625560 302
1625570 300
1625580 300
1625590 297
1625600 295
1625610 295
1625620 294
1625630 293
1625640 293
1625650 292
1625660 291
1625670 291
1625680 289
1625690 287
1625700 287
1625710 286
1625720 285
1625730 285
1625740 284
1625750 282
1625760 282
1625770 281
1625780 280
1625790 280
1625800 278
1625810 277
1625820 277
1625830 275
1625840 275
1625850 275
1625860 274
1625870 274
1625880 274
1625890 273
1625900 272
1625910 272
1625920 270
1625930 268
1625940 268
1625950 267
1625960 265
1625970 265
1625980 265
1625990 265
1626000 265
1626010 265
1626020 264
1626030 265
1626040 265
1626050 267
1626060 268
1626070 268
1626080 269
1626090 271
1626100 271
1626110 273
1626120 275
1626130 275
1626140 276
1626150 278
1626160 278
1626170 279
1626180 281
1626190 281
1626200 283
1626210 284
1626220 284
1626230 287
1626240 289
1626250 289
1626260 291
1626270 292
1626280 292
1626290 294
1626300 295
1626310 295
1626320 296
1626330 298
1626340 298
1626350 299
1626360 300
1626370 300
1626380 302
1626390 303
1626400 303
1626410 304
1626420 305
1626430 305
1626440 307
1626450 309
1626460 309
1626470 310
1626480 312
1626490 312
1626500 313
1626510 313
1626520 313
1626530 314
1626540 315
1626550 315
1626560 318
1626570 318
1626580 318
1626590 318
1626600 319
1626610 319
1626620 319
1626630 320
1626640 320
1626650 320
1626660 320
1626670 320
1626680 321
1626690 321
1626700 321
1626710 321
1626720 322
1626730 322
1626740 322
1626750 323
1626760 323
1626770 323
1626780 323
1626790 323
1626800 323
1626810 324
1626820 324
1626830 324
1626840 324
1626850 324
1626860 324
1626870 324
1626880 324
1626890 324
1626900 324
1626910 324
1626920 323
1626930 322
1626940 322
1626950 323
1626960 322
1626970 322
1626980 322
1626990 322
1627000 322
1627010 321
1627020 320
1627030 320
1627040 321
1627050 323
1627060 323
1627070 324
1627080 321
1627090 321
1627100 317
1627110 316
1627120 316
1627130 317
1627140 318
1627150 318
1627160 318
1627170 318
1627180 318
1627190 318
1627200 318
1627210 318
1627220 317
1627230 317
1627240 317
1627250 317
1627260 318
1627270 318
1627280 318
1627290 316
1627300 316
1627310 314
1627320 311
1627330 311
1627340 314
1627350 316
1627360 316
1627370 317
1627380 318
1627390 318
1627400 319
1627410 320
1627420 320
1627430 320
1627440 321
1627450 321
1627460 321
1627470 322
1627480 322
1627490 322
1627500 322
1627510 322
1627520 323
1627530 323
1627540 323
1627550 323
1627560 324
1627570 324
1627580 324
1627590 324
1627600 324
1627610 324
1627620 324
1627630 324
1627640 325
1627650 325
1627660 325
1627670 325
1627680 325
1627690 325
1627700 325
1627710 325
1627720 325
1627730 325
1627740 325
1627750 325
1627760 325
1627770 325
1627780 325
1627790 324
1627800 324
1627810 324
1627820 324
1627830 323
1627840 323
1627850 323
1627860 323
1627870 323
1627880 322
1627890 322
1627900 322
1627910 321
1627920 321
1627930 321
1627940 320
1627950 320
1627960 320
1627970 319
1627980 318
1627990 318
1628000 317
1628010 316
1628020 316
1628030 316
1628040 315
1628050 316
1628060 315
1628070 314
1628080 314
1628090 313
1628100 312
1628110 312
1628120 312
1628130 311
1628140 311
1628150 310
1628160 310
1628170 310
1628180 309
1628190 309
1628200 309
1628210 308
1628220 307
1628230 307
1628240 306
1628250 305
1628260 305
1628270 305
1628280 304
1628290 304
1628300 303
1628310 303
1628320 303
1628330 302
1628340 302
1628350 302
1628360 301
1628370 301
1628380 301
1628390 300
1628400 300
1628410 300
1628420 299
1628430 298
1628440 298
1628450 297
1628460 296
1628470 295
1628480 295
1628490 295
1628500 293
1628510 293
1628520 290
1628530 288
1628540 288
1628550 287
1628560 287
1628570 287
1628580 286
1628590 286
1628600 286
1628610 286
1628620 288
1628630 288
1628640 288
1628650 286
1628660 286
1628670 287
1628680 286
1628690 286
1628700 285
1628710 284
1628720 284
1628730 284
1628740 283
1628750 283
1628760 281
1628770 279
1628780 279
1628790 277
1628800 276
1628810 276
1628820 276
1628830 276
1628840 276
1628850 275
1628860 275
1628870 275
1628880 275
1628890 274
1628900 274
1628910 275
1628920 275
1628930 275
1628940 275
1628950 279
1628960 279
1628970 280
1628980 281
1628990 281
1629000 282
1629010 282
1629020 282
1629030 282
1629040 282
1629050 282
1629060 282
1629070 281
1629080 281
1629090 281
1629100 281
1629110 281
1629120 280
1629130 279
1629140 279
1629150 278
1629160 277
1629170 277
1629180 276
1629190 275
1629200 275
1629210 273
1629220 271
1629230 271
1629240 270
1629250 269
1629260 269
1629270 268
1629280 267
1629290 267
1629300 266
1629310 265
1629320 265
1629330 263
1629340 262
1629350 262
1629360 263
1629370 264
1629380 264
1629390 267
1629400 268
1629410 268
1629420 269
1629430 269
1629440 269
1629450 270
1629460 272
1629470 272
1629480 272
1629490 272
1629500 272
1629510 273
1629520 273
1629530 273
1629540 274
1629550 274
1629560 274
1629570 275
1629580 275
1629590 275
1629600 276
1629610 276
1629620 276
1629630 277
1629640 277
1629650 277
1629660 278
1629670 278
1629680 278
1629690 279
1629700 280
1629710 280
1629720 283
1629730 285
1629740 285
1629750 285
1629760 285
1629770 285
1629780 285
1629790 285
1629800 285
1629810 285
1629820 284
1629830 284
1629840 284
1629850 283
1629860 283
1629870 282
1629880 283
1629890 283
1629900 283
1629910 283
1629920 283
1629930 282
1629940 282
1629950 282
1629960 282
1629970 282
1629980 282
1629990 281
1630000 281
1630010 281
1630020 280
1630030 280
1630040 280
1630050 280
1630060 280
1630070 280
1630080 280
1630090 280
1630100 280
1630110 281
1630120 281
1630130 281
1630140 281
1630150 282
1630160 282
1630170 284
1630180 283
1630190 283
1630200 281
1630210 281
1630220 281
1630230 281
1630240 281
1630250 281
1630260 280
1630270 280
1630280 280
1630290 280
1630300 280
1630310 280
1630320 279
1630330 279
1630340 279
1630350 279
1630360 279
1630370 279
1630380 279
1630390 279
1630400 279
1630410 279
1630420 279
1630430 279
1630440 279
1630450 280
1630460 280
1630470 280
1630480 280
1630490 280
1630500 280
1630510 280
1630520 280
1630530 281
1630540 281
1630550 281
1630560 281
1630570 282
1630580 282
1630590 282
1630600 282
1630610 282
1630620 283
1630630 283
1630640 283
1630650 284
1630660 284
1630670 284
1630680 285
1630690 285
1630700 285
1630710 285
1630720 286
1630730 284
1630740 284
1630750 284
1630760 284
1630770 284
1630780 284
1630790 284
1630800 285
1630810 285
1630820 285
1630830 285
1630840 285
1630850 285
1630860 285
1630870 286
1630880 286
1630890 286
1630900 286
1630910 286
1630920 286
1630930 286
1630940 286
1630950 286
1630960 287
1630970 287
1630980 287
1630990 287
1631000 287
1631010 287
1631020 287
1631030 287
1631040 287
1631050 287
1631060 287
1631070 287
1631080 286
1631090 285
1631100 285
1631110 285
1631120 285
1631130 285
1631140 285
1631150 285
1631160 285
1631170 284
1631180 283
1631190 283
1631200 283
1631210 282
1631220 282
1631230 281
1631240 280
1631250 280
1631260 280
1631270 279
1631280 279
1631290 278
1631300 277
1631310 277
1631320 276
1631330 275
1631340 275
1631350 274
1631360 273
1631370 273
1631380 272
1631390 271
1631400 271
1631410 270
1631420 268
1631430 268
1631440 266
1631450 264
1631460 264
1631470 262
1631480 260
1631490 260
1631500 258
1631510 257
1631520 257
1631530 256
1631540 255
1631550 255
1631560 254
1631570 252
1631580 252
1631590 251
1631600 248
1631610 248
1631620 247
1631630 246
1631640 246
1631650 242
1631660 238
1631670 238
1631680 238
1631690 242
1631700 242
1631710 244
1631720 246
1631730 246
1631740 247
1631750 248
1631760 248
1631770 250
1631780 252
1631790 252
1631800 254
1631810 256
1631820 256
1631830 257
1631840 258
1631850 258
1631860 259
1631870 259
1631880 259
1631890 257
1631900 256
1631910 256
1631920 257
1631930 258
1631940 258
1631950 258
1631960 258
1631970 258
1631980 260
1631990 260
1632000 260
1632010 258
1632020 255
1632030 255
1632040 253
1632050 251
1632060 251
1632070 247
1632080 245
1632090 245
1632100 245
1632110 243
1632120 243
1632130 243
1632140 241
1632150 241
1632160 238
1632170 237
1632180 237
1632190 236
1632200 236
1632210 236
1632220 235
1632230 235
1632240 235
1632250 235
1632260 234
1632270 234
1632280 234
1632290 234
1632300 234
1632310 235
1632320 235
1632330 235
1632340 235
1632350 235
1632360 235
1632370 235
1632380 235
1632390 235
1632400 234
1632410 234
1632420 234
1632430 234
1632440 234
1632450 234
1632460 233
1632470 233
1632480 233
1632490 233
1632500 233
1632510 233
1632520 234
1632530 234
1632540 234
1632550 234
1632560 233
1632570 233
1632580 233
1632590 233
1632600 233
1632610 233
1632620 232
1632630 232
1632640 233
1632650 233
1632660 233
1632670 233
1632680 233
1632690 233
1632700 233
1632710 232
1632720 232
1632730 232
1632740 232
1632750 232
1632760 232
1632770 232
1632780 232
1632790 232
1632800 232
1632810 232
1632820 232
1632830 232
1632840 232
1632850 232
1632860 233
1632870 233
1632880 233
1632890 233
1632900 233
1632910 233
1632920 233
1632930 233
1632940 233
1632950 233
1632960 233
1632970 233
1632980 233
1632990 233
1633000 233
1633010 232
1633020 232
1633030 232
1633040 233
1633050 233
1633060 233
1633070 232
1633080 232
1633090 231
1633100 230
1633110 230
1633120 230
1633130 229
1633140 229
1633150 229
1633160 229
1633170 229
1633180 229
1633190 229
1633200 229
1633210 229
1633220 230
1633230 230
1633240 230
1633250 230
1633260 230
1633270 229
1633280 230
1633290 230
1633300 230
1633310 230
1633320 230
1633330 230
1633340 230
1633350 230
1633360 230
1633370 233
1633380 233
1633390 233
1633400 234
1633410 234
1633420 234
1633430 234
1633440 234
1633450 234
1633460 233
1633470 232
1633480 232
1633490 231
1633500 229
1633510 229
1633520 228
1633530 228
1633540 228
1633550 228
1633560 228
1633570 228
1633580 228
1633590 228
1633600 228
1633610 228
1633620 228
1633630 228
1633640 228
1633650 228
1633660 228
1633670 228
1633680 227
1633690 227
1633700 227
1633710 227
1633720 227
1633730 227
1633740 227
1633750 227
1633760 227
1633770 227
1633780 227
1633790 227
1633800 227
1633810 227
1633820 227
1633830 227
1633840 227
1633850 227
1633860 227
1633870 227
1634150 234
1634160 234
1634170 234
1634180 234
1634190 234
1634200 234
1634210 235
1634220 235
1634230 235
1634240 236
1634250 236
1634260 236
1634270 237
1634280 237
1634290 237
1634300 237
1634310 237
1634320 237
1634330 237
1634340 237
1634350 237
1634360 237
1634370 237
1634380 237
1634390 237
1634400 237
1634410 237
1634420 237
1634430 236
1634440 236
1634450 236
1634460 236
1634470 236
1634480 235
1634490 235
1634500 235
1634510 235
1634520 235
1634530 235
1634540 235
1634550 235
1634560 235
1634570 235
1634580 236
1634590 236
1634600 236
1634610 236
1634620 236
1634630 237
1634640 237
1634650 237
1634660 237
1634670 237
1634680 237
1634690 238
1634700 238
1634710 238
1634720 238
1634730 238
1634740 238
1634750 239
1634760 239
1634770 239
1634780 239
1634790 240
1634800 240
1634810 239
1634820 239
1634830 239
1634840 239
1634850 239
1634860 239
1634870 239
1634880 239
1634890 239
1634900 239
1634910 239
1634920 239
1634930 239
1634940 239
1634950 239
1634960 239
1634970 239
1634980 239
1634990 239
1635000 239
1635010 239
1635020 239
1635030 239
1635040 239
1635050 239
1635060 240
1635070 240
1635080 240
1635090 240
1635100 240
1635110 240
1635120 240
1635130 240
1635140 240
1635150 240
1635160 240
1635170 240
1635180 240
1635190 240
1635200 240
1635210 240
1635220 240
1635230 240
1635240 240
1635250 240
1635260 239
1635270 239
1635280 239
1635290 239
1635300 239
1635310 239
1635320 240
1635330 239
1635340 239
1635350 239
1635360 239
1635370 239
1635380 239
1635390 239
1635400 239
1635410 239
1635420 239
1635430 239
1635440 239
1635450 239
1635460 239
1635470 239
1635480 239
1635490 239
1635500 239
1635510 239
1635520 239
1635530 239
1635540 239
1635550 239
1635560 239
1635570 239
1635580 239
1635590 239
1635600 239
1635610 239
1635620 239
1635630 239
1635640 239
1635650 239
1635660 239
1635670 239
1635680 238
1635690 238
1635700 238
1635710 238
1635720 238
1635730 238
1635740 238
1635750 238
1635760 238
1635770 237
1635780 237
1635790 237
1635800 237
1635810 237
1635820 237
1635830 237
1635840 236
1635850 236
1635860 236
1635870 236
1635880 236
1635890 236
1635900 236
1635910 236
1635920 235
1635930 235
1635940 235
1635950 235
1635960 235
1635970 235
1635980 235
1635990 235
1636000 235
1636010 235
1636020 234
1636030 234
1636040 234
1636050 234
1636060 233
1636070 233
1636080 233
1636090 233
1636100 233
1636110 233
1636120 232
1636130 232
1636140 232
1636150 232
1636160 232
1636170 232
1636180 232
1636190 232
1636200 232
1636210 232
1636220 232
1636230 232
1636240 232
1636250 232
1636260 232
1636270 232
1636280 232
1636290 232
1636300 232
1636310 232
1636320 232
1636330 232
1636340 232
1636350 232
1636360 231
1636370 231
1636380 231
1636390 231
1636400 231
1636410 231
1636420 230
1636430 230
1636440 230
1636450 229
1636460 229
1636470 229
1636480 229
1636490 229
1636500 229
1636510 229
1636520 229
1636530 229
1636540 229
1636550 229
1636560 229
1636570 229
1636580 229
1636590 229
1636600 229
1636610 229
1636620 229
1636630 229
1636640 229
1636650 229
1636660 228
1636670 228
1636680 228
1636690 228
1636700 228
1636710 228
1636720 228
1636730 228
1636740 228
1636750 228
1636760 228
1636770 228
1636780 228
1636790 228
1636800 228
1636810 228
1636820 228
1636830 228
1636840 228
1636850 228
1636860 228
1636870 228
1636880 228
1636890 228
1636900 228
1636910 228
1636920 228
1636930 228
1636940 228
1636950 228
1636960 228
1636970 228
1636980 228
1636990 229
1637000 229
1637010 231
1637020 233
1637030 233
1637040 235
1637050 237
1637060 237
1637070 238
1637080 238
1637090 238
1637100 238
1637110 239
1637120 239
1637130 239
1637140 239
1637150 239
1637160 239
1637170 240
1637180 240
1637190 240
1637200 240
1637210 240
1637220 240
1637230 241
1637240 241
1637250 243
1637260 244
1637270 244
1637280 247
1637290 249
1637300 249
1637310 249
1637320 250
1637330 250
1637340 251
1637350 251
1637360 251
1637370 252
1637380 253
1637390 253
1637400 255
1637410 254
1637420 254
1637430 253
1637440 253
1637450 253
1637460 255
1637470 257
1637480 257
1637490 261
1637500 262
1637510 262
1637520 262
1637530 262
1637540 262
1637550 262
1637560 262
1637570 262
1637580 262
1637590 263
1637600 263
1637610 265
1637620 267
1637630 267
1637640 269
1637650 272
1637660 269
1637670 274
1637680 276
1637690 276
1637700 276
1637710 276
1637720 276
1637730 275
1637740 275
1637750 275
1637760 276
1637770 276
1637780 276
1637790 276
1637800 277
1637810 277
1637820 277
1637830 277
1637840 277
1637850 277
1637860 277
1637870 277
1637880 277
1637890 277
1637900 277
1637910 278
1637920 278
1637930 278
1637940 278
1637950 278
1637960 278
1637970 278
1637980 279
1637990 279
1638000 279
1638010 279
1638020 279
1638030 280
1638040 280
1638050 280
1638060 280
1638070 279
1638080 279
1638090 279
1638100 279
1638110 279
1638120 280
1638130 280
1638140 280
1638150 279
1638160 279
1638170 279
1638180 279
1638190 279
1638200 279
1638210 279
1638220 279
1638230 279
1638240 279
1638250 278
1638260 278
1638270 278
1638280 278
1638290 278
1638300 278
1638310 278
1638320 278
1638330 278
1638340 278
1638350 278
1638360 278
1638370 278
1638380 278
1638390 277
1638400 277
1638410 277
1638420 277
1638430 277
1638440 277
1638450 276
1638460 276
1638470 276
1638480 275
1638490 274
1638500 273
1638510 273
1638520 272
1638530 272
1638540 272
1638550 271
1638560 270
1638570 270
1638580 270
1638590 271
1638600 271
1638610 271
1638620 273
1638630 273
1638640 275
1638650 276
1638660 276
1638670 276
1638680 277
1638690 277
1638700 277
1638710 278
1638720 278
1638730 278
1638740 278
1638750 278
1638760 278
1638770 278
1638780 278
1638790 278
1638800 278
1638810 278
1638820 278
1638830 278
1638840 278
1638850 278
1638860 278
1638870 278
1638880 278
1638890 278
1638900 278
1638910 278
1638920 276
1638930 276
1638940 273
1638950 270
1638960 270
1638970 269
1638980 268
1638990 268
1639000 268
1639010 268
1639020 268
1639030 268
1639040 267
1639050 267
1639060 266
1639070 265
1639080 265
1639090 264
1639100 262
1639110 262
1639120 261
1639130 260
1639140 260
1639150 259
1639160 259
1639170 259
1639180 259
1639190 258
1639200 258
1639210 256
1639220 255
1639230 255
1639240 255
1639250 255
1639260 255
1639270 256
1639280 256
1639290 256
1639300 257
1639310 257
1639320 257
1639330 257
1639340 256
1639350 256
1639360 256
1639370 256
1639380 256
1639390 256
1639400 255
1639410 255
1639420 254
1639430 254
1639440 254
1639450 253
1639460 249
1639470 249
1639480 247
1639490 245
1639500 245
1639510 244
1639520 243
1639530 243
1639540 242
1639550 240
1639560 240
1639570 239
1639580 238
1639590 238
1639600 235
1639610 233
1639620 233
1639630 233
1639640 233
1639650 233
1639660 233
1639670 233
1639680 233
1639690 233
1639700 233
1639710 233
1639720 232
1639730 232
1639740 232
1639750 232
1639760 232
1639770 232
1639780 232
1639790 232
1639800 232
1639810 232
1639820 232
1639830 232
1639840 232
1639850 232
1639860 232
1639870 232
1639880 232
1639890 232
1639900 232
1639910 232
1639920 232
1639930 232
1639940 232
1639950 232
1639960 232
1639970 232
1639980 232
1639990 232
