1620000 241
1620010 241
1620020 241
1620030 241
1620040 241
1620050 241
1620060 241
1620070 241
1620080 241
1620090 241
1620100 241
1620110 241
1620120 241
1620130 241
1620140 241
1620150 241
1620160 241
1620170 241
1620180 241
1620190 241
1620200 241
1620210 240
1620220 240
1620230 240
1620240 240
1620250 241
1620260 241
1620270 241
1620280 241
1620290 241
1620300 241
1620310 241
1620320 241
1620330 241
1620340 241
1620350 240
1620360 240
1620370 240
1620380 240
1620390 240
1620400 240
1620410 240
1620420 240
1620430 240
1620440 240
1620450 240
1620460 240
1620470 240
1620480 240
1620490 240
1620500 240
1620510 240
1620520 240
1620530 240
1620540 240
1620550 240
1620560 240
1620570 240
1620580 240
1620590 240
1620600 240
1620610 240
1620620 240
1620630 240
1620640 240
1620650 240
1620660 240
1620670 240
1620680 240
1620690 240
1620700 240
1620710 240
1620720 240
1620730 240
1620740 240
1620750 240
1620760 240
1620770 240
1620780 240
1620790 240
1620800 240
1620810 240
1620820 240
1620830 240
1620840 240
1620850 240
1620860 240
1620870 240
1620880 240
1620890 240
1620900 240
1620910 240
1620920 240
1620930 240
1620940 240
1620950 240
1620960 240
1620970 240
1620980 240
1620990 240
1621000 240
1621010 240
1621020 240
1621030 240
1621040 240
1621050 240
1621060 240
1621070 240
1621080 240
1621090 240
1621100 240
1621110 240
1621120 240
1621130 240
1621140 240
1621150 240
1621160 240
1621170 240
1621180 240
1621190 240
1621200 240
1621210 240
1621220 240
1621230 240
1621240 240
1621250 240
1621260 240
1621270 240
1621280 240
1621290 240
1621300 240
1621310 240
1621320 240
1621330 240
1621340 240
1621350 240
1621360 240
1621370 240
1621380 240
1621390 240
1621400 240
1621410 240
1621420 240
1621430 240
1621440 240
1621450 240
1621460 240
1621470 240
1621480 240
1621490 240
1621500 240
1621510 240
1621520 240
1621530 240
1621540 240
1621550 240
1621560 240
1621570 240
1621580 240
1621590 240
1621600 240
1621610 240
1621620 240
1621630 240
1621640 240
1621650 240
1621660 240
1621670 241
1621680 242
1621690 242
1621700 243
1621710 243
1621720 243
1621730 243
1621740 243
1621750 243
1621760 244
1621770 243
1621780 243
1621790 243
1621800 242
1621810 242
1621820 242
1621830 241
1621840 241
1621850 241
1621860 241
1621870 241
1621880 241
1621890 241
1621900 241
1621910 241
1621920 241
1621930 241
1621940 241
1621950 241
1621960 241
1621970 241
1621980 241
1621990 241
1622000 241
1622010 241
1622020 241
1622030 241
1622040 240
1622050 240
1622060 241
1622070 241
1622080 241
1622090 240
1622100 240
1622110 240
1622120 240
1622130 240
1622140 240
1622150 240
1622160 240
1622170 240
1622180 239
1622190 239
1622200 239
1622210 239
1622220 239
1622230 239
1622240 239
1622250 239
1622260 239
1622270 239
1622280 239
1622290 239
1622300 240
1622310 240
1622320 240
1622330 240
1622340 240
1622350 240
1622360 240
1622370 240
1622380 240
1622390 240
1622400 240
1622410 240
1622420 240
1622430 240
1622440 240
1622450 240
1622460 240
1622470 240
1622480 240
1622490 240
1622500 240
1622510 240
1622520 240
1622530 240
1622540 240
1622550 239
1622560 239
1622570 238
1622580 240
1622590 240
1622600 241
1622610 241
1622620 241
1622630 241
1622640 241
1622650 241
1622660 241
1622670 241
1622680 241
1622690 241
1622700 240
1622710 240
1622720 240
1622730 241
1622740 241
1622750 241
1622760 241
1622770 241
1622780 240
1622790 240
1622800 240
1622810 240
1622820 240
1622830 240
1622840 240
1622850 240
1622860 240
1622870 240
1622880 240
1622890 240
1622900 240
1622910 240
1622920 240
1622930 240
1622940 240
1622950 240
1622960 240
1622970 240
1622980 240
1622990 240
1623000 240
1623010 240
1623020 240
1623030 240
1623040 240
1623050 240
1623060 240
1623070 240
1623080 240
1623090 239
1623100 239
1623110 239
1623120 239
1623130 239
1623140 240
1623150 241
1623160 241
1623170 241
1623180 241
1623190 241
1623200 241
1623210 241
1623220 241
1623230 241
1623240 241
1623250 241
1623260 241
1623270 241
1623280 241
1623290 241
1623300 241
1623310 241
1623320 240
1623330 240
1623340 240
1623350 241
1623360 241
1623370 241
1623380 241
1623390 241
1623400 241
1623410 240
1623420 240
1623430 240
1623440 240
1623450 241
1623460 241
1623470 241
1623480 241
1623490 241
1623500 241
1623510 241
1623520 241
1623530 241
1623540 241
1623550 241
1623560 241
1623570 241
1623580 241
1623590 241
1623600 241
1623610 241
1623620 241
1623630 241
1623640 241
1623650 241
1623660 241
1623670 241
1623680 241
1623690 241
1623700 241
1623710 240
1623720 240
1623730 240
1623740 240
1623750 240
1623760 240
1623770 240
1623780 240
1623790 240
1623800 240
1623810 240
1623820 240
1623830 240
1623840 240
1623850 240
1623860 240
1623870 240
1623880 240
1623890 240
1623900 240
1623910 240
1623920 240
1623930 240
1623940 240
1623950 240
1623960 240
1623970 240
1623980 240
1623990 240
1624000 240
1624010 240
1624020 240
1624030 240
1624040 240
1624050 240
1624060 240
1624070 240
1624080 240
1624090 240
1624100 240
1624110 240
1624120 240
1624130 239
1624140 240
1624150 240
1624160 240
1624170 240
1624180 240
1624190 240
1624200 240
1624210 240
1624220 240
1624230 240
1624240 240
1624250 240
1624260 240
1624270 240
1624280 240
1624290 240
1624300 240
1624310 240
1624320 240
1624330 241
1624340 241
1624350 241
1624360 241
1624370 241
1624380 241
1624390 241
1624400 241
1624410 241
1624420 240
1624430 240
1624440 240
1624450 240
1624460 240
1624470 240
1624480 240
1624490 240
1624500 239
1624510 239
1624520 239
1624530 239
1624540 239
1624550 239
1624560 239
1624570 239
1624580 239
1624590 239
1624600 239
1624610 239
1624620 239
1624630 239
1624640 239
1624650 239
1624660 239
1624670 239
1624680 240
1624690 240
1624700 240
1624710 240
1624720 240
1624730 240
1624740 240
1624750 240
1624760 240
1624770 240
1624780 240
1624790 240
1624800 240
1624810 240
1624820 240
1624830 240
1624840 240
1624850 240
1624860 239
1624870 239
1624880 239
1624890 239
1624900 239
1624910 239
1624920 239
1624930 240
1624940 240
1624950 239
1624960 239
1624970 239
1624980 239
1624990 239
1625000 239
1625010 239
1625020 239
1625030 239
1625040 239
1625050 239
1625060 239
1625070 239
1625080 239
1625090 239
1625100 239
1625110 239
1625120 239
1625130 239
1625140 239
1625150 239
1625160 239
1625170 239
1625180 239
1625190 239
1625200 239
1625210 239
1625220 239
1625230 240
1625240 240
1625250 240
1625260 240
1625270 240
1625280 241
1625290 241
1625300 241
1625310 241
1625320 241
1625330 241
1625340 241
1625350 241
1625360 241
1625370 241
1625380 240
1625390 240
1625400 240
1625410 240
1625420 240
1625430 240
1625440 240
1625450 240
1625460 240
1625470 240
1625480 240
1625490 240
1625500 240
1625510 240
1625520 240
1625530 240
1625540 240
1625550 240
1625560 240
1625570 240
1625580 241
1625590 241
1625600 241
1625610 242
1625620 242
1625630 242
1625640 242
1625650 242
1625660 242
1625670 242
1625680 242
1625690 242
1625700 242
1625710 242
1625720 242
1625730 242
1625740 242
1625750 242
1625760 242
1625770 242
1625780 242
1625790 242
1625800 242
1625810 242
1625820 242
1625830 242
1625840 242
1625850 242
1625860 242
1625870 242
1625880 242
1625890 242
1625900 242
1625910 243
1625920 243
1625930 243
1625940 243
1625950 243
1625960 243
1625970 243
1625980 243
1625990 243
1626000 243
1626010 243
1626020 243
1626030 243
1626040 243
1626050 243
1626060 242
1626070 242
1626080 242
1626090 242
1626100 242
1626110 242
1626120 243
1626130 243
1626140 243
1626150 243
1626160 243
1626170 243
1626180 243
1626190 243
1626200 243
1626210 243
1626220 243
1626230 243
1626240 243
1626250 243
1626260 243
1626270 243
1626280 243
1626290 243
1626300 243
1626310 243
1626320 243
1626330 243
1626340 242
1626350 242
1626360 242
1626370 242
1626380 242
1626390 242
1626400 242
1626410 242
1626420 241
1626430 241
1626440 241
1626450 241
1626460 241
1626470 241
1626480 241
1626490 241
1626500 241
1626510 241
1626520 242
1626530 242
1626540 243
1626550 243
1626560 243
1626570 243
1626580 243
1626590 243
1626600 243
1626610 243
1626620 243
1626630 243
1626640 243
1626650 243
1626660 243
1626670 243
1626680 243
1626690 243
1626700 243
1626710 243
1626720 243
1626730 243
1626740 243
1626750 243
1626760 243
1626770 243
1626780 243
1626790 243
1626800 243
1626810 243
1626820 243
1626830 243
1626840 243
1626850 243
1626860 243
1626870 243
1626880 243
1626890 243
1626900 243
1626910 243
1626920 243
1626930 243
1626940 243
1626950 243
1626960 243
1626970 243
1626980 243
1626990 243
1627000 243
1627010 243
1627020 243
1627030 243
1627040 243
1627050 243
1627060 243
1627070 243
1627080 243
1627090 243
1627100 243
1627110 243
1627120 243
1627130 243
1627140 243
1627150 242
1627160 242
1627170 242
1627180 243
1627190 243
1627200 243
1627210 242
1627220 242
1627230 242
1627240 242
1627250 242
1627260 242
1627270 242
1627280 242
1627290 242
1627300 242
1627310 242
1627320 242
1627330 242
1627340 242
1627350 242
1627360 242
1627370 242
1627380 242
1627390 242
1627400 242
1627410 242
1627420 242
1627430 242
1627440 242
1627450 242
1627460 242
1627470 242
1627480 242
1627490 242
1627500 242
1627510 242
1627520 242
1627530 242
1627540 242
1627550 242
1627560 242
1627570 242
1627580 242
1627590 242
1627600 242
1627610 242
1627620 242
1627630 242
1627640 242
1627650 242
1627660 242
1627670 242
1627680 242
1627690 242
1627700 242
1627710 242
1627720 242
1627730 242
1627740 242
1627750 242
1627760 242
1627770 242
1627780 242
1627790 242
1627800 242
1627810 242
1627820 242
1627830 242
1627840 242
1627850 242
1627860 242
1627870 243
1627880 243
1627890 243
1627900 243
1627910 243
1627920 243
1627930 243
1627940 243
1627950 243
1627960 242
1627970 242
1627980 243
1627990 243
1628000 243
1628010 243
1628020 243
1628030 243
1628040 243
1628050 243
1628060 243
1628070 243
1628080 243
1628090 243
1628100 243
1628110 243
1628120 243
1628130 243
1628140 243
1628150 243
1628160 243
1628170 242
1628180 242
1628190 242
1628200 242
1628210 242
1628220 242
1628230 242
1628240 242
1628250 242
1628260 242
1628270 242
1628280 242
1628290 242
1628300 242
1628310 242
1628320 242
1628330 242
1628340 242
1628350 242
1628360 242
1628370 242
1628380 242
1628390 242
1628400 242
1628410 242
1628420 242
1628430 242
1628440 242
1628450 242
1628460 242
1628470 242
1628480 242
1628490 242
1628500 242
1628510 242
1628520 242
1628530 242
1628540 242
1628550 242
1628560 242
1628570 242
1628580 242
1628590 242
1628600 242
1628610 242
1628620 242
1628630 242
1628640 242
1628650 242
1628660 242
1628670 242
1628680 242
1628690 242
1628700 242
1628710 242
1628720 242
1628730 242
1628740 242
1628750 242
1628760 242
1628770 242
1628780 242
1628790 242
1628800 242
1628810 242
1628820 242
1628830 242
1628840 242
1628850 242
1628860 242
1628870 242
1628880 242
1628890 242
1628900 242
1628910 242
1628920 242
1628930 242
1628940 242
1628950 242
1628960 242
1628970 242
1628980 242
1628990 242
1629000 242
1629010 242
1629020 242
1629030 242
1629040 242
1629050 242
1629060 242
1629070 242
1629080 242
1629090 242
1629100 242
1629110 242
1629120 242
1629130 242
1629140 242
1629150 242
1629160 242
1629170 242
1629180 242
1629190 242
1629200 242
1629210 242
1629220 242
1629230 242
1629240 242
1629250 242
1629260 242
1629270 242
1629280 242
1629290 242
1629300 242
1629310 242
1629320 242
1629330 242
1629340 242
1629350 242
1629360 241
1629370 241
1629380 241
1629390 241
1629400 242
1629410 242
1629420 242
1629430 242
1629440 242
1629450 241
1629460 241
1629470 241
1629480 241
1629490 241
1629500 241
1629510 241
1629520 241
1629530 241
1629540 241
1629550 241
1629560 241
1629570 241
1629580 241
1629590 241
1629600 241
1629610 241
1629620 241
1629630 241
1629640 241
1629650 241
1629660 242
1629670 242
1629680 242
1629690 242
1629700 242
1629710 242
1629720 242
1629730 242
1629740 242
1629750 242
1629760 242
1629770 242
1629780 242
1629790 242
1629800 242
1629810 242
1629820 241
1629830 241
1629840 241
1629850 241
1629860 241
1629870 241
1629880 241
1629890 241
1629900 241
1629910 241
1629920 241
1629930 241
1629940 241
1629950 241
1629960 241
1629970 241
1629980 241
1629990 241
1630000 241
1630010 241
1630020 241
1630030 241
1630040 241
1630050 241
1630060 241
1630070 241
1630080 241
1630090 241
1630100 241
1630110 241
1630120 241
1630130 241
1630140 241
1630150 241
1630160 241
1630170 241
1630180 241
1630190 241
1630200 241
1630210 241
1630220 241
1630230 241
1630240 241
1630250 241
1630260 241
1630270 241
1630280 241
1630290 241
1630300 241
1630310 241
1630320 241
1630330 241
1630340 241
1630350 241
1630360 241
1630370 241
1630380 241
1630390 241
1630400 241
1630410 241
1630420 241
1630430 241
1630440 241
1630450 241
1630460 241
1630470 241
1630480 241
1630490 241
1630500 241
1630510 241
1630520 241
1630530 241
1630540 241
1630550 241
1630560 241
1630570 241
1630580 241
1630590 241
1630600 241
1630610 241
1630620 241
1630630 241
1630640 241
1630650 241
1630660 241
1630670 241
1630680 241
1630690 241
1630700 241
1630710 241
1630720 241
1630730 241
1630740 241
1630750 241
1630760 241
1630770 241
1630780 241
1630790 241
1630800 241
1630810 241
1630820 241
1630830 240
1630840 239
1630850 239
1630860 240
1630870 241
1630880 241
1630890 241
1630900 241
1630910 241
1630920 241
1630930 241
1630940 241
1630950 241
1630960 241
1630970 241
1630980 241
1630990 241
1631000 241
1631010 241
1631020 241
1631030 241
1631040 241
1631050 241
1631060 241
1631070 241
1631080 241
1631090 241
1631100 241
1631110 240
1631120 240
1631130 241
1631140 241
1631150 241
1631160 241
1631170 241
1631180 241
1631190 241
1631200 241
1631210 241
1631220 241
1631230 241
1631240 241
1631250 241
1631260 241
1631270 241
1631280 241
1631290 241
1631300 241
1631310 241
1631320 241
1631330 241
1631340 241
1631350 241
1631360 241
1631370 241
1631380 241
1631390 241
1631400 241
1631410 241
1631420 241
1631430 241
1631440 241
1631450 241
1631460 241
1631470 241
1631480 241
1631490 241
1631500 241
1631510 241
1631520 241
1631530 241
1631540 241
1631550 241
1631560 241
1631570 241
1631580 241
1631590 241
1631600 241
1631610 241
1631620 241
1631630 241
1631640 241
1631650 241
1631660 241
1631670 241
1631680 241
1631690 241
1631700 241
1631710 241
1631720 241
1631730 241
1631740 241
1631750 241
1631760 241
1631770 241
1631780 241
1631790 241
1631800 241
1631810 241
1631820 241
1631830 241
1631840 241
1631850 241
1631860 241
1631870 241
1631880 241
1631890 241
1631900 241
1631910 241
1631920 241
1631930 241
1631940 241
1631950 241
1631960 241
1631970 241
1631980 241
1631990 241
1632000 241
1632010 241
1632020 241
1632030 241
1632040 241
1632050 241
1632060 241
1632070 242
1632080 242
1632090 242
1632100 242
1632110 242
1632120 242
1632130 242
1632140 241
1632150 242
1632160 241
1632170 241
1632180 241
1632190 241
1632200 241
1632210 241
1632220 241
1632230 241
1632240 241
1632250 241
1632260 241
1632270 241
1632280 241
1632290 241
1632300 241
1632310 240
1632320 240
1632330 240
1632340 240
1632350 240
1632360 240
1632370 240
1632380 240
1632390 240
1632400 240
1632410 240
1632420 240
1632430 240
1632440 240
1632450 240
1632460 240
1632470 240
1632480 240
1632490 240
1632500 241
1632510 241
1632520 241
1632530 241
1632540 241
1632550 241
1632560 240
1632570 240
1632580 241
1632590 241
1632600 241
1632610 240
1632620 240
1632630 240
1632640 240
1632650 240
1632660 240
1632670 240
1632680 240
1632690 240
1632700 240
1632710 240
1632720 240
1632730 240
1632740 240
1632750 240
1632760 240
1632770 240
1632780 240
1632790 240
1632800 240
1632810 240
1632820 240
1632830 240
1632840 240
1632850 240
1632860 240
1632870 240
1632880 240
1632890 240
1632900 240
1632910 240
1632920 240
1632930 240
1632940 240
1632950 240
1632960 240
1632970 240
1632980 240
1632990 240
1633000 240
1633010 240
1633020 240
1633030 240
1633040 240
1633050 240
1633060 240
1633070 240
1633080 240
1633090 240
1633100 240
1633110 240
1633120 240
1633130 239
1633140 239
1633150 239
1633160 239
1633170 239
1633180 239
1633190 239
1633200 239
1633210 239
1633220 239
1633230 239
1633240 240
1633250 239
1633260 239
1633270 239
1633280 239
1633290 239
1633300 239
1633310 239
1633320 239
1633330 239
1633340 239
1633350 239
1633360 239
1633370 239
1633380 239
1633390 239
1633400 239
1633410 239
1633420 239
1633430 239
1633440 239
1633450 239
1633460 239
1633470 239
1633480 239
1633490 239
1633500 239
1633510 239
1633520 239
1633530 239
1633540 239
1633550 239
1633560 239
1633570 240
1633580 239
1633590 239
1633600 239
1633610 240
1633620 240
1633630 239
1633640 239
1633650 239
1633660 239
1633670 239
1633680 239
1633690 239
1633700 239
1633710 239
1633720 239
1633730 239
1633740 239
1633750 239
1633760 239
1633770 239
1633780 239
1633790 239
1633800 239
1633810 239
1633820 239
1633830 239
1633840 239
1633850 239
1633860 239
1633870 239
1633880 239
1633890 239
1633900 239
1633910 240
1633920 240
1633930 240
1633940 240
1633950 240
1633960 240
1633970 240
1633980 240
1633990 240
1634000 240
1634010 240
1634020 240
1634030 240
1634040 240
1634050 240
1634060 240
1634070 240
1634080 240
1634090 240
1634100 240
1634110 240
1634120 241
1634130 241
1634140 241
1634150 241
1634160 241
1634170 241
1634180 241
1634190 241
1634200 241
1634210 241
1634220 241
1634230 241
1634240 241
1634250 241
1634260 242
1634270 242
1634280 242
1634290 242
1634300 242
1634310 242
1634320 242
1634330 242
1634340 242
1634350 242
1634360 242
1634370 242
1634380 242
1634390 242
1634400 242
1634410 242
1634420 243
1634430 243
1634440 243
1634450 243
1634460 243
1634470 243
1634480 243
1634490 243
1634500 243
1634510 243
1634520 243
1634530 243
1634540 243
1634550 243
1634560 243
1634570 243
1634580 243
1634590 243
1634600 243
1634610 243
1634620 244
1634630 244
1634640 244
1634650 244
1634660 244
1634670 244
1634680 245
1634690 245
1634700 245
1634710 245
1634720 245
1634730 245
1634740 244
1634750 244
1634760 244
1634770 245
1634780 245
1634790 245
1634800 245
1634810 245
1634820 245
1634830 245
1634840 245
1634850 245
1634860 245
1634870 245
1634880 245
1634890 245
1634900 245
1634910 245
1634920 245
1634930 245
1634940 245
1634950 245
1634960 245
1634970 245
1634980 244
1634990 245
1635000 245
1635010 245
1635020 246
1635030 246
1635040 246
1635050 246
1635060 246
1635070 245
1635080 246
1635090 246
1635100 246
1635110 246
1635120 246
1635130 245
1635140 245
1635150 245
1635160 245
1635170 245
1635180 245
1635190 245
1635200 245
1635210 245
1635220 245
1635230 245
1635240 245
1635250 245
1635260 245
1635270 245
1635280 244
1635290 244
1635300 244
1635310 244
1635320 244
1635330 244
1635340 244
1635350 244
1635360 244
1635370 244
1635380 244
1635390 244
1635400 244
1635410 244
1635420 244
1635430 244
1635440 244
1635450 244
1635460 244
1635470 244
1635480 244
1635490 244
1635500 244
1635510 244
1635520 244
1635530 244
1635540 244
1635550 244
1635560 244
1635570 244
1635580 244
1635590 244
1635600 244
1635610 244
1635620 244
1635630 245
1635640 245
1635650 245
1635660 245
1635670 245
1635680 245
1635690 245
1635700 245
1635710 245
1635720 245
1635730 245
1635740 246
1635750 246
1635760 246
1635770 246
1635780 246
1635790 246
1635800 246
1635810 246
1635820 245
1635830 245
1635840 245
1635850 245
1635860 245
1635870 245
1635880 245
1635890 244
1635900 244
1635910 244
1635920 244
1635930 244
1635940 244
1635950 244
1635960 244
1635970 244
1635980 244
1635990 244
1636000 244
1636010 244
1636020 244
1636030 245
1636040 245
1636050 245
1636060 245
1636070 245
1636080 245
1636090 245
1636100 246
1636110 246
1636120 246
1636130 246
1636140 246
1636150 247
1636160 247
1636170 247
1636180 246
1636190 246
1636200 246
1636210 246
1636220 246
1636230 246
1636240 247
1636250 247
1636260 247
1636270 247
1636280 249
1636290 249
1636300 250
1636310 252
1636320 252
1636330 253
1636340 253
1636350 253
1636360 253
1636370 254
1636380 254
1636390 255
1636400 257
1636410 257
1636420 258
1636430 259
1636440 259
1636450 261
1636460 263
1636470 263
1636480 265
1636490 265
1636500 265
1636510 265
1636520 265
1636530 265
1636540 264
1636550 263
1636560 263
1636570 260
1636580 257
1636590 257
1636600 254
1636610 256
1636620 256
1636630 258
1636640 258
1636650 258
1636660 259
1636670 259
1636680 259
1636690 260
1636700 260
1636710 260
1636720 260
1636730 261
1636740 261
1636750 261
1636760 261
1636770 261
1636780 259
1636790 255
1636800 255
1636810 252
1636820 251
1636830 251
1636840 251
1636850 251
1636860 251
1636870 251
1636880 252
1636890 252
1636900 252
1636910 253
1636920 253
1636930 253
1636940 253
1636950 253
1636960 253
1636970 255
1636980 255
1636990 255
1637000 255
1637010 255
1637020 255
1637030 256
1637040 256
1637050 256
1637060 257
1637070 257
1637080 257
1637090 258
1637100 258
1637110 258
1637120 259
1637130 259
1637140 260
1637150 260
1637160 260
1637170 261
1637180 262
1637190 262
1637200 264
1637210 265
1637220 265
1637230 265
1637240 266
1637250 266
1637260 266
1637270 266
1637280 266
1637290 267
1637300 267
1637310 267
1637320 268
1637330 268
1637340 268
1637350 269
1637360 270
1637370 270
1637380 272
1637390 273
1637400 273
1637410 274
1637420 276
1637430 276
1637440 277
1637450 278
1637460 278
1637470 280
1637480 281
1637490 281
1637500 282
1637510 283
1637520 283
1637530 284
1637540 285
1637550 285
1637560 287
1637570 288
1637580 288
1637590 289
1637600 290
1637610 290
1637620 291
1637630 292
1637640 292
1637650 293
1637660 294
1637670 294
1637680 295
1637690 297
1637700 297
1637710 299
1637720 300
1637730 300
1637740 302
1637750 303
1637760 303
1637770 305
1637780 307
1637790 307
1637800 308
1637810 310
1637820 310
1637830 312
1637840 314
1637850 314
1637860 315
1637870 315
1637880 315
1637890 315
1637900 315
1637910 315
1637920 316
1637930 316
1637940 316
1637950 316
1637960 315
1637970 315
1637980 315
1637990 314
1638000 314
1638010 314
1638020 313
1638030 313
1638040 313
1638050 312
1638060 312
1638070 310
1638080 309
1638090 309
1638100 307
1638110 305
1638120 305
1638130 303
1638140 300
1638150 300
1638160 298
1638170 295
1638180 295
1638190 291
1638200 285
1638210 285
1638220 282
1638230 280
1638240 280
1638250 280
1638260 282
1638270 282
1638280 282
1638290 283
1638300 283
1638310 286
1638320 288
1638330 288
1638340 289
1638350 291
1638360 291
1638370 293
1638380 295
1638390 295
1638400 296
1638410 298
1638420 298
1638430 300
1638440 301
1638450 301
1638460 302
1638470 303
1638480 303
1638490 304
1638500 304
1638510 304
1638520 305
1638530 305
1638540 305
1638550 306
1638560 306
1638570 306
1638580 306
1638590 305
1638600 305
1638610 305
1638620 304
1638630 304
1638640 304
1638650 303
1638660 303
1638670 302
1638680 302
1638690 302
1638700 301
1638710 301
1638720 301
1638730 300
1638740 299
1638750 299
1638760 298
1638770 297
1638780 297
1638790 296
1638800 296
1638810 296
1638820 295
1638830 293
1638840 293
1638850 292
1638860 291
1638870 291
1638880 288
1638890 286
1638900 286
1638910 284
1638920 282
1638930 282
1638940 281
1638950 281
1638960 282
1638970 282
1638980 282
1638990 281
1639000 281
1639010 282
1639020 284
1639030 284
1639040 286
1639050 287
1639060 287
1639070 287
1639080 287
1639090 287
1639100 287
1639110 287
1639120 287
1639130 287
1639140 287
1639150 287
1639160 287
1639170 287
1639180 287
1639190 288
1639200 288
1639210 288
1639220 288
1639230 289
1639240 289
1639250 289
1639260 289
1639270 289
1639280 289
1639290 289
1639300 289
1639310 289
1639320 289
1639330 289
1639340 289
1639350 289
1639360 289
1639370 288
1639380 289
1639390 289
1639400 289
1639410 288
1639420 288
1639430 287
1639440 287
1639450 287
1639460 287
1639470 287
1639480 287
1639490 287
1639500 287
1639510 287
1639520 287
1639530 286
1639540 286
1639550 285
1639560 285
1639570 285
1639580 284
1639590 283
1639600 283
1639610 283
1639620 282
1639630 282
1639640 282
1639650 281
1639660 281
1639670 280
1639680 280
1639690 280
1639700 279
1639710 278
1639720 278
1639730 277
1639740 276
1639750 276
1639760 275
1639770 274
1639780 274
1639790 273
1639800 271
1639810 271
1639820 267
1639830 264
1639840 264
1639850 266
1639860 269
1639870 269
1639880 267
1639890 266
1639900 266
1639910 268
1639920 270
1639930 270
1639940 272
1639950 273
1639960 273
1639970 275
1639980 276
1639990 276
