1620000 247
1620010 247
1620020 247
1620030 247
1620040 246
1620050 246
1620060 246
1620070 246
1620080 246
1620090 245
1620100 245
1620110 245
1620120 245
1620130 245
1620140 245
1620150 245
1620160 246
1620170 246
1620180 246
1620190 246
1620200 246
1620210 246
1620220 246
1620230 246
1620240 246
1620250 246
1620260 246
1620270 246
1620280 246
1620290 246
1620300 245
1620310 245
1620320 245
1620330 245
1620340 245
1620350 245
1620360 246
1620370 246
1620380 246
1620390 246
1620400 245
1620410 245
1620420 245
1620430 245
1620440 245
1620450 245
1620460 245
1620470 245
1620480 245
1620490 245
1620500 245
1620510 245
1620520 246
1620530 246
1620540 246
1620550 246
1620560 246
1620570 247
1620580 247
1620590 247
1620600 247
1620610 247
1620620 247
1620630 247
1620640 246
1620650 246
1620660 246
1620670 246
1620680 246
1620690 246
1620700 246
1620710 246
1620720 247
1620730 247
1620740 247
1620750 247
1620760 247
1620770 247
1620780 247
1620790 247
1620800 247
1620810 247
1620820 247
1620830 247
1620840 247
1620850 247
1620860 247
1620870 247
1620880 247
1620890 247
1620900 247
1620910 247
1620920 247
1620930 247
1620940 247
1620950 247
1620960 247
1620970 247
1620980 247
1620990 247
1621000 247
1621010 247
1621020 247
1621030 247
1621040 247
1621050 246
1621060 246
1621070 246
1621080 246
1621090 246
1621100 246
1621110 246
1621120 246
1621130 246
1621140 246
1621150 246
1621160 246
1621170 246
1621180 246
1621190 246
1621200 246
1621210 246
1621220 246
1621230 247
1621240 247
1621250 247
1621260 247
1621270 246
1621280 246
1621290 246
1621300 246
1621310 246
1621320 246
1621330 246
1621340 246
1621350 246
1621360 246
1621370 246
1621380 246
1621390 246
1621400 246
1621410 246
1621420 246
1621430 246
1621440 246
1621450 246
1621460 246
1621470 246
1621480 246
1621490 246
1621500 246
1621510 246
1621520 246
1621530 246
1621540 246
1621550 246
1621560 246
1621570 246
1621580 246
1621590 246
1621600 246
1621610 246
1621620 246
1621630 246
1621640 246
1621650 246
1621660 246
1621670 246
1621680 246
1621690 246
1621700 246
1621710 246
1621720 246
1621730 246
1621740 246
1621750 246
1621760 246
1621770 246
1621780 246
1621790 246
1621800 246
1621810 246
1621820 246
1621830 246
1621840 246
1621850 246
1621860 246
1621870 246
1621880 246
1621890 246
1621900 246
1621910 246
1621920 246
1621930 246
1621940 246
1621950 246
1621960 245
1621970 245
1621980 245
1621990 245
1622000 245
1622010 245
1622020 245
1622030 245
1622040 246
1622050 246
1622060 246
1622070 245
1622080 245
1622090 245
1622100 245
1622110 245
1622120 245
1622130 245
1622140 245
1622150 245
1622160 246
1622170 245
1622180 245
1622190 245
1622200 245
1622210 245
1622220 245
1622230 245
1622240 245
1622250 245
1622260 245
1622270 245
1622280 245
1622290 245
1622300 245
1622310 245
1622320 245
1622330 245
1622340 245
1622350 245
1622360 245
1622370 245
1622380 245
1622390 245
1622400 245
1622410 245
1622420 245
1622430 245
1622440 245
1622450 245
1622460 245
1622470 245
1622480 245
1622490 245
1622500 245
1622510 245
1622520 245
1622530 245
1622540 245
1622550 245
1622560 244
1622570 244
1622580 244
1622590 244
1622600 244
1622610 244
1622620 245
1622630 245
1622640 245
1622650 245
1622660 245
1622670 245
1622680 245
1622690 245
1622700 245
1622710 245
1622720 245
1622730 245
1622740 245
1622750 245
1622760 245
1622770 245
1622780 245
1622790 245
1622800 245
1622810 245
1622820 245
1622830 245
1622840 245
1622850 245
1622860 244
1622870 244
1622880 244
1622890 244
1622900 244
1622910 245
1622920 245
1622930 245
1622940 245
1622950 245
1622960 245
1622970 245
1622980 245
1622990 245
1623000 245
1623010 245
1623020 245
1623030 245
1623040 245
1623050 245
1623060 245
1623070 245
1623080 245
1623090 245
1623100 245
1623110 245
1623120 245
1623130 245
1623140 245
1623150 245
1623160 245
1623170 245
1623180 245
1623190 245
1623200 245
1623210 245
1623220 245
1623230 245
1623240 245
1623250 245
1623260 245
1623270 245
1623280 245
1623290 245
1623300 245
1623310 246
1623320 246
1623330 246
1623340 245
1623350 245
1623360 246
1623370 246
1623380 246
1623390 246
1623400 246
1623410 246
1623420 246
1623430 245
1623440 245
1623450 245
1623460 245
1623470 245
1623480 245
1623490 244
1623500 244
1623510 244
1623520 244
1623530 244
1623540 244
1623550 244
1623560 244
1623570 244
1623580 244
1623590 244
1623600 244
1623610 245
1623620 245
1623630 244
1623640 243
1623650 243
1623660 243
1623670 243
1623680 243
1623690 243
1623700 243
1623710 243
1623720 244
1623730 245
1623740 245
1623750 244
1623760 243
1623770 243
1623780 243
1623790 244
1623800 244
1623810 244
1623820 244
1623830 244
1623840 244
1623850 244
1623860 244
1623870 244
1623880 243
1623890 243
1623900 243
1623910 243
1623920 243
1623930 243
1623940 243
1623950 243
1623960 243
1623970 243
1623980 243
1623990 243
1624000 243
1624010 243
1624020 243
1624030 243
1624040 243
1624050 243
1624060 243
1624070 243
1624080 243
1624090 243
1624100 243
1624110 243
1624120 243
1624130 243
1624140 243
1624150 243
1624160 243
1624170 243
1624180 243
1624190 243
1624200 244
1624210 244
1624220 244
1624230 244
1624240 245
1624250 245
1624260 245
1624270 245
1624280 245
1624290 245
1624300 245
1624310 245
1624320 245
1624330 245
1624340 245
1624350 246
1624360 246
1624370 246
1624380 246
1624390 246
1624400 246
1624410 246
1624420 246
1624430 246
1624440 245
1624450 246
1624460 246
1624470 246
1624480 245
1624490 245
1624500 246
1624510 246
1624520 246
1624530 246
1624540 246
1624550 246
1624560 246
1624570 246
1624580 246
1624590 246
1624600 246
1624610 246
1624620 246
1624630 246
1624640 246
1624650 246
1624660 246
1624670 246
1624680 246
1624690 246
1624700 246
1624710 246
1624720 246
1624730 246
1624740 246
1624750 246
1624760 246
1624770 246
1624780 246
1624790 246
1624800 246
1624810 246
1624820 246
1624830 246
1624840 246
1624850 246
1624860 246
1624870 246
1624880 246
1624890 246
1624900 246
1624910 246
1624920 245
1624930 245
1624940 245
1624950 245
1624960 245
1624970 245
1624980 245
1624990 246
1625000 246
1625010 246
1625020 246
1625030 246
1625040 246
1625050 246
1625060 246
1625070 247
1625080 247
1625090 247
1625100 247
1625110 247
1625120 247
1625130 247
1625140 247
1625150 247
1625160 247
1625170 247
1625180 247
1625190 248
1625200 251
1625210 251
1625220 253
1625230 254
1625240 254
1625250 255
1625260 255
1625270 255
1625280 256
1625290 260
1625300 260
1625310 265
1625320 267
1625330 267
1625340 268
1625350 268
1625360 268
1625370 269
1625380 269
1625390 269
1625400 269
1625410 269
1625420 269
1625430 269
1625440 269
1625450 269
1625460 269
1625470 269
1625480 269
1625490 269
1625500 269
1625510 269
1625520 269
1625530 268
1625540 268
1625550 266
1625560 265
1625570 265
1625580 263
1625590 261
1625600 261
1625610 259
1625620 258
1625630 258
1625640 257
1625650 257
1625660 257
1625670 257
1625680 258
1625690 258
1625700 259
1625710 260
1625720 260
1625730 259
1625740 257
1625750 257
1625760 256
1625770 255
1625780 255
1625790 256
1625800 257
1625810 257
1625820 262
1625830 264
1625840 264
1625850 264
1625860 264
1625870 264
1625880 266
1625890 267
1625900 267
1625910 268
1625920 269
1625930 269
1625940 270
1625950 270
1625960 270
1625970 270
1625980 271
1625990 271
1626000 271
1626010 272
1626020 272
1626030 273
1626040 273
1626050 273
1626060 273
1626070 274
1626080 274
1626090 274
1626100 274
1626110 274
1626120 274
1626130 274
1626140 274
1626150 274
1626160 275
1626170 275
1626180 275
1626190 275
1626200 275
1626210 276
1626220 276
1626230 276
1626240 276
1626250 276
1626260 276
1626270 276
1626280 276
1626290 276
1626300 276
1626310 276
1626320 276
1626330 276
1626340 276
1626350 276
1626360 275
1626370 274
1626380 274
1626390 275
1626400 275
1626410 275
1626420 275
1626430 275
1626440 275
1626450 275
1626460 274
1626470 274
1626480 274
1626490 274
1626500 274
1626510 275
1626520 275
1626530 275
1626540 274
1626550 274
1626560 274
1626570 274
1626580 274
1626590 274
1626600 274
1626610 274
1626620 274
1626630 274
1626640 274
1626650 274
1626660 274
1626670 274
1626680 274
1626690 273
1626700 273
1626710 273
1626720 272
1626730 272
1626740 272
1626750 269
1626760 267
1626770 267
1626780 264
1626790 262
1626800 262
1626810 261
1626820 260
1626830 260
1626840 260
1626850 262
1626860 262
1626870 264
1626880 265
1626890 265
1626900 266
1626910 266
1626920 266
1626930 266
1626940 265
1626950 265
1626960 263
1626970 261
1626980 261
1626990 259
1627000 257
1627010 257
1627020 256
1627030 254
1627040 254
1627050 252
1627060 250
1627070 250
1627080 250
1627090 250
1627100 250
1627110 250
1627120 250
1627130 250
1627140 250
1627150 250
1627160 250
1627170 250
1627180 250
1627190 250
1627200 250
1627210 250
1627220 250
1627230 250
1627240 250
1627250 250
1627260 250
1627270 250
1627280 250
1627290 251
1627300 250
1627310 250
1627320 250
1627330 250
1627340 250
1627350 251
1627360 251
1627370 251
1627380 250
1627390 250
1627400 250
1627410 250
1627420 251
1627430 251
1627440 251
1627450 251
1627460 251
1627470 252
1627480 252
1627490 252
1627500 252
1627510 254
1627520 254
1627530 254
1627540 256
1627550 256
1627560 256
1627570 257
1627580 257
1627590 257
1627600 257
1627610 257
1627620 258
1627630 257
1627640 260
1627650 260
1627660 260
1627670 260
1627680 260
1627690 259
1627700 259
1627710 258
1627720 256
1627730 256
1627740 256
1627750 254
1627760 254
1627770 254
1627780 254
1627790 254
1627800 254
1627810 254
1627820 254
1627830 255
1627840 256
1627850 256
1627860 258
1627870 259
1627880 259
1627890 261
1627900 262
1627910 262
1627920 262
1627930 262
1627940 262
1627950 262
1627960 264
1627970 264
1627980 265
1627990 267
1628000 267
1628010 269
1628020 270
1628030 270
1628040 272
1628050 273
1628060 273
1628070 274
1628080 275
1628090 275
1628100 275
1628110 275
1628120 275
1628130 275
1628140 276
1628150 276
1628160 276
1628170 279
1628180 279
1628190 281
1628200 280
1628210 280
1628220 280
1628230 280
1628240 280
1628250 281
1628260 281
1628270 281
1628280 282
1628290 283
1628300 283
1628310 284
1628320 284
1628330 284
1628340 284
1628350 284
1628360 284
1628370 284
1628380 285
1628390 285
1628400 286
1628410 286
1628420 286
1628430 286
1628440 286
1628450 286
1628460 287
1628470 287
1628480 287
1628490 288
1628500 288
1628510 288
1628520 289
1628530 289
1628540 289
1628550 291
1628560 291
1628570 291
1628580 291
1628590 290
1628600 290
1628610 290
1628620 289
1628630 289
1628640 288
1628650 288
1628660 288
1628670 287
1628680 286
1628690 286
1628700 286
1628710 285
1628720 285
1628730 284
1628740 284
1628750 284
1628760 283
1628770 280
1628780 280
1628790 276
1628800 269
1628810 269
1628820 262
1628830 260
1628840 260
1628850 257
1628860 257
1628870 257
1628880 258
1628890 260
1628900 260
1628910 260
1628920 261
1628930 261
1628940 262
1628950 265
1628960 265
1628970 268
1628980 269
1628990 269
1629000 269
1629010 270
1629020 270
1629030 270
1629040 270
1629050 270
1629060 270
1629070 269
1629080 269
1629090 267
1629100 266
1629110 266
1629120 265
1629130 265
1629140 265
1629150 265
1629160 265
1629170 265
1629180 266
1629190 267
1629200 267
1629210 267
1629220 267
1629230 267
1629240 267
1629250 266
1629260 266
1629270 265
1629280 263
1629290 263
1629300 261
1629310 259
1629320 259
1629330 254
1629340 250
1629350 250
1629360 248
1629370 248
1629380 248
1629390 249
1629400 249
1629410 249
1629420 249
1629430 249
1629440 249
1629450 250
1629460 253
1629470 253
1629480 254
1629490 259
1629500 259
1629510 260
1629520 261
1629530 261
1629540 262
1629550 265
1629560 265
1629570 270
1629580 272
1629590 272
1629600 273
1629610 274
1629620 274
1629630 275
1629640 276
1629650 276
1629660 277
1629670 278
1629680 278
1629690 279
1629700 280
1629710 280
1629720 281
1629730 283
1629740 283
1629750 284
1629760 285
1629770 285
1629780 287
1629790 288
1629800 288
1629810 290
1629820 291
1629830 291
1629840 292
1629850 293
1629860 293
1629870 294
1629880 294
1629890 294
1629900 295
1629910 295
1629920 295
1629930 296
1629940 296
1629950 296
1629960 296
1629970 296
1629980 296
1629990 296
1630000 296
1630010 296
1630020 296
1630030 297
1630040 297
1630050 297
1630060 293
1630070 293
1630080 292
1630090 296
1630100 296
1630110 296
1630120 296
1630130 296
1630140 297
1630150 297
1630160 297
1630170 297
1630180 297
1630190 297
1630200 297
1630210 297
1630220 297
1630230 296
1630240 296
1630250 296
1630260 295
1630270 295
1630280 295
1630290 294
1630300 293
1630310 293
1630320 292
1630330 289
1630340 287
1630350 283
1630360 280
1630370 280
1630380 275
1630390 272
1630400 272
1630410 269
1630420 268
1630430 268
1630440 267
1630450 267
1630460 267
1630470 267
1630480 268
1630490 268
1630500 268
1630510 269
1630520 269
1630530 270
1630540 271
1630550 271
1630560 272
1630570 273
1630580 273
1630590 273
1630600 274
1630610 274
1630620 275
1630630 275
1630640 275
1630650 276
1630660 277
1630670 277
1630680 276
1630690 280
1630700 280
1630710 283
1630720 284
1630730 284
1630740 285
1630750 285
1630760 285
1630770 284
1630780 282
1630790 282
1630800 280
1630810 277
1630820 277
1630830 275
1630840 274
1630850 274
1630860 273
1630870 272
1630880 272
1630890 272
1630900 272
1630910 272
1630920 273
1630930 275
1630940 275
1630950 276
1630960 279
1630970 279
1630980 281
1630990 283
1631000 283
1631010 285
1631020 287
1631030 287
1631040 288
1631050 289
1631060 289
1631070 291
1631080 293
1631090 293
1631100 294
1631110 296
1631120 296
1631130 297
1631140 298
1631150 298
1631160 298
1631170 298
1631180 298
1631190 298
1631200 294
1631210 294
1631220 290
1631230 286
1631240 286
1631250 283
1631260 280
1631270 280
1631280 278
1631290 279
1631300 279
1631310 282
1631320 284
1631330 284
1631340 285
1631350 286
1631360 286
1631370 288
1631380 290
1631390 290
1631400 292
1631410 295
1631420 295
1631430 297
1631440 300
1631450 300
1631460 302
1631470 305
1631480 305
1631490 308
1631500 311
1631510 311
1631520 313
1631530 316
1631540 316
1631550 319
1631560 322
1631570 322
1631580 324
1631590 325
1631600 325
1631610 325
1631620 325
1631630 325
1631640 325
1631650 323
1631660 323
1631670 321
1631680 318
1631690 318
1631700 315
1631710 310
1631720 310
1631730 305
1631740 300
1631750 300
1631760 297
1631770 298
1631780 298
1631790 300
1631800 305
1631810 305
1631820 310
1631830 314
1631840 314
1631850 316
1631860 317
1631870 317
1631880 315
1631890 310
1631900 310
1631910 304
1631920 302
1631930 302
1631940 306
1631950 310
1631960 310
1631970 313
1631980 317
1631990 317
1632000 320
1632010 321
1632020 321
1632030 323
1632040 324
1632050 324
1632060 324
1632070 325
1632080 325
1632090 325
1632100 325
1632110 327
1632120 327
1632130 328
1632140 328
1632150 329
1632160 330
1632170 330
1632180 331
1632190 331
1632200 331
1632210 332
1632220 332
1632230 332
1632240 331
1632250 329
1632260 329
1632270 327
1632280 323
1632290 323
1632300 319
1632310 317
1632320 317
1632330 317
1632340 321
1632350 321
1632360 324
1632370 327
1632380 327
1632390 330
1632400 333
1632410 333
1632420 336
1632430 338
1632440 338
1632450 339
1632460 340
1632470 340
1632480 341
1632490 341
1632500 341
1632510 341
1632520 341
1632530 341
1632540 341
1632550 341
1632560 341
1632570 341
1632580 341
1632590 341
1632600 341
1632610 341
1632620 341
1632630 342
1632640 342
1632650 342
1632660 342
1632670 343
1632680 343
1632690 344
1632700 345
1632710 345
1632720 345
1632730 345
1632740 345
1632750 345
1632760 345
1632770 345
1632780 345
1632790 346
1632800 346
1632810 346
1632820 347
1632830 347
1632840 347
1632850 348
1632860 348
1632870 348
1632880 349
1632890 349
1632900 349
1632910 349
1632920 349
1632930 350
1632940 350
1632950 350
1632960 350
1632970 351
1632980 351
1632990 352
1633000 352
1633010 352
1633020 352
1633030 352
1633040 352
1633050 353
1633060 353
1633070 353
1633080 352
1633090 352
1633100 352
1633110 352
1633120 352
1633130 352
1633140 351
1633150 350
1633160 350
1633170 349
1633180 348
1633190 348
1633200 348
1633210 347
1633220 347
1633230 345
1633240 345
1633250 345
1633260 344
1633270 343
1633280 343
1633290 343
1633300 343
1633310 343
1633320 343
1633330 344
1633340 344
1633350 344
1633360 344
1633370 344
1633380 343
1633390 343
1633400 343
1633410 342
1633420 341
1633430 341
1633440 340
1633450 339
1633460 339
1633470 339
1633480 338
1633490 338
1633500 337
1633510 337
1633520 337
1633530 336
1633540 336
1633550 336
1633560 335
1633570 335
1633580 335
1633590 335
1633600 335
1633610 335
1633620 334
1633630 334
1633640 334
1633650 333
1633660 333
1633670 333
1633680 333
1633690 332
1633700 332
1633710 331
1633720 331
1633730 331
1633740 330
1633750 329
1633760 329
1633770 328
1633780 327
1633790 327
1633800 326
1633810 325
1633820 325
1633830 323
1633840 322
1633850 322
1633860 321
1633870 319
1633880 319
1633890 318
1633900 317
1633910 317
1633920 316
1633930 315
1633940 315
1633950 315
1633960 315
1633970 315
1633980 316
1633990 317
1634000 317
1634010 318
1634020 319
1634030 319
1634040 320
1634050 321
1634060 321
1634070 323
1634080 325
1634090 325
1634100 327
1634110 328
1634120 328
1634130 329
1634140 330
1634150 330
1634160 331
1634170 332
1634180 332
1634190 333
1634200 334
1634210 334
1634220 335
1634230 335
1634240 335
1634250 336
1634260 337
1634270 337
1634280 337
1634290 336
1634300 336
1634310 336
1634320 336
1634330 336
1634340 336
1634350 335
1634360 335
1634370 335
1634380 335
1634390 335
1634400 334
1634410 334
1634420 334
1634430 334
1634440 333
1634450 333
1634460 333
1634470 332
1634480 332
1634490 332
1634500 331
1634510 331
1634520 330
1634530 330
1634540 330
1634550 329
1634560 328
1634570 328
1634580 327
1634590 327
1634600 327
1634610 326
1634620 325
1634630 325
1634640 324
1634650 324
1634660 324
1634670 323
1634680 322
1634690 322
1634700 321
1634710 320
1634720 320
1634730 319
1634740 317
1634750 317
1634760 316
1634770 315
1634780 315
1634790 314
1634800 313
1634810 313
1634820 311
1634830 310
1634840 310
1634850 308
1634860 307
1634870 307
1634880 305
1634890 304
1634900 304
1634910 303
1634920 301
1634930 301
1634940 300
1634950 297
1634960 297
1634970 295
1634980 292
1634990 292
1635000 288
1635010 287
1635020 287
1635030 285
1635040 282
1635050 282
1635060 278
1635070 275
1635080 275
1635090 273
1635100 271
1635110 271
1635120 270
1635130 270
1635140 270
1635150 271
1635160 272
1635170 272
1635180 275
1635190 278
1635200 278
1635210 283
1635220 287
1635230 287
1635240 292
1635250 293
1635260 293
1635270 293
1635280 295
1635290 295
1635300 298
1635310 301
1635320 301
1635330 304
1635340 308
1635350 308
1635360 311
1635370 314
1635380 314
1635390 317
1635400 318
1635410 318
1635420 319
1635430 320
1635440 320
1635450 319
1635460 318
1635470 318
1635480 317
1635490 316
1635500 316
1635510 313
1635520 309
1635530 309
1635540 306
1635550 304
1635560 304
1635570 302
1635580 302
1635590 302
1635600 301
1635610 299
1635620 299
1635630 297
1635640 296
1635650 296
1635660 293
1635670 291
1635680 291
1635690 290
1635700 290
1635710 290
1635720 289
1635730 288
1635740 288
1635750 286
1635760 285
1635770 285
1635780 282
1635790 278
1635800 278
1635810 274
1635820 273
1635830 273
1635840 273
1635850 272
1635860 272
1635870 273
1635880 273
1635890 273
1635900 273
1635910 273
1635920 273
1635930 273
1635940 274
1635950 274
1635960 274
1635970 275
1635980 275
1635990 276
1636000 276
1636010 276
1636020 277
1636030 277
1636040 277
1636050 277
1636060 278
1636070 278
1636080 279
1636090 279
1636100 279
1636110 281
1636120 282
1636130 282
1636140 283
1636150 284
1636160 284
1636170 286
1636180 289
1636190 289
1636200 292
1636210 293
1636220 293
1636230 296
1636240 298
1636250 298
1636260 300
1636270 302
1636280 302
1636290 304
1636300 305
1636310 305
1636320 306
1636330 307
1636340 307
1636350 308
1636360 309
1636370 309
1636380 310
1636390 312
1636400 312
1636410 313
1636420 314
1636430 314
1636440 315
1636450 316
1636460 316
1636470 317
1636480 318
1636490 318
1636500 319
1636510 320
1636520 320
1636530 321
1636540 322
1636550 322
1636560 323
1636570 323
1636580 323
1636590 324
1636600 325
1636610 325
1636620 325
1636630 326
1636640 326
1636650 326
1636660 327
1636670 327
1636680 327
1636690 327
1636700 327
1636710 327
1636720 326
1636730 326
1636740 326
1636750 325
1636760 325
1636770 325
1636780 324
1636790 324
1636800 324
1636810 323
1636820 323
1636830 322
1636840 320
1636850 320
1636860 316
1636870 315
1636880 315
1636890 313
1636900 312
1636910 312
1636920 312
1636930 314
1636940 314
1636950 318
1636960 321
1636970 321
1636980 322
1636990 322
1637000 322
1637010 320
1637020 318
1637030 318
1637040 316
1637050 314
1637060 314
1637070 315
1637080 317
1637090 317
1637100 318
1637110 320
1637120 320
1637130 324
1637140 328
1637150 328
1637160 332
1637170 336
1637180 336
1637190 341
1637200 346
1637210 346
1637220 349
1637230 352
1637240 352
1637250 354
1637260 356
1637270 356
1637280 358
1637290 359
1637300 359
1637310 361
1637320 362
1637330 362
1637340 363
1637350 363
1637360 363
1637370 364
1637380 364
1637390 364
1637400 365
1637410 366
1637420 366
1637430 366
1637440 367
1637450 367
1637460 367
1637470 368
1637480 368
1637490 368
1637500 368
1637510 368
1637520 368
1637530 367
1637540 367
1637550 366
1637560 365
1637570 365
1637580 363
1637590 361
1637600 361
1637610 359
1637620 357
1637630 357
1637640 358
1637650 359
1637660 359
1637670 359
1637680 359
1637690 359
1637700 358
1637710 358
1637720 358
1637730 359
1637740 360
1637750 360
1637760 361
1637770 362
1637780 362
1637790 364
1637800 366
1637810 366
1637820 369
1637830 371
1637840 371
1637850 374
1637860 377
1637870 377
1637880 380
1637890 383
1637900 383
1637910 386
1637920 389
1637930 389
1637940 392
1637950 395
1637960 395
1637970 397
1637980 398
1637990 398
1638000 399
1638010 400
1638020 400
1638030 402
1638040 402
1638050 402
1638060 403
1638070 403
1638080 403
1638090 403
1638100 402
1638110 401
1638120 401
1638130 400
1638140 398
1638150 398
1638160 397
1638170 396
1638180 396
1638190 395
1638200 394
1638210 394
1638220 394
1638230 394
1638240 394
1638250 395
1638260 395
1638270 395
1638280 394
1638290 393
1638300 393
1638310 392
1638320 391
1638330 391
1638340 390
1638350 390
1638360 390
1638370 391
1638380 392
1638390 392
1638400 393
1638410 394
1638420 394
1638430 395
1638440 395
1638450 395
1638460 397
1638470 398
1638480 398
1638490 400
1638500 402
1638510 402
1638520 403
1638530 404
1638540 404
1638550 404
1638560 405
1638570 405
1638580 406
1638590 408
1638600 408
1638610 409
1638620 409
1638630 409
1638640 410
1638650 412
1638660 412
1638670 413
1638680 413
1638690 413
1638700 414
1638710 415
1638720 415
1638730 416
1638740 417
1638750 417
1638760 418
1638770 418
1638780 418
1638790 419
1638800 420
1638810 420
1638820 421
1638830 421
1638840 421
1638850 421
1638860 421
1638870 421
1638880 422
1638890 422
1638900 422
1638910 423
1638920 423
1638930 423
1638940 424
1638950 424
1638960 424
1638970 424
1638980 426
1638990 426
1639000 426
1639010 426
1639020 426
1639030 426
1639040 427
1639050 427
1639060 427
1639070 427
1639080 427
1639090 427
1639100 426
1639110 426
1639120 426
1639130 425
1639140 425
1639150 424
1639160 424
1639170 424
1639180 423
1639190 422
1639200 422
1639210 420
1639220 419
1639230 419
1639240 416
1639250 414
1639260 414
1639270 411
1639280 409
1639290 409
1639300 405
1639310 402
1639320 402
1639330 399
1639340 397
1639350 397
1639360 394
1639370 392
1639380 392
1639390 389
1639400 387
1639410 387
1639420 386
1639430 384
1639440 384
1639450 383
1639460 382
1639470 382
1639480 381
1639490 380
1639500 380
1639510 379
1639520 378
1639530 378
1639540 377
1639550 376
1639560 376
1639570 375
1639580 374
1639590 374
1639600 374
1639610 374
1639620 374
1639630 373
1639640 372
1639650 372
1639660 371
1639670 369
1639680 369
1639690 368
1639700 366
1639710 366
1639720 365
1639730 366
1639740 366
1639750 364
1639760 364
1639770 364
1639780 364
1639790 362
1639800 362
1639810 360
1639820 362
1639830 362
1639840 364
1639850 365
1639860 365
1639870 367
1639880 370
1639890 370
1639900 374
1639910 377
1639920 377
1639930 379
1639940 382
1639950 382
1639960 384
1639970 385
1639980 385
1639990 386
