1620000 293
1620010 292
1620020 292
1620030 291
1620040 290
1620050 290
1620060 290
1620070 289
1620080 289
1620090 288
1620100 287
1620110 287
1620120 285
1620130 284
1620140 284
1620150 283
1620160 283
1620170 283
1620180 282
1620190 282
1620200 282
1620210 282
1620220 282
1620230 282
1620240 281
1620250 281
1620260 281
1620270 280
1620280 279
1620290 279
1620300 278
1620310 278
1620320 278
1620330 277
1620340 276
1620350 276
1620360 276
1620370 275
1620380 275
1620390 274
1620400 274
1620410 274
1620420 273
1620430 273
1620440 273
1620450 272
1620460 272
1620470 272
1620480 271
1620490 271
1620500 271
1620510 270
1620520 270
1620530 270
1620540 269
1620550 269
1620560 269
1620570 269
1620580 268
1620590 268
1620600 268
1620610 268
1620620 268
1620630 268
1620640 267
1620650 267
1620660 267
1620670 266
1620680 266
1620690 266
1620700 266
1620710 266
1620720 265
1620730 265
1620740 265
1620750 265
1620760 264
1620770 264
1620780 264
1620790 264
1620800 264
1620810 264
1620820 264
1620830 264
1620840 264
1620850 263
1620860 263
1620870 263
1620880 262
1620890 262
1620900 262
1620910 262
1620920 262
1620930 263
1620940 264
1620950 264
1620960 265
1620970 266
1620980 266
1620990 269
1621000 272
1621010 272
1621020 275
1621030 278
1621040 278
1621050 279
1621060 280
1621070 280
1621080 281
1621090 281
1621100 281
1621110 282
1621120 283
1621130 283
1621140 283
1621150 284
1621160 284
1621170 285
1621180 286
1621190 286
1621200 286
1621210 287
1621220 287
1621230 289
1621240 290
1621250 290
1621260 291
1621270 292
1621280 292
1621290 292
1621300 293
1621310 293
1621320 293
1621330 293
1621340 293
1621350 294
1621360 294
1621370 294
1621380 295
1621390 296
1621400 296
1621410 297
1621420 297
1621430 297
1621440 298
1621450 299
1621460 299
1621470 299
1621480 300
1621490 300
1621500 301
1621510 301
1621520 301
1621530 302
1621540 303
1621550 303
1621560 303
1621570 304
1621580 304
1621590 304
1621600 304
1621610 304
1621620 304
1621630 304
1621640 304
1621650 304
1621660 304
1621670 304
1621680 304
1621690 304
1621700 304
1621710 303
1621720 303
1621730 303
1621740 302
1621750 301
1621760 301
1621770 301
1621780 301
1621790 301
1621800 301
1621810 301
1621820 301
1621830 301
1621840 302
1621850 302
1621860 303
1621870 304
1621880 304
1621890 305
1621900 306
1621910 306
1621920 307
1621930 308
1621940 308
1621950 308
1621960 309
1621970 309
1621980 311
1621990 312
1622000 312
1622010 313
1622020 313
1622030 313
1622040 312
1622050 312
1622060 312
1622070 312
1622080 312
1622090 312
1622100 311
1622110 310
1622120 310
1622130 309
1622140 307
1622150 307
1622160 305
1622170 303
1622180 303
1622190 302
1622200 300
1622210 300
1622220 298
1622230 296
1622240 296
1622250 295
1622260 293
1622270 293
1622280 292
1622290 290
1622300 290
1622310 289
1622320 287
1622330 287
1622340 285
1622350 283
1622360 283
1622370 281
1622380 279
1622390 279
1622400 278
1622410 276
1622420 276
1622430 275
1622440 275
1622450 275
1622460 273
1622470 272
1622480 272
1622490 271
1622500 269
1622510 269
1622520 268
1622530 266
1622540 266
1622550 265
1622560 263
1622570 263
1622580 263
1622590 262
1622600 262
1622610 261
1622620 261
1622630 261
1622640 260
1622650 260
1622660 260
1622670 260
1622680 260
1622690 260
1622700 260
1622710 260
1622720 260
1622730 260
1622740 260
1622750 260
1622760 260
1622770 260
1622780 260
1622790 259
1622800 258
1622810 258
1622820 258
1622830 257
1622840 257
1622850 255
1622860 254
1622870 254
1622880 253
1622890 253
1622900 253
1622910 253
1622920 253
1622930 253
1622940 252
1622950 252
1622960 252
1622970 251
1622980 250
1622990 250
1623000 250
1623010 251
1623020 251
1623030 252
1623040 252
1623050 252
1623060 252
1623070 252
1623080 252
1623090 252
1623100 252
1623110 252
1623120 252
1623130 253
1623140 253
1623150 252
1623160 252
1623170 252
1623180 252
1623190 253
1623200 253
1623210 253
1623220 253
1623230 253
1623240 253
1623250 253
1623260 253
1623270 253
1623280 254
1623290 254
1623300 254
1623310 255
1623320 255
1623330 255
1623340 257
1623350 257
1623360 258
1623370 259
1623380 259
1623390 259
1623400 260
1623410 260
1623420 260
1623430 261
1623440 261
1623450 261
1623460 262
1623470 262
1623480 263
1623490 264
1623500 264
1623510 265
1623520 266
1623530 266
1623540 267
1623550 269
1623560 269
1623570 270
1623580 272
1623590 272
1623600 274
1623610 275
1623620 275
1623630 277
1623640 278
1623650 278
1623660 279
1623670 280
1623680 280
1623690 281
1623700 283
1623710 283
1623720 285
1623730 285
1623740 285
1623750 285
1623760 285
1623770 285
1623780 285
1623790 285
1623800 285
1623810 285
1623820 286
1623830 286
1623840 287
1623850 289
1623860 289
1623870 289
1623880 290
1623890 290
1623900 291
1623910 291
1623920 291
1623930 292
1623940 293
1623950 293
1623960 293
1623970 293
1623980 293
1623990 294
1624000 294
1624010 294
1624020 294
1624030 292
1624040 293
1624050 291
1624060 291
1624070 290
1624080 289
1624090 289
1624100 288
1624110 289
1624120 289
1624130 290
1624140 290
1624150 290
1624160 291
1624170 291
1624180 291
1624190 292
1624200 293
1624210 293
1624220 295
1624230 296
1624240 296
1624250 298
1624260 299
1624270 299
1624280 300
1624290 302
1624300 302
1624310 303
1624320 304
1624330 304
1624340 304
1624350 305
1624360 305
1624370 306
1624380 307
1624390 307
1624400 308
1624410 308
1624420 308
1624430 309
1624440 310
1624450 310
1624460 311
1624470 312
1624480 312
1624490 313
1624500 314
1624510 314
1624520 315
1624530 315
1624540 315
1624550 315
1624560 316
1624570 316
1624580 317
1624590 317
1624600 317
1624610 318
1624620 319
1624630 319
1624640 320
1624650 321
1624660 321
1624670 321
1624680 320
1624690 320
1624700 319
1624710 318
1624720 318
1624730 317
1624740 316
1624750 316
1624760 315
1624770 314
1624780 314
1624790 313
1624800 312
1624810 312
1624820 310
1624830 309
1624840 309
1624850 308
1624860 307
1624870 307
1624880 306
1624890 305
1624900 305
1624910 304
1624920 303
1624930 303
1624940 302
1624950 302
1624960 302
1624970 302
1624980 302
1624990 302
1625000 302
1625010 301
1625020 301
1625030 301
1625040 301
1625050 301
1625060 301
1625070 301
1625080 301
1625090 301
1625100 301
1625110 301
1625120 301
1625130 301
1625140 301
1625150 300
1625160 300
1625170 300
1625180 300
1625190 299
1625200 299
1625210 300
1625220 300
1625230 300
1625240 300
1625250 300
1625260 300
1625270 300
1625280 300
1625290 300
1625300 299
1625310 299
1625320 299
1625330 298
1625340 298
1625350 298
1625360 297
1625370 297
1625380 297
1625390 296
1625400 296
1625410 296
1625420 295
1625430 294
1625440 294
1625450 294
1625460 293
1625470 293
1625480 293
1625490 292
1625500 292
1625510 291
1625520 290
1625530 290
1625540 289
1625550 288
1625560 288
1625570 287
1625580 286
1625590 286
1625600 285
1625610 285
1625620 285
1625630 285
1625640 289
1625650 289
1625660 291
1625670 292
1625680 292
1625690 291
1625700 288
1625710 288
1625720 285
1625730 283
1625740 283
1625750 282
1625760 284
1625770 284
1625780 286
1625790 289
1625800 289
1625810 291
1625820 295
1625830 295
1625840 298
1625850 302
1625860 302
1625870 302
1625880 299
1625890 306
1625900 301
1625910 297
1625920 297
1625930 293
1625940 290
1625950 290
1625960 288
1625970 285
1625980 285
1625990 281
1626000 276
1626010 276
1626020 273
1626030 273
1626040 273
1626050 273
1626060 273
1626070 273
1626080 273
1626090 274
1626100 274
1626110 274
1626120 275
1626130 275
1626140 275
1626150 276
1626160 276
1626170 277
1626180 277
1626190 277
1626200 278
1626210 278
1626220 278
1626230 279
1626240 282
1626250 282
1626260 284
1626270 286
1626280 286
1626290 287
1626300 288
1626310 288
1626320 289
1626330 291
1626340 291
1626350 293
1626360 295
1626370 295
1626380 296
1626390 297
1626400 297
1626410 296
1626420 296
1626430 296
1626440 296
1626450 297
1626460 297
1626470 297
1626480 297
1626490 297
1626500 296
1626510 294
1626520 294
1626530 293
1626540 293
1626550 293
1626560 293
1626570 293
1626580 293
1626590 294
1626600 294
1626610 294
1626620 295
1626630 295
1626640 295
1626650 295
1626660 295
1626670 295
1626680 295
1626690 296
1626700 296
1626710 296
1626720 296
1626730 296
1626740 296
1626750 296
1626760 296
1626770 296
1626780 296
1626790 296
1626800 297
1626810 295
1626820 295
1626830 296
1626840 296
1626850 296
1626860 296
1626870 297
1626880 297
1626890 297
1626900 297
1626910 297
1626920 298
1626930 298
1626940 298
1626950 298
1626960 299
1626970 299
1626980 299
1626990 300
1627000 300
1627010 300
1627020 301
1627030 301
1627040 302
1627050 305
1627060 305
1627070 309
1627080 313
1627090 313
1627100 315
1627110 317
1627120 317
1627130 319
1627140 321
1627150 321
1627160 321
1627170 322
1627180 322
1627190 322
1627200 321
1627210 321
1627220 322
1627230 322
1627240 322
1627250 322
1627260 323
1627270 323
1627280 322
1627290 318
1627300 318
1627310 316
1627320 315
1627330 315
1627340 316
1627350 319
1627360 319
1627370 323
1627380 329
1627390 329
1627400 335
1627410 341
1627420 341
1627430 347
1627440 351
1627450 351
1627460 353
1627470 356
1627480 356
1627490 358
1627500 360
1627510 360
1627520 361
1627530 362
1627540 362
1627550 362
1627560 363
1627570 363
1627580 363
1627590 364
1627600 364
1627610 365
1627620 366
1627630 366
1627640 367
1627650 368
1627660 368
1627670 369
1627680 370
1627690 370
1627700 371
1627710 372
1627720 373
1627730 373
1627740 374
1627750 374
1627760 374
1627770 375
1627780 375
1627790 375
1627800 375
1627810 375
1627820 374
1627830 374
1627840 374
1627850 372
1627860 370
1627870 370
1627880 367
1627890 365
1627900 365
1627910 362
1627920 361
1627930 361
1627940 362
1627950 364
1627960 364
1627970 366
1627980 368
1627990 368
1628000 370
1628010 370
1628020 370
1628030 371
1628040 372
1628050 372
1628060 372
1628070 371
1628080 371
1628090 371
1628100 370
1628110 370
1628120 369
1628130 369
1628140 369
1628150 369
1628160 369
1628170 369
1628180 370
1628190 371
1628200 371
1628210 372
1628220 373
1628230 373
1628240 374
1628250 376
1628260 376
1628270 377
1628280 379
1628290 379
1628300 380
1628310 382
1628320 382
1628330 383
1628340 384
1628350 384
1628360 385
1628370 386
1628380 386
1628390 387
1628400 388
1628410 388
1628420 389
1628430 390
1628440 390
1628450 391
1628460 392
1628470 392
1628480 393
1628490 394
1628500 394
1628510 395
1628520 396
1628530 396
1628540 397
1628550 398
1628560 398
1628570 398
1628580 398
1628590 398
1628600 399
1628610 398
1628620 399
1628630 397
1628640 397
1628650 397
1628660 393
1628670 389
1628680 389
1628690 387
1628700 387
1628710 387
1628720 390
1628730 392
1628740 392
1628750 395
1628760 397
1628770 397
1628780 400
1628790 402
1628800 402
1628810 403
1628820 404
1628830 404
1628840 405
1628850 406
1628860 406
1628870 407
1628880 407
1628890 407
1628900 407
1628910 407
1628920 407
1628930 407
1628940 408
1628950 408
1628960 407
1628970 407
1628980 407
1628990 407
1629000 406
1629010 406
1629020 405
1629030 405
1629040 405
1629050 404
1629060 402
1629070 402
1629080 400
1629090 398
1629100 398
1629110 395
1629120 391
1629130 391
1629140 388
1629150 384
1629160 384
1629170 381
1629180 380
1629190 380
1629200 381
1629210 384
1629220 384
1629230 387
1629240 390
1629250 390
1629260 392
1629270 394
1629280 394
1629290 397
1629300 399
1629310 399
1629320 400
1629330 400
1629340 400
1629350 399
1629360 398
1629370 398
1629380 396
1629390 391
1629400 391
1629410 386
1629420 382
1629430 382
1629440 378
1629450 374
1629460 374
1629470 369
1629480 363
1629490 363
1629500 356
1629510 350
1629520 351
1629530 344
1629540 337
1629550 337
1629560 330
1629570 324
1629580 324
1629590 318
1629600 312
1629610 312
1629620 306
1629630 303
1629640 303
1629650 300
1629660 299
1629670 299
1629680 298
1629690 297
1629700 297
1629710 298
1629720 302
1629730 302
1629740 308
1629750 315
1629760 315
1629770 321
1629780 327
1629790 327
1629800 333
1629810 339
1629820 339
1629830 345
1629840 351
1629850 351
1629860 356
1629870 360
1629880 360
1629890 364
1629900 367
1629910 367
1629920 371
1629930 374
1629940 374
1629950 375
1629960 374
1629970 374
1629980 376
1629990 377
1630000 377
1630010 379
1630020 381
1630030 381
1630040 384
1630050 386
1630060 386
1630070 389
1630080 391
1630090 391
1630100 393
1630110 396
1630120 396
1630130 399
1630140 403
1630150 403
1630160 406
1630170 409
1630180 409
1630190 412
1630200 415
1630210 415
1630220 417
1630230 418
1630240 418
1630250 420
1630260 422
1630270 422
1630280 424
1630290 425
1630300 425
1630310 426
1630320 427
1630330 427
1630340 428
1630350 429
1630360 429
1630370 430
1630380 431
1630390 431
1630400 431
1630410 433
1630420 433
1630430 434
1630440 434
1630450 434
1630460 434
1630470 434
1630480 434
1630490 434
1630500 433
1630510 433
1630520 433
1630530 432
1630540 432
1630550 431
1630560 430
1630570 430
1630580 429
1630590 429
1630600 429
1630610 428
1630620 428
1630630 428
1630640 427
1630650 427
1630660 427
1630670 427
1630680 427
1630690 427
1630700 427
1630710 427
1630720 427
1630730 426
1630740 425
1630750 425
1630760 424
1630770 424
1630780 424
1630790 424
1630800 424
1630810 424
1630820 424
1630830 424
1630840 424
1630850 424
1630860 424
1630870 424
1630880 424
1630890 424
1630900 424
1630910 423
1630920 423
1630930 423
1630940 422
1630950 420
1630960 420
1630970 418
1630980 417
1630990 417
1631000 416
1631010 415
1631020 415
1631030 415
1631040 415
1631050 415
1631060 414
1631070 413
1631080 413
1631090 411
1631100 408
1631110 408
1631120 406
1631130 404
1631140 404
1631150 401
1631160 398
1631170 398
1631180 395
1631190 391
1631200 391
1631210 387
1631220 384
1631230 384
1631240 382
1631250 381
1631260 381
1631270 380
1631280 379
1631290 379
1631300 383
1631310 387
1631320 387
1631330 391
1631340 394
1631350 394
1631360 396
1631370 398
1631380 398
1631390 399
1631400 400
1631410 400
1631420 400
1631430 401
1631440 401
1631450 402
1631460 403
1631470 403
1631480 403
1631490 404
1631500 404
1631510 405
1631520 406
1631530 406
1631540 406
1631550 407
1631560 407
1631570 408
1631580 409
1631590 409
1631600 409
1631610 409
1631620 409
1631630 409
1631640 409
1631650 409
1631660 410
1631670 411
1631680 411
1631690 412
1631700 412
1631710 412
1631720 412
1631730 412
1631740 412
1631750 413
1631760 413
1631770 413
1631780 413
1631790 413
1631800 413
1631810 413
1631820 413
1631830 413
1631840 412
1631850 411
1631860 411
1631870 410
1631880 409
1631890 409
1631900 408
1631910 408
1631920 408
1631930 409
1631940 409
1631950 409
1631960 410
1631970 411
1631980 411
1631990 412
1632000 412
1632010 412
1632020 413
1632030 413
1632040 413
1632050 414
1632060 415
1632070 415
1632080 415
1632090 416
1632100 416
1632110 416
1632120 417
1632130 417
1632140 417
1632150 418
1632160 418
1632170 418
1632180 420
1632190 420
1632200 420
1632210 420
1632220 420
1632230 421
1632240 421
1632250 421
1632260 421
1632270 422
1632280 422
1632290 422
1632300 422
1632310 422
1632320 423
1632330 423
1632340 423
1632350 423
1632360 423
1632370 423
1632380 423
1632390 423
1632400 423
1632410 423
1632420 423
1632430 423
1632440 423
1632450 423
1632460 423
1632470 423
1632480 422
1632490 422
1632500 419
1632510 415
1632520 415
1632530 412
1632540 411
1632550 411
1632560 413
1632570 415
1632580 415
1632590 417
1632600 419
1632610 419
1632620 421
1632630 422
1632640 422
1632650 423
1632660 423
1632670 423
1632680 423
1632690 424
1632700 424
1632710 423
1632720 422
1632730 422
1632740 420
1632750 420
1632760 420
1632770 419
1632780 419
1632790 419
1632800 419
1632810 418
1632820 418
1632830 417
1632840 418
1632850 418
1632860 420
1632870 422
1632880 422
1632890 424
1632900 425
1632910 425
1632920 427
1632930 429
1632940 429
1632950 429
1632960 430
1632970 430
1632980 430
1632990 431
1633000 431
1633010 431
1633020 432
1633030 432
1633040 431
1633050 431
1633060 430
1633070 430
1633080 430
1633090 430
1633100 430
1633110 430
1633120 430
1633130 430
1633140 429
1633150 429
1633160 429
1633170 429
1633180 429
1633190 428
1633200 428
1633210 428
1633220 427
1633230 427
1633240 427
1633250 426
1633260 425
1633270 425
1633280 424
1633290 423
1633300 423
1633310 422
1633320 421
1633330 421
1633340 420
1633350 419
1633360 419
1633370 418
1633380 417
1633390 417
1633400 416
1633410 413
1633420 413
1633430 410
1633440 410
1633450 410
1633460 409
1633470 408
1633480 408
1633490 406
1633500 404
1633510 404
1633520 404
1633530 402
1633540 402
1633550 402
1633560 402
1633570 402
1633580 402
1633590 401
1633600 401
1633610 400
1633620 399
1633630 399
1633640 399
1633650 399
1633660 399
1633670 398
1633680 396
1633690 396
1633700 394
1633710 393
1633720 393
1633730 392
1633740 392
1633750 392
1633760 394
1633770 396
1633780 396
1633790 397
1633800 394
1633810 394
1633820 394
1633830 396
1633840 396
1633850 398
1633860 399
1633870 399
1633880 400
1633890 402
1633900 402
1633910 404
1633920 406
1633930 409
1633940 412
1633950 414
1633960 414
1633970 416
1633980 418
1633990 418
1634000 420
1634010 421
1634020 421
1634030 422
1634040 423
1634050 423
1634060 424
1634070 424
1634080 424
1634090 424
1634100 424
1634110 424
1634120 422
1634130 419
1634140 419
1634150 415
1634160 409
1634170 409
1634180 404
1634190 398
1634200 398
1634210 393
1634220 389
1634230 389
1634240 389
1634250 390
1634260 390
1634270 391
1634280 393
1634290 393
1634300 397
1634310 402
1634320 402
1634330 407
1634340 412
1634350 412
1634360 415
1634370 415
1634380 415
1634390 413
1634400 410
1634410 410
1634420 405
1634430 400
1634440 400
1634450 395
1634460 389
1634470 389
1634480 385
1634490 382
1634500 382
1634510 381
1634520 381
1634530 381
1634540 383
1634550 385
1634560 385
1634570 388
1634580 392
1634590 392
1634600 396
1634610 401
1634620 401
1634630 405
1634640 410
1634650 410
1634660 414
1634670 418
1634680 418
1634690 421
1634700 424
1634710 424
1634720 426
1634730 427
1634740 427
1634750 426
1634760 425
1634770 425
1634780 424
1634790 423
1634800 425
1634810 424
1634820 422
1634830 422
1634840 421
1634850 419
1634860 419
1634870 417
1634880 417
1634890 417
1634900 417
1634910 419
1634920 419
1634930 420
1634940 421
1634950 421
1634960 422
1634970 422
1634980 422
1634990 422
1635000 421
1635010 421
1635020 420
1635030 418
1635040 418
1635050 415
1635060 412
1635070 412
1635080 407
1635090 403
1635100 403
1635110 399
1635120 394
1635130 394
1635140 390
1635150 385
1635160 385
1635170 379
1635180 373
1635190 373
1635200 371
1635210 372
1635220 372
1635230 374
1635240 379
1635250 379
1635260 384
1635270 389
1635280 389
1635290 394
1635300 399
1635310 399
1635320 404
1635330 409
1635340 409
1635350 413
1635360 417
1635370 417
1635380 420
1635390 423
1635400 423
1635410 425
1635420 427
1635430 427
1635440 427
1635450 428
1635460 428
1635470 428
1635480 427
1635490 427
1635500 427
1635510 426
1635520 426
1635530 425
1635540 424
1635550 424
1635560 423
1635570 423
1635580 423
1635590 422
1635600 420
1635610 420
1635620 419
1635630 418
1635640 418
1635650 417
1635660 415
1635670 415
1635680 414
1635690 412
1635700 412
1635710 411
1635720 410
1635730 410
1635740 408
1635750 407
1635760 407
1635770 406
1635780 405
1635790 405
1635800 405
1635810 404
1635820 404
1635830 403
1635840 403
1635850 403
1635860 402
1635870 401
1635880 401
1635890 400
1635900 398
1635910 398
1635920 397
1635930 396
1635940 396
1635950 396
1635960 395
1635970 395
1635980 394
1635990 393
1636000 393
1636010 390
1636020 387
1636030 387
1636040 386
1636050 385
1636060 385
1636070 384
1636080 385
1636090 385
1636100 386
1636110 386
1636120 386
1636130 386
1636140 387
1636150 387
1636160 388
1636170 389
1636180 389
1636190 390
1636200 392
1636210 392
1636220 393
1636230 394
1636240 394
1636250 395
1636260 396
1636270 396
1636280 396
1636290 396
1636300 396
1636310 396
1636320 395
1636330 395
1636340 394
1636350 393
1636360 393
1636370 390
1636380 387
1636390 387
1636400 383
1636410 379
1636420 379
1636430 374
1636440 370
1636450 370
1636460 368
1636470 368
1636480 368
1636490 368
1636500 368
1636510 369
1636520 368
1636530 369
1636540 369
1636550 368
1636560 369
1636570 369
1636580 371
1636590 374
1636600 374
1636610 377
1636620 379
1636630 379
1636640 381
1636650 383
1636660 383
1636670 384
1636680 385
1636690 385
1636700 386
1636710 387
1636720 387
1636730 388
1636740 388
1636750 388
1636760 389
1636770 389
1636780 389
1636790 388
1636800 388
1636810 388
1636820 388
1636830 388
1636840 388
1636850 388
1636860 388
1636870 388
1636880 387
1636890 386
1636900 386
1636910 384
1636920 383
1636930 383
1636940 381
1636950 380
1636960 380
1636970 380
1636980 379
1636990 379
1637000 379
1637010 378
1637020 378
1637030 378
1637040 378
1637050 378
1637060 378
1637070 378
1637080 378
1637090 378
1637100 378
1637110 378
1637120 378
1637130 378
1637140 378
1637150 378
1637160 378
1637170 378
1637180 378
1637190 378
1637200 378
1637210 379
1637220 379
1637230 379
1637240 379
1637250 380
1637260 380
1637270 381
1637280 382
1637290 382
1637300 384
1637310 384
1637320 384
1637330 384
1637340 383
1637350 383
1637360 383
1637370 383
1637380 383
1637390 384
1637400 386
1637410 386
1637420 388
1637430 390
1637440 390
1637450 393
1637460 395
1637470 395
1637480 397
1637490 399
1637500 399
1637510 401
1637520 403
1637530 403
1637540 404
1637550 407
1637560 407
1637570 408
1637580 409
1637590 409
1637600 411
1637610 413
1637620 413
1637630 414
1637640 416
1637650 416
1637660 417
1637670 418
1637680 418
1637690 420
1637700 421
1637710 421
1637720 422
1637730 422
1637740 422
1637750 423
1637760 423
1637770 423
1637780 424
1637790 424
1637800 424
1637810 425
1637820 425
1637830 425
1637840 424
1637850 424
1637860 424
1637870 424
1637880 424
1637890 424
1637900 425
1637910 426
1637920 426
1637930 427
1637940 428
1637950 428
1637960 429
1637970 429
1637980 429
1637990 430
1638000 430
1638010 430
1638020 431
1638030 431
1638040 431
1638050 432
1638060 432
1638070 432
1638080 432
1638090 433
1638100 433
1638110 433
1638120 433
1638130 433
1638140 433
1638150 432
1638160 432
1638170 432
1638180 432
1638190 432
1638200 431
1638210 430
1638220 430
1638230 430
1638240 429
1638250 429
1638260 428
1638270 428
1638280 428
1638290 427
1638300 426
1638310 426
1638320 425
1638330 425
1638340 425
1638350 424
1638360 423
1638370 423
1638380 423
1638390 422
1638400 422
1638410 422
1638420 421
1638430 421
1638440 420
1638450 419
1638460 419
1638470 419
1638480 418
1638490 418
1638500 417
1638510 416
1638520 416
1638530 416
1638540 415
1638550 415
1638560 415
1638570 415
1638580 415
1638590 415
1638600 414
1638610 414
1638620 414
1638630 414
1638640 414
1638650 413
1638660 413
1638670 413
1638680 413
1638690 413
1638700 413
1638710 412
1638720 411
1638730 411
1638740 411
1638750 409
1638760 409
1638770 407
1638780 404
1638790 404
1638800 401
1638810 399
1638820 399
1638830 398
1638840 398
1638850 398
1638860 399
1638870 400
1638880 400
1638890 401
1638900 402
1638910 402
1638920 403
1638930 404
1638940 404
1638950 405
1638960 406
1638970 406
1638980 407
1638990 408
1639000 408
1639010 408
1639020 409
1639030 409
1639040 408
1639050 410
1639060 410
1639070 409
1639080 409
1639090 409
1639100 409
1639110 408
1639120 408
1639130 408
1639140 407
1639150 407
1639160 407
1639170 406
1639180 406
1639190 405
1639200 404
1639210 404
1639220 403
1639230 402
1639240 402
1639250 401
1639260 400
1639270 400
1639280 399
1639290 398
1639300 398
1639310 397
1639320 395
1639330 395
1639340 393
1639350 392
1639360 392
1639370 390
1639380 389
1639390 389
1639400 387
1639410 386
1639420 386
1639430 384
1639440 384
1639450 384
1639460 384
1639470 386
1639480 386
1639490 387
1639500 387
1639510 387
1639520 388
1639530 389
1639540 389
1639550 390
1639560 392
1639570 392
1639580 393
1639590 395
1639600 395
1639610 396
1639620 398
1639630 398
1639640 399
1639650 399
1639660 399
1639670 400
1639680 400
1639690 400
1639700 400
1639710 401
1639720 401
1639730 401
1639740 401
1639750 401
1639760 401
1639770 401
1639780 401
1639790 400
1639800 399
1639810 399
1639820 398
1639830 397
1639840 397
1639850 395
1639860 393
1639870 393
1639880 392
1639890 390
1639900 390
1639910 389
1639920 387
1639930 387
1639940 385
1639950 386
1639960 386
1639970 388
1639980 390
1639990 390
