1620000 297
1620010 296
1620020 296
1620030 296
1620040 295
1620050 295
1620060 294
1620070 293
1620080 293
1620090 292
1620100 291
1620110 291
1620120 290
1620130 290
1620140 290
1620150 290
1620160 289
1620170 289
1620180 288
1620190 287
1620200 287
1620210 287
1620220 286
1620230 286
1620240 286
1620250 285
1620260 285
1620270 285
1620280 285
1620290 285
1620300 284
1620310 283
1620320 283
1620330 283
1620340 282
1620350 282
1620360 281
1620370 280
1620380 280
1620390 279
1620400 278
1620410 278
1620420 278
1620430 277
1620440 277
1620450 276
1620460 276
1620470 276
1620480 275
1620490 274
1620500 274
1620510 274
1620520 273
1620530 273
1620540 273
1620550 272
1620560 272
1620570 272
1620580 271
1620590 271
1620600 271
1620610 270
1620620 270
1620630 270
1620640 269
1620650 269
1620660 268
1620670 267
1620680 267
1620690 267
1620700 266
1620710 266
1620720 266
1620730 266
1620740 266
1620750 265
1620760 265
1620770 265
1620780 264
1620790 264
1620800 264
1620810 264
1620820 263
1620830 263
1620840 263
1620850 262
1620860 262
1620870 262
1620880 261
1620890 261
1620900 261
1620910 261
1620920 261
1620930 261
1620940 261
1620950 261
1620960 262
1620970 263
1620980 263
1620990 262
1621000 262
1621010 262
1621020 263
1621030 265
1621040 265
1621050 266
1621060 267
1621070 267
1621080 266
1621090 267
1621100 267
1621110 267
1621120 268
1621130 268
1621140 268
1621150 269
1621160 269
1621170 270
1621180 272
1621190 272
1621200 272
1621210 273
1621220 273
1621230 276
1621240 278
1621250 278
1621260 280
1621270 282
1621280 282
1621290 283
1621300 284
1621310 284
1621320 285
1621330 286
1621340 286
1621350 288
1621360 289
1621370 289
1621380 291
1621390 292
1621400 292
1621410 293
1621420 294
1621430 294
1621440 296
1621450 297
1621460 297
1621470 298
1621480 298
1621490 298
1621500 299
1621510 300
1621520 300
1621530 300
1621540 300
1621550 300
1621560 301
1621570 301
1621580 301
1621590 301
1621600 301
1621610 301
1621620 301
1621630 300
1621640 300
1621650 299
1621660 299
1621670 299
1621680 298
1621690 296
1621700 296
1621710 295
1621720 294
1621730 294
1621740 293
1621750 291
1621760 291
1621770 290
1621780 289
1621790 289
1621800 288
1621810 288
1621820 288
1621830 289
1621840 292
1621850 292
1621860 293
1621870 295
1621880 295
1621890 297
1621900 299
1621910 299
1621920 300
1621930 301
1621940 301
1621950 302
1621960 303
1621970 303
1621980 303
1621990 305
1622000 305
1622010 306
1622020 306
1622030 306
1622040 306
1622050 305
1622060 305
1622070 305
1622080 304
1622090 304
1622100 303
1622110 302
1622120 302
1622130 301
1622140 299
1622150 299
1622160 297
1622170 294
1622180 294
1622190 291
1622200 288
1622210 288
1622220 287
1622230 285
1622240 285
1622250 283
1622260 282
1622270 282
1622280 281
1622290 279
1622300 279
1622310 277
1622320 276
1622330 276
1622340 275
1622350 274
1622360 274
1622370 273
1622380 272
1622390 272
1622400 271
1622410 269
1622420 269
1622430 268
1622440 268
1622450 268
1622460 267
1622470 266
1622480 266
1622490 266
1622500 265
1622510 265
1622520 264
1622530 263
1622540 263
1622550 261
1622560 260
1622570 260
1622580 259
1622590 258
1622600 258
1622610 258
1622620 257
1622630 257
1622640 257
1622650 256
1622660 256
1622670 256
1622680 255
1622690 255
1622700 255
1622710 255
1622720 255
1622730 254
1622740 254
1622750 254
1622760 253
1622770 253
1622780 254
1622790 253
1622800 253
1622810 253
1622820 253
1622830 253
1622840 253
1622850 253
1622860 253
1622870 253
1622880 252
1622890 251
1622900 251
1622910 250
1622920 251
1622930 251
1622940 252
1622950 252
1622960 252
1622970 252
1622980 252
1622990 252
1623000 252
1623010 252
1623020 252
1623030 252
1623040 252
1623050 252
1623060 252
1623070 252
1623080 252
1623090 252
1623100 252
1623110 252
1623120 252
1623130 252
1623140 252
1623150 252
1623160 253
1623170 253
1623180 253
1623190 253
1623200 253
1623210 253
1623220 253
1623230 253
1623240 253
1623250 253
1623260 253
1623270 253
1623280 254
1623290 254
1623300 254
1623310 254
1623320 254
1623330 255
1623340 255
1623350 255
1623360 255
1623370 256
1623380 256
1623390 256
1623400 257
1623410 257
1623420 257
1623430 257
1623440 257
1623450 258
1623460 259
1623470 259
1623480 260
1623490 261
1623500 261
1623510 262
1623520 263
1623530 263
1623540 263
1623550 264
1623560 264
1623570 264
1623580 265
1623590 265
1623600 266
1623610 267
1623620 267
1623630 268
1623640 269
1623650 269
1623660 271
1623670 271
1623680 271
1623690 272
1623700 273
1623710 276
1623720 276
1623730 278
1623740 278
1623750 280
1623760 281
1623770 281
1623780 282
1623790 285
1623800 285
1623810 286
1623820 286
1623830 286
1623840 286
1623850 286
1623860 286
1623870 287
1623880 287
1623890 287
1623900 287
1623910 287
1623920 287
1623930 288
1623940 288
1623950 288
1623960 288
1623970 287
1623980 287
1623990 287
1624000 285
1624010 285
1624020 284
1624030 284
1624040 284
1624050 283
1624060 283
1624070 283
1624080 283
1624090 285
1624100 285
1624110 286
1624120 287
1624130 287
1624140 288
1624150 290
1624160 290
1624170 291
1624180 292
1624190 292
1624200 293
1624210 296
1624220 296
1624230 298
1624240 299
1624250 299
1624260 300
1624270 301
1624280 301
1624290 302
1624300 303
1624310 303
1624320 304
1624330 305
1624340 305
1624350 306
1624360 307
1624370 307
1624380 308
1624390 313
1624400 313
1624410 318
1624420 318
1624430 318
1624440 315
1624450 313
1624460 313
1624470 314
1624480 315
1624490 315
1624500 317
1624510 319
1624520 319
1624530 320
1624540 321
1624550 321
1624560 318
1624570 320
1624580 320
1624590 323
1624600 326
1624610 326
1624620 328
1624630 328
1624640 327
1624650 327
1624660 328
1624670 328
1624680 328
1624690 327
1624700 327
1624710 327
1624720 327
1624730 327
1624740 327
1624750 325
1624760 325
1624770 323
1624780 320
1624790 320
1624800 316
1624810 312
1624820 312
1624830 310
1624840 308
1624850 308
1624860 307
1624870 305
1624880 305
1624890 304
1624900 302
1624910 302
1624920 301
1624930 299
1624940 299
1624950 297
1624960 295
1624970 295
1624980 294
1624990 294
1625000 294
1625010 293
1625020 294
1625030 294
1625040 294
1625050 294
1625060 294
1625070 294
1625080 294
1625090 294
1625100 294
1625110 294
1625120 294
1625130 293
1625140 293
1625150 293
1625160 292
1625170 291
1625180 291
1625190 291
1625200 291
1625210 291
1625220 292
1625230 292
1625240 292
1625250 292
1625260 292
1625270 292
1625280 292
1625290 292
1625300 292
1625310 291
1625320 291
1625330 291
1625340 290
1625350 290
1625360 290
1625370 290
1625380 289
1625390 289
1625400 288
1625410 287
1625420 287
1625430 286
1625440 286
1625450 286
1625460 285
1625470 285
1625480 285
1625490 285
1625500 285
1625510 285
1625520 285
1625530 285
1625540 285
1625550 285
1625560 285
1625570 285
1625580 283
1625590 282
1625600 282
1625610 281
1625620 280
1625630 280
1625640 279
1625650 278
1625660 278
1625670 276
1625680 275
1625690 275
1625700 274
1625710 274
1625720 274
1625730 273
1625740 272
1625750 272
1625760 272
1625770 272
1625780 272
1625790 272
1625800 272
1625810 272
1625820 272
1625830 272
1625840 272
1625850 272
1625860 272
1625870 272
1625880 273
1625890 274
1625900 274
1625910 273
1625920 272
1625930 272
1625940 272
1625950 273
1625960 273
1625970 275
1625980 276
1625990 276
1626000 274
1626010 274
1626020 274
1626030 274
1626040 275
1626050 275
1626060 275
1626070 276
1626080 276
1626090 276
1626100 278
1626110 278
1626120 280
1626130 282
1626140 282
1626150 283
1626160 284
1626170 284
1626180 285
1626190 286
1626200 286
1626210 287
1626220 288
1626230 288
1626240 289
1626250 290
1626260 290
1626270 291
1626280 291
1626290 291
1626300 292
1626310 292
1626320 292
1626330 294
1626340 297
1626350 297
1626360 299
1626370 301
1626380 301
1626390 303
1626400 304
1626410 304
1626420 306
1626430 307
1626440 307
1626450 307
1626460 308
1626470 308
1626480 307
1626490 307
1626500 307
1626510 307
1626520 307
1626530 307
1626540 308
1626550 309
1626560 309
1626570 309
1626580 308
1626590 308
1626600 308
1626610 306
1626620 306
1626630 307
1626640 310
1626650 310
1626660 312
1626670 314
1626680 314
1626690 314
1626700 313
1626710 313
1626720 312
1626730 312
1626740 312
1626750 311
1626760 309
1626770 309
1626780 308
1626790 305
1626800 305
1626810 303
1626820 303
1626830 303
1626840 304
1626850 305
1626860 305
1626870 307
1626880 309
1626890 309
1626900 310
1626910 312
1626920 312
1626930 313
1626940 314
1626950 314
1626960 316
1626970 318
1626980 318
1626990 320
1627000 321
1627010 321
1627020 321
1627030 319
1627040 319
1627050 318
1627060 316
1627070 316
1627080 316
1627090 316
1627100 316
1627110 316
1627120 317
1627130 317
1627140 317
1627150 319
1627160 319
1627170 320
1627180 321
1627190 321
1627200 321
1627210 321
1627220 321
1627230 321
1627240 320
1627250 320
1627260 318
1627270 315
1627280 315
1627290 311
1627300 309
1627310 309
1627320 309
1627330 311
1627340 311
1627350 312
1627360 314
1627370 314
1627380 317
1627390 321
1627400 325
1627410 330
1627420 333
1627430 333
1627440 336
1627450 338
1627460 338
1627470 339
1627480 339
1627490 339
1627500 339
1627510 339
1627520 339
1627530 341
1627540 343
1627550 343
1627560 347
1627570 350
1627580 350
1627590 354
1627600 358
1627610 358
1627620 361
1627630 364
1627640 364
1627650 366
1627660 368
1627670 368
1627680 370
1627690 371
1627700 371
1627710 373
1627720 373
1627730 373
1627740 374
1627750 374
1627760 374
1627770 374
1627780 374
1627790 374
1627800 374
1627810 372
1627820 372
1627830 369
1627840 365
1627850 365
1627860 361
1627870 357
1627880 357
1627890 353
1627900 351
1627910 351
1627920 353
1627930 355
1627940 355
1627950 359
1627960 361
1627970 361
1627980 362
1627990 362
1628000 362
1628010 362
1628020 361
1628030 361
1628040 359
1628050 358
1628060 358
1628070 357
1628080 356
1628090 356
1628100 357
1628110 358
1628120 358
1628130 359
1628140 360
1628150 360
1628160 361
1628170 361
1628180 361
1628190 362
1628200 362
1628210 362
1628220 363
1628230 364
1628240 364
1628250 365
1628260 366
1628270 366
1628280 367
1628290 369
1628300 370
1628310 371
1628320 373
1628330 373
1628340 375
1628350 376
1628360 376
1628370 377
1628380 379
1628390 379
1628400 380
1628410 381
1628420 381
1628430 383
1628440 384
1628450 384
1628460 385
1628470 386
1628480 386
1628490 387
1628500 388
1628510 388
1628520 390
1628530 391
1628540 391
1628550 391
1628560 392
1628570 392
1628580 393
1628590 394
1628600 394
1628610 394
1628620 394
1628630 394
1628640 394
1628650 392
1628660 392
1628670 390
1628680 386
1628690 386
1628700 382
1628710 380
1628720 380
1628730 379
1628740 381
1628750 381
1628760 384
1628770 388
1628780 388
1628790 392
1628800 395
1628810 395
1628820 398
1628830 399
1628840 399
1628850 400
1628860 401
1628870 401
1628880 401
1628890 401
1628900 401
1628910 401
1628920 401
1628930 401
1628940 402
1628950 402
1628960 402
1628970 402
1628980 401
1628990 401
1629000 401
1629010 401
1629020 401
1629030 400
1629040 399
1629050 399
1629060 398
1629070 397
1629080 397
1629090 395
1629100 393
1629110 393
1629120 391
1629130 388
1629140 388
1629150 385
1629160 382
1629170 382
1629180 379
1629190 377
1629200 377
1629210 379
1629220 382
1629230 382
1629240 387
1629250 392
1629260 392
1629270 395
1629280 398
1629290 398
1629300 399
1629310 399
1629320 399
1629330 399
1629340 397
1629350 397
1629360 394
1629370 390
1629380 390
1629390 386
1629400 380
1629410 380
1629420 375
1629430 369
1629440 369
1629450 365
1629460 360
1629470 360
1629480 355
1629490 350
1629500 350
1629510 344
1629520 339
1629530 339
1629540 333
1629550 327
1629560 327
1629570 322
1629580 316
1629590 316
1629600 310
1629610 303
1629620 303
1629630 300
1629640 297
1629650 297
1629660 295
1629670 296
1629680 296
1629690 297
1629700 300
1629710 300
1629720 303
1629730 307
1629740 307
1629750 315
1629760 323
1629770 323
1629780 329
1629790 334
1629800 334
1629810 340
1629820 345
1629830 345
1629840 351
1629850 357
1629860 357
1629870 363
1629880 369
1629890 369
1629900 375
1629910 381
1629920 381
1629930 387
1629940 390
1629950 390
1629960 390
1629970 388
1629980 388
1629990 386
1630000 386
1630010 386
1630020 390
1630030 392
1630040 392
1630050 394
1630060 397
1630070 397
1630080 400
1630090 404
1630100 403
1630110 407
1630120 410
1630130 410
1630140 412
1630150 414
1630160 414
1630170 415
1630180 417
1630190 417
1630200 418
1630210 419
1630220 419
1630230 420
1630240 421
1630250 421
1630260 422
1630270 423
1630280 423
1630290 424
1630300 425
1630310 425
1630320 425
1630330 426
1630340 426
1630350 426
1630360 426
1630370 426
1630380 427
1630390 427
1630400 427
1630410 427
1630420 428
1630430 428
1630440 428
1630450 428
1630460 428
1630470 428
1630480 428
1630490 428
1630500 428
1630510 427
1630520 427
1630530 427
1630540 426
1630550 426
1630560 425
1630570 424
1630580 424
1630590 423
1630600 422
1630610 422
1630620 421
1630630 420
1630640 420
1630650 416
1630660 415
1630670 415
1630680 418
1630690 420
1630700 420
1630710 420
1630720 421
1630730 421
1630740 422
1630750 423
1630760 423
1630770 423
1630780 423
1630790 423
1630800 424
1630810 424
1630820 424
1630830 424
1630840 424
1630850 424
1630860 425
1630870 425
1630880 425
1630890 426
1630900 426
1630910 426
1630920 426
1630930 425
1630940 425
1630950 425
1630960 425
1630970 425
1630980 425
1630990 425
1631000 425
1631010 424
1631020 423
1631030 423
1631040 421
1631050 419
1631060 419
1631070 417
1631080 414
1631090 414
1631100 411
1631110 408
1631120 408
1631130 406
1631140 404
1631150 404
1631160 402
1631170 400
1631180 400
1631190 398
1631200 396
1631210 396
1631220 395
1631230 393
1631240 393
1631250 392
1631260 390
1631270 390
1631280 390
1631290 389
1631300 389
1631310 389
1631320 387
1631330 387
1631340 386
1631350 386
1631360 386
1631370 389
1631380 391
1631390 391
1631400 392
1631410 394
1631420 394
1631430 395
1631440 396
1631450 396
1631460 396
1631470 397
1631480 397
1631490 398
1631500 399
1631510 399
1631520 401
1631530 402
1631540 402
1631550 402
1631560 402
1631570 402
1631580 402
1631590 403
1631600 403
1631610 403
1631620 404
1631630 404
1631640 404
1631650 405
1631660 405
1631670 405
1631680 405
1631690 405
1631700 406
1631710 406
1631720 406
1631730 406
1631740 406
1631750 406
1631760 406
1631770 406
1631780 406
1631790 406
1631800 405
1631810 405
1631820 405
1631830 405
1631840 405
1631850 404
1631860 403
1631870 404
1631880 403
1631890 401
1631900 401
1631910 401
1631920 403
1631930 403
1631940 405
1631950 406
1631960 406
1631970 407
1631980 407
1631990 407
1632000 409
1632010 409
1632020 409
1632030 409
1632040 409
1632050 409
1632060 409
1632070 409
1632080 409
1632090 409
1632100 410
1632110 410
1632120 410
1632130 410
1632140 410
1632150 410
1632160 411
1632170 411
1632180 411
1632190 412
1632200 412
1632210 412
1632220 413
1632230 413
1632240 413
1632250 413
1632260 413
1632270 414
1632280 414
1632290 414
1632300 414
1632310 414
1632320 414
1632330 414
1632340 413
1632350 413
1632360 413
1632370 413
1632380 413
1632390 413
1632400 413
1632410 413
1632420 412
1632430 412
1632440 412
1632450 411
1632460 409
1632470 409
1632480 407
1632490 405
1632500 405
1632510 401
1632520 402
1632530 402
1632540 404
1632550 405
1632560 405
1632570 406
1632580 406
1632590 406
1632600 406
1632610 406
1632620 406
1632630 406
1632640 407
1632650 407
1632660 408
1632670 408
1632680 408
1632690 410
1632700 412
1632710 412
1632720 414
1632730 416
1632740 416
1632750 417
1632760 419
1632770 419
1632780 419
1632790 420
1632800 420
1632810 421
1632820 422
1632830 422
1632840 424
1632850 425
1632860 425
1632870 427
1632880 429
1632890 429
1632900 431
1632910 432
1632920 432
1632930 433
1632940 435
1632950 435
1632960 436
1632970 436
1632980 436
1632990 437
1633000 438
1633010 438
1633020 439
1633030 440
1633040 440
1633050 441
1633060 441
1633070 441
1633080 441
1633090 440
1633100 440
1633110 440
1633120 440
1633130 440
1633140 440
1633150 439
1633160 439
1633170 439
1633180 438
1633190 438
1633200 438
1633210 437
1633220 437
1633230 437
1633240 436
1633250 436
1633260 436
1633270 435
1633280 435
1633290 434
1633300 433
1633310 433
1633320 432
1633330 431
1633340 431
1633350 430
1633360 429
1633370 429
1633380 428
1633390 427
1633400 427
1633410 426
1633420 426
1633430 426
1633440 425
1633450 424
1633460 424
1633470 424
1633480 423
1633490 423
1633500 423
1633510 422
1633520 422
1633530 421
1633540 420
1633550 420
1633560 419
1633570 418
1633580 418
1633590 417
1633600 416
1633610 416
1633620 414
1633630 413
1633640 413
1633650 411
1633660 411
1633670 411
1633680 409
1633690 409
1633700 407
1633710 406
1633720 406
1633730 404
1633740 401
1633750 401
1633760 398
1633770 396
1633780 396
1633790 395
1633800 393
1633810 393
1633820 392
1633830 389
1633840 389
1633850 388
1633860 388
1633870 388
1633880 388
1633890 389
1633900 389
1633910 391
1633920 392
1633930 392
1633940 393
1633950 394
1633960 394
1633970 396
1633980 398
1633990 398
1634000 400
1634010 402
1634020 402
1634030 404
1634040 405
1634050 405
1634060 407
1634070 408
1634080 408
1634090 408
1634100 408
1634110 408
1634120 408
1634130 408
1634140 408
1634150 408
1634160 406
1634170 406
1634180 403
1634190 400
1634200 400
1634210 396
1634220 390
1634230 390
1634240 385
1634250 381
1634260 381
1634270 381
1634280 381
1634290 381
1634300 382
1634310 383
1634320 383
1634330 386
1634340 388
1634350 388
1634360 391
1634370 393
1634380 393
1634390 394
1634400 395
1634410 395
1634420 396
1634430 395
1634440 395
1634450 393
1634460 390
1634470 390
1634480 385
1634490 379
1634500 379
1634510 376
1634520 377
1634530 377
1634540 379
1634550 383
1634560 383
1634570 387
1634580 392
1634590 392
1634600 396
1634610 401
1634620 401
1634630 404
1634640 407
1634650 407
1634660 410
1634670 412
1634680 412
1634690 413
1634700 414
1634710 414
1634720 414
1634730 414
1634740 414
1634750 413
1634760 412
1634770 412
1634780 410
1634790 408
1634800 408
1634810 406
1634820 405
1634830 405
1634840 402
1634850 400
1634860 400
1634870 396
1634880 394
1634890 394
1634900 393
1634910 393
1634920 393
1634930 393
1634940 393
1634950 393
1634960 392
1634970 391
1634980 391
1634990 390
1635000 390
1635010 390
1635020 389
1635030 387
1635040 387
1635050 384
1635060 381
1635070 381
1635080 376
1635090 373
1635100 373
1635110 370
1635120 369
1635130 369
1635140 368
1635150 368
1635160 368
1635170 370
1635180 373
1635190 373
1635200 376
1635210 380
1635220 380
1635230 382
1635240 386
1635250 386
1635260 390
1635270 395
1635280 395
1635290 399
1635300 404
1635310 404
1635320 408
1635330 413
1635340 413
1635350 417
1635360 421
1635370 421
1635380 423
1635390 424
1635400 424
1635410 425
1635420 426
1635430 426
1635440 427
1635450 427
1635460 427
1635470 427
1635480 427
1635490 427
1635500 427
1635510 427
1635520 427
1635530 426
1635540 426
1635550 426
1635560 425
1635570 424
1635580 424
1635590 423
1635600 422
1635610 422
1635620 421
1635630 420
1635640 420
1635650 419
1635660 418
1635670 418
1635680 417
1635690 416
1635700 416
1635710 415
1635720 414
1635730 414
1635740 413
1635750 413
1635760 413
1635770 413
1635780 413
1635790 413
1635800 413
1635810 413
1635820 413
1635830 413
1635840 412
1635850 412
1635860 412
1635870 412
1635880 412
1635890 411
1635900 411
1635910 411
1635920 410
1635930 410
1635940 410
1635950 409
1635960 408
1635970 408
1635980 408
1635990 406
1636000 406
1636010 405
1636020 404
1636030 404
1636040 403
1636050 401
1636060 401
1636070 399
1636080 398
1636090 398
1636100 396
1636110 395
1636120 395
1636130 393
1636140 392
1636150 392
1636160 390
1636170 387
1636180 387
1636190 385
1636200 383
1636210 380
1636220 378
1636230 377
1636240 377
1636250 377
1636260 378
1636270 378
1636280 379
1636290 379
1636300 379
1636310 379
1636320 380
1636330 380
1636340 380
1636350 380
1636360 380
1636370 380
1636380 379
1636390 379
1636400 377
1636410 375
1636420 375
1636430 373
1636440 370
1636450 370
1636460 369
1636470 369
1636480 369
1636490 368
1636500 368
1636510 368
1636520 368
1636530 368
1636540 368
1636550 368
1636560 368
1636570 368
1636580 370
1636590 372
1636600 372
1636610 374
1636620 376
1636630 376
1636640 377
1636650 378
1636660 378
1636670 378
1636680 377
1636690 377
1636700 376
1636710 376
1636720 376
1636730 375
1636740 374
1636750 374
1636760 373
1636770 373
1636780 373
1636790 372
1636800 372
1636810 372
1636820 372
1636830 372
1636840 372
1636850 372
1636860 372
1636870 372
1636880 373
1636890 373
1636900 373
1636910 373
1636920 373
1636930 373
1636940 373
1636950 374
1636960 374
1636970 375
1636980 376
1636990 376
1637000 378
1637010 379
1637020 379
1637030 381
1637040 382
1637050 382
1637060 379
1637070 381
1637080 381
1637090 382
1637100 383
1637110 383
1637120 384
1637130 388
1637140 388
1637150 390
1637160 392
1637170 392
1637180 393
1637190 394
1637200 394
1637210 395
1637220 396
1637230 396
1637240 397
1637250 398
1637260 398
1637270 399
1637280 400
1637290 400
1637300 401
1637310 401
1637320 401
1637330 402
1637340 402
1637350 402
1637360 402
1637370 401
1637380 401
1637390 400
1637400 397
1637410 397
1637420 394
1637430 391
1637440 391
1637450 388
1637460 386
1637470 386
1637480 385
1637490 386
1637500 386
1637510 387
1637520 389
1637530 389
1637540 391
1637550 393
1637560 393
1637570 395
1637580 397
1637590 397
1637600 399
1637610 401
1637620 401
1637630 403
1637640 404
1637650 404
1637660 405
1637670 406
1637680 406
1637690 407
1637700 408
1637710 408
1637720 408
1637730 408
1637740 408
1637750 408
1637760 407
1637770 407
1637780 406
1637790 405
1637800 405
1637810 405
1637820 405
1637830 405
1637840 407
1637850 409
1637860 409
1637870 411
1637880 412
1637890 412
1637900 414
1637910 415
1637920 415
1637930 417
1637940 419
1637950 419
1637960 420
1637970 422
1637980 422
1637990 423
1638000 424
1638010 424
1638020 426
1638030 427
1638040 427
1638050 428
1638060 429
1638070 429
1638080 430
1638090 431
1638100 431
1638110 432
1638120 432
1638130 432
1638140 433
1638150 433
1638160 433
1638170 433
1638180 432
1638190 432
1638200 432
1638210 432
1638220 432
1638230 431
1638240 431
1638250 431
1638260 430
1638270 430
1638280 430
1638290 430
1638300 430
1638310 430
1638320 430
1638330 430
1638340 430
1638350 428
1638360 426
1638370 426
1638380 424
1638390 422
1638400 422
1638410 421
1638420 419
1638430 419
1638440 418
1638450 417
1638460 417
1638470 416
1638480 415
1638490 415
1638500 414
1638510 412
1638520 412
1638530 411
1638540 410
1638550 410
1638560 409
1638570 408
1638580 408
1638590 406
1638600 405
1638610 405
1638620 404
1638630 404
1638640 404
1638650 405
1638660 406
1638670 406
1638680 406
1638690 406
1638700 406
1638710 406
1638720 406
1638730 406
1638740 406
1638750 406
1638760 407
1638770 407
1638780 407
1638790 407
1638800 406
1638810 406
1638820 406
1638830 406
1638840 405
1638850 405
1638860 403
1638870 400
1638880 400
1638890 398
1638900 397
1638910 397
1638920 396
1638930 394
1638940 394
1638950 393
1638960 392
1638970 392
1638980 392
1638990 392
1639000 392
1639010 393
1639020 394
1639030 394
1639040 396
1639050 398
1639060 398
1639070 399
1639080 400
1639090 400
1639100 399
1639110 399
1639120 399
1639130 398
1639140 397
1639150 397
1639160 396
1639170 396
1639180 396
1639190 396
1639200 395
1639210 395
1639220 394
1639230 394
1639240 394
1639250 393
1639260 392
1639270 392
1639280 391
1639290 391
1639300 391
1639310 389
1639320 388
1639330 388
1639340 388
1639350 387
1639360 387
1639370 386
1639380 386
1639390 386
1639400 385
1639410 384
1639420 384
1639430 383
1639440 382
1639450 382
1639460 382
1639470 381
1639480 381
1639490 381
1639500 380
1639510 380
1639520 380
1639530 381
1639540 381
1639550 382
1639560 383
1639570 383
1639580 383
1639590 384
1639600 385
1639610 386
1639620 387
1639630 387
1639640 387
1639650 388
1639660 388
1639670 389
1639680 389
1639690 389
1639700 390
1639710 391
1639720 391
1639730 391
1639740 392
1639750 392
1639760 392
1639770 393
1639780 393
1639790 393
1639800 393
1639810 393
1639820 393
1639830 392
1639840 392
1639850 390
1639860 387
1639870 387
1639880 385
1639890 383
1639900 383
1639910 382
1639920 381
1639930 381
1639940 379
1639950 382
1639960 382
1639970 385
1639980 387
1639990 387
