1620000 320
1620010 320
1620020 319
1620030 318
1620040 318
1620050 317
1620060 316
1620070 316
1620080 316
1620090 315
1620100 315
1620110 314
1620120 314
1620130 314
1620140 313
1620150 313
1620160 313
1620170 314
1620180 314
1620190 314
1620200 314
1620210 314
1620220 314
1620230 314
1620240 314
1620250 314
1620260 313
1620270 313
1620280 313
1620290 312
1620300 311
1620310 311
1620320 311
1620330 310
1620340 310
1620350 309
1620360 308
1620370 308
1620380 308
1620390 307
1620400 307
1620410 306
1620420 306
1620430 306
1620440 305
1620450 304
1620460 304
1620470 303
1620480 302
1620490 302
1620500 301
1620510 300
1620520 300
1620530 299
1620540 298
1620550 298
1620560 297
1620570 296
1620580 296
1620590 295
1620600 294
1620610 294
1620620 293
1620630 292
1620640 292
1620650 291
1620660 291
1620670 291
1620680 291
1620690 293
1620700 293
1620710 293
1620720 294
1620730 294
1620740 295
1620750 296
1620760 296
1620770 297
1620780 297
1620790 297
1620800 297
1620810 298
1620820 298
1620830 298
1620840 297
1620850 297
1620860 297
1620870 296
1620880 296
1620890 295
1620900 295
1620910 295
1620920 294
1620930 292
1620940 292
1620950 291
1620960 290
1620970 290
1620980 288
1620990 287
1621000 287
1621010 286
1621020 284
1621030 284
1621040 283
1621050 283
1621060 283
1621070 283
1621080 282
1621090 282
1621100 279
1621110 277
1621120 277
1621130 277
1621140 278
1621150 278
1621160 279
1621170 279
1621180 279
1621190 279
1621200 280
1621210 280
1621220 281
1621230 283
1621240 283
1621250 285
1621260 288
1621270 288
1621280 290
1621290 292
1621300 292
1621310 294
1621320 296
1621330 296
1621340 299
1621350 302
1621360 302
1621370 304
1621380 306
1621390 306
1621400 309
1621410 312
1621420 312
1621430 315
1621440 318
1621450 318
1621460 321
1621470 322
1621480 322
1621490 324
1621500 325
1621510 325
1621520 325
1621530 326
1621540 326
1621550 327
1621560 328
1621570 328
1621580 330
1621590 331
1621600 331
1621610 332
1621620 333
1621630 333
1621640 334
1621650 335
1621660 335
1621670 336
1621680 337
1621690 337
1621700 337
1621710 338
1621720 338
1621730 339
1621740 340
1621750 340
1621760 341
1621770 341
1621780 341
1621790 341
1621800 341
1621810 341
1621820 341
1621830 341
1621840 341
1621850 341
1621860 341
1621870 341
1621880 342
1621890 341
1621900 341
1621910 341
1621920 341
1621930 341
1621940 340
1621950 340
1621960 340
1621970 339
1621980 338
1621990 338
1622000 337
1622010 336
1622020 336
1622030 335
1622040 334
1622050 334
1622060 333
1622070 332
1622080 332
1622090 331
1622100 330
1622110 330
1622120 329
1622130 328
1622140 328
1622150 327
1622160 326
1622170 326
1622180 326
1622190 326
1622200 326
1622210 325
1622220 325
1622230 325
1622240 324
1622250 324
1622260 324
1622270 323
1622280 322
1622290 322
1622300 321
1622310 320
1622320 320
1622330 319
1622340 319
1622350 319
1622360 319
1622370 319
1622380 319
1622390 319
1622400 319
1622410 319
1622420 320
1622430 321
1622440 321
1622450 321
1622460 322
1622470 322
1622480 322
1622490 322
1622500 322
1622510 321
1622520 321
1622530 321
1622540 320
1622550 319
1622560 319
1622570 318
1622580 316
1622590 316
1622600 315
1622610 314
1622620 314
1622630 312
1622640 311
1622650 311
1622660 309
1622670 308
1622680 308
1622690 306
1622700 303
1622710 303
1622720 301
1622730 299
1622740 298
1622750 295
1622760 293
1622770 293
1622780 290
1622790 284
1622800 284
1622810 280
1622820 281
1622830 281
1622840 281
1622850 281
1622860 281
1622870 282
1622880 282
1622890 282
1622900 282
1622910 283
1622920 283
1622930 285
1622940 287
1622950 287
1622960 288
1622970 289
1622980 289
1622990 290
1623000 291
1623010 291
1623020 293
1623030 294
1623040 294
1623050 296
1623060 297
1623070 297
1623080 297
1623090 297
1623100 297
1623110 296
1623120 291
1623130 291
1623140 277
1623150 265
1623160 265
1623170 259
1623180 256
1623190 256
1623200 254
1623210 253
1623220 253
1623230 253
1623240 254
1623250 254
1623260 254
1623270 256
1623280 256
1623290 260
1623300 267
1623310 267
1623320 275
1623330 282
1623340 282
1623350 288
1623360 291
1623370 291
1623380 292
1623390 294
1623400 294
1623410 295
1623420 298
1623430 298
1623440 300
1623450 303
1623460 303
1623470 305
1623480 306
1623490 306
1623500 307
1623510 308
1623520 308
1623530 309
1623540 310
1623550 310
1623560 311
1623570 311
1623580 311
1623590 312
1623600 313
1623610 313
1623620 314
1623630 314
1623640 314
1623650 315
1623660 316
1623670 315
1623680 316
1623690 317
1623700 317
1623710 317
1623720 318
1623730 318
1623740 318
1623750 319
1623760 319
1623770 319
1623780 320
1623790 320
1623800 320
1623810 320
1623820 320
1623830 319
1623840 319
1623850 319
1623860 318
1623870 317
1623880 317
1623890 316
1623900 316
1623910 316
1623920 315
1623930 315
1623940 315
1623950 313
1623960 312
1623970 312
1623980 311
1623990 309
1624000 309
1624010 307
1624020 306
1624030 306
1624040 305
1624050 306
1624060 306
1624070 307
1624080 308
1624090 308
1624100 309
1624110 310
1624120 310
1624130 311
1624140 313
1624150 313
1624160 314
1624170 314
1624180 314
1624190 315
1624200 316
1624210 316
1624220 317
1624230 318
1624240 318
1624250 318
1624260 318
1624270 318
1624280 319
1624290 319
1624300 320
1624310 321
1624320 321
1624330 322
1624340 324
1624350 324
1624360 325
1624370 327
1624380 327
1624390 329
1624400 331
1624410 331
1624420 333
1624430 335
1624440 335
1624450 337
1624460 337
1624470 337
1624480 338
1624490 339
1624500 339
1624510 340
1624520 340
1624530 340
1624540 341
1624550 341
1624560 341
1624570 342
1624580 342
1624590 342
1624600 342
1624610 343
1624620 343
1624630 343
1624640 343
1624650 343
1624660 343
1624670 342
1624680 342
1624690 342
1624700 342
1624710 342
1624720 342
1624730 341
1624740 341
1624750 341
1624760 340
1624770 340
1624780 340
1624790 339
1624800 339
1624810 339
1624820 338
1624830 338
1624840 337
1624850 336
1624860 336
1624870 335
1624880 335
1624890 335
1624900 334
1624910 333
1624920 333
1624930 332
1624940 331
1624950 331
1624960 330
1624970 329
1624980 329
1624990 328
1625000 327
1625010 327
1625020 326
1625030 325
1625040 325
1625050 324
1625060 323
1625070 323
1625080 322
1625090 321
1625100 321
1625110 320
1625120 319
1625130 319
1625140 318
1625150 317
1625160 317
1625170 316
1625180 315
1625190 315
1625200 314
1625210 313
1625220 313
1625230 312
1625240 311
1625250 311
1625260 310
1625270 309
1625280 309
1625290 308
1625300 307
1625310 307
1625320 307
1625330 306
1625340 306
1625350 305
1625360 303
1625370 303
1625380 302
1625390 301
1625400 301
1625410 299
1625420 298
1625430 298
1625440 296
1625450 295
1625460 295
1625470 294
1625480 293
1625490 293
1625500 292
1625510 292
1625520 292
1625530 292
1625540 291
1625550 291
1625560 289
1625570 288
1625580 288
1625590 286
1625600 285
1625610 285
1625620 284
1625630 284
1625640 284
1625650 284
1625660 283
1625670 283
1625680 283
1625690 283
1625700 283
1625710 283
1625720 284
1625730 284
1625740 284
1625750 284
1625760 284
1625770 284
1625780 285
1625790 285
1625800 285
1625810 286
1625820 286
1625830 287
1625840 288
1625850 288
1625860 289
1625870 290
1625880 290
1625890 292
1625900 294
1625910 294
1625920 295
1625930 297
1625940 297
1625950 299
1625960 300
1625970 300
1625980 300
1625990 302
1626000 302
1626010 304
1626020 305
1626030 305
1626040 306
1626050 306
1626060 306
1626070 307
1626080 307
1626090 307
1626100 308
1626110 307
1626120 307
1626130 305
1626140 303
1626150 303
1626160 300
1626170 299
1626180 299
1626190 299
1626200 300
1626210 300
1626220 301
1626230 301
1626240 301
1626250 302
1626260 304
1626270 304
1626280 306
1626290 307
1626300 307
1626310 309
1626320 312
1626330 312
1626340 314
1626350 315
1626360 315
1626370 317
1626380 318
1626390 318
1626400 318
1626410 319
1626420 319
1626430 320
1626440 324
1626450 324
1626460 325
1626470 327
1626480 327
1626490 329
1626500 330
1626510 330
1626520 331
1626530 332
1626540 332
1626550 333
1626560 334
1626570 334
1626580 334
1626590 333
1626600 333
1626610 334
1626620 336
1626630 336
1626640 336
1626650 338
1626660 338
1626670 339
1626680 341
1626690 341
1626700 341
1626710 343
1626720 343
1626730 345
1626740 347
1626750 347
1626760 349
1626770 351
1626780 351
1626790 354
1626800 357
1626810 357
1626820 359
1626830 360
1626840 360
1626850 362
1626860 363
1626870 363
1626880 364
1626890 366
1626900 366
1626910 366
1626920 366
1626930 366
1626940 366
1626950 366
1626960 366
1626970 365
1626980 361
1626990 361
1627000 355
1627010 348
1627020 348
1627030 342
1627040 335
1627050 335
1627060 331
1627070 331
1627080 331
1627090 334
1627100 339
1627110 339
1627120 345
1627130 351
1627140 351
1627150 355
1627160 359
1627170 359
1627180 362
1627190 364
1627200 364
1627210 367
1627220 370
1627230 370
1627240 373
1627250 375
1627260 375
1627270 377
1627280 379
1627290 379
1627300 379
1627310 380
1627320 380
1627330 381
1627340 382
1627350 382
1627360 387
1627370 388
1627380 388
1627390 388
1627400 389
1627410 389
1627420 390
1627430 392
1627440 392
1627450 393
1627460 394
1627470 394
1627480 395
1627490 397
1627500 397
1627510 398
1627520 399
1627530 399
1627540 401
1627550 403
1627560 403
1627570 404
1627580 405
1627590 405
1627600 407
1627610 408
1627620 408
1627630 409
1627640 410
1627650 410
1627660 411
1627670 412
1627680 412
1627690 413
1627700 414
1627710 414
1627720 415
1627730 416
1627740 416
1627750 416
1627760 417
1627770 417
1627780 418
1627790 418
1627800 418
1627810 419
1627820 419
1627830 419
1627840 420
1627850 420
1627860 420
1627870 421
1627880 422
1627890 422
1627900 422
1627910 422
1627920 422
1627930 423
1627940 423
1627950 423
1627960 423
1627970 424
1627980 424
1627990 424
1628000 425
1628010 425
1628020 425
1628030 426
1628040 426
1628050 427
1628060 427
1628070 427
1628080 428
1628090 428
1628100 428
1628110 429
1628120 429
1628130 429
1628140 429
1628150 429
1628160 429
1628170 429
1628180 430
1628190 430
1628200 430
1628210 430
1628220 430
1628230 430
1628240 430
1628250 430
1628260 431
1628270 431
1628280 431
1628290 430
1628300 431
1628310 431
1628320 431
1628330 432
1628340 432
1628350 432
1628360 433
1628370 433
1628380 434
1628390 435
1628400 435
1628410 436
1628420 437
1628430 437
1628440 437
1628450 438
1628460 438
1628470 438
1628480 439
1628490 439
1628500 439
1628510 439
1628520 439
1628530 439
1628540 439
1628550 439
1628560 438
1628570 437
1628580 437
1628590 436
1628600 434
1628610 434
1628620 432
1628630 428
1628640 428
1628650 424
1628660 421
1628670 421
1628680 417
1628690 413
1628700 413
1628710 411
1628720 409
1628730 409
1628740 411
1628750 415
1628760 415
1628770 419
1628780 423
1628790 423
1628800 427
1628810 429
1628820 429
1628830 431
1628840 433
1628850 433
1628860 434
1628870 435
1628880 435
1628890 435
1628900 436
1628910 436
1628920 436
1628930 436
1628940 436
1628950 435
1628960 435
1628970 435
1628980 434
1628990 434
1629000 434
1629010 432
1629020 430
1629030 430
1629040 427
1629050 425
1629060 425
1629070 426
1629080 429
1629090 429
1629100 432
1629110 434
1629120 434
1629130 436
1629140 437
1629150 437
1629160 439
1629170 441
1629180 441
1629190 442
1629200 443
1629210 443
1629220 445
1629230 446
1629240 446
1629250 447
1629260 448
1629270 448
1629280 449
1629290 451
1629300 451
1629310 452
1629320 453
1629330 453
1629340 454
1629350 455
1629360 455
1629370 457
1629380 458
1629390 458
1629400 459
1629410 459
1629420 459
1629430 460
1629440 460
1629450 460
1629460 461
1629470 461
1629480 461
1629490 461
1629500 461
1629510 461
1629520 460
1629530 460
1629540 460
1629550 460
1629560 459
1629570 459
1629580 459
1629590 457
1629600 457
1629610 456
1629620 453
1629630 453
1629640 450
1629650 447
1629660 447
1629670 443
1629680 441
1629690 441
1629700 438
1629710 435
1629720 435
1629730 433
1629740 431
1629750 431
1629760 430
1629770 430
1629780 430
1629790 430
1629800 430
1629810 430
1629820 430
1629830 428
1629840 428
1629850 425
1629860 420
1629870 420
1629880 415
1629890 410
1629900 410
1629910 402
1629920 395
1629930 395
1629940 389
1629950 383
1629960 383
1629970 378
1629980 374
1629990 374
1630000 370
1630010 366
1630020 366
1630030 362
1630040 358
1630050 358
1630060 352
1630070 349
1630080 349
1630090 345
1630100 340
1630110 340
1630120 337
1630130 331
1630140 331
1630150 328
1630160 327
1630170 327
1630180 328
1630190 331
1630200 331
1630210 337
1630220 343
1630230 343
1630240 349
1630250 355
1630260 355
1630270 362
1630280 367
1630290 367
1630300 373
1630310 378
1630320 378
1630330 384
1630340 389
1630350 389
1630360 393
1630370 396
1630380 396
1630390 397
1630400 395
1630410 395
1630420 391
1630430 386
1630440 386
1630450 382
1630460 376
1630470 376
1630480 371
1630490 366
1630500 366
1630510 364
1630520 364
1630530 364
1630540 363
1630550 365
1630560 365
1630570 369
1630580 372
1630590 372
1630600 375
1630610 378
1630620 378
1630630 381
1630640 384
1630650 384
1630660 386
1630670 387
1630680 387
1630690 388
1630700 389
1630710 389
1630720 390
1630730 390
1630740 390
1630750 391
1630760 390
1630770 390
1630780 389
1630790 387
1630800 387
1630810 384
1630820 381
1630830 381
1630840 380
1630850 382
1630860 382
1630870 386
1630880 389
1630890 389
1630900 389
1630910 386
1630920 386
1630930 380
1630940 373
1630950 375
1630960 366
1630970 358
1630980 358
1630990 350
1631000 343
1631010 343
1631020 338
1631030 331
1631040 331
1631050 325
1631060 322
1631070 322
1631080 320
1631090 322
1631100 322
1631110 325
1631120 333
1631130 333
1631140 340
1631150 343
1631160 343
1631170 349
1631180 357
1631190 357
1631200 361
1631210 359
1631220 359
1631230 360
1631240 365
1631250 365
1631260 373
1631270 378
1631280 378
1631290 381
1631300 382
1631310 382
1631320 385
1631330 391
1631340 391
1631350 398
1631360 405
1631370 405
1631380 410
1631390 413
1631400 413
1631410 416
1631420 419
1631430 419
1631440 422
1631450 423
1631460 423
1631470 424
1631480 424
1631490 424
1631500 425
1631510 425
1631520 425
1631530 425
1631540 426
1631550 426
1631560 427
1631570 429
1631580 429
1631590 430
1631600 432
1631610 432
1631620 434
1631630 436
1631640 436
1631650 438
1631660 440
1631670 440
1631680 441
1631690 443
1631700 443
1631710 445
1631720 446
1631730 446
1631740 448
1631750 449
1631760 449
1631770 450
1631780 452
1631790 452
1631800 453
1631810 454
1631820 454
1631830 455
1631840 456
1631850 456
1631860 457
1631870 458
1631880 458
1631890 458
1631900 459
1631910 459
1631920 459
1631930 460
1631940 460
1631950 461
1631960 462
1631970 462
1631980 462
1631990 463
1632000 463
1632010 464
1632020 465
1632030 465
1632040 466
1632050 467
1632060 467
1632070 468
1632080 468
1632090 468
1632100 469
1632110 470
1632120 470
1632130 470
1632140 471
1632150 471
1632160 471
1632170 470
1632180 470
1632190 468
1632200 466
1632210 466
1632220 462
1632230 459
1632240 459
1632250 459
1632260 461
1632270 461
1632280 463
1632290 466
1632300 466
1632310 469
1632320 471
1632330 471
1632340 472
1632350 473
1632360 473
1632370 474
1632380 474
1632390 474
1632400 474
1632410 473
1632420 473
1632430 472
1632440 471
1632450 471
1632460 470
1632470 469
1632480 469
1632490 467
1632500 463
1632510 463
1632520 463
1632530 462
1632540 462
1632550 460
1632560 460
1632570 460
1632580 462
1632590 464
1632600 464
1632610 467
1632620 469
1632630 469
1632640 472
1632650 474
1632660 474
1632670 477
1632680 479
1632690 479
1632700 482
1632710 486
1632720 486
1632730 489
1632740 490
1632750 490
1632760 491
1632770 491
1632780 491
1632790 492
1632800 491
1632810 491
1632820 491
1632830 491
1632840 491
1632850 490
1632860 489
1632870 489
1632880 488
1632890 487
1632900 487
1632910 486
1632920 485
1632930 485
1632940 484
1632950 482
1632960 482
1632970 481
1632980 479
1632990 479
1633000 476
1633010 472
1633020 472
1633030 469
1633040 470
1633050 470
1633060 474
1633070 479
1633080 479
1633090 483
1633100 484
1633110 484
1633120 485
1633130 485
1633140 485
1633150 485
1633160 485
1633170 485
1633180 485
1633190 485
1633200 485
1633210 485
1633220 485
1633230 485
1633240 485
1633250 485
1633260 485
1633270 485
1633280 485
1633290 485
1633300 485
1633310 485
1633320 485
1633330 485
1633340 485
1633350 485
1633360 485
1633370 485
1633380 485
1633390 485
1633400 485
1633410 485
1633420 485
1633430 485
1633440 485
1633450 485
1633460 484
1633470 484
1633480 484
1633490 483
1633500 483
1633510 481
1633520 478
1633530 478
1633540 476
1633550 474
1633560 474
1633570 470
1633580 469
1633590 469
1633600 469
1633610 471
1633620 471
1633630 475
1633640 479
1633650 479
1633660 481
1633670 483
1633680 483
1633690 484
1633700 485
1633710 485
1633720 486
1633730 486
1633740 486
1633750 487
1633760 488
1633770 488
1633780 488
1633790 489
1633800 489
1633810 489
1633820 490
1633830 490
1633840 490
1633850 491
1633860 491
1633870 492
1633880 493
1633890 493
1633900 494
1633910 495
1633920 495
1633930 495
1633940 496
1633950 496
1633960 498
1633970 499
1633980 499
1633990 500
1634000 501
1634010 501
1634020 502
1634030 504
1634040 504
1634050 504
1634060 505
1634070 505
1634080 506
1634090 507
1634100 507
1634110 507
1634120 508
1634130 508
1634140 509
1634150 510
1634160 510
1634170 510
1634180 510
1634190 510
1634200 511
1634210 511
1634220 511
1634230 511
1634240 511
1634250 511
1634260 511
1634270 511
1634280 511
1634290 511
1634300 511
1634310 511
1634320 510
1634330 509
1634340 509
1634350 508
1634360 506
1634370 506
1634380 505
1634390 503
1634400 503
1634410 501
1634420 499
1634430 499
1634440 498
1634450 500
1634460 500
1634470 500
1634480 499
1634490 499
1634500 499
1634510 500
1634520 500
1634530 501
1634540 502
1634550 502
1634560 502
1634570 502
1634580 502
1634590 503
1634600 505
1634610 505
1634620 506
1634630 507
1634640 507
1634650 507
1634660 508
1634670 508
1634680 509
1634690 510
1634700 510
1634710 510
1634720 509
1634730 509
1634740 509
1634750 507
1634760 507
1634770 506
1634780 503
1634790 503
1634800 497
1634810 492
1634820 492
1634830 485
1634840 479
1634850 479
1634860 474
1634870 469
1634880 469
1634890 465
1634900 461
1634910 461
1634920 456
1634930 451
1634940 451
1634950 447
1634960 443
1634970 443
1634980 439
1634990 435
1635000 435
1635010 434
1635020 436
1635030 436
1635040 439
1635050 441
1635060 441
1635070 443
1635080 446
1635090 446
1635100 449
1635110 452
1635120 452
1635130 457
1635140 461
1635150 461
1635160 466
1635170 469
1635180 469
1635190 473
1635200 475
1635210 475
1635220 476
1635230 477
1635240 477
1635250 475
1635260 473
1635270 473
1635280 469
1635290 465
1635300 465
1635310 464
1635320 459
1635330 459
1635340 454
1635350 449
1635360 449
1635370 444
1635380 439
1635390 439
1635400 435
1635410 431
1635420 431
1635430 427
1635440 423
1635450 423
1635460 419
1635470 415
1635480 415
1635490 411
1635500 408
1635510 408
1635520 406
1635530 403
1635540 403
1635550 402
1635560 400
1635570 400
1635580 399
1635590 399
1635600 399
1635610 401
1635620 404
1635630 404
1635640 409
1635650 414
1635660 414
1635670 419
1635680 424
1635690 424
1635700 429
1635710 434
1635720 434
1635730 439
1635740 443
1635750 443
1635760 446
1635770 450
1635780 450
1635790 453
1635800 456
1635810 456
1635820 459
1635830 462
1635840 462
1635850 464
1635860 465
1635870 465
1635880 466
1635890 466
1635900 466
1635910 467
1635920 466
1635930 466
1635940 465
1635950 464
1635960 464
1635970 463
1635980 461
1635990 461
1636000 459
1636010 457
1636020 457
1636030 455
1636040 452
1636050 452
1636060 450
1636070 448
1636080 448
1636090 446
1636100 444
1636110 444
1636120 443
1636130 442
1636140 442
1636150 442
1636160 441
1636170 439
1636180 438
1636190 437
1636200 437
1636210 435
1636220 433
1636230 433
1636240 430
1636250 428
1636260 428
1636270 425
1636280 422
1636290 422
1636300 417
1636310 414
1636320 414
1636330 411
1636340 408
1636350 408
1636360 406
1636370 405
1636380 405
1636390 406
1636400 407
1636410 407
1636420 410
1636430 414
1636440 414
1636450 418
1636460 422
1636470 422
1636480 426
1636490 430
1636500 430
1636510 435
1636520 440
1636530 440
1636540 443
1636550 447
1636560 447
1636570 451
1636580 455
1636590 455
1636600 458
1636610 459
1636620 459
1636630 458
1636640 456
1636650 456
1636660 452
1636670 448
1636680 448
1636690 442
1636700 436
1636710 436
1636720 430
1636730 426
1636740 426
1636750 424
1636760 425
1636770 425
1636780 429
1636790 434
1636800 434
1636810 438
1636820 441
1636830 441
1636840 443
1636850 441
1636860 441
1636870 438
1636880 434
1636890 434
1636900 430
1636910 424
1636920 424
1636930 417
1636940 415
1636950 415
1636960 415
1636970 417
1636980 417
1636990 419
1637000 422
1637010 422
1637020 425
1637030 427
1637040 427
1637050 425
1637060 421
1637070 421
1637080 416
1637090 410
1637100 410
1637110 404
1637120 398
1637130 398
1637140 392
1637150 387
1637160 387
1637170 384
1637180 384
1637190 384
1637200 384
1637210 384
1637220 384
1637230 384
1637240 384
1637250 384
1637260 384
1637270 387
1637280 387
1637290 390
1637300 394
1637310 394
1637320 397
1637330 400
1637340 400
1637350 401
1637360 403
1637370 403
1637380 404
1637390 407
1637400 407
1637410 408
1637420 410
1637430 410
1637440 412
1637450 414
1637460 414
1637470 416
1637480 417
1637490 417
1637500 418
1637510 418
1637520 418
1637530 416
1637540 413
1637550 413
1637560 411
1637570 407
1637580 407
1637590 405
1637600 404
1637610 404
1637620 407
1637630 410
1637640 410
1637650 412
1637660 415
1637670 415
1637680 418
1637690 421
1637700 421
1637710 424
1637720 427
1637730 427
1637740 430
1637750 432
1637760 432
1637770 434
1637780 436
1637790 436
1637800 437
1637810 437
1637820 437
1637830 437
1637840 436
1637850 436
1637860 435
1637870 433
1637880 435
1637890 433
1637900 433
1637910 433
1637920 433
1637930 433
1637940 433
1637950 434
1637960 434
1637970 434
1637980 434
1637990 434
1638000 434
1638010 433
1638020 432
1638030 432
1638040 430
1638050 427
1638060 427
1638070 423
1638080 419
1638090 419
1638100 415
1638110 412
1638120 412
1638130 410
1638140 409
1638150 409
1638160 408
1638170 409
1638180 409
1638190 410
1638200 409
1638210 409
1638220 405
1638230 402
1638240 402
1638250 401
1638260 402
1638270 402
1638280 404
1638290 406
1638300 406
1638310 409
1638320 410
1638330 410
1638340 411
1638350 411
1638360 411
1638370 412
1638380 411
1638390 411
1638400 411
1638410 411
1638420 411
1638430 410
1638440 407
1638450 407
1638460 402
1638470 399
1638480 399
1638490 398
1638500 398
1638510 398
1638520 399
1638530 399
1638540 399
1638550 401
1638560 404
1638570 404
1638580 408
1638590 413
1638600 413
1638610 418
1638620 423
1638630 423
1638640 427
1638650 429
1638660 429
1638670 429
1638680 430
1638690 430
1638700 432
1638710 433
1638720 430
1638730 433
1638740 436
1638750 436
1638760 439
1638770 440
1638780 440
1638790 441
1638800 440
1638810 440
1638820 440
1638830 438
1638840 438
1638850 436
1638860 434
1638870 434
1638880 432
1638890 430
1638900 430
1638910 428
1638920 426
1638930 426
1638940 425
1638950 423
1638960 423
1638970 423
1638980 422
1638990 422
1639000 422
1639010 421
1639020 421
1639030 421
1639040 421
1639050 421
1639060 422
1639070 423
1639080 423
1639090 425
1639100 427
1639110 427
1639120 428
1639130 429
1639140 429
1639150 429
1639160 430
1639170 430
1639180 430
1639190 431
1639200 431
1639210 432
1639220 432
1639230 432
1639240 433
1639250 434
1639260 434
1639270 435
1639280 436
1639290 436
1639300 436
1639310 436
1639320 436
1639330 436
1639340 436
1639350 436
1639360 437
1639370 437
1639380 437
1639390 439
1639400 440
1639410 440
1639420 441
1639430 442
1639440 442
1639450 443
1639460 443
1639470 444
1639480 445
1639490 445
1639500 446
1639510 447
1639520 447
1639530 448
1639540 448
1639550 448
1639560 449
1639570 450
1639580 450
1639590 450
1639600 451
1639610 451
1639620 451
1639630 452
1639640 452
1639650 452
1639660 453
1639670 453
1639680 453
1639690 453
1639700 453
1639710 454
1639720 454
1639730 454
1639740 454
1639750 454
1639760 454
1639770 454
1639780 454
1639790 454
1639800 453
1639810 453
1639820 453
1639830 453
1639840 452
1639850 452
1639860 452
1639870 451
1639880 451
1639890 450
1639900 449
1639910 449
1639920 448
1639930 447
1639940 447
1639950 446
1639960 445
1639970 445
1639980 444
1639990 443
