1620000 312
1620010 311
1620020 310
1620030 310
1620040 310
1620050 310
1620060 310
1620070 309
1620080 309
1620090 309
1620100 308
1620110 307
1620120 307
1620130 307
1620140 306
1620150 306
1620160 305
1620170 304
1620180 304
1620190 303
1620200 302
1620210 302
1620220 302
1620230 301
1620240 301
1620250 300
1620260 299
1620270 299
1620280 299
1620290 298
1620300 298
1620310 297
1620320 296
1620330 296
1620340 295
1620350 294
1620360 294
1620370 293
1620380 293
1620390 293
1620400 292
1620410 291
1620420 291
1620430 291
1620440 291
1620450 291
1620460 291
1620470 291
1620480 291
1620490 291
1620500 292
1620510 292
1620520 292
1620530 293
1620540 293
1620550 293
1620560 293
1620570 293
1620580 292
1620590 292
1620600 292
1620610 291
1620620 291
1620630 291
1620640 290
1620650 290
1620660 290
1620670 289
1620680 287
1620690 287
1620700 285
1620710 284
1620720 284
1620730 283
1620740 282
1620750 282
1620760 282
1620770 281
1620780 281
1620790 280
1620800 279
1620810 279
1620820 279
1620830 278
1620840 278
1620850 276
1620860 275
1620870 275
1620880 274
1620890 272
1620900 272
1620910 271
1620920 270
1620930 270
1620940 269
1620950 268
1620960 268
1620970 268
1620980 268
1620990 268
1621000 268
1621010 268
1621020 268
1621030 268
1621040 268
1621050 268
1621060 268
1621070 269
1621080 269
1621090 269
1621100 269
1621110 269
1621120 269
1621130 269
1621140 269
1621150 270
1621160 270
1621170 270
1621180 271
1621190 273
1621200 273
1621210 275
1621220 278
1621230 278
1621240 281
1621250 284
1621260 284
1621270 288
1621280 292
1621290 292
1621300 297
1621310 300
1621320 300
1621330 303
1621340 305
1621350 306
1621360 308
1621370 310
1621380 310
1621390 312
1621400 315
1621410 315
1621420 316
1621430 318
1621440 318
1621450 320
1621460 321
1621470 321
1621480 322
1621490 323
1621500 323
1621510 324
1621520 325
1621530 325
1621540 326
1621550 327
1621560 327
1621570 328
1621580 329
1621590 329
1621600 329
1621610 330
1621620 330
1621630 331
1621640 331
1621650 331
1621660 331
1621670 332
1621680 332
1621690 332
1621700 332
1621710 332
1621720 332
1621730 333
1621740 333
1621750 332
1621760 332
1621770 332
1621780 332
1621790 332
1621800 332
1621810 331
1621820 331
1621830 331
1621840 330
1621850 329
1621860 329
1621870 327
1621880 326
1621890 326
1621900 325
1621910 324
1621920 324
1621930 323
1621940 321
1621950 321
1621960 320
1621970 319
1621980 319
1621990 319
1622000 318
1622010 318
1622020 317
1622030 316
1622040 316
1622050 315
1622060 313
1622070 313
1622080 311
1622090 310
1622100 310
1622110 308
1622120 307
1622130 307
1622140 306
1622150 305
1622160 305
1622170 303
1622180 301
1622190 301
1622200 299
1622210 298
1622220 298
1622230 296
1622240 295
1622250 295
1622260 295
1622270 294
1622280 294
1622290 294
1622300 291
1622310 291
1622320 289
1622330 287
1622340 287
1622350 286
1622360 285
1622370 285
1622380 284
1622390 284
1622400 284
1622410 283
1622420 282
1622430 282
1622440 281
1622450 280
1622460 280
1622470 279
1622480 278
1622490 278
1622500 277
1622510 276
1622520 276
1622530 275
1622540 274
1622550 274
1622560 272
1622570 271
1622580 271
1622590 271
1622600 270
1622610 270
1622620 269
1622630 268
1622640 268
1622650 268
1622660 267
1622670 267
1622680 266
1622690 265
1622700 265
1622710 264
1622720 264
1622730 264
1622740 263
1622750 263
1622760 263
1622770 263
1622780 263
1622790 263
1622800 263
1622810 262
1622820 262
1622830 262
1622840 262
1622850 262
1622860 261
1622870 261
1622880 261
1622890 261
1622900 262
1622910 262
1622920 263
1622930 265
1622940 265
1622950 267
1622960 269
1622970 269
1622980 270
1622990 272
1623000 272
1623010 274
1623020 275
1623030 275
1623040 276
1623050 277
1623060 277
1623070 275
1623080 273
1623090 273
1623100 270
1623110 264
1623120 264
1623130 258
1623140 254
1623150 254
1623160 253
1623170 253
1623180 253
1623190 254
1623200 255
1623210 255
1623220 255
1623230 255
1623240 255
1623250 257
1623260 260
1623270 260
1623280 257
1623290 255
1623300 255
1623310 262
1623320 271
1623330 271
1623340 282
1623350 287
1623360 287
1623370 288
1623380 290
1623390 290
1623400 291
1623410 292
1623420 292
1623430 293
1623440 294
1623450 294
1623460 295
1623470 296
1623480 296
1623490 297
1623500 297
1623510 298
1623520 298
1623530 298
1623540 299
1623550 300
1623560 300
1623570 301
1623580 301
1623590 301
1623600 302
1623610 303
1623620 303
1623630 303
1623640 304
1623650 304
1623660 304
1623670 305
1623680 305
1623690 306
1623700 306
1623710 306
1623720 307
1623730 307
1623740 307
1623750 308
1623760 308
1623770 308
1623780 308
1623790 309
1623800 309
1623810 309
1623820 310
1623830 310
1623840 310
1623850 310
1623860 310
1623870 310
1623880 310
1623890 310
1623900 310
1623910 310
1623920 310
1623930 310
1623940 311
1623950 311
1623960 311
1623970 312
1623980 312
1623990 313
1624000 313
1624010 313
1624020 313
1624030 314
1624040 314
1624050 314
1624060 315
1624070 315
1624080 315
1624090 316
1624100 316
1624110 316
1624120 317
1624130 317
1624140 317
1624150 318
1624160 318
1624170 320
1624180 322
1624190 322
1624200 323
1624210 324
1624220 324
1624230 325
1624240 325
1624250 325
1624260 325
1624270 326
1624280 326
1624290 326
1624300 327
1624310 327
1624320 327
1624330 327
1624340 327
1624350 328
1624360 328
1624370 328
1624380 329
1624390 329
1624400 329
1624410 329
1624420 330
1624430 330
1624440 330
1624450 330
1624460 330
1624470 331
1624480 331
1624490 331
1624500 332
1624510 332
1624520 332
1624530 332
1624540 332
1624550 332
1624560 332
1624570 332
1624580 332
1624590 332
1624600 332
1624610 332
1624620 332
1624630 333
1624640 333
1624650 333
1624660 333
1624670 333
1624680 334
1624690 334
1624700 334
1624710 334
1624720 334
1624730 334
1624740 334
1624750 335
1624760 335
1624770 335
1624780 336
1624790 336
1624800 336
1624810 336
1624820 336
1624830 336
1624840 336
1624850 336
1624860 336
1624870 335
1624880 335
1624890 335
1624900 334
1624910 334
1624920 334
1624930 333
1624940 333
1624950 333
1624960 332
1624970 332
1624980 332
1624990 331
1625000 331
1625010 330
1625020 329
1625030 329
1625040 329
1625050 328
1625060 328
1625070 327
1625080 327
1625090 326
1625100 326
1625110 325
1625120 325
1625130 324
1625140 322
1625150 322
1625160 321
1625170 320
1625180 320
1625190 319
1625200 319
1625210 319
1625220 318
1625230 317
1625240 317
1625250 316
1625260 316
1625270 316
1625280 315
1625290 314
1625300 314
1625310 314
1625320 313
1625330 313
1625340 312
1625350 311
1625360 311
1625370 310
1625380 310
1625390 310
1625400 309
1625410 308
1625420 308
1625430 307
1625440 307
1625450 307
1625460 306
1625470 305
1625480 305
1625490 304
1625500 303
1625510 303
1625520 302
1625530 301
1625540 301
1625550 299
1625560 298
1625570 298
1625580 297
1625590 296
1625600 296
1625610 295
1625620 295
1625630 295
1625640 294
1625650 294
1625660 294
1625670 293
1625680 293
1625690 293
1625700 293
1625710 292
1625720 292
1625730 291
1625740 291
1625750 291
1625760 290
1625770 289
1625780 289
1625790 288
1625800 287
1625810 287
1625820 286
1625830 284
1625840 284
1625850 283
1625860 281
1625870 281
1625880 279
1625890 278
1625900 278
1625910 277
1625920 277
1625930 277
1625940 277
1625950 277
1625960 277
1625970 277
1625980 277
1625990 277
1626000 277
1626010 280
1626020 280
1626030 280
1626040 280
1626050 280
1626060 281
1626070 281
1626080 281
1626090 282
1626100 283
1626110 283
1626120 284
1626130 286
1626140 286
1626150 287
1626160 288
1626170 288
1626180 289
1626190 290
1626200 290
1626210 291
1626220 292
1626230 292
1626240 293
1626250 294
1626260 294
1626270 295
1626280 296
1626290 296
1626300 297
1626310 299
1626320 299
1626330 300
1626340 301
1626350 301
1626360 303
1626370 304
1626380 304
1626390 305
1626400 306
1626410 306
1626420 308
1626430 309
1626440 309
1626450 310
1626460 311
1626470 311
1626480 313
1626490 314
1626500 314
1626510 315
1626520 316
1626530 316
1626540 317
1626550 318
1626560 318
1626570 319
1626580 320
1626590 320
1626600 321
1626610 322
1626620 322
1626630 323
1626640 324
1626650 324
1626660 325
1626670 326
1626680 326
1626690 328
1626700 329
1626710 329
1626720 330
1626730 331
1626740 331
1626750 332
1626760 333
1626770 333
1626780 334
1626790 335
1626800 335
1626810 336
1626820 338
1626830 338
1626840 338
1626850 339
1626860 339
1626870 340
1626880 342
1626890 342
1626900 341
1626910 339
1626920 339
1626930 337
1626940 334
1626950 334
1626960 330
1626970 327
1626980 327
1626990 323
1627000 320
1627010 320
1627020 317
1627030 315
1627040 315
1627050 312
1627060 311
1627070 311
1627080 311
1627090 311
1627100 311
1627110 311
1627120 312
1627130 312
1627140 313
1627150 314
1627160 314
1627170 315
1627180 315
1627190 315
1627200 316
1627210 320
1627220 320
1627230 325
1627240 329
1627250 329
1627260 333
1627270 335
1627280 335
1627290 338
1627300 340
1627310 340
1627320 341
1627330 342
1627340 342
1627350 343
1627360 344
1627370 344
1627380 345
1627390 346
1627400 346
1627410 348
1627420 349
1627430 349
1627440 351
1627450 352
1627460 352
1627470 354
1627480 355
1627490 355
1627500 355
1627510 356
1627520 356
1627530 357
1627540 357
1627550 357
1627560 357
1627570 356
1627580 356
1627590 355
1627600 354
1627610 354
1627620 352
1627630 352
1627640 352
1627650 351
1627660 350
1627670 350
1627680 348
1627690 345
1627700 345
1627710 343
1627720 341
1627730 341
1627740 341
1627750 340
1627760 340
1627770 339
1627780 339
1627790 339
1627800 341
1627810 345
1627820 345
1627830 351
1627840 351
1627850 351
1627860 356
1627870 360
1627880 360
1627890 366
1627900 371
1627910 371
1627920 375
1627930 378
1627940 378
1627950 381
1627960 384
1627970 384
1627980 386
1627990 388
1628000 388
1628010 390
1628020 392
1628030 392
1628040 394
1628050 395
1628060 395
1628070 396
1628080 397
1628090 397
1628100 398
1628110 399
1628120 399
1628130 400
1628140 401
1628150 401
1628160 402
1628170 403
1628180 403
1628190 405
1628200 406
1628210 406
1628220 407
1628230 409
1628240 409
1628250 410
1628260 410
1628270 410
1628280 412
1628290 414
1628300 414
1628310 414
1628320 414
1628330 414
1628340 415
1628350 417
1628360 417
1628370 417
1628380 418
1628390 418
1628400 418
1628410 419
1628420 419
1628430 419
1628440 420
1628450 420
1628460 420
1628470 420
1628480 420
1628490 420
1628500 420
1628510 420
1628520 420
1628530 420
1628540 420
1628550 420
1628560 420
1628570 420
1628580 419
1628590 419
1628600 419
1628610 419
1628620 419
1628630 419
1628640 418
1628650 418
1628660 418
1628670 417
1628680 416
1628690 416
1628700 416
1628710 415
1628720 415
1628730 413
1628740 412
1628750 412
1628760 408
1628770 406
1628780 406
1628790 406
1628800 408
1628810 408
1628820 411
1628830 414
1628840 414
1628850 416
1628860 418
1628870 418
1628880 419
1628890 420
1628900 420
1628910 420
1628920 421
1628930 421
1628940 421
1628950 421
1628960 421
1628970 421
1628980 421
1628990 421
1629000 421
1629010 421
1629020 421
1629030 420
1629040 420
1629050 420
1629060 420
1629070 419
1629080 419
1629090 418
1629100 417
1629110 417
1629120 415
1629130 412
1629140 412
1629150 410
1629160 406
1629170 406
1629180 403
1629190 400
1629200 400
1629210 397
1629220 396
1629230 396
1629240 395
1629250 395
1629260 395
1629270 394
1629280 392
1629290 392
1629300 390
1629310 386
1629320 386
1629330 383
1629340 381
1629350 381
1629360 377
1629370 372
1629380 372
1629390 367
1629400 360
1629410 360
1629420 353
1629430 346
1629440 346
1629450 340
1629460 338
1629470 338
1629480 334
1629490 329
1629500 329
1629510 324
1629520 319
1629530 319
1629540 315
1629550 312
1629560 312
1629570 308
1629580 307
1629590 307
1629600 305
1629610 304
1629620 304
1629630 305
1629640 305
1629650 305
1629660 307
1629670 311
1629680 311
1629690 315
1629700 321
1629710 321
1629720 327
1629730 333
1629740 333
1629750 339
1629760 343
1629770 343
1629780 347
1629790 351
1629800 351
1629810 355
1629820 362
1629830 362
1629840 367
1629850 372
1629860 372
1629870 378
1629880 381
1629890 381
1629900 378
1629910 376
1629920 376
1629930 376
1629940 378
1629950 378
1629960 381
1629970 385
1629980 385
1629990 387
1630000 387
1630010 387
1630020 386
1630030 387
1630040 387
1630050 387
1630060 388
1630070 388
1630080 390
1630090 391
1630100 391
1630110 393
1630120 396
1630130 396
1630140 399
1630150 402
1630160 402
1630170 402
1630180 400
1630190 400
1630200 397
1630210 395
1630220 395
1630230 392
1630240 388
1630250 388
1630260 384
1630270 378
1630280 378
1630290 373
1630300 369
1630310 369
1630320 364
1630330 359
1630340 359
1630350 355
1630360 351
1630370 351
1630380 347
1630390 343
1630400 343
1630410 338
1630420 335
1630430 335
1630440 331
1630450 327
1630460 327
1630470 322
1630480 322
1630490 322
1630500 321
1630510 319
1630520 319
1630530 314
1630540 314
1630550 314
1630560 314
1630570 314
1630580 314
1630590 314
1630600 314
1630610 314
1630620 314
1630630 314
1630640 314
1630650 314
1630660 314
1630670 314
1630680 314
1630690 314
1630700 314
1630710 315
1630720 315
1630730 315
1630740 316
1630750 317
1630760 317
1630770 318
1630780 318
1630790 318
1630800 318
1630810 319
1630820 319
1630830 319
1630840 321
1630850 321
1630860 321
1630870 322
1630880 322
1630890 321
1630900 320
1630910 320
1630920 319
1630930 319
1630940 319
1630950 319
1630960 319
1630970 319
1630980 319
1630990 321
1631000 321
1631010 323
1631020 325
1631030 325
1631040 327
1631050 328
1631060 328
1631070 330
1631080 332
1631090 332
1631100 335
1631110 338
1631120 338
1631130 341
1631140 345
1631150 345
1631160 349
1631170 353
1631180 353
1631190 357
1631200 362
1631210 362
1631220 368
1631230 374
1631240 374
1631250 380
1631260 385
1631270 385
1631280 390
1631290 393
1631300 393
1631310 395
1631320 396
1631330 396
1631340 397
1631350 399
1631360 399
1631370 400
1631380 401
1631390 401
1631400 401
1631410 402
1631420 405
1631430 407
1631440 408
1631450 408
1631460 409
1631470 411
1631480 411
1631490 411
1631500 411
1631510 411
1631520 410
1631530 408
1631540 408
1631550 404
1631560 400
1631570 400
1631580 395
1631590 390
1631600 390
1631610 386
1631620 383
1631630 383
1631640 381
1631650 379
1631660 379
1631670 378
1631680 379
1631690 379
1631700 379
1631710 381
1631720 381
1631730 386
1631740 390
1631750 390
1631760 394
1631770 397
1631780 397
1631790 399
1631800 401
1631810 401
1631820 403
1631830 404
1631840 404
1631850 405
1631860 406
1631870 406
1631880 408
1631890 409
1631900 409
1631910 411
1631920 412
1631930 412
1631940 413
1631950 414
1631960 414
1631970 415
1631980 415
1631990 415
1632000 414
1632010 414
1632020 414
1632030 414
1632040 414
1632050 414
1632060 414
1632070 414
1632080 414
1632090 415
1632100 415
1632110 415
1632120 416
1632130 417
1632140 417
1632150 418
1632160 419
1632170 419
1632180 420
1632190 422
1632200 422
1632210 423
1632220 424
1632230 424
1632240 425
1632250 427
1632260 427
1632270 428
1632280 430
1632290 430
1632300 430
1632310 432
1632320 432
1632330 434
1632340 435
1632350 435
1632360 436
1632370 436
1632380 436
1632390 437
1632400 438
1632410 438
1632420 438
1632430 439
1632440 439
1632450 439
1632460 438
1632470 438
1632480 437
1632490 435
1632500 435
1632510 433
1632520 431
1632530 431
1632540 430
1632550 429
1632560 429
1632570 427
1632580 426
1632590 426
1632600 425
1632610 424
1632620 424
1632630 424
1632640 424
1632650 424
1632660 424
1632670 423
1632680 423
1632690 423
1632700 424
1632710 424
1632720 424
1632730 424
1632740 424
1632750 426
1632760 426
1632770 426
1632780 428
1632790 430
1632800 430
1632810 433
1632820 438
1632830 438
1632840 442
1632850 446
1632860 446
1632870 449
1632880 452
1632890 452
1632900 455
1632910 457
1632920 457
1632930 458
1632940 459
1632950 459
1632960 462
1632970 463
1632980 463
1632990 465
1633000 466
1633010 466
1633020 467
1633030 468
1633040 468
1633050 469
1633060 470
1633070 470
1633080 471
1633090 472
1633100 472
1633110 472
1633120 473
1633130 473
1633140 473
1633150 474
1633160 474
1633170 475
1633180 476
1633190 476
1633200 477
1633210 477
1633220 477
1633230 477
1633240 478
1633250 478
1633260 478
1633270 479
1633280 479
1633290 479
1633300 479
1633310 479
1633320 479
1633330 479
1633340 479
1633350 479
1633360 479
1633370 479
1633380 479
1633390 479
1633400 479
1633410 478
1633420 478
1633430 478
1633440 477
1633450 476
1633460 476
1633470 476
1633480 475
1633490 475
1633500 474
1633510 474
1633520 474
1633530 473
1633540 472
1633550 472
1633560 471
1633570 471
1633580 471
1633590 470
1633600 469
1633610 469
1633620 468
1633630 467
1633640 467
1633650 466
1633660 464
1633670 464
1633680 463
1633690 459
1633700 459
1633710 456
1633720 452
1633730 452
1633740 449
1633750 446
1633760 446
1633770 443
1633780 442
1633790 442
1633800 442
1633810 442
1633820 442
1633830 443
1633840 444
1633850 444
1633860 445
1633870 445
1633880 445
1633890 445
1633900 444
1633910 444
1633920 445
1633930 446
1633940 446
1633950 446
1633960 445
1633970 445
1633980 443
1633990 441
1634000 441
1634010 441
1634020 444
1634030 444
1634040 448
1634050 453
1634060 453
1634070 456
1634080 458
1634090 458
1634100 459
1634110 459
1634120 459
1634130 458
1634140 458
1634150 458
1634160 458
1634170 458
1634180 458
1634190 457
1634200 457
1634210 457
1634220 456
1634230 455
1634240 455
1634250 451
1634260 447
1634270 447
1634280 443
1634290 440
1634300 440
1634310 438
1634320 437
1634330 437
1634340 437
1634350 438
1634360 438
1634370 440
1634380 443
1634390 443
1634400 445
1634410 448
1634420 448
1634430 451
1634440 454
1634450 454
1634460 457
1634470 459
1634480 459
1634490 460
1634500 461
1634510 461
1634520 462
1634530 463
1634540 463
1634550 464
1634560 465
1634570 465
1634580 465
1634590 465
1634600 465
1634610 465
1634620 465
1634630 465
1634640 464
1634650 463
1634660 463
1634670 461
1634680 458
1634690 458
1634700 455
1634710 450
1634720 450
1634730 447
1634740 443
1634750 443
1634760 439
1634770 437
1634780 437
1634790 438
1634800 441
1634810 441
1634820 445
1634830 450
1634840 450
1634850 454
1634860 458
1634870 458
1634880 460
1634890 461
1634900 461
1634910 464
1634920 465
1634930 465
1634940 466
1634950 467
1634960 467
1634970 469
1634980 470
1634990 470
1635000 470
1635010 472
1635020 472
1635030 473
1635040 473
1635050 473
1635060 473
1635070 473
1635080 473
1635090 474
1635100 474
1635110 474
1635120 474
1635130 474
1635140 474
1635150 473
1635160 473
1635170 473
1635180 472
1635190 468
1635200 468
1635210 462
1635220 455
1635230 455
1635240 449
1635250 444
1635260 444
1635270 439
1635280 433
1635290 433
1635300 427
1635310 421
1635320 421
1635330 416
1635340 410
1635350 410
1635360 404
1635370 399
1635380 399
1635390 393
1635400 388
1635410 388
1635420 385
1635430 385
1635440 385
1635450 387
1635460 390
1635470 390
1635480 393
1635490 397
1635500 397
1635510 402
1635520 408
1635530 408
1635540 413
1635550 418
1635560 418
1635570 424
1635580 428
1635590 428
1635600 431
1635610 432
1635620 432
1635630 434
1635640 436
1635650 436
1635660 439
1635670 441
1635680 441
1635690 445
1635700 448
1635710 448
1635720 450
1635730 452
1635740 452
1635750 453
1635760 454
1635770 455
1635780 456
1635790 456
1635800 456
1635810 456
1635820 456
1635830 456
1635840 455
1635850 453
1635860 453
1635870 452
1635880 450
1635890 450
1635900 448
1635910 446
1635920 446
1635930 444
1635940 441
1635950 441
1635960 438
1635970 435
1635980 435
1635990 435
1636000 435
1636010 435
1636020 434
1636030 433
1636040 433
1636050 432
1636060 429
1636070 429
1636080 427
1636090 424
1636100 424
1636110 422
1636120 419
1636130 419
1636140 415
1636150 411
1636160 411
1636170 410
1636180 408
1636190 408
1636200 406
1636210 405
1636220 405
1636230 402
1636240 401
1636250 401
1636260 399
1636270 397
1636280 397
1636290 395
1636300 392
1636310 392
1636320 390
1636330 388
1636340 388
1636350 386
1636360 384
1636370 384
1636380 383
1636390 381
1636400 381
1636410 381
1636420 380
1636430 380
1636440 382
1636450 389
1636460 389
1636470 396
1636480 400
1636490 400
1636500 397
1636510 393
1636520 393
1636530 388
1636540 384
1636550 384
1636560 380
1636570 377
1636580 377
1636590 375
1636600 373
1636610 373
1636620 373
1636630 373
1636640 373
1636650 374
1636660 374
1636670 374
1636680 374
1636690 374
1636700 374
1636710 374
1636720 374
1636730 374
1636740 375
1636750 375
1636760 375
1636770 376
1636780 377
1636790 377
1636800 377
1636810 378
1636820 378
1636830 378
1636840 378
1636850 378
1636860 377
1636870 376
1636880 376
1636890 376
1636900 376
1636910 376
1636920 376
1636930 376
1636940 376
1636950 377
1636960 378
1636970 378
1636980 379
1636990 380
1637000 380
1637010 380
1637020 380
1637030 380
1637040 382
1637050 385
1637060 385
1637070 389
1637080 394
1637090 394
1637100 399
1637110 404
1637120 404
1637130 409
1637140 414
1637150 414
1637160 417
1637170 419
1637180 419
1637190 419
1637200 418
1637210 418
1637220 417
1637230 417
1637240 417
1637250 416
1637260 416
1637270 416
1637280 415
1637290 414
1637300 414
1637310 413
1637320 411
1637330 411
1637340 409
1637350 407
1637360 407
1637370 404
1637380 401
1637390 401
1637400 398
1637410 394
1637420 394
1637430 390
1637440 386
1637450 386
1637460 384
1637470 384
1637480 383
1637490 382
1637500 382
1637510 382
1637520 382
1637530 382
1637540 382
1637550 382
1637560 382
1637570 382
1637580 382
1637590 382
1637600 382
1637610 383
1637620 383
1637630 383
1637640 383
1637650 383
1637660 383
1637670 383
1637680 383
1637690 383
1637700 383
1637710 384
1637720 384
1637730 384
1637740 384
1637750 384
1637760 384
1637770 384
1637780 384
1637790 385
1637800 385
1637810 385
1637820 385
1637830 385
1637840 385
1637850 385
1637860 386
1637870 386
1637880 386
1637890 386
1637900 386
1637910 386
1637920 387
1637930 387
1637940 386
1637950 386
1637960 386
1637970 386
1637980 386
1637990 386
1638000 386
1638010 386
1638020 386
1638030 387
1638040 387
1638050 387
1638060 387
1638070 387
1638080 387
1638090 388
1638100 388
1638110 388
1638120 388
1638130 389
1638140 389
1638150 389
1638160 389
1638170 389
1638180 390
1638190 390
1638200 390
1638210 391
1638220 391
1638230 391
1638240 392
1638250 393
1638260 393
1638270 393
1638280 395
1638290 395
1638300 396
1638310 397
1638320 397
1638330 399
1638340 399
1638350 399
1638360 400
1638370 401
1638380 401
1638390 401
1638400 402
1638410 402
1638420 402
1638430 403
1638440 403
1638450 403
1638460 404
1638470 404
1638480 404
1638490 405
1638500 405
1638510 405
1638520 405
1638530 405
1638540 405
1638550 405
1638560 405
1638570 404
1638580 404
1638590 404
1638600 404
1638610 405
1638620 405
1638630 406
1638640 408
1638650 408
1638660 410
1638670 411
1638680 411
1638690 413
1638700 414
1638710 414
1638720 415
1638730 416
1638740 416
1638750 418
1638760 419
1638770 419
1638780 420
1638790 421
1638800 421
1638810 422
1638820 423
1638830 423
1638840 424
1638850 425
1638860 425
1638870 426
1638880 426
1638890 426
1638900 427
1638910 427
1638920 427
1638930 428
1638940 428
1638950 428
1638960 428
1638970 428
1638980 428
1638990 428
1639000 428
1639010 428
1639020 428
1639030 428
1639040 428
1639050 428
1639060 428
1639070 428
1639080 428
1639090 427
1639100 427
1639110 427
1639120 426
1639130 426
1639140 426
1639150 425
1639160 425
1639170 424
1639180 423
1639190 423
1639200 422
1639210 421
1639220 421
1639230 419
1639240 418
1639250 418
1639260 415
1639270 413
1639280 413
1639290 411
1639300 409
1639310 409
1639320 409
1639330 409
1639340 409
1639350 408
1639360 408
1639370 408
1639380 407
1639390 407
1639400 407
1639410 406
1639420 406
1639430 406
1639440 405
1639450 404
1639460 404
1639470 404
1639480 403
1639490 403
1639500 402
1639510 401
1639520 401
1639530 401
1639540 400
1639550 400
1639560 399
1639570 399
1639580 399
1639590 399
1639600 399
1639610 399
1639620 399
1639630 399
1639640 399
1639650 399
1639660 398
1639670 398
1639680 396
1639690 395
1639700 395
1639710 393
1639720 392
1639730 392
1639740 390
1639750 389
1639760 389
1639770 387
1639780 386
1639790 386
1639800 384
1639810 383
1639820 383
1639830 383
1639840 384
1639850 384
1639860 385
1639870 385
1639880 385
1639890 385
1639900 385
1639910 385
1639920 385
1639930 385
1639940 385
1639950 384
1639960 384
1639970 384
1639980 384
1639990 383
