1620000 360
1620010 360
1620020 359
1620030 358
1620040 358
1620050 357
1620060 356
1620070 356
1620080 355
1620090 354
1620100 354
1620110 354
1620120 353
1620130 353
1620140 352
1620150 351
1620160 351
1620170 350
1620180 350
1620190 349
1620200 348
1620210 348
1620220 347
1620230 347
1620240 347
1620250 347
1620260 348
1620270 348
1620280 351
1620290 353
1620300 353
1620310 355
1620320 357
1620330 357
1620340 358
1620350 359
1620360 359
1620370 359
1620380 358
1620390 358
1620400 356
1620410 354
1620420 354
1620430 352
1620440 349
1620450 349
1620460 345
1620470 343
1620480 343
1620490 343
1620500 342
1620510 342
1620520 342
1620530 341
1620540 341
1620550 341
1620560 341
1620570 341
1620580 342
1620590 344
1620600 344
1620610 345
1620620 346
1620630 346
1620640 346
1620650 346
1620660 346
1620670 345
1620680 343
1620690 343
1620700 343
1620710 343
1620720 343
1620730 343
1620740 343
1620750 343
1620760 343
1620770 344
1620780 344
1620790 345
1620800 346
1620810 346
1620820 348
1620830 351
1620840 351
1620850 354
1620860 356
1620870 356
1620880 358
1620890 360
1620900 360
1620910 360
1620920 360
1620930 360
1620940 362
1620950 364
1620960 364
1620970 365
1620980 366
1620990 366
1621000 367
1621010 367
1621020 367
1621030 368
1621040 369
1621050 369
1621060 369
1621070 370
1621080 370
1621090 370
1621100 370
1621110 370
1621120 371
1621130 371
1621140 371
1621150 371
1621160 371
1621170 371
1621180 370
1621190 370
1621200 370
1621210 371
1621220 371
1621230 371
1621240 372
1621250 372
1621260 372
1621270 373
1621280 373
1621290 373
1621300 373
1621310 372
1621320 372
1621330 371
1621340 370
1621350 370
1621360 369
1621370 368
1621380 368
1621390 367
1621400 366
1621410 366
1621420 365
1621430 363
1621440 363
1621450 362
1621460 360
1621470 360
1621480 358
1621490 355
1621500 355
1621510 351
1621520 350
1621530 350
1621540 353
1621550 355
1621560 355
1621570 355
1621580 357
1621590 357
1621600 359
1621610 360
1621620 360
1621630 361
1621640 361
1621650 361
1621660 361
1621670 362
1621680 362
1621690 362
1621700 362
1621710 362
1621720 363
1621730 364
1621740 364
1621750 365
1621760 366
1621770 366
1621780 367
1621790 368
1621800 368
1621810 369
1621820 370
1621830 370
1621840 371
1621850 372
1621860 372
1621870 373
1621880 374
1621890 374
1621900 375
1621910 375
1621920 375
1621930 376
1621940 376
1621950 376
1621960 376
1621970 377
1621980 377
1621990 376
1622000 376
1622010 376
1622020 376
1622030 375
1622040 375
1622050 374
1622060 373
1622070 373
1622080 370
1622090 368
1622100 368
1622110 365
1622120 362
1622130 359
1622140 356
1622150 354
1622160 354
1622170 351
1622180 347
1622190 347
1622200 343
1622210 341
1622220 341
1622230 342
1622240 343
1622250 343
1622260 344
1622270 346
1622280 346
1622290 348
1622300 350
1622310 350
1622320 353
1622330 358
1622340 358
1622350 362
1622360 365
1622370 365
1622380 368
1622390 370
1622400 370
1622410 371
1622420 371
1622430 371
1622440 371
1622450 369
1622460 369
1622470 366
1622480 362
1622490 362
1622500 358
1622510 354
1622520 354
1622530 350
1622540 346
1622550 346
1622560 342
1622570 336
1622580 336
1622590 332
1622600 329
1622610 329
1622620 327
1622630 326
1622640 326
1622650 326
1622660 323
1622670 323
1622680 318
1622690 311
1622700 311
1622710 305
1622720 300
1622730 300
1622740 295
1622750 289
1622760 289
1622770 283
1622780 280
1622790 280
1622800 278
1622810 276
1622820 276
1622830 275
1622840 275
1622850 275
1622860 276
1622870 276
1622880 276
1622890 275
1622900 275
1622910 275
1622920 274
1622930 273
1622940 273
1622950 272
1622960 273
1622970 273
1622980 274
1622990 279
1623000 279
1623010 286
1623020 294
1623030 294
1623040 300
1623050 305
1623060 305
1623070 312
1623080 316
1623090 316
1623100 322
1623110 328
1623120 328
1623130 334
1623140 338
1623150 338
1623160 341
1623170 342
1623180 342
1623190 344
1623200 346
1623210 346
1623220 348
1623230 351
1623240 351
1623250 352
1623260 354
1623270 354
1623280 355
1623290 356
1623300 356
1623310 357
1623320 358
1623330 358
1623340 359
1623350 360
1623360 360
1623370 361
1623380 362
1623390 362
1623400 363
1623410 364
1623420 364
1623430 365
1623440 365
1623450 365
1623460 365
1623470 366
1623480 366
1623490 366
1623500 366
1623510 366
1623520 366
1623530 366
1623540 366
1623550 367
1623560 367
1623570 367
1623580 366
1623590 366
1623600 366
1623610 365
1623620 364
1623630 364
1623640 363
1623650 362
1623660 362
1623670 360
1623680 358
1623690 358
1623700 356
1623710 355
1623720 355
1623730 355
1623740 355
1623750 355
1623760 356
1623770 356
1623780 356
1623790 358
1623800 359
1623810 359
1623820 361
1623830 362
1623840 362
1623850 363
1623860 364
1623870 364
1623880 364
1623890 363
1623900 363
1623910 363
1623920 363
1623930 363
1623940 364
1623950 364
1623960 364
1623970 364
1623980 364
1623990 364
1624000 365
1624010 364
1624020 364
1624030 364
1624040 364
1624050 364
1624060 363
1624070 362
1624080 362
1624090 362
1624100 360
1624110 360
1624120 359
1624130 357
1624140 357
1624150 355
1624160 353
1624170 353
1624180 352
1624190 353
1624200 353
1624210 357
1624220 360
1624230 360
1624240 363
1624250 365
1624260 365
1624270 367
1624280 369
1624290 369
1624300 372
1624310 374
1624320 374
1624330 376
1624340 379
1624350 379
1624360 380
1624370 382
1624380 382
1624390 383
1624400 384
1624410 384
1624420 385
1624430 386
1624440 386
1624450 387
1624460 388
1624470 388
1624480 389
1624490 390
1624500 390
1624510 390
1624520 391
1624530 391
1624540 392
1624550 392
1624560 392
1624570 393
1624580 393
1624590 393
1624600 394
1624610 394
1624620 394
1624630 394
1624640 394
1624650 394
1624660 394
1624670 394
1624680 394
1624690 394
1624700 394
1624710 394
1624720 394
1624730 395
1624740 395
1624750 395
1624760 394
1624770 394
1624780 394
1624790 393
1624800 393
1624810 392
1624820 392
1624830 392
1624840 391
1624850 390
1624860 390
1624870 389
1624880 387
1624890 387
1624900 386
1624910 384
1624920 384
1624930 382
1624940 380
1624950 380
1624960 379
1624970 378
1624980 378
1624990 377
1625000 377
1625010 377
1625020 377
1625030 378
1625040 378
1625050 379
1625060 379
1625070 379
1625080 379
1625090 377
1625100 377
1625110 372
1625120 364
1625130 364
1625140 361
1625150 361
1625160 361
1625170 361
1625180 359
1625190 359
1625200 354
1625210 351
1625220 351
1625230 355
1625240 358
1625250 358
1625260 352
1625270 347
1625280 347
1625290 345
1625300 345
1625310 345
1625320 348
1625330 353
1625340 353
1625350 360
1625360 368
1625370 368
1625380 379
1625390 384
1625400 384
1625410 385
1625420 385
1625430 385
1625440 384
1625450 385
1625460 385
1625470 386
1625480 386
1625490 386
1625500 383
1625510 379
1625520 379
1625530 374
1625540 369
1625550 369
1625560 365
1625570 359
1625580 359
1625590 355
1625600 354
1625610 354
1625620 355
1625630 356
1625640 356
1625650 360
1625660 364
1625670 364
1625680 369
1625690 373
1625700 373
1625710 378
1625720 382
1625730 382
1625740 387
1625750 392
1625760 392
1625770 396
1625780 401
1625790 401
1625800 406
1625810 412
1625820 412
1625830 417
1625840 421
1625850 418
1625860 422
1625870 425
1625880 425
1625890 427
1625900 429
1625910 429
1625920 430
1625930 431
1625940 431
1625950 431
1625960 432
1625970 432
1625980 434
1625990 436
1626000 436
1626010 438
1626020 440
1626030 440
1626040 442
1626050 443
1626060 443
1626070 443
1626080 441
1626090 441
1626100 438
1626110 435
1626120 435
1626130 433
1626140 433
1626150 433
1626160 429
1626170 426
1626180 426
1626190 425
1626200 422
1626210 422
1626220 414
1626230 409
1626240 409
1626250 405
1626260 399
1626270 399
1626280 395
1626290 393
1626300 393
1626310 392
1626320 392
1626330 392
1626340 392
1626350 393
1626360 393
1626370 394
1626380 395
1626390 395
1626400 397
1626410 400
1626420 400
1626430 404
1626440 409
1626450 409
1626460 414
1626470 420
1626480 420
1626490 426
1626500 430
1626510 430
1626520 434
1626530 437
1626540 437
1626550 440
1626560 443
1626570 443
1626580 446
1626590 448
1626600 448
1626610 451
1626620 454
1626630 454
1626640 456
1626650 459
1626660 459
1626670 461
1626680 463
1626690 463
1626700 465
1626710 468
1626720 468
1626730 470
1626740 472
1626750 472
1626760 474
1626770 478
1626780 478
1626790 479
1626800 480
1626810 480
1626820 480
1626830 480
1626840 480
1626850 480
1626860 479
1626870 479
1626880 479
1626890 478
1626900 478
1626910 477
1626920 475
1626930 475
1626940 473
1626950 471
1626960 471
1626970 467
1626980 464
1626990 464
1627000 461
1627010 459
1627020 459
1627030 458
1627040 458
1627050 458
1627060 456
1627070 453
1627080 453
1627090 449
1627100 447
1627110 447
1627120 446
1627130 446
1627140 446
1627150 448
1627160 449
1627170 449
1627180 449
1627190 448
1627200 448
1627210 446
1627220 445
1627230 445
1627240 444
1627250 443
1627260 443
1627270 441
1627280 438
1627290 438
1627300 434
1627310 431
1627320 431
1627330 431
1627340 433
1627350 433
1627360 433
1627370 434
1627380 434
1627390 433
1627400 432
1627410 432
1627420 430
1627430 428
1627440 428
1627450 425
1627460 422
1627470 422
1627480 419
1627490 417
1627500 417
1627510 415
1627520 414
1627530 414
1627540 413
1627550 412
1627560 412
1627570 411
1627580 410
1627590 410
1627600 409
1627610 408
1627620 408
1627630 408
1627640 407
1627650 407
1627660 407
1627670 407
1627680 405
1627690 405
1627700 405
1627710 405
1627720 405
1627730 405
1627740 405
1627750 405
1627760 405
1627770 405
1627780 405
1627790 404
1627800 404
1627810 405
1627820 404
1627830 404
1627840 403
1627850 402
1627860 402
1627870 400
1627880 400
1627890 398
1627900 396
1627910 396
1627920 394
1627930 393
1627940 393
1627950 390
1627960 387
1627970 387
1627980 387
1627990 387
1628000 387
1628010 384
1628020 382
1628030 382
1628040 379
1628050 376
1628060 376
1628070 375
1628080 375
1628090 375
1628100 379
1628110 384
1628120 384
1628130 388
1628140 392
1628150 392
1628160 394
1628170 397
1628180 397
1628190 400
1628200 402
1628210 402
1628220 405
1628230 409
1628240 409
1628250 413
1628260 417
1628270 417
1628280 422
1628290 428
1628300 428
1628310 433
1628320 434
1628330 434
1628340 436
1628350 438
1628360 438
1628370 439
1628380 441
1628390 441
1628400 443
1628410 446
1628420 446
1628430 448
1628440 449
1628450 449
1628460 450
1628470 449
1628480 449
1628490 448
1628500 446
1628510 446
1628520 445
1628530 443
1628540 443
1628550 442
1628560 440
1628570 440
1628580 434
1628590 432
1628600 432
1628610 431
1628620 433
1628630 433
1628640 437
1628650 442
1628660 442
1628670 446
1628680 451
1628690 451
1628700 455
1628710 459
1628720 459
1628730 463
1628740 467
1628750 467
1628760 471
1628770 474
1628780 474
1628790 476
1628800 478
1628810 478
1628820 479
1628830 480
1628840 480
1628850 481
1628860 482
1628870 482
1628880 483
1628890 484
1628900 484
1628910 485
1628920 485
1628930 485
1628940 486
1628950 487
1628960 487
1628970 488
1628980 489
1628990 489
1629000 490
1629010 490
1629020 490
1629030 491
1629040 492
1629050 492
1629060 493
1629070 493
1629080 493
1629090 494
1629100 494
1629110 494
1629120 495
1629130 495
1629140 495
1629150 495
1629160 496
1629170 496
1629180 496
1629190 497
1629200 497
1629210 498
1629220 498
1629230 498
1629240 499
1629250 499
1629260 499
1629270 499
1629280 499
1629290 499
1629300 499
1629310 500
1629320 500
1629330 500
1629340 500
1629350 500
1629360 501
1629370 501
1629380 501
1629390 502
1629400 503
1629410 503
1629420 504
1629430 506
1629440 506
1629450 507
1629460 508
1629470 508
1629480 508
1629490 509
1629500 509
1629510 510
1629520 511
1629530 511
1629540 512
1629550 513
1629560 513
1629570 514
1629580 516
1629590 516
1629600 517
1629610 518
1629620 518
1629630 519
1629640 520
1629650 520
1629660 521
1629670 522
1629680 522
1629690 522
1629700 523
1629710 523
1629720 524
1629730 524
1629740 524
1629750 525
1629760 526
1629770 526
1629780 527
1629790 528
1629800 528
1629810 530
1629820 531
1629830 531
1629840 531
1629850 532
1629860 532
1629870 533
1629880 534
1629890 534
1629900 535
1629910 536
1629920 536
1629930 536
1629940 537
1629950 537
1629960 539
1629970 539
1629980 539
1629990 540
1630000 540
1630010 540
1630020 541
1630030 541
1630040 541
1630050 542
1630060 543
1630070 543
1630080 543
1630090 543
1630100 543
1630110 542
1630120 541
1630130 541
1630140 540
1630150 539
1630160 539
1630170 539
1630180 539
1630190 539
1630200 540
1630210 542
1630220 542
1630230 545
1630240 546
1630250 546
1630260 548
1630270 549
1630280 549
1630290 550
1630300 550
1630310 550
1630320 551
1630330 551
1630340 551
1630350 551
1630360 552
1630370 553
1630380 553
1630390 553
1630400 553
1630410 553
1630420 552
1630430 552
1630440 551
1630450 549
1630460 549
1630470 546
1630480 544
1630490 544
1630500 542
1630510 540
1630520 540
1630530 538
1630540 535
1630550 535
1630560 533
1630570 532
1630580 532
1630590 531
1630600 529
1630610 529
1630620 529
1630630 531
1630640 531
1630650 535
1630660 539
1630670 539
1630680 542
1630690 545
1630700 545
1630710 546
1630720 548
1630730 548
1630740 549
1630750 550
1630760 550
1630770 550
1630780 551
1630790 551
1630800 551
1630810 552
1630820 552
1630830 552
1630840 551
1630850 551
1630860 551
1630870 551
1630880 551
1630890 551
1630900 550
1630910 550
1630920 550
1630930 549
1630940 549
1630950 548
1630960 547
1630970 547
1630980 545
1630990 543
1631000 543
1631010 543
1631020 545
1631030 545
1631040 549
1631050 550
1631060 550
1631070 550
1631080 550
1631090 550
1631100 550
1631110 547
1631120 547
1631130 545
1631140 544
1631150 544
1631160 542
1631170 538
1631180 538
1631190 533
1631200 529
1631210 529
1631220 525
1631230 520
1631240 520
1631250 516
1631260 509
1631270 509
1631280 507
1631290 505
1631300 505
1631310 503
1631320 503
1631330 503
1631340 504
1631350 505
1631360 505
1631370 505
1631380 505
1631390 505
1631400 506
1631410 506
1631420 506
1631430 502
1631440 497
1631450 497
1631460 490
1631470 487
1631480 487
1631490 487
1631500 490
1631510 490
1631520 494
1631530 499
1631540 499
1631550 504
1631560 509
1631570 509
1631580 512
1631590 514
1631600 514
1631610 515
1631620 515
1631630 515
1631640 514
1631650 512
1631660 512
1631670 510
1631680 507
1631690 507
1631700 504
1631710 501
1631720 501
1631730 497
1631740 494
1631750 494
1631760 490
1631770 487
1631780 487
1631790 484
1631800 480
1631810 480
1631820 477
1631830 474
1631840 474
1631850 469
1631860 464
1631870 464
1631880 460
1631890 458
1631900 458
1631910 459
1631920 462
1631930 462
1631940 466
1631950 471
1631960 471
1631970 474
1631980 477
1631990 477
1632000 477
1632010 476
1632020 476
1632030 473
1632040 468
1632050 468
1632060 462
1632070 456
1632080 456
1632090 450
1632100 442
1632110 442
1632120 435
1632130 429
1632140 435
1632150 431
1632160 425
1632170 425
1632180 420
1632190 412
1632200 412
1632210 407
1632220 399
1632230 399
1632240 393
1632250 387
1632260 387
1632270 380
1632280 377
1632290 377
1632300 374
1632310 374
1632320 374
1632330 377
1632340 384
1632350 384
1632360 391
1632370 398
1632380 398
1632390 405
1632400 412
1632410 412
1632420 414
1632430 417
1632440 417
1632450 422
1632460 427
1632470 427
1632480 432
1632490 437
1632500 437
1632510 442
1632520 447
1632530 447
1632540 452
1632550 457
1632560 457
1632570 462
1632580 467
1632590 467
1632600 473
1632610 479
1632620 479
1632630 485
1632640 490
1632650 490
1632660 496
1632670 502
1632680 502
1632690 507
1632700 512
1632710 512
1632720 515
1632730 516
1632740 516
1632750 514
1632760 512
1632770 512
1632780 510
1632790 508
1632800 508
1632810 508
1632820 507
1632830 507
1632840 508
1632850 509
1632860 509
1632870 509
1632880 509
1632890 509
1632900 510
1632910 511
1632920 511
1632930 513
1632940 515
1632950 515
1632960 517
1632970 520
1632980 520
1632990 523
1633000 525
1633010 525
1633020 525
1633030 527
1633040 527
1633050 529
1633060 530
1633070 530
1633080 532
1633090 533
1633100 533
1633110 535
1633120 536
1633130 536
1633140 537
1633150 538
1633160 538
1633170 539
1633180 539
1633190 539
1633200 540
1633210 541
1633220 541
1633230 542
1633240 543
1633250 543
1633260 544
1633270 545
1633280 545
1633290 546
1633300 546
1633310 546
1633320 547
1633330 548
1633340 548
1633350 549
1633360 550
1633370 550
1633380 550
1633390 551
1633400 551
1633410 552
1633420 552
1633430 552
1633440 553
1633450 554
1633460 554
1633470 554
1633480 555
1633490 555
1633500 556
1633510 556
1633520 556
1633530 557
1633540 557
1633550 557
1633560 558
1633570 558
1633580 558
1633590 559
1633600 559
1633610 559
1633620 559
1633630 559
1633640 559
1633650 560
1633660 560
1633670 560
1633680 559
1633690 559
1633700 559
1633710 559
1633720 558
1633730 558
1633740 557
1633750 555
1633760 555
1633770 552
1633780 550
1633790 550
1633800 548
1633810 547
1633820 547
1633830 546
1633840 546
1633850 546
1633860 547
1633870 547
1633880 547
1633890 544
1633900 544
1633910 544
1633920 545
1633930 548
1633940 548
1633950 550
1633960 552
1633970 552
1633980 554
1633990 556
1634000 556
1634010 559
1634020 561
1634030 561
1634040 563
1634050 566
1634060 566
1634070 569
1634080 570
1634090 570
1634100 571
1634110 571
1634120 571
1634130 572
1634140 572
1634150 572
1634160 572
1634170 572
1634180 572
1634190 572
1634200 571
1634210 571
1634220 569
1634230 567
1634240 567
1634250 565
1634260 564
1634270 564
1634280 563
1634290 563
1634300 563
1634310 562
1634320 562
1634330 562
1634340 562
1634350 561
1634360 561
1634370 561
1634380 561
1634390 561
1634400 561
1634410 561
1634420 561
1634430 561
1634440 561
1634450 561
1634460 560
1634470 560
1634480 560
1634490 559
1634500 559
1634510 559
1634520 558
1634530 558
1634540 558
1634550 557
1634560 557
1634570 557
1634580 556
1634590 554
1634600 554
1634610 551
1634620 547
1634630 547
1634640 544
1634650 541
1634660 541
1634670 539
1634680 537
1634690 537
1634700 537
1634710 538
1634720 538
1634730 539
1634740 539
1634750 539
1634760 540
1634770 543
1634780 543
1634790 546
1634800 548
1634810 548
1634820 550
1634830 552
1634840 552
1634850 554
1634860 555
1634870 555
1634880 557
1634890 557
1634900 557
1634910 558
1634920 558
1634930 558
1634940 559
1634950 559
1634960 559
1634970 559
1634980 560
1634990 560
1635000 560
1635010 560
1635020 560
1635030 559
1635040 558
1635050 558
1635060 557
1635070 556
1635080 556
1635090 554
1635100 551
1635110 551
1635120 549
1635130 548
1635140 548
1635150 547
1635160 545
1635170 545
1635180 544
1635190 543
1635200 543
1635210 541
1635220 540
1635230 540
1635240 537
1635250 534
1635260 534
1635270 530
1635280 528
1635290 528
1635300 527
1635310 525
1635320 525
1635330 523
1635340 523
1635350 521
1635360 518
1635370 518
1635380 514
1635390 510
1635400 510
1635410 507
1635420 505
1635430 505
1635440 503
1635450 501
1635460 501
1635470 501
1635480 502
1635490 502
1635500 503
1635510 505
1635520 505
1635530 506
1635540 505
1635550 505
1635560 505
1635570 505
1635580 505
1635590 506
1635600 508
1635610 508
1635620 509
1635630 510
1635640 510
1635650 511
1635660 510
1635670 510
1635680 510
1635690 509
1635700 509
1635710 508
1635720 508
1635730 508
1635740 508
1635750 507
1635760 507
1635770 506
1635780 504
1635790 504
1635800 502
1635810 502
1635820 502
1635830 504
1635840 506
1635850 506
1635860 508
1635870 510
1635880 510
1635890 511
1635900 510
1635910 510
1635920 510
1635930 508
1635940 508
1635950 507
1635960 505
1635970 505
1635980 503
1635990 502
1636000 502
1636010 501
1636020 500
1636030 500
1636040 500
1636050 500
1636060 500
1636070 500
1636080 498
1636090 498
1636100 494
1636110 488
1636120 488
1636130 483
1636140 483
1636150 483
1636160 487
1636170 493
1636180 493
1636190 496
1636200 499
1636210 499
1636220 502
1636230 504
1636240 504
1636250 505
1636260 506
1636270 506
1636280 507
1636290 507
1636300 507
1636310 508
1636320 508
1636330 508
1636340 508
1636350 508
1636360 508
1636370 507
1636380 507
1636390 507
1636400 506
1636410 506
1636420 506
1636430 505
1636440 504
1636450 504
1636460 503
1636470 500
1636480 500
1636490 499
1636500 498
1636510 498
1636520 496
1636530 494
1636540 494
1636550 492
1636560 489
1636570 489
1636580 486
1636590 485
1636600 485
1636610 486
1636620 488
1636630 488
1636640 490
1636650 492
1636660 492
1636670 494
1636680 497
1636690 497
1636700 499
1636710 500
1636720 500
1636730 502
1636740 504
1636750 504
1636760 505
1636770 507
1636780 507
1636790 509
1636800 511
1636810 511
1636820 512
1636830 513
1636840 513
1636850 514
1636860 515
1636870 515
1636880 515
1636890 515
1636900 515
1636910 515
1636920 514
1636930 514
1636940 512
1636950 510
1636960 510
1636970 507
1636980 504
1636990 504
1637000 500
1637010 496
1637020 496
1637030 490
1637040 487
1637050 487
1637060 488
1637070 489
1637080 489
1637090 492
1637100 495
1637110 495
1637120 498
1637130 500
1637140 500
1637150 502
1637160 504
1637170 504
1637180 507
1637190 509
1637200 509
1637210 512
1637220 514
1637230 514
1637240 516
1637250 518
1637260 518
1637270 521
1637280 523
1637290 523
1637300 525
1637310 526
1637320 526
1637330 529
1637340 531
1637350 531
1637360 533
1637370 534
1637380 534
1637390 535
1637400 535
1637410 535
1637420 535
1637430 534
1637440 534
1637450 534
1637460 532
1637470 532
1637480 529
1637490 525
1637500 525
1637510 522
1637520 520
1637530 520
1637540 520
1637550 520
1637560 520
1637570 521
1637580 524
1637590 524
1637600 526
1637610 528
1637620 528
1637630 529
1637640 530
1637650 530
1637660 530
1637670 530
1637680 530
1637690 530
1637700 530
1637710 530
1637720 530
1637730 529
1637740 529
1637750 528
1637760 527
1637770 527
1637780 527
1637790 526
1637800 526
1637810 525
1637820 524
1637830 524
1637840 521
1637850 519
1637860 519
1637870 515
1637880 509
1637890 509
1637900 504
1637910 501
1637920 501
1637930 501
1637940 502
1637950 502
1637960 503
1637970 504
1637980 504
1637990 506
1638000 508
1638010 508
1638020 509
1638030 509
1638040 509
1638050 507
1638060 505
1638070 505
1638080 503
1638090 500
1638100 500
1638110 495
1638120 491
1638130 491
1638140 490
1638150 490
1638160 490
1638170 490
1638180 490
1638190 490
1638200 492
1638210 493
1638220 493
1638230 494
1638240 495
1638250 495
1638260 497
1638270 500
1638280 500
1638290 502
1638300 506
1638310 506
1638320 509
1638330 512
1638340 512
1638350 516
1638360 519
1638370 519
1638380 522
1638390 524
1638400 524
1638410 526
1638420 528
1638430 528
1638440 529
1638450 530
1638460 530
1638470 531
1638480 531
1638490 531
1638500 532
1638510 532
1638520 532
1638530 532
1638540 532
1638550 532
1638560 532
1638570 531
1638580 531
1638590 531
1638600 531
1638610 531
1638620 530
1638630 529
1638640 529
1638650 528
1638660 527
1638670 527
1638680 526
1638690 524
1638700 524
1638710 522
1638720 519
1638730 519
1638740 516
1638750 512
1638760 512
1638770 507
1638780 504
1638790 504
1638800 505
1638810 508
1638820 508
1638830 511
1638840 514
1638850 514
1638860 517
1638870 521
1638880 521
1638890 524
1638900 527
1638910 527
1638920 529
1638930 531
1638940 531
1638950 532
1638960 533
1638970 533
1638980 533
1638990 533
1639000 533
1639010 533
1639020 536
1639030 536
1639040 536
1639050 536
1639060 536
1639070 536
1639080 536
1639090 536
1639100 537
1639110 537
1639120 537
1639130 538
1639140 538
1639150 538
1639160 538
1639170 539
1639180 539
1639190 539
1639200 539
1639210 539
1639220 540
1639230 540
1639240 540
1639250 540
1639260 539
1639270 539
1639280 538
1639290 536
1639300 536
1639310 534
1639320 530
1639330 530
1639340 526
1639350 525
1639360 525
1639370 526
1639380 529
1639390 529
1639400 530
1639410 531
1639420 531
1639430 532
1639440 532
1639450 532
1639460 532
1639470 532
1639480 532
1639490 532
1639500 532
1639510 532
1639520 531
1639530 531
1639540 531
1639550 531
1639560 531
1639570 531
1639580 531
1639590 531
1639600 531
1639610 532
1639620 534
1639630 534
1639640 534
1639650 534
1639660 534
1639670 534
1639680 534
1639690 534
1639700 534
1639710 533
1639720 533
1639730 533
1639740 532
1639750 532
1639760 531
1639770 530
1639780 530
1639790 529
1639800 528
1639810 528
1639820 527
1639830 526
1639840 526
1639850 525
1639860 526
1639870 526
1639880 525
1639890 525
1639900 525
1639910 524
1639920 523
1639930 523
1639940 521
1639950 518
1639960 518
1639970 516
1639980 514
1639990 514
