1620000 382
1620010 382
1620020 382
1620030 381
1620040 381
1620050 380
1620060 380
1620070 380
1620080 379
1620090 378
1620100 378
1620110 377
1620120 377
1620130 377
1620140 376
1620150 375
1620160 375
1620170 374
1620180 373
1620190 373
1620200 372
1620210 371
1620220 371
1620230 370
1620240 368
1620250 368
1620260 366
1620270 364
1620280 364
1620290 364
1620300 363
1620310 363
1620320 364
1620330 365
1620340 365
1620350 365
1620360 366
1620370 366
1620380 366
1620390 367
1620400 367
1620410 369
1620420 369
1620430 369
1620440 370
1620450 370
1620460 370
1620470 371
1620480 372
1620490 372
1620500 372
1620510 373
1620520 373
1620530 374
1620540 375
1620550 375
1620560 376
1620570 377
1620580 377
1620590 378
1620600 378
1620610 378
1620620 379
1620630 379
1620640 379
1620650 379
1620660 379
1620670 378
1620680 378
1620690 378
1620700 378
1620710 377
1620720 377
1620730 377
1620740 377
1620750 377
1620760 376
1620770 376
1620780 376
1620790 375
1620800 374
1620810 374
1620820 372
1620830 371
1620840 371
1620850 369
1620860 368
1620870 368
1620880 366
1620890 364
1620900 364
1620910 363
1620920 363
1620930 363
1620940 364
1620950 365
1620960 365
1620970 365
1620980 366
1620990 366
1621000 366
1621010 367
1621020 367
1621030 369
1621040 371
1621050 371
1621060 373
1621070 375
1621080 375
1621090 377
1621100 379
1621110 379
1621120 380
1621130 382
1621140 382
1621150 383
1621160 383
1621170 383
1621180 384
1621190 385
1621200 385
1621210 386
1621220 387
1621230 387
1621240 387
1621250 387
1621260 387
1621270 388
1621280 388
1621290 388
1621300 389
1621310 389
1621320 389
1621330 389
1621340 390
1621350 390
1621360 390
1621370 390
1621380 390
1621390 391
1621400 391
1621410 391
1621420 391
1621430 392
1621440 392
1621450 392
1621460 392
1621470 392
1621480 392
1621490 392
1621500 392
1621510 393
1621520 393
1621530 393
1621540 393
1621550 393
1621560 393
1621570 393
1621580 393
1621590 393
1621600 393
1621610 393
1621620 393
1621630 392
1621640 392
1621650 392
1621660 392
1621670 391
1621680 391
1621690 389
1621700 388
1621710 388
1621720 385
1621730 382
1621740 382
1621750 377
1621760 372
1621770 372
1621780 367
1621790 362
1621800 362
1621810 357
1621820 352
1621830 352
1621840 345
1621850 339
1621860 339
1621870 335
1621880 330
1621890 330
1621900 322
1621910 317
1621920 317
1621930 316
1621940 313
1621950 313
1621960 304
1621970 297
1621980 297
1621990 293
1622000 292
1622010 292
1622020 292
1622030 292
1622040 292
1622050 295
1622060 298
1622070 298
1622080 303
1622090 310
1622100 310
1622110 316
1622120 322
1622130 322
1622140 328
1622150 335
1622160 335
1622170 339
1622180 344
1622190 344
1622200 349
1622210 355
1622220 355
1622230 361
1622240 367
1622250 367
1622260 374
1622270 379
1622280 379
1622290 384
1622300 389
1622310 389
1622320 393
1622330 397
1622340 397
1622350 402
1622360 404
1622370 404
1622380 404
1622390 404
1622400 404
1622410 404
1622420 403
1622430 403
1622440 403
1622450 403
1622460 403
1622470 403
1622480 402
1622490 402
1622500 402
1622510 402
1622520 402
1622530 402
1622540 402
1622550 402
1622560 402
1622570 402
1622580 402
1622590 403
1622600 403
1622610 403
1622620 402
1622630 402
1622640 402
1622650 402
1622660 402
1622670 402
1622680 401
1622690 401
1622700 401
1622710 399
1622720 398
1622730 398
1622740 397
1622750 397
1622760 397
1622770 397
1622780 397
1622790 397
1622800 397
1622810 398
1622820 398
1622830 398
1622840 399
1622850 399
1622860 399
1622870 400
1622880 400
1622890 400
1622900 401
1622910 401
1622920 401
1622930 402
1622940 402
1622950 402
1622960 403
1622970 403
1622980 403
1622990 402
1623000 402
1623010 401
1623020 400
1623030 400
1623040 398
1623050 397
1623060 397
1623070 397
1623080 399
1623090 399
1623100 401
1623110 403
1623120 403
1623130 404
1623140 406
1623150 406
1623160 407
1623170 408
1623180 408
1623190 410
1623200 411
1623210 411
1623220 411
1623230 412
1623240 412
1623250 413
1623260 414
1623270 414
1623280 415
1623290 416
1623300 416
1623310 417
1623320 417
1623330 417
1623340 418
1623350 418
1623360 418
1623370 418
1623380 417
1623390 417
1623400 414
1623410 411
1623420 411
1623430 409
1623440 407
1623450 407
1623460 403
1623470 399
1623480 399
1623490 397
1623500 399
1623510 399
1623520 403
1623530 406
1623540 406
1623550 410
1623560 413
1623570 413
1623580 417
1623590 421
1623600 421
1623610 423
1623620 424
1623630 424
1623640 426
1623650 427
1623660 427
1623670 428
1623680 429
1623690 429
1623700 429
1623710 430
1623720 430
1623730 429
1623740 429
1623750 429
1623760 427
1623770 425
1623780 425
1623790 422
1623800 417
1623810 417
1623820 413
1623830 412
1623840 412
1623850 413
1623860 415
1623870 415
1623880 419
1623890 423
1623900 423
1623910 427
1623920 430
1623930 430
1623940 431
1623950 432
1623960 432
1623970 433
1623980 433
1623990 433
1624000 433
1624010 433
1624020 433
1624030 433
1624040 432
1624050 432
1624060 432
1624070 432
1624080 432
1624090 432
1624100 432
1624110 432
1624120 433
1624130 433
1624140 433
1624150 433
1624160 433
1624170 433
1624180 433
1624190 433
1624200 433
1624210 433
1624220 434
1624230 434
1624240 434
1624250 435
1624260 435
1624270 435
1624280 435
1624290 435
1624300 435
1624310 435
1624320 435
1624330 434
1624340 433
1624350 433
1624360 431
1624370 429
1624380 429
1624390 428
1624400 428
1624410 428
1624420 428
1624430 427
1624440 427
1624450 426
1624460 425
1624470 425
1624480 424
1624490 422
1624500 422
1624510 420
1624520 421
1624530 421
1624540 418
1624550 414
1624560 414
1624570 411
1624580 410
1624590 410
1624600 412
1624610 415
1624620 415
1624630 418
1624640 420
1624650 420
1624660 421
1624670 422
1624680 422
1624690 421
1624700 421
1624710 421
1624720 420
1624730 419
1624740 419
1624750 418
1624760 416
1624770 416
1624780 415
1624790 412
1624800 412
1624810 410
1624820 409
1624830 409
1624840 409
1624850 410
1624860 410
1624870 410
1624880 410
1624890 410
1624900 409
1624910 406
1624920 406
1624930 402
1624940 400
1624950 400
1624960 400
1624970 403
1624980 403
1624990 407
1625000 412
1625010 412
1625020 416
1625030 417
1625040 417
1625050 418
1625060 418
1625070 418
1625080 418
1625090 418
1625100 418
1625110 418
1625120 417
1625130 417
1625140 417
1625150 416
1625160 416
1625170 415
1625180 414
1625190 414
1625200 413
1625210 413
1625220 413
1625230 412
1625240 411
1625250 411
1625260 410
1625270 410
1625280 410
1625290 409
1625300 408
1625310 408
1625320 407
1625330 407
1625340 407
1625350 408
1625360 411
1625370 411
1625380 413
1625390 414
1625400 414
1625410 414
1625420 415
1625430 415
1625440 416
1625450 416
1625460 416
1625470 417
1625480 418
1625490 418
1625500 419
1625510 420
1625520 420
1625530 421
1625540 422
1625550 422
1625560 423
1625570 424
1625580 424
1625590 424
1625600 425
1625610 425
1625620 425
1625630 426
1625640 426
1625650 426
1625660 427
1625670 427
1625680 427
1625690 427
1625700 427
1625710 428
1625720 428
1625730 428
1625740 428
1625750 428
1625760 428
1625770 428
1625780 427
1625790 427
1625800 427
1625810 427
1625820 427
1625830 427
1625840 427
1625850 427
1625860 426
1625870 426
1625880 426
1625890 425
1625900 424
1625910 424
1625920 423
1625930 422
1625940 422
1625950 421
1625960 418
1625970 418
1625980 414
1625990 410
1626000 410
1626010 407
1626020 404
1626030 404
1626040 401
1626050 400
1626060 400
1626070 399
1626080 400
1626090 400
1626100 400
1626110 400
1626120 400
1626130 398
1626140 395
1626150 395
1626160 392
1626170 388
1626180 388
1626190 384
1626200 380
1626210 380
1626220 377
1626230 375
1626240 375
1626250 374
1626260 373
1626270 373
1626280 372
1626290 372
1626300 372
1626310 372
1626320 371
1626330 371
1626340 371
1626350 369
1626360 369
1626370 366
1626380 364
1626390 364
1626400 363
1626410 363
1626420 363
1626430 362
1626440 362
1626450 362
1626460 360
1626470 359
1626480 359
1626490 358
1626500 357
1626510 357
1626520 356
1626530 354
1626540 354
1626550 353
1626560 352
1626570 352
1626580 351
1626590 349
1626600 349
1626610 346
1626620 343
1626630 343
1626640 340
1626650 337
1626660 337
1626670 334
1626680 333
1626690 333
1626700 331
1626710 329
1626720 329
1626730 327
1626740 324
1626750 324
1626760 320
1626770 317
1626780 317
1626790 315
1626800 314
1626810 314
1626820 313
1626830 313
1626840 313
1626850 313
1626860 314
1626870 314
1626880 315
1626890 316
1626900 316
1626910 318
1626920 320
1626930 320
1626940 325
1626950 330
1626960 330
1626970 331
1626980 331
1626990 331
1627000 331
1627010 332
1627020 332
1627030 332
1627040 333
1627050 333
1627060 334
1627070 334
1627080 334
1627090 334
1627100 335
1627110 335
1627120 337
1627130 337
1627140 337
1627150 337
1627160 338
1627170 338
1627180 339
1627190 339
1627200 339
1627210 340
1627220 340
1627230 340
1627240 341
1627250 341
1627260 341
1627270 340
1627280 339
1627290 338
1627300 338
1627310 338
1627320 338
1627330 338
1627340 338
1627350 337
1627360 338
1627370 338
1627380 339
1627390 340
1627400 340
1627410 341
1627420 341
1627430 341
1627440 342
1627450 342
1627460 342
1627470 343
1627480 343
1627490 343
1627500 343
1627510 343
1627520 343
1627530 344
1627540 344
1627550 344
1627560 343
1627570 342
1627580 342
1627590 342
1627600 342
1627610 342
1627620 342
1627630 342
1627640 342
1627650 341
1627660 342
1627670 342
1627680 341
1627690 341
1627700 341
1627710 341
1627720 341
1627730 341
1627740 341
1627750 341
1627760 341
1627770 340
1627780 339
1627790 339
1627800 338
1627810 339
1627820 339
1627830 341
1627840 344
1627850 344
1627860 345
1627870 345
1627880 345
1627890 341
1627900 339
1627910 339
1627920 338
1627930 339
1627940 339
1627950 340
1627960 340
1627970 340
1627980 339
1627990 339
1628000 339
1628010 340
1628020 339
1628030 339
1628040 340
1628050 342
1628060 342
1628070 345
1628080 348
1628090 348
1628100 352
1628110 355
1628120 355
1628130 356
1628140 358
1628150 358
1628160 359
1628170 359
1628180 359
1628190 362
1628200 362
1628210 362
1628220 363
1628230 363
1628240 363
1628250 363
1628260 364
1628270 364
1628280 364
1628290 365
1628300 365
1628310 365
1628320 366
1628330 366
1628340 366
1628350 366
1628360 366
1628370 367
1628380 367
1628390 367
1628400 368
1628410 369
1628420 369
1628430 370
1628440 370
1628450 370
1628460 371
1628470 371
1628480 371
1628490 372
1628500 373
1628510 373
1628520 374
1628530 374
1628540 374
1628550 375
1628560 376
1628570 376
1628580 376
1628590 377
1628600 377
1628610 377
1628620 377
1628630 377
1628640 378
1628650 378
1628660 378
1628670 378
1628680 378
1628690 378
1628700 378
1628710 379
1628720 379
1628730 380
1628740 381
1628750 381
1628760 382
1628770 384
1628780 384
1628790 385
1628800 386
1628810 386
1628820 387
1628830 389
1628840 389
1628850 389
1628860 390
1628870 390
1628880 390
1628890 390
1628900 390
1628910 390
1628920 390
1628930 390
1628940 389
1628950 389
1628960 389
1628970 389
1628980 388
1628990 388
1629000 386
1629010 385
1629020 385
1629030 383
1629040 382
1629050 382
1629060 380
1629070 378
1629080 378
1629090 375
1629100 373
1629110 373
1629120 372
1629130 370
1629140 370
1629150 368
1629160 365
1629170 365
1629180 364
1629190 364
1629200 364
1629210 362
1629220 361
1629230 361
1629240 362
1629250 364
1629260 364
1629270 363
1629280 363
1629290 363
1629300 363
1629310 364
1629320 364
1629330 365
1629340 367
1629350 367
1629360 369
1629370 370
1629380 370
1629390 372
1629400 375
1629410 375
1629420 378
1629430 381
1629440 381
1629450 383
1629460 385
1629470 385
1629480 385
1629490 386
1629500 386
1629510 385
1629520 384
1629530 384
1629540 384
1629550 385
1629560 385
1629570 387
1629580 389
1629590 389
1629600 391
1629610 394
1629620 394
1629630 396
1629640 398
1629650 398
1629660 401
1629670 403
1629680 403
1629690 406
1629700 409
1629710 409
1629720 412
1629730 414
1629740 414
1629750 415
1629760 416
1629770 416
1629780 417
1629790 417
1629800 417
1629810 417
1629820 417
1629830 417
1629840 417
1629850 417
1629860 417
1629870 415
1629880 413
1629890 413
1629900 409
1629910 405
1629920 405
1629930 405
1629940 407
1629950 407
1629960 411
1629970 414
1629980 414
1629990 413
1630000 416
1630010 416
1630020 418
1630030 419
1630040 419
1630050 421
1630060 423
1630070 423
1630080 425
1630090 427
1630100 427
1630110 430
1630120 432
1630130 432
1630140 433
1630150 434
1630160 434
1630170 434
1630180 434
1630190 434
1630200 432
1630210 430
1630220 430
1630230 427
1630240 423
1630250 423
1630260 422
1630270 423
1630280 423
1630290 424
1630300 424
1630310 424
1630320 426
1630330 426
1630340 426
1630350 426
1630360 425
1630370 425
1630380 424
1630390 424
1630400 424
1630410 425
1630420 428
1630430 428
1630440 432
1630450 435
1630460 435
1630470 440
1630480 444
1630490 444
1630500 448
1630510 451
1630520 451
1630530 454
1630540 456
1630550 456
1630560 457
1630570 458
1630580 458
1630590 458
1630600 458
1630610 458
1630620 458
1630630 458
1630640 458
1630650 458
1630660 457
1630670 457
1630680 456
1630690 455
1630700 455
1630710 454
1630720 452
1630730 452
1630740 450
1630750 449
1630760 449
1630770 448
1630780 448
1630790 448
1630800 449
1630810 451
1630820 451
1630830 452
1630840 453
1630850 453
1630860 453
1630870 453
1630880 451
1630890 451
1630900 452
1630910 452
1630920 453
1630930 455
1630940 455
1630950 458
1630960 461
1630970 461
1630980 464
1630990 468
1631000 468
1631010 471
1631020 475
1631030 475
1631040 478
1631050 481
1631060 481
1631070 483
1631080 486
1631090 486
1631100 487
1631110 489
1631120 489
1631130 490
1631140 491
1631150 491
1631160 491
1631170 492
1631180 492
1631190 492
1631200 493
1631210 493
1631220 493
1631230 494
1631240 494
1631250 494
1631260 494
1631270 494
1631280 495
1631290 495
1631300 495
1631310 496
1631320 497
1631330 497
1631340 498
1631350 499
1631360 499
1631370 500
1631380 502
1631390 502
1631400 503
1631410 504
1631420 504
1631430 505
1631440 506
1631450 506
1631460 506
1631470 507
1631480 507
1631490 507
1631500 505
1631510 505
1631520 502
1631530 498
1631540 498
1631550 494
1631560 490
1631570 490
1631580 489
1631590 491
1631600 491
1631610 494
1631620 496
1631630 496
1631640 499
1631650 501
1631660 501
1631670 503
1631680 504
1631690 504
1631700 505
1631710 505
1631720 505
1631730 506
1631740 508
1631750 508
1631760 507
1631770 509
1631780 509
1631790 510
1631800 512
1631810 512
1631820 513
1631830 513
1631840 513
1631850 514
1631860 515
1631870 515
1631880 516
1631890 518
1631900 518
1631910 519
1631920 518
1631930 518
1631940 518
1631950 518
1631960 518
1631970 518
1631980 517
1631990 517
1632000 516
1632010 516
1632020 516
1632030 515
1632040 514
1632050 514
1632060 513
1632070 512
1632080 512
1632090 511
1632100 510
1632110 510
1632120 508
1632130 504
1632140 504
1632150 498
1632160 493
1632170 493
1632180 489
1632190 485
1632200 485
1632210 481
1632220 476
1632230 476
1632240 471
1632250 468
1632260 468
1632270 468
1632280 463
1632290 463
1632300 458
1632310 449
1632320 449
1632330 442
1632340 436
1632350 436
1632360 430
1632370 425
1632380 425
1632390 420
1632400 415
1632410 415
1632420 410
1632430 406
1632440 406
1632450 401
1632460 399
1632470 399
1632480 396
1632490 394
1632500 394
1632510 394
1632520 394
1632530 394
1632540 395
1632550 398
1632560 398
1632570 402
1632580 408
1632590 408
1632600 414
1632610 420
1632620 420
1632630 424
1632640 420
1632650 420
1632660 422
1632670 423
1632680 423
1632690 425
1632700 429
1632710 429
1632720 432
1632730 434
1632740 434
1632750 435
1632760 437
1632770 437
1632780 437
1632790 437
1632800 437
1632810 438
1632820 437
1632830 437
1632840 434
1632850 431
1632860 431
1632870 432
1632880 435
1632890 435
1632900 439
1632910 444
1632920 444
1632930 449
1632940 451
1632950 451
1632960 453
1632970 453
1632980 453
1632990 453
1633000 453
1633010 453
1633020 453
1633030 455
1633040 455
1633050 457
1633060 461
1633070 461
1633080 466
1633090 470
1633100 470
1633110 474
1633120 478
1633130 478
1633140 481
1633150 484
1633160 484
1633170 487
1633180 491
1633190 491
1633200 495
1633210 499
1633220 499
1633230 502
1633240 504
1633250 504
1633260 507
1633270 509
1633280 509
1633290 509
1633300 509
1633310 509
1633320 510
1633330 510
1633340 510
1633350 509
1633360 507
1633370 507
1633380 504
1633390 501
1633400 501
1633410 496
1633420 492
1633430 492
1633440 489
1633450 488
1633460 488
1633470 489
1633480 493
1633490 493
1633500 495
1633510 492
1633520 492
1633530 492
1633540 491
1633550 491
1633560 491
1633570 490
1633580 490
1633590 491
1633600 491
1633610 491
1633620 492
1633630 491
1633640 491
1633650 489
1633660 489
1633670 486
1633680 483
1633690 483
1633700 480
1633710 476
1633720 476
1633730 471
1633740 468
1633750 468
1633760 467
1633770 468
1633780 468
1633790 468
1633800 467
1633810 467
1633820 464
1633830 460
1633840 460
1633850 456
1633860 452
1633870 452
1633880 448
1633890 446
1633900 446
1633910 443
1633920 440
1633930 440
1633940 438
1633950 436
1633960 436
1633970 432
1633980 427
1633990 427
1634000 421
1634010 419
1634020 419
1634030 421
1634040 426
1634050 426
1634060 430
1634070 432
1634080 432
1634090 434
1634100 436
1634110 436
1634120 437
1634130 439
1634140 439
1634150 440
1634160 441
1634170 441
1634180 441
1634190 439
1634200 439
1634210 439
1634220 442
1634230 442
1634240 445
1634250 448
1634260 448
1634270 451
1634280 455
1634290 455
1634300 459
1634310 463
1634320 463
1634330 467
1634340 471
1634350 471
1634360 476
1634370 480
1634380 482
1634390 486
1634400 489
1634410 489
1634420 493
1634430 496
1634440 496
1634450 499
1634460 501
1634470 501
1634480 503
1634490 505
1634500 505
1634510 507
1634520 509
1634530 509
1634540 510
1634550 512
1634560 512
1634570 513
1634580 514
1634590 514
1634600 515
1634610 516
1634620 516
1634630 516
1634640 516
1634650 516
1634660 516
1634670 516
1634680 516
1634690 515
1634700 511
1634710 511
1634720 508
1634730 503
1634740 503
1634750 500
1634760 500
1634770 500
1634780 501
1634790 504
1634800 504
1634810 506
1634820 510
1634830 510
1634840 516
1634850 520
1634860 520
1634870 522
1634880 524
1634890 524
1634900 525
1634910 525
1634920 525
1634930 526
1634940 526
1634950 526
1634960 527
1634970 527
1634980 527
1634990 528
1635000 529
1635010 529
1635020 529
1635030 530
1635040 530
1635050 530
1635060 529
1635070 529
1635080 529
1635090 528
1635100 528
1635110 527
1635120 525
1635130 525
1635140 522
1635150 518
1635160 518
1635170 514
1635180 511
1635190 511
1635200 509
1635210 509
1635220 509
1635230 509
1635240 504
1635250 504
1635260 501
1635270 497
1635280 497
1635290 493
1635300 489
1635310 489
1635320 486
1635330 483
1635340 483
1635350 480
1635360 477
1635370 477
1635380 473
1635390 470
1635400 470
1635410 466
1635420 465
1635430 465
1635440 466
1635450 467
1635460 467
1635470 468
1635480 470
1635490 470
1635500 473
1635510 478
1635520 478
1635530 483
1635540 487
1635550 487
1635560 491
1635570 495
1635580 495
1635590 498
1635600 502
1635610 502
1635620 507
1635630 511
1635640 511
1635650 516
1635660 519
1635670 519
1635680 520
1635690 520
1635700 520
1635710 520
1635720 520
1635730 520
1635740 520
1635750 519
1635760 519
1635770 517
1635780 516
1635790 516
1635800 515
1635810 515
1635820 515
1635830 512
1635840 509
1635850 509
1635860 507
1635870 506
1635880 506
1635890 504
1635900 502
1635910 502
1635920 501
1635930 499
1635940 499
1635950 497
1635960 497
1635970 497
1635980 497
1635990 497
1636000 497
1636010 499
1636020 502
1636030 502
1636040 503
1636050 503
1636060 503
1636070 503
1636080 502
1636090 502
1636100 497
1636110 496
1636120 496
1636130 495
1636140 493
1636150 493
1636160 493
1636170 493
1636180 493
1636190 493
1636200 494
1636210 494
1636220 495
1636230 496
1636240 496
1636250 498
1636260 498
1636270 498
1636280 499
1636290 499
1636300 499
1636310 500
1636320 502
1636330 502
1636340 503
1636350 504
1636360 504
1636370 505
1636380 506
1636390 506
1636400 507
1636410 508
1636420 508
1636430 510
1636440 511
1636450 511
1636460 511
1636470 511
1636480 511
1636490 509
1636500 508
1636510 508
1636520 507
1636530 507
1636540 507
1636550 508
1636560 508
1636570 508
1636580 510
1636590 512
1636600 512
1636610 514
1636620 516
1636630 516
1636640 519
1636650 521
1636660 521
1636670 524
1636680 526
1636690 526
1636700 527
1636710 529
1636720 529
1636730 530
1636740 531
1636750 531
1636760 531
1636770 531
1636780 531
1636790 532
1636800 532
1636810 532
1636820 533
1636830 533
1636840 533
1636850 534
1636860 535
1636870 535
1636880 536
1636890 537
1636900 537
1636910 538
1636920 540
1636930 540
1636940 542
1636950 543
1636960 541
1636970 543
1636980 544
1636990 544
1637000 545
1637010 547
1637020 547
1637030 548
1637040 549
1637050 549
1637060 550
1637070 551
1637080 551
1637090 553
1637100 554
1637110 554
1637120 555
1637130 556
1637140 556
1637150 557
1637160 558
1637170 558
1637180 560
1637190 561
1637200 561
1637210 562
1637220 562
1637230 562
1637240 563
1637250 563
1637260 563
1637270 564
1637280 564
1637290 564
1637300 564
1637310 563
1637320 563
1637330 561
1637340 559
1637350 559
1637360 558
1637370 558
1637380 558
1637390 559
1637400 561
1637410 561
1637420 562
1637430 562
1637440 562
1637450 560
1637460 557
1637470 557
1637480 555
1637490 553
1637500 553
1637510 551
1637520 550
1637530 550
1637540 551
1637550 552
1637560 552
1637570 553
1637580 556
1637590 556
1637600 558
1637610 561
1637620 561
1637630 563
1637640 565
1637650 565
1637660 567
1637670 568
1637680 568
1637690 569
1637700 571
1637710 571
1637720 573
1637730 573
1637740 573
1637750 574
1637760 574
1637770 574
1637780 574
1637790 574
1637800 574
1637810 575
1637820 575
1637830 575
1637840 574
1637850 574
1637860 574
1637870 573
1637880 571
1637890 571
1637900 570
1637910 568
1637920 568
1637930 565
1637940 561
1637950 561
1637960 558
1637970 555
1637980 555
1637990 551
1638000 550
1638010 550
1638020 550
1638030 552
1638040 552
1638050 554
1638060 557
1638070 557
1638080 558
1638090 559
1638100 559
1638110 559
1638120 559
1638130 559
1638140 557
1638150 553
1638160 553
1638170 549
1638180 544
1638190 544
1638200 539
1638210 535
1638220 535
1638230 534
1638240 536
1638250 536
1638260 539
1638270 541
1638280 541
1638290 543
1638300 543
1638310 543
1638320 543
1638330 543
1638340 543
1638350 543
1638360 544
1638370 544
1638380 544
1638390 545
1638400 545
1638410 546
1638420 548
1638430 548
1638440 549
1638450 552
1638460 552
1638470 555
1638480 558
1638490 558
1638500 561
1638510 565
1638520 565
1638530 568
1638540 570
1638550 570
1638560 571
1638570 572
1638580 572
1638590 572
1638600 572
1638610 572
1638620 573
1638630 573
1638640 573
1638650 572
1638660 572
1638670 572
1638680 572
1638690 571
1638700 571
1638710 571
1638720 570
1638730 570
1638740 569
1638750 568
1638760 568
1638770 567
1638780 566
1638790 566
1638800 565
1638810 563
1638820 563
1638830 559
1638840 554
1638850 554
1638860 549
1638870 544
1638880 544
1638890 540
1638900 536
1638910 536
1638920 532
1638930 527
1638940 527
1638950 523
1638960 519
1638970 519
1638980 515
1638990 511
1639000 511
1639010 510
1639020 510
1639030 510
1639040 509
1639050 509
1639060 509
1639070 509
1639080 508
1639090 508
1639100 508
1639110 508
1639120 508
1639130 508
1639140 508
1639150 508
1639160 510
1639170 512
1639180 512
1639190 515
1639200 518
1639210 518
1639220 523
1639230 527
1639240 527
1639250 530
1639260 532
1639270 532
1639280 527
1639290 521
1639300 521
1639310 519
1639320 521
1639330 521
1639340 523
1639350 526
1639360 526
1639370 530
1639380 535
1639390 535
1639400 538
1639410 541
1639420 541
1639430 544
1639440 546
1639450 546
1639460 548
1639470 550
1639480 550
1639490 555
1639500 558
1639510 558
1639520 560
1639530 562
1639540 562
1639550 564
1639560 565
1639570 565
1639580 565
1639590 565
1639600 565
1639610 565
1639620 565
1639630 565
1639640 566
1639650 567
1639660 567
1639670 568
1639680 569
1639690 569
1639700 571
1639710 572
1639720 572
1639730 573
1639740 574
1639750 574
1639760 575
1639770 576
1639780 576
1639790 577
1639800 578
1639810 578
1639820 578
1639830 578
1639840 578
1639850 578
1639860 578
1639870 578
1639880 578
1639890 578
1639900 578
1639910 578
1639920 578
1639930 578
1639940 577
1639950 577
1639960 577
1639970 576
1639980 576
1639990 575
