1620000 382
1620010 383
1620020 383
1620030 384
1620040 384
1620050 384
1620060 385
1620070 385
1620080 385
1620090 386
1620100 386
1620110 386
1620120 387
1620130 387
1620140 387
1620150 388
1620160 388
1620170 388
1620180 389
1620190 389
1620200 389
1620210 390
1620220 391
1620230 391
1620240 392
1620250 393
1620260 393
1620270 394
1620280 395
1620290 395
1620300 396
1620310 398
1620320 398
1620330 399
1620340 400
1620350 400
1620360 401
1620370 403
1620380 403
1620390 403
1620400 404
1620410 404
1620420 404
1620430 403
1620440 403
1620450 403
1620460 402
1620470 402
1620480 401
1620490 400
1620500 400
1620510 400
1620520 399
1620530 399
1620540 398
1620550 397
1620560 397
1620570 396
1620580 395
1620590 395
1620600 395
1620610 394
1620620 394
1620630 393
1620640 390
1620650 390
1620660 388
1620670 387
1620680 387
1620690 385
1620700 382
1620710 382
1620720 380
1620730 382
1620740 382
1620750 385
1620760 388
1620770 388
1620780 391
1620790 393
1620800 393
1620810 394
1620820 396
1620830 396
1620840 397
1620850 398
1620860 398
1620870 400
1620880 401
1620890 401
1620900 403
1620910 404
1620920 404
1620930 405
1620940 406
1620950 406
1620960 407
1620970 407
1620980 407
1620990 408
1621000 408
1621010 409
1621020 410
1621030 410
1621040 410
1621050 411
1621060 411
1621070 411
1621080 412
1621090 412
1621100 412
1621110 412
1621120 412
1621130 413
1621140 413
1621150 413
1621160 413
1621170 413
1621180 413
1621190 413
1621200 412
1621210 412
1621220 412
1621230 410
1621240 410
1621250 411
1621260 412
1621270 412
1621280 411
1621290 411
1621300 411
1621310 414
1621320 414
1621330 414
1621340 415
1621350 415
1621360 415
1621370 415
1621380 416
1621390 416
1621400 416
1621410 416
1621420 416
1621430 416
1621440 416
1621450 416
1621460 416
1621470 416
1621480 416
1621490 416
1621500 416
1621510 416
1621520 416
1621530 416
1621540 416
1621550 417
1621560 417
1621570 417
1621580 417
1621590 416
1621600 416
1621610 416
1621620 415
1621630 415
1621640 415
1621650 413
1621660 413
1621670 412
1621680 409
1621690 409
1621700 407
1621710 404
1621720 404
1621730 402
1621740 400
1621750 400
1621760 398
1621770 395
1621780 395
1621790 393
1621800 390
1621810 390
1621820 386
1621830 382
1621840 382
1621850 378
1621860 374
1621870 374
1621880 367
1621890 362
1621900 362
1621910 358
1621920 352
1621930 352
1621940 347
1621950 343
1621960 343
1621970 338
1621980 330
1621990 330
1622000 321
1622010 312
1622020 312
1622030 308
1622040 303
1622050 303
1622060 299
1622070 298
1622080 298
1622090 301
1622100 303
1622110 303
1622120 303
1622130 307
1622140 307
1622150 314
1622160 320
1622170 320
1622180 326
1622190 332
1622200 332
1622210 338
1622220 343
1622230 343
1622240 348
1622250 352
1622260 352
1622270 356
1622280 359
1622290 359
1622300 363
1622310 365
1622320 365
1622330 366
1622340 368
1622350 368
1622360 369
1622370 371
1622380 371
1622390 373
1622400 374
1622410 374
1622420 374
1622430 374
1622440 374
1622450 374
1622460 374
1622470 374
1622480 374
1622490 370
1622500 370
1622510 369
1622520 367
1622530 367
1622540 363
1622550 359
1622560 359
1622570 355
1622580 351
1622590 351
1622600 351
1622610 353
1622620 353
1622630 355
1622640 356
1622650 356
1622660 356
1622670 357
1622680 357
1622690 360
1622700 364
1622710 364
1622720 368
1622730 371
1622740 371
1622750 373
1622760 375
1622770 375
1622780 377
1622790 379
1622800 379
1622810 380
1622820 382
1622830 382
1622840 384
1622850 385
1622860 385
1622870 387
1622880 390
1622890 390
1622900 392
1622910 393
1622920 393
1622930 394
1622940 394
1622950 394
1622960 395
1622970 396
1622980 396
1622990 398
1623000 400
1623010 400
1623020 403
1623030 407
1623040 407
1623050 411
1623060 414
1623070 414
1623080 418
1623090 421
1623100 421
1623110 424
1623120 428
1623130 428
1623140 430
1623150 433
1623160 433
1623170 435
1623180 438
1623190 438
1623200 440
1623210 442
1623220 442
1623230 443
1623240 445
1623250 445
1623260 446
1623270 447
1623280 447
1623290 449
1623300 450
1623310 450
1623320 451
1623330 452
1623340 452
1623350 453
1623360 454
1623370 454
1623380 454
1623390 455
1623400 455
1623410 456
1623420 456
1623430 454
1623440 454
1623450 454
1623460 454
1623470 453
1623480 453
1623490 453
1623500 453
1623510 454
1623520 454
1623530 454
1623540 455
1623550 455
1623560 455
1623570 456
1623580 456
1623590 456
1623600 457
1623610 457
1623620 457
1623630 458
1623640 458
1623650 458
1623660 459
1623670 459
1623680 460
1623690 461
1623700 461
1623710 461
1623720 462
1623730 462
1623740 463
1623750 464
1623760 464
1623770 465
1623780 466
1623790 466
1623800 467
1623810 467
1623820 467
1623830 468
1623840 469
1623850 469
1623860 470
1623870 471
1623880 471
1623890 472
1623900 474
1623910 474
1623920 475
1623930 476
1623940 476
1623950 477
1623960 478
1623970 478
1623980 479
1623990 480
1624000 480
1624010 481
1624020 481
1624030 481
1624040 482
1624050 482
1624060 482
1624070 482
1624080 482
1624090 482
1624100 482
1624110 482
1624120 482
1624130 482
1624140 481
1624150 481
1624160 480
1624170 480
1624180 480
1624190 479
1624200 477
1624210 477
1624220 474
1624230 471
1624240 471
1624250 469
1624260 467
1624270 467
1624280 465
1624290 464
1624300 464
1624310 462
1624320 460
1624330 460
1624340 459
1624350 457
1624360 460
1624370 456
1624380 453
1624390 453
1624400 452
1624410 452
1624420 452
1624430 453
1624440 455
1624450 455
1624460 455
1624470 455
1624480 455
1624490 453
1624500 452
1624510 452
1624520 449
1624530 447
1624540 447
1624550 445
1624560 445
1624570 445
1624580 445
1624590 447
1624600 447
1624610 449
1624620 451
1624630 451
1624640 454
1624650 456
1624660 456
1624670 457
1624680 458
1624690 458
1624700 458
1624710 457
1624720 457
1624730 457
1624740 456
1624750 456
1624760 456
1624770 455
1624780 455
1624790 454
1624800 453
1624810 453
1624820 453
1624830 452
1624840 452
1624850 450
1624860 447
1624870 447
1624880 444
1624890 441
1624900 441
1624910 437
1624920 434
1624930 434
1624940 431
1624950 429
1624960 429
1624970 427
1624980 426
1624990 426
1625000 428
1625010 429
1625020 429
1625030 429
1625040 430
1625050 430
1625060 431
1625070 432
1625080 432
1625090 433
1625100 435
1625110 435
1625120 435
1625130 436
1625140 436
1625150 436
1625160 436
1625170 436
1625180 436
1625190 435
1625200 435
1625210 435
1625220 434
1625230 434
1625240 434
1625250 433
1625260 433
1625270 432
1625280 431
1625290 431
1625300 429
1625310 426
1625320 426
1625330 422
1625340 417
1625350 417
1625360 413
1625370 408
1625380 408
1625390 402
1625400 397
1625410 397
1625420 393
1625430 390
1625440 390
1625450 388
1625460 387
1625470 387
1625480 386
1625490 383
1625500 383
1625510 379
1625520 374
1625530 374
1625540 369
1625550 371
1625560 371
1625570 377
1625580 383
1625590 383
1625600 388
1625610 392
1625620 392
1625630 393
1625640 391
1625650 391
1625660 386
1625670 381
1625680 381
1625690 377
1625700 373
1625710 373
1625720 370
1625730 368
1625740 368
1625750 365
1625760 361
1625770 361
1625780 357
1625790 355
1625800 355
1625810 353
1625820 351
1625830 351
1625840 350
1625850 350
1625860 350
1625870 349
1625880 348
1625890 348
1625900 346
1625910 344
1625920 344
1625930 343
1625940 344
1625950 344
1625960 345
1625970 346
1625980 346
1625990 348
1626000 349
1626010 349
1626020 352
1626030 354
1626040 354
1626050 356
1626060 358
1626070 358
1626080 360
1626090 361
1626100 361
1626110 363
1626120 366
1626130 366
1626140 367
1626150 367
1626160 367
1626170 368
1626180 368
1626190 368
1626200 368
1626210 368
1626220 368
1626230 368
1626240 368
1626250 368
1626260 367
1626270 367
1626280 367
1626290 367
1626300 367
1626310 367
1626320 366
1626330 366
1626340 366
1626350 365
1626360 364
1626370 364
1626380 363
1626390 362
1626400 362
1626410 360
1626420 359
1626430 359
1626440 357
1626450 356
1626460 356
1626470 355
1626480 354
1626490 354
1626500 353
1626510 353
1626520 353
1626530 351
1626540 350
1626550 350
1626560 348
1626570 347
1626580 347
1626590 346
1626600 346
1626610 346
1626620 348
1626630 350
1626640 350
1626650 351
1626660 352
1626670 352
1626680 352
1626690 353
1626700 353
1626710 353
1626720 353
1626730 353
1626740 353
1626750 353
1626760 353
1626770 352
1626780 351
1626790 351
1626800 350
1626810 348
1626820 348
1626830 344
1626840 339
1626850 339
1626860 335
1626870 334
1626880 334
1626890 334
1626900 334
1626910 334
1626920 335
1626930 335
1626940 335
1626950 335
1626960 335
1626970 335
1626980 335
1626990 335
1627000 335
1627010 336
1627020 336
1627030 336
1627040 337
1627050 337
1627060 338
1627070 339
1627080 339
1627090 341
1627100 341
1627110 341
1627120 340
1627130 340
1627140 340
1627150 340
1627160 341
1627170 341
1627180 342
1627190 342
1627200 342
1627210 344
1627220 345
1627230 345
1627240 346
1627250 346
1627260 346
1627270 346
1627280 346
1627290 346
1627300 346
1627310 346
1627320 346
1627330 345
1627340 345
1627350 345
1627360 346
1627370 346
1627380 346
1627390 347
1627400 348
1627410 348
1627420 348
1627430 349
1627440 349
1627450 350
1627460 351
1627470 351
1627480 351
1627490 352
1627500 352
1627510 353
1627520 353
1627530 353
1627540 355
1627550 356
1627560 356
1627570 356
1627580 357
1627590 357
1627600 358
1627610 359
1627620 359
1627630 360
1627640 360
1627650 360
1627660 360
1627670 360
1627680 360
1627690 360
1627700 361
1627710 361
1627720 361
1627730 361
1627740 361
1627750 362
1627760 362
1627770 362
1627780 362
1627790 363
1627800 363
1627810 364
1627820 365
1627830 365
1627840 366
1627850 367
1627860 367
1627870 368
1627880 369
1627890 369
1627900 370
1627910 372
1627920 372
1627930 373
1627940 374
1627950 374
1627960 375
1627970 375
1627980 375
1627990 376
1628000 377
1628010 377
1628020 377
1628030 378
1628040 378
1628050 378
1628060 379
1628070 379
1628080 379
1628090 380
1628100 380
1628110 380
1628120 380
1628130 380
1628140 380
1628150 380
1628160 380
1628170 380
1628180 380
1628190 380
1628200 379
1628210 378
1628220 378
1628230 377
1628240 376
1628250 376
1628260 376
1628270 376
1628280 376
1628290 378
1628300 381
1628310 381
1628320 384
1628330 386
1628340 386
1628350 388
1628360 388
1628370 388
1628380 388
1628390 388
1628400 388
1628410 389
1628420 390
1628430 390
1628440 391
1628450 393
1628460 393
1628470 395
1628480 396
1628490 396
1628500 397
1628510 398
1628520 398
1628530 399
1628540 400
1628550 400
1628560 400
1628570 400
1628580 400
1628590 400
1628600 400
1628610 400
1628620 400
1628630 400
1628640 400
1628650 400
1628660 399
1628670 399
1628680 399
1628690 397
1628700 397
1628710 396
1628720 394
1628730 394
1628740 392
1628750 389
1628760 389
1628770 387
1628780 385
1628790 385
1628800 381
1628810 375
1628820 375
1628830 369
1628840 365
1628850 365
1628860 362
1628870 358
1628880 358
1628890 356
1628900 353
1628910 353
1628920 350
1628930 352
1628940 352
1628950 353
1628960 350
1628970 350
1628980 348
1628990 346
1629000 346
1629010 347
1629020 348
1629030 348
1629040 348
1629050 348
1629060 348
1629070 348
1629080 350
1629090 350
1629100 352
1629110 353
1629120 353
1629130 355
1629140 357
1629150 357
1629160 358
1629170 358
1629180 358
1629190 356
1629200 353
1629210 353
1629220 352
1629230 353
1629240 353
1629250 354
1629260 359
1629270 359
1629280 366
1629290 373
1629300 373
1629310 378
1629320 380
1629330 380
1629340 380
1629350 380
1629360 380
1629370 380
1629380 379
1629390 379
1629400 378
1629410 376
1629420 376
1629430 376
1629440 375
1629450 375
1629460 376
1629470 376
1629480 376
1629490 375
1629500 373
1629510 373
1629520 372
1629530 375
1629540 375
1629550 378
1629560 381
1629570 381
1629580 384
1629590 386
1629600 386
1629610 388
1629620 391
1629630 391
1629640 394
1629650 396
1629660 396
1629670 399
1629680 401
1629690 401
1629700 402
1629710 402
1629720 402
1629730 400
1629740 396
1629750 396
1629760 393
1629770 396
1629780 396
1629790 400
1629800 403
1629810 403
1629820 405
1629830 409
1629840 409
1629850 409
1629860 410
1629870 410
1629880 410
1629890 410
1629900 410
1629910 410
1629920 411
1629930 411
1629940 411
1629950 410
1629960 410
1629970 410
1629980 409
1629990 409
1630000 406
1630010 404
1630020 404
1630030 400
1630040 395
1630050 395
1630060 391
1630070 392
1630080 392
1630090 398
1630100 402
1630110 402
1630120 405
1630130 406
1630140 406
1630150 405
1630160 404
1630170 404
1630180 401
1630190 399
1630200 399
1630210 398
1630220 397
1630230 397
1630240 395
1630250 394
1630260 394
1630270 395
1630280 394
1630290 394
1630300 393
1630310 393
1630320 393
1630330 395
1630340 398
1630350 398
1630360 402
1630370 404
1630380 404
1630390 405
1630400 406
1630410 406
1630420 407
1630430 408
1630440 408
1630450 409
1630460 410
1630470 410
1630480 411
1630490 412
1630500 412
1630510 412
1630520 413
1630530 413
1630540 413
1630550 414
1630560 414
1630570 415
1630580 415
1630590 415
1630600 415
1630610 415
1630620 415
1630630 415
1630640 416
1630650 416
1630660 419
1630670 422
1630680 422
1630690 422
1630700 425
1630710 425
1630720 423
1630730 426
1630740 426
1630750 429
1630760 432
1630770 432
1630780 434
1630790 435
1630800 435
1630810 436
1630820 435
1630830 435
1630840 432
1630850 432
1630860 432
1630870 434
1630880 437
1630890 437
1630900 441
1630910 444
1630920 444
1630930 448
1630940 452
1630950 452
1630960 456
1630970 459
1630980 459
1630990 461
1631000 463
1631010 463
1631020 464
1631030 465
1631040 465
1631050 465
1631060 464
1631070 464
1631080 463
1631090 463
1631100 463
1631110 462
1631120 463
1631130 463
1631140 464
1631150 466
1631160 466
1631170 466
1631180 467
1631190 467
1631200 467
1631210 465
1631220 465
1631230 463
1631240 461
1631250 461
1631260 461
1631270 464
1631280 464
1631290 468
1631300 472
1631310 472
1631320 474
1631330 476
1631340 476
1631350 477
1631360 477
1631370 477
1631380 477
1631390 477
1631400 477
1631410 477
1631420 477
1631430 477
1631440 477
1631450 477
1631460 477
1631470 476
1631480 475
1631490 475
1631500 475
1631510 475
1631520 475
1631530 476
1631540 476
1631550 476
1631560 477
1631570 477
1631580 477
1631590 477
1631600 475
1631610 475
1631620 475
1631630 476
1631640 476
1631650 476
1631660 477
1631670 477
1631680 477
1631690 478
1631700 478
1631710 478
1631720 477
1631730 477
1631740 477
1631750 477
1631760 477
1631770 476
1631780 476
1631790 476
1631800 476
1631810 475
1631820 475
1631830 475
1631840 476
1631850 476
1631860 477
1631870 479
1631880 479
1631890 480
1631900 481
1631910 481
1631920 482
1631930 484
1631940 484
1631950 485
1631960 485
1631970 485
1631980 486
1631990 487
1632000 487
1632010 488
1632020 489
1632030 489
1632040 491
1632050 492
1632060 492
1632070 493
1632080 494
1632090 494
1632100 494
1632110 495
1632120 495
1632130 495
1632140 496
1632150 496
1632160 496
1632170 497
1632180 497
1632190 497
1632200 498
1632210 498
1632220 498
1632230 498
1632240 498
1632250 498
1632260 498
1632270 498
1632280 498
1632290 498
1632300 498
1632310 498
1632320 498
1632330 498
1632340 498
1632350 498
1632360 498
1632370 497
1632380 496
1632390 496
1632400 495
1632410 494
1632420 494
1632430 494
1632440 493
1632450 493
1632460 493
1632470 492
1632480 492
1632490 490
1632500 488
1632510 488
1632520 486
1632530 484
1632540 484
1632550 480
1632560 474
1632570 474
1632580 467
1632590 462
1632600 462
1632610 460
1632620 462
1632630 462
1632640 466
1632650 471
1632660 471
1632670 474
1632680 474
1632690 474
1632700 472
1632710 468
1632720 468
1632730 467
1632740 471
1632750 471
1632760 477
1632770 482
1632780 482
1632790 485
1632800 486
1632810 486
1632820 486
1632830 484
1632840 484
1632850 483
1632860 484
1632870 484
1632880 485
1632890 485
1632900 486
1632910 487
1632920 487
1632930 488
1632940 488
1632950 488
1632960 488
1632970 485
1632980 485
1632990 483
1633000 480
1633010 480
1633020 478
1633030 476
1633040 476
1633050 472
1633060 466
1633070 466
1633080 459
1633090 453
1633100 453
1633110 447
1633120 443
1633130 443
1633140 444
1633150 448
1633160 448
1633170 453
1633180 458
1633190 458
1633200 461
1633210 462
1633220 462
1633230 460
1633240 456
1633250 456
1633260 450
1633270 443
1633280 443
1633290 437
1633300 430
1633310 430
1633320 424
1633330 418
1633340 418
1633350 414
1633360 417
1633370 417
1633380 422
1633390 428
1633400 428
1633410 434
1633420 439
1633430 439
1633440 444
1633450 449
1633460 449
1633470 453
1633480 453
1633490 453
1633500 451
1633510 449
1633520 449
1633530 448
1633540 449
1633550 449
1633560 450
1633570 452
1633580 452
1633590 452
1633600 448
1633610 448
1633620 444
1633630 439
1633640 439
1633650 436
1633660 432
1633670 432
1633680 428
1633690 425
1633700 425
1633710 423
1633720 420
1633730 420
1633740 416
1633750 413
1633760 413
1633770 411
1633780 409
1633790 409
1633800 408
1633810 407
1633820 407
1633830 404
1633840 401
1633850 401
1633860 399
1633870 400
1633880 400
1633890 401
1633900 398
1633910 398
1633920 397
1633930 397
1633940 397
1633950 397
1633960 397
1633970 397
1633980 397
1633990 397
1634000 397
1634010 397
1634020 397
1634030 397
1634040 397
1634050 399
1634060 399
1634070 405
1634080 410
1634090 410
1634100 415
1634110 419
1634120 419
1634130 421
1634140 423
1634150 423
1634160 425
1634170 426
1634180 426
1634190 427
1634200 428
1634210 428
1634220 430
1634230 429
1634240 429
1634250 431
1634260 432
1634270 432
1634280 433
1634290 432
1634300 432
1634310 429
1634320 426
1634330 426
1634340 423
1634350 422
1634360 422
1634370 422
1634380 423
1634390 423
1634400 425
1634410 427
1634420 427
1634430 429
1634440 429
1634450 429
1634460 430
1634470 430
1634480 430
1634490 431
1634500 431
1634510 431
1634520 432
1634530 432
1634540 432
1634550 431
1634560 431
1634570 431
1634580 432
1634590 432
1634600 432
1634610 433
1634620 433
1634630 433
1634640 434
1634650 434
1634660 434
1634670 434
1634680 434
1634690 434
1634700 434
1634710 434
1634720 434
1634730 434
1634740 434
1634750 434
1634760 433
1634770 432
1634780 432
1634790 430
1634800 428
1634810 428
1634820 423
1634830 418
1634840 418
1634850 416
1634860 415
1634870 415
1634880 414
1634890 414
1634900 414
1634910 414
1634920 415
1634930 415
1634940 415
1634950 415
1634960 415
1634970 415
1634980 416
1634990 416
1635000 417
1635010 418
1635020 418
1635030 419
1635040 420
1635050 420
1635060 420
1635070 420
1635080 420
1635090 422
1635100 422
1635110 422
1635120 421
1635130 422
1635140 422
1635150 423
1635160 424
1635170 424
1635180 425
1635190 426
1635200 426
1635210 429
1635220 433
1635230 433
1635240 438
1635250 442
1635260 442
1635270 444
1635280 445
1635290 445
1635300 448
1635310 450
1635320 450
1635330 452
1635340 455
1635350 455
1635360 458
1635370 461
1635380 461
1635390 463
1635400 464
1635410 464
1635420 466
1635430 466
1635440 466
1635450 467
1635460 466
1635470 466
1635480 466
1635490 465
1635500 465
1635510 463
1635520 461
1635530 461
1635540 459
1635550 458
1635560 458
1635570 457
1635580 457
1635590 457
1635600 456
1635610 459
1635620 459
1635630 462
1635640 467
1635650 467
1635660 473
1635670 480
1635680 480
1635690 487
1635700 492
1635710 492
1635720 495
1635730 496
1635740 496
1635750 497
1635760 497
1635770 497
1635780 497
1635790 497
1635800 497
1635810 495
1635820 493
1635830 493
1635840 490
1635850 487
1635860 487
1635870 485
1635880 483
1635890 483
1635900 482
1635910 483
1635920 483
1635930 483
1635940 485
1635950 482
1635960 484
1635970 486
1635980 486
1635990 489
1636000 492
1636010 492
1636020 493
1636030 495
1636040 495
1636050 496
1636060 496
1636070 496
1636080 497
1636090 497
1636100 497
1636110 497
1636120 497
1636130 497
1636140 495
1636150 492
1636160 492
1636170 488
1636180 485
1636190 485
1636200 479
1636210 478
1636220 478
1636230 481
1636240 483
1636250 483
1636260 485
1636270 485
1636280 485
1636290 488
1636300 492
1636310 492
1636320 496
1636330 502
1636340 502
1636350 506
1636360 508
1636370 508
1636380 509
1636390 511
1636400 511
1636410 514
1636420 516
1636430 516
1636440 519
1636450 521
1636460 521
1636470 523
1636480 524
1636490 524
1636500 524
1636510 523
1636520 523
1636530 522
1636540 519
1636550 519
1636560 517
1636570 517
1636580 517
1636590 517
1636600 518
1636610 518
1636620 519
1636630 520
1636640 520
1636650 520
1636660 520
1636670 520
1636680 519
1636690 516
1636700 516
1636710 513
1636720 509
1636730 509
1636740 504
1636750 500
1636760 500
1636770 496
1636780 492
1636790 492
1636800 489
1636810 486
1636820 486
1636830 484
1636840 487
1636850 487
1636860 492
1636870 497
1636880 497
1636890 503
1636900 508
1636910 508
1636920 512
1636930 516
1636940 516
1636950 520
1636960 524
1636970 524
1636980 527
1636990 530
1637000 530
1637010 533
1637020 535
1637030 535
1637040 537
1637050 539
1637060 539
1637070 540
1637080 541
1637090 541
1637100 542
1637110 544
1637120 544
1637130 545
1637140 545
1637150 545
1637160 546
1637170 547
1637180 547
1637190 548
1637200 549
1637210 549
1637220 551
1637230 552
1637240 552
1637250 553
1637260 554
1637270 554
1637280 555
1637290 556
1637300 556
1637310 556
1637320 556
1637330 556
1637340 556
1637350 557
1637360 557
1637370 557
1637380 556
1637390 556
1637400 556
1637410 556
1637420 556
1637430 554
1637440 552
1637450 552
1637460 550
1637470 548
1637480 548
1637490 548
1637500 548
1637510 548
1637520 549
1637530 550
1637540 550
1637550 550
1637560 549
1637570 549
1637580 548
1637590 547
1637600 547
1637610 546
1637620 543
1637630 543
1637640 542
1637650 545
1637660 545
1637670 550
1637680 556
1637690 556
1637700 561
1637710 565
1637720 565
1637730 568
1637740 570
1637750 570
1637760 571
1637770 572
1637780 572
1637790 573
1637800 574
1637810 574
1637820 575
1637830 576
1637840 576
1637850 577
1637860 580
1637870 580
1637880 582
1637890 582
1637900 582
1637910 583
1637920 585
1637930 585
1637940 587
1637950 588
1637960 588
1637970 590
1637980 592
1637990 592
1638000 593
1638010 595
1638020 595
1638030 596
1638040 596
1638050 596
1638060 597
1638070 596
1638080 596
1638090 596
1638100 595
1638110 595
1638120 594
1638130 593
1638140 593
1638150 591
1638160 589
1638170 589
1638180 585
1638190 581
1638200 581
1638210 578
1638220 575
1638230 575
1638240 571
1638250 567
1638260 567
1638270 565
1638280 563
1638290 563
1638300 561
1638310 559
1638320 559
1638330 557
1638340 556
1638350 556
1638360 555
1638370 555
1638380 555
1638390 556
1638400 557
1638410 557
1638420 557
1638430 558
1638440 558
1638450 558
1638460 558
1638470 558
1638480 561
1638490 565
1638500 565
1638510 569
1638520 573
1638530 573
1638540 576
1638550 578
1638560 578
1638570 579
1638580 579
1638590 579
1638600 579
1638610 579
1638620 579
1638630 578
1638640 578
1638650 578
1638660 577
1638670 575
1638680 575
1638690 573
1638700 571
1638710 571
1638720 570
1638730 570
1638740 569
1638750 569
1638760 569
1638770 570
1638780 570
1638790 570
1638800 569
1638810 568
1638820 568
1638830 566
1638840 565
1638850 565
1638860 563
1638870 558
1638880 558
1638890 554
1638900 549
1638910 549
1638920 545
1638930 540
1638940 540
1638950 538
1638960 537
1638970 537
1638980 536
1638990 535
1639000 535
1639010 535
1639020 539
1639030 539
1639040 546
1639050 553
1639060 553
1639070 557
1639080 560
1639090 560
1639100 563
1639110 565
1639120 565
1639130 567
1639140 569
1639150 569
1639160 571
1639170 573
1639180 573
1639190 575
1639200 576
1639210 576
1639220 578
1639230 578
1639240 578
1639250 579
1639260 579
1639270 579
1639280 580
1639290 581
1639300 581
1639310 582
1639320 583
1639330 583
1639340 585
1639350 588
1639360 588
1639370 589
1639380 590
1639390 590
1639400 592
1639410 595
1639420 595
1639430 598
1639440 601
1639450 601
1639460 604
1639470 609
1639480 609
1639490 612
1639500 615
1639510 615
1639520 619
1639530 622
1639540 622
1639550 624
1639560 626
1639570 626
1639580 629
1639590 632
1639600 632
1639610 633
1639620 633
1639630 633
1639640 632
1639650 632
1639660 632
1639670 631
1639680 631
1639690 631
1639700 631
1639710 630
1639720 630
1639730 630
1639740 631
1639750 631
1639760 631
1639770 631
1639780 631
1639790 632
1639800 632
1639810 632
1639820 632
1639830 632
1639840 632
1639850 632
1639860 631
1639870 631
1639880 630
1639890 629
1639900 629
1639910 629
1639920 629
1639930 629
1639940 628
1639950 628
1639960 628
1639970 628
1639980 628
1639990 628
