1620000 467
1620010 468
1620020 468
1620030 469
1620040 469
1620050 469
1620060 469
1620070 469
1620080 469
1620090 469
1620100 469
1620110 469
1620120 468
1620130 468
1620140 468
1620150 467
1620160 466
1620170 466
1620180 465
1620190 464
1620200 464
1620210 462
1620220 460
1620230 460
1620240 458
1620250 456
1620260 456
1620270 454
1620280 451
1620290 451
1620300 448
1620310 445
1620320 445
1620330 441
1620340 439
1620350 439
1620360 443
1620370 442
1620380 442
1620390 441
1620400 439
1620410 439
1620420 437
1620430 436
1620440 436
1620450 437
1620460 438
1620470 438
1620480 439
1620490 439
1620500 439
1620510 439
1620520 439
1620530 439
1620540 440
1620550 441
1620560 441
1620570 442
1620580 444
1620590 444
1620600 445
1620610 446
1620620 446
1620630 448
1620640 449
1620650 449
1620660 451
1620670 452
1620680 452
1620690 453
1620700 453
1620710 453
1620720 453
1620730 452
1620740 452
1620750 452
1620760 452
1620770 452
1620780 452
1620790 452
1620800 452
1620810 451
1620820 451
1620830 451
1620840 451
1620850 451
1620860 451
1620870 450
1620880 450
1620890 450
1620900 450
1620910 449
1620920 449
1620930 449
1620940 448
1620950 448
1620960 447
1620970 446
1620980 446
1620990 445
1621000 444
1621010 444
1621020 442
1621030 441
1621040 441
1621050 439
1621060 437
1621070 437
1621080 435
1621090 433
1621100 433
1621110 431
1621120 429
1621130 429
1621140 427
1621150 429
1621160 429
1621170 432
1621180 437
1621190 437
1621200 441
1621210 444
1621220 444
1621230 444
1621240 445
1621250 445
1621260 445
1621270 445
1621280 445
1621290 445
1621300 446
1621310 446
1621320 448
1621330 448
1621340 448
1621350 448
1621360 448
1621370 448
1621380 448
1621390 448
1621400 448
1621410 448
1621420 448
1621430 448
1621440 448
1621450 449
1621460 449
1621470 449
1621480 450
1621490 450
1621500 450
1621510 451
1621520 451
1621530 451
1621540 452
1621550 452
1621560 452
1621570 453
1621580 453
1621590 453
1621600 453
1621610 453
1621620 453
1621630 453
1621640 453
1621650 453
1621660 453
1621670 453
1621680 453
1621690 453
1621700 453
1621710 452
1621720 451
1621730 451
1621740 451
1621750 450
1621760 450
1621770 450
1621780 453
1621790 453
1621800 455
1621810 456
1621820 456
1621830 457
1621840 459
1621850 459
1621860 461
1621870 463
1621880 463
1621890 464
1621900 466
1621910 466
1621920 467
1621930 469
1621940 469
1621950 469
1621960 470
1621970 470
1621980 471
1621990 472
1622000 472
1622010 473
1622020 474
1622030 474
1622040 474
1622050 475
1622060 475
1622070 475
1622080 476
1622090 476
1622100 476
1622110 477
1622120 477
1622130 477
1622140 477
1622150 478
1622160 478
1622170 478
1622180 478
1622190 479
1622200 479
1622210 479
1622220 479
1622230 479
1622240 479
1622250 479
1622260 479
1622270 479
1622280 479
1622290 479
1622300 479
1622310 478
1622320 478
1622330 478
1622340 477
1622350 477
1622360 476
1622370 475
1622380 475
1622390 474
1622400 473
1622410 473
1622420 473
1622430 472
1622440 472
1622450 471
1622460 470
1622470 470
1622480 468
1622490 466
1622500 466
1622510 463
1622520 459
1622530 459
1622540 454
1622550 449
1622560 449
1622570 443
1622580 437
1622590 437
1622600 432
1622610 426
1622620 426
1622630 421
1622640 417
1622650 417
1622660 412
1622670 408
1622680 408
1622690 404
1622700 398
1622710 398
1622720 393
1622730 388
1622740 388
1622750 384
1622760 379
1622770 379
1622780 373
1622790 369
1622800 369
1622810 363
1622820 359
1622830 359
1622840 354
1622850 351
1622860 351
1622870 348
1622880 346
1622890 346
1622900 344
1622910 342
1622920 342
1622930 342
1622940 343
1622950 343
1622960 345
1622970 346
1622980 346
1622990 348
1623000 351
1623010 351
1623020 355
1623030 359
1623040 359
1623050 365
1623060 372
1623070 372
1623080 380
1623090 390
1623100 390
1623110 400
1623120 408
1623130 408
1623140 412
1623150 419
1623160 419
1623170 427
1623180 434
1623190 434
1623200 443
1623210 447
1623220 447
1623230 449
1623240 449
1623250 449
1623260 447
1623270 444
1623280 444
1623290 441
1623300 437
1623310 437
1623320 435
1623330 433
1623340 433
1623350 432
1623360 431
1623370 431
1623380 432
1623390 432
1623400 432
1623410 432
1623420 432
1623430 432
1623440 431
1623450 430
1623460 430
1623470 428
1623480 427
1623490 427
1623500 427
1623510 427
1623520 427
1623530 427
1623540 427
1623550 427
1623560 428
1623570 433
1623580 433
1623590 439
1623600 446
1623610 446
1623620 453
1623630 460
1623640 460
1623650 467
1623660 471
1623670 471
1623680 474
1623690 478
1623700 478
1623710 481
1623720 484
1623730 484
1623740 488
1623750 492
1623760 492
1623770 496
1623780 499
1623790 499
1623800 501
1623810 504
1623820 504
1623830 506
1623840 508
1623850 508
1623860 509
1623870 511
1623880 511
1623890 512
1623900 513
1623910 513
1623920 514
1623930 514
1623940 514
1623950 514
1623960 514
1623970 514
1623980 513
1623990 513
1624000 513
1624010 512
1624020 511
1624030 511
1624040 511
1624050 510
1624060 510
1624070 508
1624080 507
1624090 507
1624100 506
1624110 504
1624120 504
1624130 503
1624140 502
1624150 502
1624160 501
1624170 500
1624180 500
1624190 500
1624200 499
1624210 499
1624220 498
1624230 497
1624240 497
1624250 496
1624260 495
1624270 495
1624280 494
1624290 492
1624300 492
1624310 490
1624320 486
1624330 486
1624340 483
1624350 480
1624360 480
1624370 478
1624380 478
1624390 478
1624400 479
1624410 482
1624420 482
1624430 485
1624440 488
1624450 488
1624460 492
1624470 495
1624480 495
1624490 498
1624500 501
1624510 501
1624520 505
1624530 508
1624540 508
1624550 511
1624560 513
1624570 513
1624580 515
1624590 517
1624600 517
1624610 518
1624620 519
1624630 519
1624640 520
1624650 521
1624660 521
1624670 522
1624680 522
1624690 522
1624700 523
1624710 523
1624720 523
1624730 523
1624740 522
1624750 522
1624760 521
1624770 520
1624780 520
1624790 520
1624800 519
1624810 519
1624820 517
1624830 516
1624840 516
1624850 514
1624860 510
1624870 510
1624880 505
1624890 505
1624900 501
1624910 498
1624920 498
1624930 496
1624940 497
1624950 497
1624960 500
1624970 500
1624980 500
1624990 499
1625000 496
1625010 496
1625020 492
1625030 487
1625040 487
1625050 482
1625060 480
1625070 480
1625080 481
1625090 482
1625100 482
1625110 483
1625120 486
1625130 486
1625140 491
1625150 494
1625160 494
1625170 496
1625180 498
1625190 498
1625200 500
1625210 503
1625220 503
1625230 504
1625240 506
1625250 506
1625260 508
1625270 509
1625280 509
1625290 511
1625300 512
1625310 512
1625320 514
1625330 516
1625340 516
1625350 518
1625360 519
1625370 519
1625380 521
1625390 522
1625400 522
1625410 523
1625420 524
1625430 524
1625440 526
1625450 527
1625460 527
1625470 528
1625480 529
1625490 529
1625500 531
1625510 532
1625520 532
1625530 533
1625540 535
1625550 535
1625560 536
1625570 538
1625580 538
1625590 539
1625600 541
1625610 541
1625620 542
1625630 543
1625640 543
1625650 544
1625660 545
1625670 545
1625680 546
1625690 547
1625700 547
1625710 548
1625720 549
1625730 549
1625740 549
1625750 550
1625760 550
1625770 551
1625780 552
1625790 552
1625800 553
1625810 554
1625820 554
1625830 555
1625840 556
1625850 556
1625860 557
1625870 557
1625880 557
1625890 558
1625900 558
1625910 558
1625920 559
1625930 559
1625940 559
1625950 559
1625960 559
1625970 559
1625980 560
1625990 560
1626000 560
1626010 560
1626020 560
1626030 560
1626040 560
1626050 560
1626060 560
1626070 560
1626080 560
1626090 560
1626100 560
1626110 560
1626120 560
1626130 559
1626140 559
1626150 559
1626160 559
1626170 559
1626180 559
1626190 558
1626200 558
1626210 558
1626220 558
1626230 557
1626240 557
1626250 557
1626260 557
1626270 557
1626280 556
1626290 556
1626300 556
1626310 555
1626320 555
1626330 555
1626340 555
1626350 554
1626360 554
1626370 554
1626380 553
1626390 553
1626400 553
1626410 553
1626420 553
1626430 553
1626440 553
1626450 553
1626460 553
1626470 552
1626480 552
1626490 553
1626500 553
1626510 553
1626520 553
1626530 553
1626540 553
1626550 554
1626560 556
1626570 556
1626580 556
1626590 556
1626600 556
1626610 555
1626620 556
1626630 556
1626640 556
1626650 556
1626660 556
1626670 557
1626680 557
1626690 557
1626700 557
1626710 558
1626720 558
1626730 558
1626740 559
1626750 559
1626760 559
1626770 560
1626780 560
1626790 560
1626800 560
1626810 560
1626820 561
1626830 561
1626840 561
1626850 561
1626860 562
1626870 562
1626880 562
1626890 562
1626900 563
1626910 563
1626920 563
1626930 563
1626940 563
1626950 563
1626960 563
1626970 563
1626980 563
1626990 563
1627000 563
1627010 563
1627020 563
1627030 563
1627040 563
1627050 563
1627060 563
1627070 562
1627080 562
1627090 561
1627100 558
1627110 558
1627120 553
1627130 549
1627140 549
1627150 547
1627160 543
1627170 543
1627180 540
1627190 539
1627200 539
1627210 539
1627220 539
1627230 539
1627240 542
1627250 547
1627260 547
1627270 550
1627280 551
1627290 551
1627300 553
1627310 554
1627320 554
1627330 556
1627340 557
1627350 557
1627360 558
1627370 559
1627380 559
1627390 559
1627400 560
1627410 560
1627420 561
1627430 563
1627440 563
1627450 566
1627460 568
1627470 568
1627480 568
1627490 568
1627500 568
1627510 568
1627520 568
1627530 568
1627540 568
1627550 569
1627560 569
1627570 569
1627580 570
1627590 570
1627600 570
1627610 570
1627620 571
1627630 571
1627640 571
1627650 572
1627660 572
1627670 572
1627680 573
1627690 573
1627700 573
1627710 574
1627720 574
1627730 574
1627740 575
1627750 575
1627760 575
1627770 575
1627780 576
1627790 576
1627800 576
1627810 575
1627820 575
1627830 575
1627840 575
1627850 575
1627860 576
1627870 576
1627880 576
1627890 576
1627900 576
1627910 576
1627920 576
1627930 576
1627940 576
1627950 575
1627960 575
1627970 575
1627980 575
1627990 575
1628000 575
1628010 575
1628020 575
1628030 575
1628040 575
1628050 576
1628060 576
1628070 576
1628080 576
1628090 576
1628100 576
1628110 576
1628120 576
1628130 576
1628140 577
1628150 577
1628160 577
1628170 577
1628180 577
1628190 577
1628200 577
1628210 577
1628220 578
1628230 578
1628240 578
1628250 578
1628260 579
1628270 579
1628280 579
1628290 580
1628300 580
1628310 580
1628320 581
1628330 581
1628340 581
1628350 581
1628360 581
1628370 582
1628380 582
1628390 582
1628400 583
1628410 583
1628420 583
1628430 583
1628440 583
1628450 583
1628460 583
1628470 583
1628480 583
1628490 583
1628500 583
1628510 583
1628520 583
1628530 583
1628540 583
1628550 583
1628560 582
1628570 582
1628580 582
1628590 581
1628600 581
1628610 581
1628620 580
1628630 580
1628640 579
1628650 578
1628660 578
1628670 577
1628680 577
1628690 577
1628700 576
1628710 576
1628720 577
1628730 577
1628740 576
1628750 576
1628760 576
1628770 575
1628780 575
1628790 573
1628800 572
1628810 572
1628820 571
1628830 571
1628840 571
1628850 571
1628860 571
1628870 571
1628880 571
1628890 571
1628900 571
1628910 571
1628920 569
1628930 569
1628940 568
1628950 568
1628960 568
1628970 571
1628980 574
1628990 574
1629000 575
1629010 575
1629020 575
1629030 576
1629040 576
1629050 576
1629060 576
1629070 576
1629080 576
1629090 577
1629100 577
1629110 577
1629120 577
1629130 578
1629140 578
1629150 578
1629160 578
1629170 578
1629180 578
1629190 577
1629200 577
1629210 577
1629220 577
1629230 577
1629240 577
1629250 576
1629260 576
1629270 576
1629280 575
1629290 575
1629300 574
1629310 573
1629320 573
1629330 572
1629340 571
1629350 571
1629360 570
1629370 570
1629380 570
1629390 569
1629400 567
1629410 567
1629420 565
1629430 563
1629440 563
1629450 562
1629460 562
1629470 562
1629480 562
1629490 564
1629500 564
1629510 565
1629520 568
1629530 568
1629540 569
1629550 571
1629560 571
1629570 572
1629580 573
1629590 573
1629600 574
1629610 574
1629620 574
1629630 574
1629640 574
1629650 574
1629660 573
1629670 573
1629680 573
1629690 572
1629700 571
1629710 571
1629720 571
1629730 570
1629740 570
1629750 569
1629760 568
1629770 568
1629780 566
1629790 565
1629800 565
1629810 564
1629820 564
1629830 564
1629840 564
1629850 563
1629860 563
1629870 562
1629880 561
1629890 561
1629900 561
1629910 560
1629920 560
1629930 560
1629940 559
1629950 559
1629960 558
1629970 557
1629980 557
1629990 556
1630000 556
1630010 556
1630020 555
1630030 554
1630040 554
1630050 553
1630060 553
1630070 553
1630080 552
1630090 551
1630100 551
1630110 550
1630120 549
1630130 549
1630140 548
1630150 546
1630160 546
1630170 545
1630180 542
1630190 542
1630200 539
1630210 537
1630220 537
1630230 535
1630240 534
1630250 534
1630260 534
1630270 533
1630280 533
1630290 532
1630300 531
1630310 531
1630320 531
1630330 530
1630340 530
1630350 529
1630360 529
1630370 529
1630380 528
1630390 528
1630400 528
1630410 527
1630420 527
1630430 527
1630440 527
1630450 527
1630460 527
1630470 527
1630480 527
1630490 527
1630500 528
1630510 529
1630520 529
1630530 530
1630540 530
1630550 531
1630560 531
1630570 531
1630580 532
1630590 532
1630600 532
1630610 533
1630620 533
1630630 533
1630640 534
1630650 534
1630660 534
1630670 534
1630680 534
1630690 534
1630700 533
1630710 532
1630720 532
1630730 530
1630740 529
1630750 529
1630760 527
1630770 526
1630780 526
1630790 524
1630800 523
1630810 523
1630820 522
1630830 521
1630840 521
1630850 521
1630860 521
1630870 521
1630880 521
1630890 523
1630900 523
1630910 524
1630920 525
1630930 525
1630940 527
1630950 528
1630960 528
1630970 529
1630980 530
1630990 530
1631000 531
1631010 532
1631020 532
1631030 533
1631040 533
1631050 533
1631060 534
1631070 534
1631080 534
1631090 534
1631100 535
1631110 535
1631120 535
1631130 535
1631140 535
1631150 535
1631160 535
1631170 535
1631180 536
1631190 536
1631200 536
1631210 537
1631220 538
1631230 538
1631240 538
1631250 537
1631260 537
1631270 538
1631280 538
1631290 538
1631300 539
1631310 540
1631320 540
1631330 541
1631340 541
1631350 541
1631360 542
1631370 542
1631380 542
1631390 542
1631400 544
1631410 544
1631420 544
1631430 544
1631440 544
1631450 544
1631460 544
1631470 544
1631480 544
1631490 544
1631500 544
1631510 544
1631520 544
1631530 544
1631540 544
1631550 544
1631560 544
1631570 544
1631580 543
1631590 543
1631600 543
1631610 541
1631620 541
1631630 540
1631640 540
1631650 540
1631660 539
1631670 538
1631680 538
1631690 538
1631700 538
1631710 538
1631720 538
1631730 539
1631740 539
1631750 541
1631760 542
1631770 542
1631780 542
1631790 542
1631800 542
1631810 543
1631820 545
1631830 545
1631840 546
1631850 547
1631860 547
1631870 548
1631880 549
1631890 549
1631900 550
1631910 551
1631920 551
1631930 552
1631940 553
1631950 553
1631960 554
1631970 555
1631980 555
1631990 556
1632000 557
1632010 557
1632020 558
1632030 559
1632040 559
1632050 560
1632060 561
1632070 561
1632080 562
1632090 563
1632100 563
1632110 564
1632120 565
1632130 565
1632140 566
1632150 567
1632160 567
1632170 569
1632180 570
1632190 570
1632200 572
1632210 572
1632220 572
1632230 573
1632240 573
1632250 573
1632260 572
1632270 573
1632280 574
1632290 575
1632300 576
1632310 576
1632320 576
1632330 576
1632340 576
1632350 576
1632360 575
1632370 575
1632380 574
1632390 573
1632400 573
1632410 573
1632420 572
1632430 572
1632440 571
1632450 570
1632460 570
1632470 569
1632480 568
1632490 568
1632500 568
1632510 566
1632520 566
1632530 565
1632540 564
1632550 564
1632560 562
1632570 560
1632580 560
1632590 557
1632600 555
1632610 555
1632620 553
1632630 551
1632640 551
1632650 549
1632660 547
1632670 547
1632680 545
1632690 543
1632700 543
1632710 541
1632720 539
1632730 539
1632740 538
1632750 537
1632760 537
1632770 537
1632780 538
1632790 538
1632800 539
1632810 540
1632820 540
1632830 541
1632840 541
1632850 541
1632860 539
1632870 540
1632880 540
1632890 542
1632900 546
1632910 546
1632920 549
1632930 551
1632940 551
1632950 551
1632960 552
1632970 552
1632980 551
1632990 551
1633000 551
1633010 551
1633020 550
1633030 550
1633040 549
1633050 549
1633060 549
1633070 548
1633080 548
1633090 548
1633100 547
1633110 547
1633120 546
1633130 546
1633140 546
1633150 546
1633160 544
1633170 544
1633180 544
1633190 543
1633200 543
1633210 542
1633220 542
1633230 542
1633240 541
1633250 540
1633260 540
1633270 540
1633280 539
1633290 539
1633300 538
1633310 537
1633320 537
1633330 537
1633340 536
1633350 536
1633360 534
1633370 533
1633380 533
1633390 532
1633400 530
1633410 530
1633420 528
1633430 527
1633440 527
1633450 526
1633460 524
1633470 524
1633480 523
1633490 522
1633500 522
1633510 521
1633520 520
1633530 520
1633540 520
1633550 520
1633560 520
1633570 521
1633580 521
1633590 521
1633600 522
1633610 524
1633620 524
1633630 525
1633640 526
1633650 526
1633660 526
1633670 526
1633680 526
1633690 526
1633700 526
1633710 526
1633720 525
1633730 525
1633740 525
1633750 524
1633760 523
1633770 523
1633780 521
1633790 520
1633800 520
1633810 519
1633820 517
1633830 517
1633840 515
1633850 511
1633860 511
1633870 509
1633880 508
1633890 508
1633900 508
1633910 508
1633920 508
1633930 508
1633940 508
1633950 508
1633960 508
1633970 508
1633980 508
1633990 509
1634000 511
1634010 511
1634020 512
1634030 516
1634040 516
1634050 517
1634060 517
1634070 517
1634080 519
1634090 520
1634100 520
1634110 521
1634120 522
1634130 522
1634140 523
1634150 524
1634160 524
1634170 525
1634180 525
1634190 525
1634200 526
1634210 528
1634220 528
1634230 529
1634240 529
1634250 529
1634260 530
1634270 530
1634280 530
1634290 529
1634300 527
1634310 527
1634320 526
1634330 525
1634340 525
1634350 524
1634360 525
1634370 525
1634380 525
1634390 526
1634400 526
1634410 529
1634420 534
1634430 534
1634440 538
1634450 540
1634460 540
1634470 541
1634480 542
1634490 542
1634500 543
1634510 543
1634520 543
1634530 543
1634540 544
1634550 544
1634560 544
1634570 544
1634580 544
1634590 545
1634600 545
1634610 545
1634620 545
1634630 546
1634640 546
1634650 546
1634660 546
1634670 546
1634680 546
1634690 546
1634700 546
1634710 546
1634720 545
1634730 545
1634740 545
1634750 544
1634760 544
1634770 543
1634780 542
1634790 542
1634800 541
1634810 539
1634820 539
1634830 537
1634840 535
1634850 535
1634860 535
1634870 537
1634880 537
1634890 538
1634900 538
1634910 538
1634920 536
1634930 533
1634940 533
1634950 530
1634960 527
1634970 527
1634980 525
1634990 524
1635000 524
1635010 522
1635020 520
1635030 520
1635040 519
1635050 519
1635060 519
1635070 519
1635080 519
1635090 519
1635100 519
1635110 520
1635120 520
1635130 524
1635140 529
1635150 529
1635160 533
1635170 536
1635180 536
1635190 538
1635200 540
1635210 540
1635220 542
1635230 544
1635240 544
1635250 547
1635260 549
1635270 549
1635280 551
1635290 553
1635300 553
1635310 554
1635320 556
1635330 556
1635340 557
1635350 557
1635360 557
1635370 558
1635380 559
1635390 559
1635400 560
1635410 561
1635420 561
1635430 561
1635440 562
1635450 562
1635460 562
1635470 562
1635480 562
1635490 563
1635500 563
1635510 563
1635520 563
1635530 564
1635540 564
1635550 564
1635560 563
1635570 563
1635580 563
1635590 562
1635600 562
1635610 561
1635620 560
1635630 560
1635640 559
1635650 558
1635660 558
1635670 557
1635680 557
1635690 557
1635700 557
1635710 557
1635720 557
1635730 558
1635740 560
1635750 560
1635760 562
1635770 564
1635780 564
1635790 565
1635800 566
1635810 566
1635820 567
1635830 568
1635840 568
1635850 569
1635860 569
1635870 570
1635880 571
1635890 571
1635900 571
1635910 572
1635920 572
1635930 572
1635940 572
1635950 572
1635960 572
1635970 572
1635980 572
1635990 572
1636000 573
1636010 573
1636020 574
1636030 575
1636040 575
1636050 576
1636060 576
1636070 576
1636080 576
1636090 577
1636100 577
1636110 578
1636120 578
1636130 578
1636140 579
1636150 579
1636160 579
1636170 580
1636180 580
1636190 580
1636200 580
1636210 581
1636220 581
1636230 581
1636240 581
1636250 581
1636260 582
1636270 582
1636280 582
1636290 582
1636300 582
1636310 582
1636320 582
1636330 582
1636340 582
1636350 582
1636360 581
1636370 581
1636380 581
1636390 580
1636400 580
1636410 580
1636420 579
1636430 579
1636440 577
1636450 577
1636460 577
1636470 578
1636480 579
1636490 579
1636500 580
1636510 581
1636520 581
1636530 581
1636540 580
1636550 580
1636560 579
1636570 577
1636580 577
1636590 576
1636600 576
1636610 578
1636620 578
1636630 579
1636640 579
1636650 579
1636660 578
1636670 578
1636680 578
1636690 578
1636700 578
1636710 578
1636720 578
1636730 578
1636740 579
1636750 580
1636760 580
1636770 581
1636780 582
1636790 582
1636800 583
1636810 585
1636820 585
1636830 586
1636840 587
1636850 587
1636860 588
1636870 589
1636880 589
1636890 589
1636900 590
1636910 590
1636920 591
1636930 592
1636940 592
1636950 593
1636960 593
1636970 593
1636980 593
1636990 595
1637000 595
1637010 595
1637020 595
1637030 595
1637040 597
1637050 598
1637060 598
1637070 596
1637080 593
1637090 593
1637100 591
1637110 595
1637120 595
1637130 600
1637140 604
1637150 604
1637160 608
1637170 610
1637180 610
1637190 612
1637200 613
1637210 613
1637220 614
1637230 615
1637240 615
1637250 616
1637260 616
1637270 616
1637280 616
1637290 618
1637300 618
1637310 620
1637320 622
1637330 622
1637340 624
1637350 628
1637360 628
1637370 631
1637380 634
1637390 634
1637400 637
1637410 639
1637420 639
1637430 641
1637440 642
1637450 642
1637460 643
1637470 643
1637480 643
1637490 643
1637500 643
1637510 643
1637520 642
1637530 642
1637540 642
1637550 642
1637560 640
1637570 640
1637580 638
1637590 637
1637600 637
1637610 637
1637620 637
1637630 637
1637640 637
1637650 637
1637660 637
1637670 637
1637680 638
1637690 638
1637700 638
1637710 639
1637720 639
1637730 639
1637740 639
1637750 639
1637760 639
1637770 639
1637780 639
1637790 638
1637800 638
1637810 638
1637820 637
1637830 637
1637840 637
1637850 636
1637860 636
1637870 636
1637880 635
1637890 634
1637900 634
1637910 631
1637920 627
1637930 627
1637940 622
1637950 617
1637960 617
1637970 612
1637980 608
1637990 608
1638000 604
1638010 601
1638020 601
1638030 597
1638040 594
1638050 594
1638060 592
1638070 591
1638080 591
1638090 590
1638100 589
1638110 589
1638120 586
1638130 582
1638140 582
1638150 578
1638160 573
1638170 573
1638180 570
1638190 568
1638200 568
1638210 567
1638220 568
1638230 568
1638240 571
1638250 575
1638260 575
1638270 579
1638280 580
1638290 580
1638300 576
1638310 569
1638320 569
1638330 563
1638340 558
1638350 558
1638360 554
1638370 555
1638380 555
1638390 559
1638400 564
1638410 564
1638420 570
1638430 574
1638440 574
1638450 578
1638460 582
1638470 582
1638480 585
1638490 587
1638500 587
1638510 588
1638520 589
1638530 589
1638540 589
1638550 588
1638560 588
1638570 588
1638580 588
1638590 587
1638600 586
1638610 586
1638620 584
1638630 581
1638640 581
1638650 579
1638660 576
1638670 576
1638680 575
1638690 575
1638700 575
1638710 576
1638720 578
1638730 578
1638740 580
1638750 582
1638760 582
1638770 583
1638780 585
1638790 585
1638800 587
1638810 589
1638820 589
1638830 592
1638840 593
1638850 593
1638860 594
1638870 593
1638880 593
1638890 592
1638900 591
1638910 591
1638920 591
1638930 590
1638940 590
1638950 590
1638960 589
1638970 589
1638980 588
1638990 585
1639000 585
1639010 582
1639020 579
1639030 579
1639040 577
1639050 577
1639060 577
1639070 577
1639080 577
1639090 577
1639100 577
1639110 577
1639120 577
1639130 577
1639140 577
1639150 577
1639160 577
1639170 576
1639180 576
1639190 574
1639200 571
1639210 571
1639220 568
1639230 564
1639240 564
1639250 559
1639260 552
1639270 552
1639280 546
1639290 540
1639300 540
1639310 535
1639320 530
1639330 530
1639340 525
1639350 520
1639360 520
1639370 513
1639380 509
1639390 509
1639400 507
1639410 505
1639420 505
1639430 504
1639440 505
1639450 505
1639460 507
1639470 504
1639480 504
1639490 500
1639500 496
1639510 496
1639520 494
1639530 492
1639540 492
1639550 491
1639560 490
1639570 490
1639580 490
1639590 492
1639600 492
1639610 495
1639620 499
1639630 499
1639640 503
1639650 506
1639660 506
1639670 509
1639680 512
1639690 512
1639700 515
1639710 518
1639720 518
1639730 522
1639740 524
1639750 524
1639760 527
1639770 529
1639780 529
1639790 531
1639800 534
1639810 534
1639820 537
1639830 541
1639840 541
1639850 546
1639860 551
1639870 551
1639880 556
1639890 560
1639900 560
1639910 565
1639920 567
1639930 567
1639940 569
1639950 573
1639960 573
1639970 578
1639980 582
1639990 582
