1620000 505
1620010 503
1620020 503
1620030 502
1620040 500
1620050 500
1620060 498
1620070 497
1620080 497
1620090 495
1620100 493
1620110 493
1620120 492
1620130 490
1620140 490
1620150 488
1620160 486
1620170 486
1620180 486
1620190 485
1620200 485
1620210 485
1620220 485
1620230 485
1620240 484
1620250 484
1620260 484
1620270 485
1620280 485
1620290 485
1620300 485
1620310 484
1620320 484
1620330 484
1620340 484
1620350 484
1620360 484
1620370 484
1620380 484
1620390 484
1620400 483
1620410 483
1620420 483
1620430 481
1620440 481
1620450 480
1620460 477
1620470 477
1620480 473
1620490 469
1620500 469
1620510 466
1620520 464
1620530 464
1620540 464
1620550 464
1620560 464
1620570 465
1620580 465
1620590 466
1620600 468
1620610 468
1620620 469
1620630 471
1620640 471
1620650 473
1620660 475
1620670 475
1620680 477
1620690 479
1620700 479
1620710 481
1620720 483
1620730 483
1620740 485
1620750 487
1620760 487
1620770 489
1620780 490
1620790 490
1620800 492
1620810 494
1620820 494
1620830 495
1620840 496
1620850 496
1620860 497
1620870 498
1620880 498
1620890 500
1620900 501
1620910 501
1620920 503
1620930 504
1620940 504
1620950 505
1620960 506
1620970 506
1620980 507
1620990 508
1621000 508
1621010 508
1621020 509
1621030 509
1621040 510
1621050 510
1621060 510
1621070 509
1621080 509
1621090 509
1621100 508
1621110 508
1621120 508
1621130 508
1621140 507
1621150 507
1621160 506
1621170 505
1621180 505
1621190 504
1621200 503
1621210 503
1621220 501
1621230 499
1621240 499
1621250 497
1621260 495
1621270 495
1621280 493
1621290 490
1621300 490
1621310 488
1621320 488
1621330 488
1621340 490
1621350 492
1621360 492
1621370 495
1621380 496
1621390 496
1621400 497
1621410 498
1621420 498
1621430 499
1621440 499
1621450 499
1621460 499
1621470 499
1621480 499
1621490 498
1621500 498
1621510 498
1621520 497
1621530 496
1621540 496
1621550 495
1621560 494
1621570 494
1621580 493
1621590 492
1621600 492
1621610 491
1621620 490
1621630 490
1621640 488
1621650 487
1621660 487
1621670 485
1621680 484
1621690 484
1621700 482
1621710 480
1621720 480
1621730 478
1621740 476
1621750 476
1621760 473
1621770 470
1621780 470
1621790 466
1621800 465
1621810 465
1621820 469
1621830 472
1621840 472
1621850 475
1621860 478
1621870 478
1621880 479
1621890 480
1621900 480
1621910 480
1621920 480
1621930 480
1621940 481
1621950 481
1621960 481
1621970 483
1621980 483
1621990 483
1622000 484
1622010 484
1622020 484
1622030 485
1622040 485
1622050 485
1622060 485
1622070 485
1622080 485
1622090 484
1622100 483
1622110 483
1622120 481
1622130 478
1622140 478
1622150 475
1622160 472
1622170 472
1622180 470
1622190 469
1622200 469
1622210 467
1622220 466
1622230 466
1622240 464
1622250 461
1622260 461
1622270 457
1622280 453
1622290 453
1622300 448
1622310 442
1622320 442
1622330 436
1622340 430
1622350 430
1622360 425
1622370 420
1622380 420
1622390 413
1622400 405
1622410 405
1622420 396
1622430 392
1622440 392
1622450 395
1622460 402
1622470 402
1622480 410
1622490 416
1622500 416
1622510 421
1622520 425
1622530 425
1622540 429
1622550 432
1622560 432
1622570 436
1622580 439
1622590 439
1622600 441
1622610 441
1622620 441
1622630 440
1622640 440
1622650 440
1622660 441
1622670 442
1622680 442
1622690 445
1622700 451
1622710 451
1622720 455
1622730 460
1622740 460
1622750 465
1622760 469
1622770 469
1622780 473
1622790 476
1622800 476
1622810 477
1622820 478
1622830 478
1622840 477
1622850 476
1622860 476
1622870 475
1622880 474
1622890 474
1622900 473
1622910 472
1622920 472
1622930 471
1622940 469
1622950 469
1622960 466
1622970 463
1622980 463
1622990 459
1623000 459
1623010 454
1623020 450
1623030 450
1623040 446
1623050 443
1623060 443
1623070 439
1623080 435
1623090 435
1623100 431
1623110 426
1623120 426
1623130 422
1623140 419
1623150 419
1623160 416
1623170 417
1623180 417
1623190 422
1623200 428
1623210 428
1623220 434
1623230 439
1623240 439
1623250 444
1623260 448
1623270 448
1623280 450
1623290 452
1623300 452
1623310 454
1623320 456
1623330 456
1623340 458
1623350 460
1623360 460
1623370 463
1623380 465
1623390 465
1623400 466
1623410 466
1623420 466
1623430 466
1623440 465
1623450 465
1623460 462
1623470 458
1623480 458
1623490 453
1623500 448
1623510 448
1623520 442
1623530 436
1623540 436
1623550 431
1623560 426
1623570 426
1623580 421
1623590 415
1623600 415
1623610 408
1623620 401
1623630 401
1623640 394
1623650 388
1623660 388
1623670 381
1623680 376
1623690 376
1623700 372
1623710 370
1623720 370
1623730 368
1623740 366
1623750 366
1623760 364
1623770 364
1623780 364
1623790 364
1623800 363
1623810 363
1623820 362
1623830 363
1623840 363
1623850 366
1623860 370
1623870 370
1623880 377
1623890 384
1623900 384
1623910 390
1623920 393
1623930 393
1623940 396
1623950 399
1623960 399
1623970 401
1623980 403
1623990 403
1624000 404
1624010 408
1624020 408
1624030 414
1624040 419
1624050 419
1624060 423
1624070 426
1624080 426
1624090 429
1624100 433
1624110 433
1624120 437
1624130 441
1624140 441
1624150 446
1624160 451
1624170 451
1624180 457
1624190 461
1624200 461
1624210 466
1624220 470
1624230 470
1624240 475
1624250 480
1624260 480
1624270 485
1624280 489
1624290 489
1624300 493
1624310 498
1624320 498
1624330 503
1624340 508
1624350 508
1624360 512
1624370 516
1624380 516
1624390 519
1624400 523
1624410 523
1624420 525
1624430 528
1624440 528
1624450 531
1624460 534
1624470 534
1624480 537
1624490 539
1624500 539
1624510 540
1624520 542
1624530 542
1624540 543
1624550 544
1624560 544
1624570 545
1624580 546
1624590 546
1624600 547
1624610 548
1624620 548
1624630 550
1624640 550
1624650 550
1624660 551
1624670 552
1624680 552
1624690 553
1624700 553
1624710 553
1624720 554
1624730 554
1624740 554
1624750 555
1624760 555
1624770 555
1624780 558
1624790 558
1624800 558
1624810 559
1624820 559
1624830 559
1624840 560
1624850 560
1624860 560
1624870 560
1624880 560
1624890 560
1624900 561
1624910 561
1624920 561
1624930 561
1624940 561
1624950 561
1624960 561
1624970 562
1624980 562
1624990 562
1625000 562
1625010 562
1625020 562
1625030 561
1625040 561
1625050 561
1625060 561
1625070 561
1625080 560
1625090 560
1625100 560
1625110 559
1625120 559
1625130 559
1625140 559
1625150 560
1625160 560
1625170 560
1625180 561
1625190 561
1625200 561
1625210 561
1625220 561
1625230 562
1625240 562
1625250 562
1625260 562
1625270 563
1625280 563
1625290 563
1625300 564
1625310 564
1625320 564
1625330 564
1625340 564
1625350 565
1625360 565
1625370 565
1625380 566
1625390 566
1625400 566
1625410 566
1625420 566
1625430 567
1625440 568
1625450 568
1625460 568
1625470 569
1625480 569
1625490 569
1625500 570
1625510 570
1625520 570
1625530 571
1625540 571
1625550 572
1625560 572
1625570 572
1625580 573
1625590 574
1625600 574
1625610 574
1625620 575
1625630 575
1625640 576
1625650 576
1625660 576
1625670 577
1625680 577
1625690 577
1625700 579
1625710 579
1625720 579
1625730 579
1625740 580
1625750 580
1625760 579
1625770 579
1625780 579
1625790 577
1625800 575
1625810 575
1625820 573
1625830 571
1625840 571
1625850 570
1625860 570
1625870 570
1625880 570
1625890 570
1625900 570
1625910 571
1625920 573
1625930 573
1625940 574
1625950 576
1625960 576
1625970 578
1625980 579
1625990 579
1626000 581
1626010 582
1626020 582
1626030 583
1626040 585
1626050 585
1626060 586
1626070 587
1626080 587
1626090 588
1626100 589
1626110 589
1626120 590
1626130 592
1626140 592
1626150 593
1626160 594
1626170 594
1626180 594
1626190 594
1626200 594
1626210 594
1626220 595
1626230 595
1626240 596
1626250 598
1626260 598
1626270 599
1626280 600
1626290 600
1626300 600
1626310 600
1626320 600
1626330 600
1626340 600
1626350 600
1626360 600
1626370 600
1626380 600
1626390 600
1626400 600
1626410 600
1626420 599
1626430 599
1626440 599
1626450 599
1626460 599
1626470 599
1626480 598
1626490 598
1626500 598
1626510 598
1626520 597
1626530 597
1626540 597
1626550 596
1626560 596
1626570 596
1626580 596
1626590 596
1626600 596
1626610 596
1626620 595
1626630 595
1626640 595
1626650 595
1626660 595
1626670 595
1626680 595
1626690 595
1626700 596
1626710 596
1626720 597
1626730 598
1626740 598
1626750 598
1626760 599
1626770 599
1626780 600
1626790 601
1626800 601
1626810 601
1626820 602
1626830 602
1626840 602
1626850 603
1626860 603
1626870 603
1626880 603
1626890 603
1626900 603
1626910 603
1626920 603
1626930 603
1626940 604
1626950 604
1626960 604
1626970 604
1626980 604
1626990 605
1627000 605
1627010 605
1627020 605
1627030 605
1627040 605
1627050 605
1627060 605
1627070 605
1627080 605
1627090 605
1627100 605
1627110 605
1627120 605
1627130 605
1627140 605
1627150 605
1627160 605
1627170 605
1627180 605
1627190 605
1627200 605
1627210 605
1627220 605
1627230 605
1627240 605
1627250 605
1627260 604
1627270 604
1627280 604
1627290 604
1627300 604
1627310 604
1627320 603
1627330 603
1627340 603
1627350 603
1627360 602
1627370 602
1627380 602
1627390 601
1627400 601
1627410 601
1627420 601
1627430 601
1627440 600
1627450 600
1627460 600
1627470 600
1627480 600
1627490 600
1627500 599
1627510 599
1627520 599
1627530 599
1627540 598
1627550 598
1627560 598
1627570 597
1627580 597
1627590 596
1627600 595
1627610 595
1627620 594
1627630 592
1627640 592
1627650 591
1627660 588
1627670 588
1627680 585
1627690 581
1627700 581
1627710 577
1627720 574
1627730 574
1627740 571
1627750 569
1627760 569
1627770 568
1627780 566
1627790 566
1627800 564
1627810 562
1627820 562
1627830 560
1627840 557
1627850 557
1627860 554
1627870 554
1627880 553
1627890 551
1627900 551
1627910 550
1627920 549
1627930 549
1627940 548
1627950 548
1627960 548
1627970 547
1627980 546
1627990 546
1628000 544
1628010 544
1628020 544
1628030 546
1628040 547
1628050 547
1628060 547
1628070 545
1628080 545
1628090 544
1628100 545
1628110 545
1628120 548
1628130 550
1628140 550
1628150 553
1628160 556
1628170 556
1628180 559
1628190 562
1628200 562
1628210 564
1628220 567
1628230 567
1628240 568
1628250 569
1628260 569
1628270 570
1628280 571
1628290 571
1628300 573
1628310 575
1628320 575
1628330 577
1628340 579
1628350 579
1628360 581
1628370 582
1628380 582
1628390 584
1628400 585
1628410 585
1628420 587
1628430 588
1628440 587
1628450 588
1628460 589
1628470 589
1628480 589
1628490 590
1628500 590
1628510 590
1628520 591
1628530 591
1628540 591
1628550 591
1628560 591
1628570 591
1628580 591
1628590 591
1628600 591
1628610 592
1628620 592
1628630 591
1628640 590
1628650 590
1628660 587
1628670 585
1628680 585
1628690 583
1628700 584
1628710 584
1628720 585
1628730 585
1628740 585
1628750 585
1628760 586
1628770 586
1628780 586
1628790 585
1628800 585
1628810 584
1628820 583
1628830 583
1628840 581
1628850 579
1628860 579
1628870 578
1628880 578
1628890 578
1628900 577
1628910 576
1628920 576
1628930 575
1628940 573
1628950 573
1628960 572
1628970 570
1628980 570
1628990 567
1629000 565
1629010 565
1629020 563
1629030 562
1629040 562
1629050 561
1629060 560
1629070 560
1629080 559
1629090 559
1629100 559
1629110 559
1629120 559
1629130 559
1629140 558
1629150 557
1629160 557
1629170 556
1629180 555
1629190 555
1629200 555
1629210 557
1629220 557
1629230 559
1629240 561
1629250 561
1629260 563
1629270 565
1629280 565
1629290 567
1629300 569
1629310 569
1629320 570
1629330 572
1629340 572
1629350 573
1629360 574
1629370 574
1629380 576
1629390 577
1629400 577
1629410 578
1629420 580
1629430 580
1629440 581
1629450 583
1629460 583
1629470 584
1629480 585
1629490 585
1629500 587
1629510 588
1629520 588
1629530 589
1629540 590
1629550 590
1629560 591
1629570 592
1629580 592
1629590 592
1629600 593
1629610 593
1629620 594
1629630 595
1629640 595
1629650 595
1629660 595
1629670 595
1629680 596
1629690 596
1629700 596
1629710 596
1629720 595
1629730 595
1629740 595
1629750 596
1629760 596
1629770 595
1629780 595
1629790 595
1629800 595
1629810 594
1629820 594
1629830 593
1629840 592
1629850 592
1629860 592
1629870 592
1629880 592
1629890 590
1629900 589
1629910 589
1629920 588
1629930 587
1629940 587
1629950 587
1629960 587
1629970 587
1629980 587
1629990 586
1630000 586
1630010 586
1630020 586
1630030 586
1630040 587
1630050 588
1630060 588
1630070 589
1630080 591
1630090 591
1630100 593
1630110 595
1630120 595
1630130 596
1630140 597
1630150 597
1630160 598
1630170 600
1630180 600
1630190 601
1630200 602
1630210 602
1630220 603
1630230 604
1630240 604
1630250 605
1630260 606
1630270 606
1630280 606
1630290 606
1630300 607
1630310 607
1630320 607
1630330 608
1630340 609
1630350 609
1630360 609
1630370 610
1630380 610
1630390 611
1630400 612
1630410 612
1630420 612
1630430 613
1630440 613
1630450 613
1630460 613
1630470 613
1630480 614
1630490 614
1630500 614
1630510 613
1630520 613
1630530 613
1630540 613
1630550 613
1630560 613
1630570 613
1630580 613
1630590 613
1630600 613
1630610 613
1630620 613
1630630 613
1630640 613
1630650 613
1630660 612
1630670 612
1630680 612
1630690 612
1630700 612
1630710 612
1630720 611
1630730 611
1630740 611
1630750 610
1630760 609
1630770 609
1630780 608
1630790 607
1630800 607
1630810 604
1630820 603
1630830 603
1630840 602
1630850 600
1630860 600
1630870 599
1630880 598
1630890 598
1630900 599
1630910 600
1630920 600
1630930 603
1630940 605
1630950 605
1630960 607
1630970 610
1630980 610
1630990 612
1631000 613
1631010 613
1631020 615
1631030 615
1631040 615
1631050 616
1631060 617
1631070 617
1631080 617
1631090 618
1631100 618
1631110 618
1631120 621
1631130 621
1631140 621
1631150 621
1631160 621
1631170 620
1631180 620
1631190 620
1631200 619
1631210 618
1631220 618
1631230 617
1631240 616
1631250 616
1631260 616
1631270 615
1631280 615
1631290 614
1631300 613
1631310 613
1631320 611
1631330 610
1631340 610
1631350 609
1631360 609
1631370 609
1631380 608
1631390 608
1631400 608
1631410 608
1631420 608
1631430 608
1631440 608
1631450 608
1631460 608
1631470 608
1631480 608
1631490 608
1631500 607
1631510 607
1631520 607
1631530 606
1631540 606
1631550 606
1631560 606
1631570 605
1631580 605
1631590 604
1631600 603
1631610 603
1631620 601
1631630 600
1631640 600
1631650 598
1631660 596
1631670 596
1631680 595
1631690 593
1631700 593
1631710 591
1631720 590
1631730 590
1631740 588
1631750 587
1631760 587
1631770 586
1631780 585
1631790 585
1631800 584
1631810 583
1631820 583
1631830 582
1631840 580
1631850 580
1631860 579
1631870 578
1631880 578
1631890 576
1631900 575
1631910 575
1631920 574
1631930 573
1631940 573
1631950 572
1631960 572
1631970 572
1631980 572
1631990 572
1632000 573
1632010 574
1632020 576
1632030 576
1632040 577
1632050 578
1632060 578
1632070 579
1632080 580
1632090 580
1632100 581
1632110 583
1632120 583
1632130 584
1632140 585
1632150 585
1632160 587
1632170 588
1632180 588
1632190 588
1632200 589
1632210 589
1632220 590
1632230 590
1632240 590
1632250 590
1632260 590
1632270 590
1632280 590
1632290 589
1632300 589
1632310 588
1632320 587
1632330 587
1632340 586
1632350 587
1632360 587
1632370 587
1632380 587
1632390 587
1632400 586
1632410 585
1632420 585
1632430 584
1632440 583
1632450 583
1632460 581
1632470 579
1632480 579
1632490 578
1632500 576
1632510 576
1632520 575
1632530 575
1632540 575
1632550 575
1632560 576
1632570 576
1632580 576
1632590 575
1632600 575
1632610 575
1632620 575
1632630 575
1632640 574
1632650 573
1632660 573
1632670 573
1632680 572
1632690 572
1632700 571
1632710 571
1632720 571
1632730 570
1632740 570
1632750 570
1632760 570
1632770 570
1632780 569
1632790 569
1632800 569
1632810 569
1632820 568
1632830 568
1632840 568
1632850 568
1632860 568
1632870 568
1632880 566
1632890 566
1632900 566
1632910 565
1632920 565
1632930 565
1632940 565
1632950 565
1632960 564
1632970 563
1632980 563
1632990 563
1633000 563
1633010 563
1633020 562
1633030 562
1633040 562
1633050 562
1633060 562
1633070 562
1633080 561
1633090 561
1633100 561
1633110 561
1633120 561
1633130 561
1633140 561
1633150 561
1633160 561
1633170 561
1633180 561
1633190 561
1633200 561
1633210 561
1633220 561
1633230 560
1633240 560
1633250 560
1633260 560
1633270 560
1633280 560
1633290 560
1633300 560
1633310 560
1633320 560
1633330 560
1633340 560
1633350 560
1633360 560
1633370 560
1633380 559
1633390 559
1633400 559
1633410 559
1633420 559
1633430 559
1633440 559
1633450 559
1633460 559
1633470 558
1633480 557
1633490 557
1633500 556
1633510 554
1633520 554
1633530 551
1633540 549
1633550 549
1633560 547
1633570 546
1633580 546
1633590 544
1633600 542
1633610 542
1633620 542
1633630 543
1633640 543
1633650 546
1633660 551
1633670 551
1633680 554
1633690 556
1633700 556
1633710 557
1633720 557
1633730 557
1633740 558
1633750 559
1633760 557
1633770 558
1633780 558
1633790 558
1633800 559
1633810 560
1633820 560
1633830 561
1633840 561
1633850 561
1633860 563
1633870 564
1633880 564
1633890 564
1633900 565
1633910 565
1633920 565
1633930 566
1633940 566
1633950 566
1633960 566
1633970 566
1633980 567
1633990 567
1634000 567
1634010 567
1634020 567
1634030 567
1634040 566
1634050 565
1634060 565
1634070 563
1634080 562
1634090 562
1634100 561
1634110 562
1634120 562
1634130 563
1634140 565
1634150 565
1634160 567
1634170 569
1634180 569
1634190 571
1634200 573
1634210 573
1634220 574
1634230 576
1634240 576
1634250 576
1634260 577
1634270 577
1634280 577
1634290 577
1634300 577
1634310 577
1634320 576
1634330 576
1634340 573
1634350 571
1634360 571
1634370 568
1634380 565
1634390 565
1634400 564
1634410 565
1634420 565
1634430 566
1634440 568
1634450 568
1634460 571
1634470 573
1634480 573
1634490 574
1634500 576
1634510 576
1634520 578
1634530 579
1634540 579
1634550 580
1634560 582
1634570 582
1634580 583
1634590 585
1634600 585
1634610 586
1634620 587
1634630 587
1634640 588
1634650 589
1634660 589
1634670 589
1634680 590
1634690 590
1634700 590
1634710 591
1634720 591
1634730 591
1634740 592
1634750 592
1634760 593
1634770 593
1634780 593
1634790 594
1634800 594
1634810 594
1634820 594
1634830 594
1634840 594
1634850 594
1634860 594
1634870 594
1634880 594
1634890 594
1634900 594
1634910 594
1634920 594
1634930 594
1634940 594
1634950 594
1634960 594
1634970 594
1634980 593
1634990 593
1635000 593
1635010 592
1635020 592
1635030 592
1635040 592
1635050 592
1635060 592
1635070 592
1635080 592
1635090 591
1635100 591
1635110 591
1635120 591
1635130 591
1635140 591
1635150 591
1635160 591
1635170 591
1635180 591
1635190 591
1635200 591
1635210 590
1635220 590
1635230 590
1635240 590
1635250 590
1635260 589
1635270 589
1635280 589
1635290 588
1635300 588
1635310 588
1635320 587
1635330 587
1635340 587
1635350 586
1635360 586
1635370 586
1635380 585
1635390 585
1635400 585
1635410 584
1635420 582
1635430 582
1635440 581
1635450 580
1635460 580
1635470 580
1635480 581
1635490 581
1635500 584
1635510 588
1635520 588
1635530 590
1635540 592
1635550 592
1635560 593
1635570 593
1635580 593
1635590 593
1635600 593
1635610 593
1635620 593
1635630 592
1635640 592
1635650 592
1635660 592
1635670 592
1635680 591
1635690 589
1635700 589
1635710 586
1635720 584
1635730 584
1635740 583
1635750 582
1635760 582
1635770 581
1635780 581
1635790 581
1635800 580
1635810 579
1635820 579
1635830 579
1635840 579
1635850 579
1635860 580
1635870 580
1635880 580
1635890 580
1635900 581
1635910 581
1635920 582
1635930 582
1635940 582
1635950 582
1635960 582
1635970 582
1635980 583
1635990 583
1636000 583
1636010 584
1636020 584
1636030 584
1636040 585
1636050 585
1636060 585
1636070 586
1636080 586
1636090 586
1636100 586
1636110 586
1636120 586
1636130 587
1636140 587
1636150 587
1636160 587
1636170 587
1636180 587
1636190 588
1636200 588
1636210 588
1636220 589
1636230 589
1636240 589
1636250 589
1636260 590
1636270 590
1636280 590
1636290 591
1636300 591
1636310 592
1636320 595
1636330 595
1636340 598
1636350 603
1636360 603
1636370 603
1636380 604
1636390 604
1636400 603
1636410 603
1636420 603
1636430 603
1636440 604
1636450 604
1636460 604
1636470 604
1636480 604
1636490 604
1636500 605
1636510 605
1636520 605
1636530 605
1636540 605
1636550 606
1636560 607
1636570 607
1636580 609
1636590 610
1636600 610
1636610 611
1636620 612
1636630 612
1636640 613
1636650 613
1636660 613
1636670 614
1636680 614
1636690 614
1636700 614
1636710 614
1636720 614
1636730 613
1636740 613
1636750 613
1636760 612
1636770 612
1636780 612
1636790 612
1636800 612
1636810 612
1636820 613
1636830 613
1636840 613
1636850 613
1636860 614
1636870 614
1636880 615
1636890 616
1636900 616
1636910 617
1636920 618
1636930 618
1636940 619
1636950 620
1636960 620
1636970 620
1636980 621
1636990 621
1637000 621
1637010 621
1637020 621
1637030 621
1637040 621
1637050 621
1637060 621
1637070 621
1637080 621
1637090 621
1637100 621
1637110 621
1637120 619
1637130 617
1637140 617
1637150 617
1637160 619
1637170 619
1637180 620
1637190 621
1637200 622
1637210 621
1637220 621
1637230 621
1637240 621
1637250 621
1637260 621
1637270 622
1637280 623
1637290 623
1637300 623
1637310 622
1637320 622
1637330 622
1637340 622
1637350 622
1637360 623
1637370 623
1637380 623
1637390 623
1637400 623
1637410 623
1637420 624
1637430 624
1637440 624
1637450 624
1637460 624
1637470 624
1637480 625
1637490 625
1637500 625
1637510 626
1637520 626
1637530 626
1637540 626
1637550 626
1637560 627
1637570 627
1637580 627
1637590 628
1637600 628
1637610 628
1637620 628
1637630 628
1637640 628
1637650 628
1637660 628
1637670 628
1637680 628
1637690 628
1637700 628
1637710 628
1637720 628
1637730 628
1637740 628
1637750 628
1637760 628
1637770 628
1637780 627
1637790 627
1637800 627
1637810 627
1637820 627
1637830 626
1637840 626
1637850 626
1637860 626
1637870 625
1637880 625
1637890 625
1637900 625
1637910 625
1637920 624
1637930 623
1637940 623
1637950 622
1637960 621
1637970 621
1637980 620
1637990 619
1638000 619
1638010 617
1638020 616
1638030 616
1638040 614
1638050 609
1638060 609
1638070 607
1638080 606
1638090 606
1638100 605
1638110 603
1638120 603
1638130 602
1638140 600
1638150 600
1638160 599
1638170 597
1638180 597
1638190 596
1638200 594
1638210 594
1638220 593
1638230 592
1638240 592
1638250 590
1638260 587
1638270 587
1638280 585
1638290 585
1638300 585
1638310 585
1638320 586
1638330 586
1638340 588
1638350 590
1638360 590
1638370 593
1638380 596
1638390 596
1638400 598
1638410 599
1638420 599
1638430 599
1638440 598
1638450 598
1638460 596
1638470 595
1638480 595
1638490 594
1638500 592
1638510 592
1638520 591
1638530 589
1638540 589
1638550 587
1638560 585
1638570 585
1638580 582
1638590 580
1638600 580
1638610 577
1638620 574
1638630 574
1638640 572
1638650 569
1638660 569
1638670 566
1638680 563
1638690 563
1638700 561
1638710 559
1638720 559
1638730 557
1638740 556
1638750 556
1638760 555
1638770 552
1638780 552
1638790 550
1638800 549
1638810 549
1638820 547
1638830 542
1638840 542
1638850 537
1638860 534
1638870 534
1638880 534
1638890 535
1638900 538
1638910 542
1638920 548
1638930 548
1638940 554
1638950 559
1638960 559
1638970 560
1638980 559
1638990 559
1639000 561
1639010 565
1639020 565
1639030 569
1639040 572
1639050 572
1639060 575
1639070 576
1639080 576
1639090 577
1639100 576
1639110 576
1639120 576
1639130 576
1639140 576
1639150 575
1639160 574
1639170 574
1639180 573
1639190 571
1639200 571
1639210 569
1639220 567
1639230 567
1639240 566
1639250 565
1639260 565
1639270 564
1639280 562
1639290 562
1639300 560
1639310 558
1639320 558
1639330 556
1639340 556
1639350 556
1639360 558
1639370 561
1639380 561
1639390 564
1639400 566
1639410 566
1639420 568
1639430 569
1639440 569
1639450 570
1639460 571
1639470 571
1639480 571
1639490 572
1639500 572
1639510 572
1639520 571
1639530 571
1639540 571
1639550 570
1639560 570
1639570 570
1639580 569
1639590 569
1639600 568
1639610 567
1639620 567
1639630 565
1639640 563
1639650 563
1639660 562
1639670 561
1639680 561
1639690 561
1639700 560
1639710 560
1639720 559
1639730 558
1639740 556
1639750 555
1639760 554
1639770 554
1639780 552
1639790 549
1639800 549
1639810 544
1639820 539
1639830 539
1639840 535
1639850 530
1639860 530
1639870 526
1639880 527
1639890 527
1639900 531
1639910 534
1639920 534
1639930 534
1639940 534
1639950 532
1639960 528
1639970 528
1639980 523
1639990 519
