1620000 509
1620010 509
1620020 509
1620030 508
1620040 508
1620050 506
1620060 505
1620070 505
1620080 505
1620090 505
1620100 505
1620110 504
1620120 504
1620130 504
1620140 504
1620150 503
1620160 503
1620170 502
1620180 500
1620190 500
1620200 499
1620210 498
1620220 498
1620230 496
1620240 495
1620250 495
1620260 493
1620270 492
1620280 492
1620290 491
1620300 490
1620310 490
1620320 488
1620330 487
1620340 487
1620350 486
1620360 485
1620370 485
1620380 484
1620390 482
1620400 482
1620410 480
1620420 479
1620430 479
1620440 477
1620450 475
1620460 475
1620470 472
1620480 471
1620490 471
1620500 470
1620510 472
1620520 472
1620530 475
1620540 477
1620550 477
1620560 480
1620570 483
1620580 483
1620590 485
1620600 487
1620610 487
1620620 489
1620630 490
1620640 490
1620650 492
1620660 493
1620670 493
1620680 494
1620690 495
1620700 495
1620710 496
1620720 497
1620730 497
1620740 498
1620750 499
1620760 499
1620770 500
1620780 501
1620790 501
1620800 502
1620810 503
1620820 503
1620830 504
1620840 505
1620850 505
1620860 506
1620870 508
1620880 508
1620890 510
1620900 512
1620910 512
1620920 513
1620930 514
1620940 514
1620950 516
1620960 517
1620970 517
1620980 518
1620990 519
1621000 519
1621010 520
1621020 520
1621030 520
1621040 520
1621050 519
1621060 519
1621070 519
1621080 518
1621090 518
1621100 518
1621110 518
1621120 518
1621130 517
1621140 517
1621150 517
1621160 516
1621170 516
1621180 516
1621190 515
1621200 515
1621210 515
1621220 514
1621230 514
1621240 514
1621250 514
1621260 513
1621270 513
1621280 513
1621290 512
1621300 512
1621310 511
1621320 510
1621330 510
1621340 510
1621350 509
1621360 509
1621370 508
1621380 507
1621390 506
1621400 504
1621410 503
1621420 503
1621430 502
1621440 500
1621450 500
1621460 499
1621470 497
1621480 497
1621490 495
1621500 493
1621510 493
1621520 490
1621530 490
1621540 488
1621550 488
1621560 488
1621570 488
1621580 488
1621590 488
1621600 490
1621610 490
1621620 490
1621630 492
1621640 492
1621650 492
1621660 493
1621670 493
1621680 493
1621690 494
1621700 494
1621710 494
1621720 494
1621730 494
1621740 494
1621750 494
1621760 494
1621770 494
1621780 494
1621790 495
1621800 495
1621810 495
1621820 495
1621830 495
1621840 495
1621850 494
1621860 494
1621870 494
1621880 494
1621890 494
1621900 493
1621910 492
1621920 492
1621930 491
1621940 490
1621950 490
1621960 489
1621970 488
1621980 488
1621990 486
1622000 485
1622010 485
1622020 482
1622030 479
1622040 479
1622050 475
1622060 471
1622070 471
1622080 466
1622090 462
1622100 462
1622110 456
1622120 452
1622130 452
1622140 448
1622150 445
1622160 445
1622170 442
1622180 439
1622190 439
1622200 437
1622210 434
1622220 434
1622230 429
1622240 423
1622250 423
1622260 417
1622270 411
1622280 411
1622290 406
1622300 406
1622310 406
1622320 409
1622330 414
1622340 421
1622350 425
1622360 425
1622370 425
1622380 422
1622390 418
1622400 418
1622410 420
1622420 426
1622430 426
1622440 432
1622450 438
1622460 438
1622470 443
1622480 447
1622490 447
1622500 451
1622510 455
1622520 455
1622530 459
1622540 463
1622550 463
1622560 467
1622570 471
1622580 471
1622590 473
1622600 476
1622610 476
1622620 477
1622630 479
1622640 479
1622650 480
1622660 481
1622670 481
1622680 482
1622690 484
1622700 484
1622710 485
1622720 487
1622730 487
1622740 488
1622750 489
1622760 489
1622770 490
1622780 491
1622790 491
1622800 492
1622810 492
1622820 492
1622830 492
1622840 492
1622850 492
1622860 492
1622870 491
1622880 491
1622890 490
1622900 489
1622910 489
1622920 488
1622930 485
1622940 485
1622950 483
1622960 480
1622970 480
1622980 476
1622990 474
1623000 474
1623010 471
1623020 470
1623030 470
1623040 468
1623050 467
1623060 467
1623070 467
1623080 463
1623090 463
1623100 458
1623110 453
1623120 453
1623130 447
1623140 444
1623150 444
1623160 441
1623170 438
1623180 438
1623190 435
1623200 436
1623210 436
1623220 443
1623230 450
1623240 450
1623250 456
1623260 462
1623270 462
1623280 469
1623290 474
1623300 474
1623310 478
1623320 482
1623330 482
1623340 485
1623350 487
1623360 487
1623370 488
1623380 487
1623390 487
1623400 485
1623410 482
1623420 482
1623430 477
1623440 472
1623450 472
1623460 467
1623470 461
1623480 461
1623490 456
1623500 451
1623510 451
1623520 446
1623530 440
1623540 440
1623550 435
1623560 429
1623570 429
1623580 424
1623590 419
1623600 419
1623610 414
1623620 409
1623630 409
1623640 405
1623650 400
1623660 400
1623670 396
1623680 391
1623690 391
1623700 383
1623710 375
1623720 375
1623730 371
1623740 369
1623750 369
1623760 366
1623770 364
1623780 364
1623790 364
1623800 365
1623810 365
1623820 367
1623830 370
1623840 370
1623850 373
1623860 377
1623870 377
1623880 382
1623890 389
1623900 389
1623910 396
1623920 404
1623930 404
1623940 412
1623950 412
1623960 420
1623970 427
1623980 427
1623990 435
1624000 444
1624010 444
1624020 451
1624030 458
1624040 458
1624050 465
1624060 471
1624070 471
1624080 476
1624090 480
1624100 480
1624110 483
1624120 485
1624130 485
1624140 488
1624150 491
1624160 491
1624170 494
1624180 498
1624190 498
1624200 502
1624210 506
1624220 510
1624230 514
1624240 517
1624250 517
1624260 522
1624270 526
1624280 526
1624290 529
1624300 534
1624310 534
1624320 540
1624330 546
1624340 546
1624350 550
1624360 552
1624370 552
1624380 554
1624390 556
1624400 556
1624410 558
1624420 560
1624430 560
1624440 562
1624450 565
1624460 565
1624470 567
1624480 568
1624490 568
1624500 570
1624510 572
1624520 572
1624530 573
1624540 574
1624550 574
1624560 575
1624570 576
1624580 576
1624590 577
1624600 578
1624610 578
1624620 578
1624630 578
1624640 578
1624650 579
1624660 578
1624670 578
1624680 578
1624690 578
1624700 578
1624710 577
1624720 577
1624730 577
1624740 577
1624750 576
1624760 576
1624770 576
1624780 575
1624790 575
1624800 575
1624810 574
1624820 574
1624830 574
1624840 573
1624850 573
1624860 573
1624870 572
1624880 572
1624890 572
1624900 572
1624910 572
1624920 571
1624930 571
1624940 571
1624950 570
1624960 570
1624970 570
1624980 569
1624990 568
1625000 568
1625010 567
1625020 565
1625030 565
1625040 565
1625050 567
1625060 567
1625070 568
1625080 569
1625090 569
1625100 570
1625110 571
1625120 571
1625130 571
1625140 573
1625150 573
1625160 573
1625170 574
1625180 574
1625190 575
1625200 575
1625210 575
1625220 576
1625230 576
1625240 576
1625250 577
1625260 578
1625270 578
1625280 579
1625290 579
1625300 579
1625310 580
1625320 581
1625330 581
1625340 581
1625350 582
1625360 582
1625370 583
1625380 584
1625390 584
1625400 584
1625410 585
1625420 585
1625430 586
1625440 586
1625450 586
1625460 587
1625470 588
1625480 588
1625490 588
1625500 589
1625510 589
1625520 589
1625530 590
1625540 590
1625550 591
1625560 591
1625570 591
1625580 592
1625590 592
1625600 592
1625610 593
1625620 593
1625630 593
1625640 594
1625650 594
1625660 594
1625670 595
1625680 596
1625690 596
1625700 596
1625710 596
1625720 596
1625730 597
1625740 597
1625750 597
1625760 597
1625770 597
1625780 597
1625790 596
1625800 593
1625810 593
1625820 590
1625830 588
1625840 588
1625850 586
1625860 583
1625870 583
1625880 581
1625890 580
1625900 580
1625910 583
1625920 587
1625930 587
1625940 590
1625950 592
1625960 592
1625970 593
1625980 594
1625990 594
1626000 594
1626010 594
1626020 594
1626030 594
1626040 593
1626050 593
1626060 593
1626070 595
1626080 595
1626090 595
1626100 595
1626110 595
1626120 595
1626130 594
1626140 594
1626150 594
1626160 594
1626170 594
1626180 594
1626190 594
1626200 594
1626210 594
1626220 595
1626230 595
1626240 595
1626250 595
1626260 595
1626270 595
1626280 594
1626290 594
1626300 594
1626310 594
1626320 594
1626330 594
1626340 594
1626350 594
1626360 593
1626370 593
1626380 593
1626390 593
1626400 593
1626410 592
1626420 591
1626430 591
1626440 589
1626450 588
1626460 588
1626470 588
1626480 588
1626490 588
1626500 588
1626510 589
1626520 589
1626530 590
1626540 590
1626550 590
1626560 590
1626570 591
1626580 591
1626590 591
1626600 592
1626610 592
1626620 593
1626630 594
1626640 594
1626650 595
1626660 596
1626670 596
1626680 597
1626690 598
1626700 598
1626710 599
1626720 600
1626730 600
1626740 601
1626750 602
1626760 602
1626770 602
1626780 603
1626790 603
1626800 603
1626810 603
1626820 603
1626830 604
1626840 604
1626850 604
1626860 605
1626870 605
1626880 605
1626890 605
1626900 605
1626910 605
1626920 605
1626930 605
1626940 605
1626950 605
1626960 605
1626970 605
1626980 606
1626990 606
1627000 606
1627010 606
1627020 606
1627030 606
1627040 606
1627050 606
1627060 606
1627070 606
1627080 606
1627090 606
1627100 606
1627110 606
1627120 606
1627130 606
1627140 606
1627150 606
1627160 605
1627170 605
1627180 605
1627190 604
1627200 604
1627210 604
1627220 603
1627230 603
1627240 603
1627250 602
1627260 600
1627270 600
1627280 599
1627290 597
1627300 597
1627310 595
1627320 594
1627330 594
1627340 594
1627350 594
1627360 594
1627370 593
1627380 593
1627390 593
1627400 592
1627410 592
1627420 592
1627430 591
1627440 590
1627450 590
1627460 590
1627470 589
1627480 589
1627490 589
1627500 588
1627510 588
1627520 587
1627530 586
1627540 586
1627550 585
1627560 584
1627570 584
1627580 583
1627590 582
1627600 582
1627610 581
1627620 580
1627630 580
1627640 579
1627650 578
1627660 578
1627670 578
1627680 577
1627690 577
1627700 575
1627710 574
1627720 574
1627730 573
1627740 572
1627750 572
1627760 570
1627770 568
1627780 568
1627790 567
1627800 566
1627810 566
1627820 565
1627830 564
1627840 564
1627850 563
1627860 561
1627870 561
1627880 560
1627890 558
1627900 558
1627910 557
1627920 556
1627930 556
1627940 555
1627950 554
1627960 554
1627970 553
1627980 552
1627990 552
1628000 550
1628010 548
1628020 548
1628030 546
1628040 543
1628050 543
1628060 539
1628070 537
1628080 537
1628090 534
1628100 532
1628110 532
1628120 532
1628130 535
1628140 535
1628150 537
1628160 539
1628170 539
1628180 539
1628190 539
1628200 539
1628210 538
1628220 538
1628230 538
1628240 538
1628250 537
1628260 537
1628270 537
1628280 537
1628290 537
1628300 537
1628310 539
1628320 539
1628330 543
1628340 546
1628350 546
1628360 549
1628370 552
1628380 552
1628390 556
1628400 561
1628410 561
1628420 564
1628430 567
1628440 567
1628450 569
1628460 569
1628470 569
1628480 568
1628490 567
1628500 567
1628510 565
1628520 562
1628530 562
1628540 559
1628550 556
1628560 556
1628570 553
1628580 552
1628590 552
1628600 552
1628610 553
1628620 553
1628630 553
1628640 551
1628650 551
1628660 549
1628670 546
1628680 546
1628690 542
1628700 540
1628710 540
1628720 538
1628730 536
1628740 536
1628750 534
1628760 534
1628770 534
1628780 533
1628790 529
1628800 529
1628810 529
1628820 529
1628830 530
1628840 530
1628850 530
1628860 530
1628870 530
1628880 530
1628890 531
1628900 531
1628910 531
1628920 533
1628930 534
1628940 534
1628950 536
1628960 538
1628970 538
1628980 541
1628990 545
1629000 545
1629010 548
1629020 551
1629030 551
1629040 554
1629050 557
1629060 557
1629070 559
1629080 561
1629090 561
1629100 564
1629110 566
1629120 566
1629130 568
1629140 571
1629150 571
1629160 573
1629170 574
1629180 574
1629190 576
1629200 577
1629210 577
1629220 578
1629230 579
1629240 579
1629250 580
1629260 582
1629270 582
1629280 583
1629290 584
1629300 584
1629310 586
1629320 587
1629330 587
1629340 588
1629350 589
1629360 589
1629370 590
1629380 591
1629390 591
1629400 591
1629410 592
1629420 592
1629430 593
1629440 594
1629450 594
1629460 595
1629470 596
1629480 596
1629490 596
1629500 597
1629510 597
1629520 598
1629530 599
1629540 599
1629550 600
1629560 601
1629570 601
1629580 602
1629590 603
1629600 603
1629610 604
1629620 605
1629630 605
1629640 605
1629650 606
1629660 606
1629670 606
1629680 607
1629690 607
1629700 607
1629710 607
1629720 607
1629730 607
1629740 607
1629750 607
1629760 607
1629770 607
1629780 607
1629790 606
1629800 606
1629810 606
1629820 606
1629830 606
1629840 606
1629850 606
1629860 606
1629870 606
1629880 606
1629890 606
1629900 606
1629910 606
1629920 605
1629930 605
1629940 605
1629950 604
1629960 604
1629970 604
1629980 604
1629990 604
1630000 604
1630010 605
1630020 605
1630030 605
1630040 605
1630050 605
1630060 605
1630070 605
1630080 605
1630090 605
1630100 605
1630110 605
1630120 606
1630130 606
1630140 606
1630150 606
1630160 606
1630170 606
1630180 606
1630190 606
1630200 606
1630210 605
1630220 605
1630230 605
1630240 604
1630250 603
1630260 603
1630270 603
1630280 603
1630290 603
1630300 604
1630310 605
1630320 605
1630330 607
1630340 608
1630350 608
1630360 609
1630370 610
1630380 610
1630390 611
1630400 611
1630410 611
1630420 612
1630430 612
1630440 612
1630450 613
1630460 614
1630470 614
1630480 615
1630490 615
1630500 615
1630510 616
1630520 617
1630530 617
1630540 618
1630550 618
1630560 618
1630570 618
1630580 619
1630590 619
1630600 618
1630610 619
1630620 619
1630630 619
1630640 618
1630650 618
1630660 617
1630670 615
1630680 615
1630690 614
1630700 614
1630710 614
1630720 615
1630730 616
1630740 616
1630750 617
1630760 619
1630770 619
1630780 620
1630790 621
1630800 621
1630810 622
1630820 624
1630830 624
1630840 625
1630850 627
1630860 627
1630870 627
1630880 628
1630890 628
1630900 628
1630910 628
1630920 628
1630930 628
1630940 628
1630950 628
1630960 628
1630970 630
1630980 630
1630990 631
1631000 631
1631010 631
1631020 631
1631030 632
1631040 632
1631050 632
1631060 632
1631070 632
1631080 632
1631090 632
1631100 632
1631110 632
1631120 632
1631130 632
1631140 632
1631150 632
1631160 632
1631170 631
1631180 631
1631190 631
1631200 630
1631210 630
1631220 629
1631230 629
1631240 629
1631250 628
1631260 627
1631270 627
1631280 626
1631290 626
1631300 626
1631310 625
1631320 625
1631330 625
1631340 624
1631350 623
1631360 623
1631370 623
1631380 622
1631390 622
1631400 621
1631410 621
1631420 621
1631430 620
1631440 619
1631450 619
1631460 619
1631470 618
1631480 618
1631490 618
1631500 617
1631510 617
1631520 616
1631530 615
1631540 615
1631550 614
1631560 614
1631570 614
1631580 613
1631590 610
1631600 610
1631610 605
1631620 602
1631630 602
1631640 602
1631650 603
1631660 603
1631670 604
1631680 605
1631690 605
1631700 603
1631710 602
1631720 602
1631730 601
1631740 600
1631750 600
1631760 598
1631770 597
1631780 597
1631790 595
1631800 594
1631810 594
1631820 594
1631830 593
1631840 593
1631850 593
1631860 593
1631870 593
1631880 592
1631890 592
1631900 592
1631910 592
1631920 591
1631930 591
1631940 591
1631950 590
1631960 590
1631970 590
1631980 590
1631990 590
1632000 590
1632010 590
1632020 590
1632030 589
1632040 589
1632050 589
1632060 589
1632070 588
1632080 588
1632090 588
1632100 587
1632110 587
1632120 586
1632130 585
1632140 585
1632150 585
1632160 583
1632170 583
1632180 581
1632190 580
1632200 580
1632210 579
1632220 578
1632230 578
1632240 577
1632250 577
1632260 577
1632270 576
1632280 576
1632290 576
1632300 575
1632310 574
1632320 574
1632330 573
1632340 571
1632350 570
1632360 568
1632370 567
1632380 567
1632390 565
1632400 564
1632410 564
1632420 563
1632430 561
1632440 561
1632450 560
1632460 559
1632470 559
1632480 558
1632490 558
1632500 558
1632510 558
1632520 557
1632530 557
1632540 557
1632550 556
1632560 556
1632570 555
1632580 555
1632590 555
1632600 555
1632610 556
1632620 556
1632630 556
1632640 555
1632650 555
1632660 555
1632670 555
1632680 555
1632690 555
1632700 555
1632710 555
1632720 555
1632730 555
1632740 555
1632750 555
1632760 555
1632770 555
1632780 555
1632790 554
1632800 554
1632810 554
1632820 553
1632830 553
1632840 553
1632850 552
1632860 552
1632870 552
1632880 552
1632890 552
1632900 551
1632910 551
1632920 551
1632930 551
1632940 551
1632950 551
1632960 551
1632970 551
1632980 551
1632990 551
1633000 550
1633010 550
1633020 550
1633030 550
1633040 550
1633050 551
1633060 551
1633070 551
1633080 551
1633090 551
1633100 551
1633110 552
1633120 552
1633130 552
1633140 553
1633150 554
1633160 554
1633170 555
1633180 556
1633190 556
1633200 556
1633210 558
1633220 558
1633230 558
1633240 558
1633250 558
1633260 558
1633270 559
1633280 559
1633290 559
1633300 559
1633310 559
1633320 560
1633330 560
1633340 560
1633350 560
1633360 559
1633370 559
1633380 559
1633390 559
1633400 559
1633410 559
1633420 558
1633430 558
1633440 558
1633450 558
1633460 558
1633470 557
1633480 557
1633490 557
1633500 557
1633510 556
1633520 556
1633530 555
1633540 555
1633550 555
1633560 554
1633570 554
1633580 552
1633590 551
1633600 551
1633610 550
1633620 548
1633630 548
1633640 546
1633650 545
1633660 545
1633670 544
1633680 544
1633690 544
1633700 544
1633710 544
1633720 544
1633730 544
1633740 545
1633750 545
1633760 545
1633770 546
1633780 546
1633790 546
1633800 547
1633810 547
1633820 547
1633830 548
1633840 548
1633850 548
1633860 548
1633870 548
1633880 549
1633890 549
1633900 549
1633910 550
1633920 551
1633930 551
1633940 551
1633950 551
1633960 551
1633970 552
1633980 551
1633990 551
1634000 551
1634010 550
1634020 550
1634030 550
1634040 550
1634050 550
1634060 551
1634070 551
1634080 551
1634090 551
1634100 550
1634110 550
1634120 550
1634130 550
1634140 550
1634150 551
1634160 551
1634170 551
1634180 552
1634190 552
1634200 552
1634210 552
1634220 552
1634230 552
1634240 553
1634250 553
1634260 553
1634270 553
1634280 553
1634290 553
1634300 553
1634310 553
1634320 553
1634330 554
1634340 554
1634350 554
1634360 555
1634370 557
1634380 557
1634390 559
1634400 562
1634410 562
1634420 563
1634430 563
1634440 563
1634450 564
1634460 565
1634470 565
1634480 567
1634490 569
1634500 569
1634510 571
1634520 574
1634530 574
1634540 577
1634550 579
1634560 579
1634570 582
1634580 584
1634590 584
1634600 586
1634610 588
1634620 588
1634630 590
1634640 591
1634650 591
1634660 592
1634670 592
1634680 592
1634690 592
1634700 592
1634710 592
1634720 593
1634730 594
1634740 594
1634750 596
1634760 598
1634770 598
1634780 599
1634790 600
1634800 600
1634810 601
1634820 602
1634830 602
1634840 603
1634850 603
1634860 603
1634870 604
1634880 604
1634890 604
1634900 605
1634910 605
1634920 605
1634930 605
1634940 605
1634950 605
1634960 605
1634970 604
1634980 604
1634990 604
1635000 603
1635010 603
1635020 603
1635030 602
1635040 602
1635050 601
1635060 600
1635070 600
1635080 598
1635090 598
1635100 598
1635110 597
1635120 598
1635130 598
1635140 600
1635150 601
1635160 601
1635170 601
1635180 600
1635190 600
1635200 599
1635210 599
1635220 599
1635230 599
1635240 599
1635250 599
1635260 600
1635270 600
1635280 600
1635290 600
1635300 600
1635310 600
1635320 601
1635330 601
1635340 601
1635350 601
1635360 601
1635370 601
1635380 601
1635390 602
1635400 602
1635410 602
1635420 601
1635430 601
1635440 601
1635450 601
1635460 601
1635470 601
1635480 601
1635490 601
1635500 600
1635510 600
1635520 600
1635530 600
1635540 600
1635550 600
1635560 600
1635570 600
1635580 600
1635590 600
1635600 600
1635610 600
1635620 600
1635630 600
1635640 600
1635650 600
1635660 601
1635670 601
1635680 602
1635690 602
1635700 602
1635710 602
1635720 603
1635730 603
1635740 603
1635750 603
1635760 603
1635770 603
1635780 603
1635790 603
1635800 603
1635810 602
1635820 602
1635830 601
1635840 598
1635850 598
1635860 595
1635870 592
1635880 592
1635890 590
1635900 590
1635910 590
1635920 591
1635930 591
1635940 593
1635950 596
1635960 596
1635970 600
1635980 604
1635990 604
1636000 608
1636010 611
1636020 611
1636030 613
1636040 616
1636050 616
1636060 617
1636070 618
1636080 618
1636090 618
1636100 618
1636110 618
1636120 617
1636130 617
1636140 617
1636150 617
1636160 616
1636170 616
1636180 615
1636190 614
1636200 614
1636210 612
1636220 609
1636230 609
1636240 605
1636250 602
1636260 602
1636270 600
1636280 597
1636290 597
1636300 595
1636310 595
1636320 595
1636330 594
1636340 594
1636350 594
1636360 593
1636370 594
1636380 594
1636390 597
1636400 600
1636410 600
1636420 605
1636430 610
1636440 610
1636450 615
1636460 619
1636470 619
1636480 622
1636490 624
1636500 624
1636510 625
1636520 626
1636530 626
1636540 626
1636550 626
1636560 626
1636570 626
1636580 627
1636590 627
1636600 627
1636610 627
1636620 627
1636630 627
1636640 627
1636650 627
1636660 627
1636670 627
1636680 627
1636690 628
1636700 628
1636710 628
1636720 628
1636730 627
1636740 627
1636750 627
1636760 627
1636770 627
1636780 627
1636790 627
1636800 627
1636810 627
1636820 628
1636830 628
1636840 628
1636850 628
1636860 628
1636870 629
1636880 629
1636890 629
1636900 629
1636910 629
1636920 629
1636930 629
1636940 629
1636950 629
1636960 629
1636970 629
1636980 629
1636990 629
1637000 629
1637010 629
1637020 629
1637030 629
1637040 629
1637050 629
1637060 629
1637070 629
1637080 629
1637090 629
1637100 629
1637110 629
1637120 629
1637130 629
1637140 629
1637150 629
1637160 629
1637170 629
1637180 629
1637190 629
1637200 629
1637210 629
1637220 629
1637230 629
1637240 629
1637250 629
1637260 629
1637270 629
1637280 629
1637290 629
1637300 629
1637310 629
1637320 629
1637330 629
1637340 629
1637350 629
1637360 629
1637370 629
1637380 629
1637390 629
1637400 629
1637410 629
1637420 629
1637430 629
1637440 629
1637450 630
1637460 630
1637470 630
1637480 630
1637490 630
1637500 630
1637510 631
1637520 631
1637530 631
1637540 631
1637550 631
1637560 631
1637570 631
1637580 631
1637590 631
1637600 632
1637610 632
1637620 632
1637630 633
1637640 633
1637650 633
1637660 634
1637670 634
1637680 634
1637690 633
1637700 633
1637710 633
1637720 633
1637730 633
1637740 633
1637750 633
1637760 633
1637770 632
1637780 628
1637790 628
1637800 622
1637810 617
1637820 617
1637830 612
1637840 609
1637850 609
1637860 608
1637870 607
1637880 607
1637890 609
1637900 613
1637910 613
1637920 615
1637930 618
1637940 618
1637950 619
1637960 619
1637970 619
1637980 620
1637990 619
1638000 619
1638010 619
1638020 618
1638030 618
1638040 617
1638050 617
1638060 617
1638070 616
1638080 615
1638090 615
1638100 614
1638110 613
1638120 613
1638130 612
1638140 611
1638150 611
1638160 610
1638170 608
1638180 608
1638190 607
1638200 605
1638210 605
1638220 604
1638230 601
1638240 601
1638250 598
1638260 594
1638270 594
1638280 589
1638290 585
1638300 585
1638310 580
1638320 580
1638330 577
1638340 575
1638350 575
1638360 573
1638370 571
1638380 571
1638390 566
1638400 565
1638410 565
1638420 565
1638430 567
1638440 567
1638450 569
1638460 571
1638470 571
1638480 573
1638490 574
1638500 574
1638510 576
1638520 578
1638530 578
1638540 579
1638550 580
1638560 580
1638570 582
1638580 583
1638590 583
1638600 584
1638610 585
1638620 585
1638630 585
1638640 581
1638650 581
1638660 576
1638670 569
1638680 569
1638690 562
1638700 557
1638710 557
1638720 551
1638730 547
1638740 547
1638750 548
1638760 549
1638770 549
1638780 549
1638790 549
1638800 549
1638810 550
1638820 554
1638830 554
1638840 561
1638850 566
1638860 566
1638870 571
1638880 576
1638890 576
1638900 580
1638910 584
1638920 584
1638930 586
1638940 588
1638950 588
1638960 589
1638970 590
1638980 590
1638990 591
1639000 592
1639010 592
1639020 592
1639030 592
1639040 592
1639050 592
1639060 592
1639070 592
1639080 592
1639090 591
1639100 591
1639110 591
1639120 591
1639130 591
1639140 592
1639150 592
1639160 592
1639170 592
1639180 592
1639190 592
1639200 592
1639210 593
1639220 593
1639230 595
1639240 594
1639250 594
1639260 594
1639270 594
1639280 594
1639290 594
1639300 594
1639310 594
1639320 593
1639330 592
1639340 592
1639350 591
1639360 589
1639370 589
1639380 588
1639390 587
1639400 587
1639410 587
1639420 587
1639430 587
1639440 586
1639450 585
1639460 585
1639470 584
1639480 583
1639490 583
1639500 582
1639510 581
1639520 581
1639530 579
1639540 578
1639550 578
1639560 577
1639570 575
1639580 575
1639590 574
1639600 573
1639610 573
1639620 571
1639630 570
1639640 570
1639650 568
1639660 566
1639670 566
1639680 564
1639690 562
1639700 562
1639710 559
1639720 555
1639730 555
1639740 549
1639750 544
1639760 544
1639770 545
1639780 549
1639790 549
1639800 553
1639810 557
1639820 557
1639830 560
1639840 562
1639850 562
1639860 563
1639870 563
1639880 563
1639890 563
1639900 562
1639910 562
1639920 561
1639930 560
1639940 560
1639950 558
1639960 555
1639970 555
1639980 551
1639990 547
