1620000 491
1620010 491
1620020 492
1620030 492
1620040 492
1620050 492
1620060 492
1620070 492
1620080 492
1620090 492
1620100 493
1620110 493
1620120 493
1620130 494
1620140 495
1620150 495
1620160 496
1620170 497
1620180 497
1620190 498
1620200 499
1620210 499
1620220 500
1620230 501
1620240 501
1620250 503
1620260 504
1620270 504
1620280 506
1620290 508
1620300 508
1620310 510
1620320 512
1620330 512
1620340 514
1620350 516
1620360 516
1620370 518
1620380 521
1620390 521
1620400 523
1620410 523
1620420 526
1620430 528
1620440 528
1620450 530
1620460 532
1620470 532
1620480 534
1620490 536
1620500 536
1620510 538
1620520 540
1620530 540
1620540 541
1620550 542
1620560 542
1620570 543
1620580 544
1620590 547
1620600 548
1620610 548
1620620 548
1620630 548
1620640 549
1620650 549
1620660 549
1620670 549
1620680 549
1620690 549
1620700 548
1620710 548
1620720 548
1620730 547
1620740 547
1620750 547
1620760 546
1620770 546
1620780 545
1620790 544
1620800 544
1620810 544
1620820 543
1620830 543
1620840 543
1620850 543
1620860 543
1620870 543
1620880 544
1620890 544
1620900 544
1620910 544
1620920 544
1620930 544
1620940 544
1620950 544
1620960 545
1620970 545
1620980 545
1620990 545
1621000 545
1621010 545
1621020 545
1621030 545
1621040 545
1621050 545
1621060 545
1621070 545
1621080 545
1621090 545
1621100 545
1621110 545
1621120 545
1621130 545
1621140 545
1621150 544
1621160 544
1621170 544
1621180 543
1621190 543
1621200 542
1621210 542
1621220 542
1621230 541
1621240 541
1621250 541
1621260 540
1621270 540
1621280 540
1621290 539
1621300 538
1621310 538
1621320 537
1621330 536
1621340 536
1621350 535
1621360 534
1621370 534
1621380 533
1621390 532
1621400 532
1621410 530
1621420 528
1621430 528
1621440 527
1621450 525
1621460 525
1621470 523
1621480 521
1621490 521
1621500 519
1621510 516
1621520 516
1621530 513
1621540 511
1621550 511
1621560 510
1621570 510
1621580 510
1621590 511
1621600 512
1621610 512
1621620 514
1621630 516
1621640 516
1621650 517
1621660 519
1621670 519
1621680 519
1621690 519
1621700 519
1621710 518
1621720 517
1621730 517
1621740 515
1621750 513
1621760 513
1621770 510
1621780 507
1621790 507
1621800 503
1621810 500
1621820 500
1621830 497
1621840 497
1621850 497
1621860 498
1621870 500
1621880 500
1621890 503
1621900 505
1621910 505
1621920 505
1621930 505
1621940 505
1621950 503
1621960 501
1621970 501
1621980 500
1621990 498
1622000 498
1622010 497
1622020 495
1622030 495
1622040 495
1622050 496
1622060 496
1622070 497
1622080 498
1622090 498
1622100 499
1622110 501
1622120 501
1622130 504
1622140 507
1622150 507
1622160 510
1622170 512
1622180 512
1622190 515
1622200 517
1622210 517
1622220 519
1622230 521
1622240 521
1622250 522
1622260 524
1622270 524
1622280 525
1622290 526
1622300 526
1622310 527
1622320 528
1622330 528
1622340 529
1622350 529
1622360 529
1622370 530
1622380 530
1622390 530
1622400 531
1622410 531
1622420 531
1622430 531
1622440 532
1622450 532
1622460 532
1622470 532
1622480 532
1622490 534
1622500 534
1622510 534
1622520 535
1622530 536
1622540 536
1622550 536
1622560 536
1622570 536
1622580 536
1622590 538
1622600 538
1622610 540
1622620 541
1622630 541
1622640 544
1622650 544
1622660 547
1622670 550
1622680 550
1622690 552
1622700 554
1622710 554
1622720 556
1622730 558
1622740 558
1622750 560
1622760 562
1622770 562
1622780 563
1622790 565
1622800 565
1622810 568
1622820 570
1622830 570
1622840 572
1622850 574
1622860 574
1622870 576
1622880 577
1622890 577
1622900 579
1622910 580
1622920 580
1622930 581
1622940 581
1622950 581
1622960 582
1622970 583
1622980 583
1622990 583
1623000 583
1623010 583
1623020 582
1623030 581
1623040 581
1623050 579
1623060 577
1623070 577
1623080 575
1623090 573
1623100 573
1623110 571
1623120 568
1623130 568
1623140 566
1623150 563
1623160 563
1623170 561
1623180 559
1623190 559
1623200 558
1623210 558
1623220 558
1623230 558
1623240 557
1623250 557
1623260 556
1623270 555
1623280 555
1623290 554
1623300 551
1623310 551
1623320 549
1623330 546
1623340 546
1623350 543
1623360 539
1623370 539
1623380 534
1623390 530
1623400 530
1623410 525
1623420 521
1623430 519
1623440 514
1623450 508
1623460 508
1623470 505
1623480 504
1623490 504
1623500 505
1623510 506
1623520 506
1623530 506
1623540 505
1623550 505
1623560 504
1623570 503
1623580 503
1623590 501
1623600 498
1623610 498
1623620 495
1623630 491
1623640 491
1623650 487
1623660 483
1623670 483
1623680 479
1623690 477
1623700 477
1623710 475
1623720 471
1623730 471
1623740 468
1623750 467
1623760 467
1623770 469
1623780 470
1623790 470
1623800 469
1623810 468
1623820 468
1623830 466
1623840 463
1623850 463
1623860 457
1623870 452
1623880 452
1623890 446
1623900 440
1623910 440
1623920 434
1623930 429
1623940 429
1623950 423
1623960 417
1623970 417
1623980 411
1623990 405
1624000 405
1624010 398
1624020 392
1624030 392
1624040 388
1624050 385
1624060 385
1624070 384
1624080 384
1624090 384
1624100 383
1624110 383
1624120 383
1624130 384
1624140 386
1624150 386
1624160 388
1624170 391
1624180 391
1624190 394
1624200 397
1624210 397
1624220 399
1624230 402
1624240 402
1624250 404
1624260 407
1624270 407
1624280 412
1624290 419
1624300 419
1624310 426
1624320 432
1624330 432
1624340 437
1624350 443
1624360 444
1624370 450
1624380 455
1624390 455
1624400 461
1624410 467
1624420 467
1624430 472
1624440 478
1624450 478
1624460 484
1624470 489
1624480 489
1624490 494
1624500 500
1624510 500
1624520 505
1624530 510
1624540 510
1624550 515
1624560 519
1624570 519
1624580 523
1624590 526
1624600 526
1624610 528
1624620 529
1624630 529
1624640 531
1624650 534
1624660 534
1624670 535
1624680 537
1624690 537
1624700 537
1624710 538
1624720 538
1624730 540
1624740 543
1624750 543
1624760 546
1624770 550
1624780 550
1624790 554
1624800 558
1624810 558
1624820 563
1624830 569
1624840 569
1624850 577
1624860 581
1624870 581
1624880 583
1624890 583
1624900 587
1624910 589
1624920 589
1624930 592
1624940 594
1624950 594
1624960 596
1624970 598
1624980 598
1624990 599
1625000 600
1625010 600
1625020 601
1625030 602
1625040 602
1625050 603
1625060 603
1625070 603
1625080 603
1625090 602
1625100 602
1625110 601
1625120 601
1625130 601
1625140 601
1625150 601
1625160 601
1625170 600
1625180 599
1625190 599
1625200 598
1625210 597
1625220 597
1625230 597
1625240 597
1625250 597
1625260 597
1625270 597
1625280 597
1625290 596
1625300 596
1625310 596
1625320 596
1625330 595
1625340 595
1625350 594
1625360 593
1625370 593
1625380 591
1625390 590
1625400 590
1625410 589
1625420 588
1625430 588
1625440 588
1625450 588
1625460 588
1625470 589
1625480 591
1625490 591
1625500 593
1625510 596
1625520 596
1625530 599
1625540 602
1625550 602
1625560 604
1625570 606
1625580 606
1625590 607
1625600 609
1625610 609
1625620 610
1625630 611
1625640 611
1625650 612
1625660 612
1625670 612
1625680 612
1625690 611
1625700 611
1625710 610
1625720 608
1625730 608
1625740 606
1625750 604
1625760 604
1625770 603
1625780 603
1625790 603
1625800 602
1625810 603
1625820 603
1625830 604
1625840 606
1625850 606
1625860 607
1625870 609
1625880 609
1625890 612
1625900 615
1625910 615
1625920 617
1625930 619
1625940 619
1625950 620
1625960 620
1625970 620
1625980 619
1625990 617
1626000 617
1626010 614
1626020 612
1626030 612
1626040 610
1626050 608
1626060 608
1626070 606
1626080 604
1626090 604
1626100 602
1626110 602
1626120 602
1626130 601
1626140 600
1626150 600
1626160 598
1626170 596
1626180 596
1626190 594
1626200 591
1626210 589
1626220 588
1626230 589
1626240 589
1626250 593
1626260 597
1626270 597
1626280 601
1626290 606
1626300 606
1626310 611
1626320 615
1626330 615
1626340 619
1626350 621
1626360 621
1626370 624
1626380 626
1626390 626
1626400 629
1626410 631
1626420 631
1626430 633
1626440 635
1626450 635
1626460 636
1626470 638
1626480 638
1626490 640
1626500 642
1626510 642
1626520 643
1626530 645
1626540 645
1626550 647
1626560 649
1626570 649
1626580 651
1626590 652
1626600 652
1626610 653
1626620 654
1626630 654
1626640 654
1626650 654
1626660 654
1626670 654
1626680 654
1626690 654
1626700 654
1626710 654
1626720 654
1626730 654
1626740 655
1626750 655
1626760 655
1626770 655
1626780 655
1626790 655
1626800 656
1626810 656
1626820 656
1626830 656
1626840 656
1626850 656
1626860 657
1626870 657
1626880 657
1626890 657
1626900 657
1626910 657
1626920 658
1626930 658
1626940 659
1626950 659
1626960 659
1626970 660
1626980 661
1626990 661
1627000 662
1627010 662
1627020 662
1627030 662
1627040 662
1627050 662
1627060 662
1627070 662
1627080 662
1627090 662
1627100 662
1627110 662
1627120 661
1627130 661
1627140 660
1627150 659
1627160 659
1627170 659
1627180 658
1627190 658
1627200 657
1627210 657
1627220 657
1627230 656
1627240 656
1627250 656
1627260 655
1627270 654
1627280 654
1627290 653
1627300 652
1627310 652
1627320 651
1627330 649
1627340 649
1627350 648
1627360 648
1627370 648
1627380 647
1627390 645
1627400 645
1627410 643
1627420 642
1627430 642
1627440 641
1627450 640
1627460 640
1627470 639
1627480 638
1627490 638
1627500 637
1627510 636
1627520 636
1627530 634
1627540 633
1627550 633
1627560 631
1627570 630
1627580 630
1627590 628
1627600 626
1627610 626
1627620 623
1627630 620
1627640 620
1627650 617
1627660 614
1627670 614
1627680 609
1627690 605
1627700 605
1627710 600
1627720 597
1627730 597
1627740 594
1627750 592
1627760 592
1627770 590
1627780 588
1627790 588
1627800 587
1627810 585
1627820 585
1627830 584
1627840 583
1627850 583
1627860 584
1627870 585
1627880 585
1627890 586
1627900 586
1627910 586
1627920 585
1627930 584
1627940 584
1627950 583
1627960 582
1627970 582
1627980 581
1627990 580
1628000 580
1628010 579
1628020 577
1628030 575
1628040 574
1628050 575
1628060 575
1628070 577
1628080 579
1628090 579
1628100 581
1628110 580
1628120 580
1628130 579
1628140 576
1628150 576
1628160 573
1628170 570
1628180 570
1628190 566
1628200 563
1628210 563
1628220 559
1628230 555
1628240 555
1628250 552
1628260 549
1628270 549
1628280 546
1628290 541
1628300 541
1628310 536
1628320 531
1628330 531
1628340 526
1628350 520
1628360 520
1628370 514
1628380 508
1628390 508
1628400 503
1628410 498
1628420 498
1628430 493
1628440 488
1628450 488
1628460 485
1628470 481
1628480 481
1628490 479
1628500 477
1628510 477
1628520 476
1628530 476
1628540 476
1628550 478
1628560 485
1628570 485
1628580 492
1628590 499
1628600 499
1628610 505
1628620 511
1628630 511
1628640 517
1628650 524
1628660 524
1628670 530
1628680 537
1628690 537
1628700 543
1628710 548
1628720 548
1628730 554
1628740 558
1628750 558
1628760 562
1628770 566
1628780 566
1628790 570
1628800 574
1628810 574
1628820 577
1628830 580
1628840 580
1628850 583
1628860 586
1628870 586
1628880 588
1628890 591
1628900 591
1628910 592
1628920 594
1628930 595
1628940 597
1628950 600
1628960 600
1628970 602
1628980 604
1628990 604
1629000 606
1629010 607
1629020 607
1629030 609
1629040 611
1629050 611
1629060 613
1629070 615
1629080 615
1629090 617
1629100 619
1629110 619
1629120 621
1629130 622
1629140 622
1629150 623
1629160 623
1629170 623
1629180 623
1629190 623
1629200 623
1629210 623
1629220 623
1629230 623
1629240 624
1629250 624
1629260 624
1629270 624
1629280 624
1629290 624
1629300 623
1629310 622
1629320 622
1629330 620
1629340 620
1629350 618
1629360 617
1629370 617
1629380 616
1629390 616
1629400 616
1629410 616
1629420 617
1629430 617
1629440 618
1629450 618
1629460 618
1629470 619
1629480 620
1629490 620
1629500 622
1629510 623
1629520 623
1629530 624
1629540 625
1629550 625
1629560 627
1629570 628
1629580 628
1629590 629
1629600 630
1629610 630
1629620 632
1629630 633
1629640 633
1629650 634
1629660 635
1629670 635
1629680 636
1629690 637
1629700 637
1629710 638
1629720 640
1629730 640
1629740 641
1629750 643
1629760 643
1629770 645
1629780 647
1629790 647
1629800 648
1629810 649
1629820 649
1629830 651
1629840 652
1629850 652
1629860 653
1629870 654
1629880 654
1629890 655
1629900 656
1629910 656
1629920 656
1629930 656
1629940 656
1629950 656
1629960 655
1629970 655
1629980 655
1629990 655
1630000 655
1630010 655
1630020 654
1630030 654
1630040 654
1630050 653
1630060 653
1630070 653
1630080 652
1630090 652
1630100 651
1630110 650
1630120 650
1630130 649
1630140 648
1630150 648
1630160 646
1630170 645
1630180 645
1630190 643
1630200 642
1630210 642
1630220 640
1630230 637
1630240 637
1630250 634
1630260 631
1630270 631
1630280 628
1630290 624
1630300 624
1630310 621
1630320 619
1630330 619
1630340 617
1630350 615
1630360 615
1630370 612
1630380 609
1630390 609
1630400 605
1630410 601
1630420 601
1630430 598
1630440 596
1630450 596
1630460 594
1630470 594
1630480 594
1630490 593
1630500 592
1630510 592
1630520 590
1630530 588
1630540 588
1630550 584
1630560 581
1630570 581
1630580 578
1630590 576
1630600 576
1630610 576
1630620 577
1630630 577
1630640 579
1630650 580
1630660 580
1630670 579
1630680 579
1630690 579
1630700 579
1630710 577
1630720 576
1630730 575
1630740 573
1630750 573
1630760 572
1630770 570
1630780 570
1630790 568
1630800 565
1630810 565
1630820 563
1630830 560
1630840 560
1630850 557
1630860 554
1630870 554
1630880 552
1630890 550
1630900 550
1630910 548
1630920 547
1630930 547
1630940 545
1630950 542
1630960 542
1630970 539
1630980 537
1630990 537
1631000 536
1631010 535
1631020 535
1631030 534
1631040 533
1631050 533
1631060 532
1631070 531
1631080 531
1631090 530
1631100 529
1631110 529
1631120 528
1631130 527
1631140 527
1631150 526
1631160 524
1631170 524
1631180 524
1631190 523
1631200 523
1631210 523
1631220 522
1631230 522
1631240 521
1631250 520
1631260 520
1631270 519
1631280 518
1631290 518
1631300 516
1631310 515
1631320 515
1631330 513
1631340 509
1631350 509
1631360 505
1631370 504
1631380 504
1631390 504
1631400 506
1631410 506
1631420 507
1631430 509
1631440 509
1631450 511
1631460 513
1631470 513
1631480 515
1631490 517
1631500 517
1631510 519
1631520 521
1631530 521
1631540 524
1631550 524
1631560 526
1631570 528
1631580 528
1631590 530
1631600 531
1631610 532
1631620 533
1631630 534
1631640 534
1631650 536
1631660 537
1631670 537
1631680 538
1631690 539
1631700 539
1631710 540
1631720 541
1631730 541
1631740 542
1631750 543
1631760 543
1631770 543
1631780 544
1631790 544
1631800 545
1631810 545
1631820 545
1631830 546
1631840 546
1631850 546
1631860 546
1631870 546
1631880 546
1631890 547
1631900 547
1631910 547
1631920 547
1631930 547
1631940 547
1631950 547
1631960 547
1631970 547
1631980 547
1631990 547
1632000 547
1632010 547
1632020 547
1632030 547
1632040 547
1632050 547
1632060 547
1632070 548
1632080 548
1632090 548
1632100 548
1632110 549
1632120 549
1632130 549
1632140 549
1632150 549
1632160 549
1632170 550
1632180 550
1632190 550
1632200 550
1632210 550
1632220 551
1632230 551
1632240 551
1632250 551
1632260 552
1632270 552
1632280 552
1632290 552
1632300 552
1632310 553
1632320 552
1632330 552
1632340 552
1632350 551
1632360 551
1632370 551
1632380 550
1632390 550
1632400 548
1632410 545
1632420 545
1632430 542
1632440 539
1632450 539
1632460 536
1632470 533
1632480 533
1632490 532
1632500 532
1632510 532
1632520 531
1632530 530
1632540 530
1632550 529
1632560 529
1632570 529
1632580 530
1632590 531
1632600 531
1632610 531
1632620 531
1632630 531
1632640 533
1632650 534
1632660 534
1632670 534
1632680 535
1632690 535
1632700 536
1632710 536
1632720 536
1632730 536
1632740 537
1632750 537
1632760 537
1632770 538
1632780 538
1632790 539
1632800 539
1632810 539
1632820 539
1632830 539
1632840 539
1632850 540
1632860 540
1632870 540
1632880 540
1632890 541
1632900 541
1632910 541
1632920 541
1632930 541
1632940 541
1632950 541
1632960 541
1632970 542
1632980 544
1632990 544
1633000 545
1633010 547
1633020 547
1633030 550
1633040 552
1633050 552
1633060 554
1633070 556
1633080 556
1633090 557
1633100 559
1633110 559
1633120 560
1633130 561
1633140 561
1633150 562
1633160 563
1633170 563
1633180 563
1633190 563
1633200 563
1633210 564
1633220 564
1633230 564
1633240 565
1633250 566
1633260 566
1633270 566
1633280 566
1633290 566
1633300 567
1633310 567
1633320 567
1633330 568
1633340 568
1633350 568
1633360 569
1633370 569
1633380 569
1633390 570
1633400 570
1633410 570
1633420 571
1633430 571
1633440 571
1633450 571
1633460 572
1633470 572
1633480 572
1633490 573
1633500 573
1633510 573
1633520 573
1633530 573
1633540 573
1633550 573
1633560 573
1633570 573
1633580 573
1633590 573
1633600 573
1633610 573
1633620 573
1633630 571
1633640 568
1633650 568
1633660 566
1633670 565
1633680 565
1633690 565
1633700 566
1633710 566
1633720 566
1633730 568
1633740 568
1633750 571
1633760 571
1633770 574
1633780 577
1633790 577
1633800 579
1633810 581
1633820 581
1633830 582
1633840 584
1633850 584
1633860 585
1633870 586
1633880 586
1633890 586
1633900 586
1633910 586
1633920 587
1633930 588
1633940 588
1633950 588
1633960 589
1633970 589
1633980 589
1633990 588
1634000 588
1634010 587
1634020 586
1634030 586
1634040 585
1634050 584
1634060 584
1634070 584
1634080 585
1634090 585
1634100 585
1634110 586
1634120 586
1634130 587
1634140 588
1634150 588
1634160 589
1634170 591
1634180 591
1634190 593
1634200 595
1634210 595
1634220 597
1634230 600
1634240 600
1634250 603
1634260 605
1634270 605
1634280 608
1634290 612
1634300 612
1634310 614
1634320 617
1634330 617
1634340 621
1634350 625
1634360 625
1634370 629
1634380 631
1634390 631
1634400 634
1634410 638
1634420 638
1634430 641
1634440 645
1634450 645
1634460 647
1634470 650
1634480 650
1634490 652
1634500 654
1634510 654
1634520 655
1634530 656
1634540 656
1634550 657
1634560 657
1634570 657
1634580 657
1634590 656
1634600 656
1634610 655
1634620 654
1634630 654
1634640 652
1634650 650
1634660 650
1634670 648
1634680 646
1634690 646
1634700 645
1634710 642
1634720 642
1634730 639
1634740 635
1634750 635
1634760 631
1634770 628
1634780 628
1634790 625
1634800 622
1634810 622
1634820 619
1634830 618
1634840 618
1634850 618
1634860 618
1634870 618
1634880 618
1634890 618
1634900 618
1634910 618
1634920 618
1634930 618
1634940 618
1634950 618
1634960 618
1634970 618
1634980 618
1634990 618
1635000 618
1635010 617
1635020 617
1635030 616
1635040 613
1635050 613
1635060 611
1635070 612
1635080 612
1635090 613
1635100 616
1635110 616
1635120 617
1635130 618
1635140 618
1635150 620
1635160 621
1635170 621
1635180 622
1635190 623
1635200 623
1635210 624
1635220 625
1635230 625
1635240 626
1635250 627
1635260 627
1635270 628
1635280 630
1635290 630
1635300 632
1635310 634
1635320 634
1635330 635
1635340 636
1635350 636
1635360 637
1635370 638
1635380 638
1635390 639
1635400 640
1635410 640
1635420 641
1635430 642
1635440 642
1635450 642
1635460 642
1635470 642
1635480 642
1635490 642
1635500 642
1635510 641
1635520 641
1635530 641
1635540 641
1635550 640
1635560 640
1635570 640
1635580 639
1635590 639
1635600 639
1635610 638
1635620 638
1635630 637
1635640 634
1635650 634
1635660 632
1635670 630
1635680 630
1635690 630
1635700 630
1635710 630
1635720 631
1635730 633
1635740 633
1635750 635
1635760 637
1635770 637
1635780 638
1635790 641
1635800 641
1635810 644
1635820 647
1635830 647
1635840 650
1635850 653
1635860 653
1635870 655
1635880 656
1635890 656
1635900 656
1635910 656
1635920 656
1635930 655
1635940 654
1635950 654
1635960 653
1635970 653
1635980 653
1635990 652
1636000 652
1636010 651
1636020 649
1636030 649
1636040 648
1636050 647
1636060 647
1636070 645
1636080 644
1636090 644
1636100 640
1636110 635
1636120 635
1636130 631
1636140 627
1636150 627
1636160 626
1636170 626
1636180 626
1636190 628
1636200 630
1636210 630
1636220 630
1636230 630
1636240 630
1636250 630
1636260 630
1636270 630
1636280 630
1636290 628
1636300 628
1636310 625
1636320 623
1636330 623
1636340 621
1636350 621
1636360 621
1636370 621
1636380 622
1636390 622
1636400 624
1636410 625
1636420 625
1636430 626
1636440 627
1636450 627
1636460 629
1636470 630
1636480 630
1636490 631
1636500 631
1636510 631
1636520 632
1636530 632
1636540 632
1636550 633
1636560 635
1636570 635
1636580 636
1636590 638
1636600 638
1636610 640
1636620 643
1636630 643
1636640 645
1636650 646
1636660 646
1636670 647
1636680 648
1636690 648
1636700 649
1636710 649
1636720 649
1636730 650
1636740 651
1636750 651
1636760 651
1636770 652
1636780 652
1636790 652
1636800 653
1636810 653
1636820 652
1636830 652
1636840 652
1636850 652
1636860 653
1636870 653
1636880 653
1636890 654
1636900 654
1636910 654
1636920 654
1636930 654
1636940 655
1636950 654
1636960 654
1636970 654
1636980 654
1636990 654
1637000 653
1637010 653
1637020 653
1637030 652
1637040 652
1637050 652
1637060 651
1637070 651
1637080 651
1637090 650
1637100 650
1637110 650
1637120 649
1637130 649
1637140 649
1637150 648
1637160 647
1637170 647
1637180 646
1637190 644
1637200 644
1637210 643
1637220 641
1637230 641
1637240 640
1637250 639
1637260 639
1637270 639
1637280 640
1637290 640
1637300 640
1637310 640
1637320 640
1637330 641
1637340 642
1637350 642
1637360 643
1637370 644
1637380 644
1637390 644
1637400 644
1637410 644
1637420 644
1637430 645
1637440 645
1637450 645
1637460 645
1637470 645
1637480 645
1637490 645
1637500 645
1637510 645
1637520 645
1637530 645
1637540 644
1637550 643
1637560 643
1637570 641
1637580 639
1637590 639
1637600 635
1637610 632
1637620 632
1637630 630
1637640 628
1637650 628
1637660 629
1637670 626
1637680 626
1637690 626
1637700 624
1637710 624
1637720 621
1637730 617
1637740 617
1637750 612
1637760 609
1637770 609
1637780 608
1637790 609
1637800 609
1637810 611
1637820 613
1637830 613
1637840 616
1637850 620
1637860 620
1637870 624
1637880 629
1637890 629
1637900 633
1637910 638
1637920 638
1637930 642
1637940 645
1637950 645
1637960 649
1637970 651
1637980 651
1637990 653
1638000 654
1638010 654
1638020 655
1638030 656
1638040 656
1638050 657
1638060 657
1638070 657
1638080 657
1638090 657
1638100 657
1638110 657
1638120 658
1638130 658
1638140 659
1638150 660
1638160 660
1638170 660
1638180 660
1638190 660
1638200 661
1638210 661
1638220 661
1638230 661
1638240 661
1638250 660
1638260 660
1638270 660
1638280 659
1638290 659
1638300 659
1638310 658
1638320 657
1638330 657
1638340 655
1638350 653
1638360 653
1638370 651
1638380 649
1638390 649
1638400 647
1638410 645
1638420 645
1638430 642
1638440 640
1638450 640
1638460 639
1638470 638
1638480 638
1638490 638
1638500 637
1638510 637
1638520 640
1638530 640
1638540 640
1638550 640
1638560 641
1638570 641
1638580 641
1638590 642
1638600 642
1638610 642
1638620 641
1638630 641
1638640 640
1638650 637
1638660 637
1638670 634
1638680 634
1638690 634
1638700 637
1638710 639
1638720 639
1638730 642
1638740 644
1638750 644
1638760 647
1638770 648
1638780 648
1638790 649
1638800 649
1638810 649
1638820 649
1638830 649
1638840 649
1638850 648
1638860 648
1638870 648
1638880 648
1638890 647
1638900 647
1638910 646
1638920 645
1638930 645
1638940 643
1638950 642
1638960 642
1638970 640
1638980 637
1638990 637
1639000 635
1639010 633
1639020 633
1639030 630
1639040 628
1639050 628
1639060 626
1639070 624
1639080 624
1639090 622
1639100 620
1639110 620
1639120 618
1639130 615
1639140 615
1639150 613
1639160 611
1639170 611
1639180 610
1639190 612
1639200 612
1639210 618
1639220 623
1639230 623
1639240 628
1639250 633
1639260 633
1639270 636
1639280 640
1639290 640
1639300 642
1639310 644
1639320 644
1639330 646
1639340 647
1639350 647
1639360 650
1639370 651
1639380 651
1639390 652
1639400 652
1639410 652
1639420 651
1639430 651
1639440 651
1639450 650
1639460 649
1639470 649
1639480 648
1639490 647
1639500 647
1639510 646
1639520 645
1639530 645
1639540 644
1639550 642
1639560 642
1639570 641
1639580 639
1639590 639
1639600 637
1639610 634
1639620 634
1639630 632
1639640 630
1639650 630
1639660 628
1639670 626
1639680 626
1639690 625
1639700 625
1639710 625
1639720 625
1639730 624
1639740 624
1639750 624
1639760 624
1639770 624
1639780 624
1639790 623
1639800 623
1639810 622
1639820 621
1639830 621
1639840 620
1639850 619
1639860 619
1639870 617
1639880 616
1639890 616
1639900 615
1639910 612
1639920 612
1639930 609
1639940 604
1639950 604
1639960 601
1639970 598
1639980 598
1639990 597
