1620000 492
1620010 492
1620020 492
1620030 492
1620040 493
1620050 494
1620060 494
1620070 495
1620080 496
1620090 496
1620100 497
1620110 498
1620120 498
1620130 499
1620140 500
1620150 500
1620160 501
1620170 502
1620180 502
1620190 502
1620200 503
1620210 503
1620220 504
1620230 505
1620240 506
1620250 507
1620260 508
1620270 508
1620280 509
1620290 510
1620300 510
1620310 511
1620320 512
1620330 512
1620340 512
1620350 513
1620360 513
1620370 514
1620380 514
1620390 514
1620400 515
1620410 515
1620420 515
1620430 515
1620440 516
1620450 516
1620460 516
1620470 516
1620480 516
1620490 517
1620500 517
1620510 517
1620520 518
1620530 519
1620540 519
1620550 519
1620560 519
1620570 519
1620580 520
1620590 520
1620600 520
1620610 520
1620620 521
1620630 521
1620640 521
1620650 521
1620660 521
1620670 521
1620680 522
1620690 522
1620700 522
1620710 522
1620720 522
1620730 523
1620740 523
1620750 523
1620760 523
1620770 524
1620780 524
1620790 524
1620800 525
1620810 525
1620820 525
1620830 526
1620840 526
1620850 526
1620860 527
1620870 527
1620880 527
1620890 528
1620900 528
1620910 528
1620920 529
1620930 529
1620940 530
1620950 530
1620960 530
1620970 531
1620980 531
1620990 531
1621000 532
1621010 532
1621020 533
1621030 533
1621040 533
1621050 533
1621060 534
1621070 534
1621080 534
1621090 534
1621100 534
1621110 535
1621120 535
1621130 535
1621140 536
1621150 536
1621160 536
1621170 536
1621180 536
1621190 536
1621200 536
1621210 536
1621220 536
1621230 537
1621240 537
1621250 537
1621260 537
1621270 537
1621280 537
1621290 538
1621300 538
1621310 538
1621320 539
1621330 539
1621340 539
1621350 540
1621360 540
1621370 540
1621380 540
1621390 541
1621400 541
1621410 541
1621420 542
1621430 542
1621440 542
1621450 542
1621460 542
1621470 543
1621480 543
1621490 543
1621500 543
1621510 544
1621520 544
1621530 544
1621540 544
1621550 544
1621560 545
1621570 545
1621580 545
1621590 546
1621600 546
1621610 546
1621620 546
1621630 547
1621640 547
1621650 547
1621660 547
1621670 547
1621680 548
1621690 548
1621700 548
1621710 549
1621720 549
1621730 549
1621740 549
1621750 550
1621760 550
1621770 550
1621780 551
1621790 551
1621800 551
1621810 551
1621820 551
1621830 552
1621840 552
1621850 552
1621860 553
1621870 553
1621880 553
1621890 553
1621900 554
1621910 554
1621920 554
1621930 554
1621940 554
1621950 555
1621960 555
1621970 555
1621980 555
1621990 555
1622000 555
1622010 556
1622020 556
1622030 556
1622040 556
1622050 556
1622060 556
1622070 556
1622080 555
1622090 555
1622100 555
1622110 554
1622120 554
1622130 553
1622140 552
1622150 552
1622160 550
1622170 548
1622180 548
1622190 547
1622200 546
1622210 546
1622220 546
1622230 547
1622240 547
1622250 549
1622260 550
1622270 550
1622280 551
1622290 552
1622300 552
1622310 551
1622320 551
1622330 551
1622340 549
1622350 547
1622360 547
1622370 545
1622380 542
1622390 542
1622400 538
1622410 536
1622420 536
1622430 535
1622440 534
1622450 534
1622460 535
1622470 536
1622480 536
1622490 537
1622500 539
1622510 539
1622520 543
1622530 547
1622540 547
1622550 552
1622560 557
1622570 557
1622580 562
1622590 566
1622600 566
1622610 570
1622620 573
1622630 573
1622640 575
1622650 577
1622660 577
1622670 579
1622680 581
1622690 581
1622700 582
1622710 583
1622720 583
1622730 585
1622740 586
1622750 586
1622760 587
1622770 588
1622780 588
1622790 590
1622800 591
1622810 591
1622820 592
1622830 594
1622840 594
1622850 595
1622860 596
1622870 596
1622880 597
1622890 597
1622900 597
1622910 598
1622920 598
1622930 598
1622940 599
1622950 599
1622960 599
1622970 600
1622980 601
1622990 601
1623000 601
1623010 601
1623020 601
1623030 601
1623040 601
1623050 601
1623060 601
1623070 601
1623080 601
1623090 601
1623100 601
1623110 600
1623120 600
1623130 600
1623140 600
1623150 600
1623160 600
1623170 599
1623180 599
1623190 599
1623200 598
1623210 598
1623220 598
1623230 597
1623240 597
1623250 597
1623260 596
1623270 595
1623280 595
1623290 595
1623300 594
1623310 594
1623320 593
1623330 592
1623340 592
1623350 591
1623360 589
1623370 589
1623380 588
1623390 585
1623400 585
1623410 583
1623420 581
1623430 581
1623440 579
1623450 577
1623460 577
1623470 575
1623480 572
1623490 572
1623500 568
1623510 565
1623520 565
1623530 565
1623540 565
1623550 565
1623560 565
1623570 565
1623580 565
1623590 565
1623600 565
1623610 565
1623620 566
1623630 566
1623640 566
1623650 565
1623660 564
1623670 564
1623680 561
1623690 558
1623700 558
1623710 555
1623720 555
1623730 555
1623740 557
1623750 561
1623760 561
1623770 563
1623780 565
1623790 565
1623800 566
1623810 566
1623820 566
1623830 565
1623840 564
1623850 564
1623860 563
1623870 561
1623880 561
1623890 558
1623900 555
1623910 555
1623920 553
1623930 551
1623940 551
1623950 551
1623960 551
1623970 551
1623980 551
1623990 552
1624000 552
1624010 552
1624020 554
1624030 554
1624040 552
1624050 548
1624060 548
1624070 544
1624080 539
1624090 539
1624100 535
1624110 530
1624120 530
1624130 525
1624140 522
1624150 522
1624160 520
1624170 519
1624180 519
1624190 518
1624200 517
1624210 517
1624220 517
1624230 519
1624240 519
1624250 520
1624260 521
1624270 521
1624280 522
1624290 522
1624300 522
1624310 519
1624320 515
1624330 515
1624340 511
1624350 507
1624360 507
1624370 504
1624380 501
1624390 501
1624400 500
1624410 501
1624420 501
1624430 503
1624440 504
1624450 504
1624460 505
1624470 504
1624480 504
1624490 501
1624500 498
1624510 498
1624520 493
1624530 488
1624540 488
1624550 482
1624560 475
1624570 475
1624580 469
1624590 461
1624600 461
1624610 454
1624620 445
1624630 445
1624640 438
1624650 432
1624660 432
1624670 424
1624680 416
1624690 416
1624700 406
1624710 397
1624720 397
1624730 393
1624740 391
1624750 391
1624760 391
1624770 393
1624780 393
1624790 393
1624800 395
1624810 395
1624820 399
1624830 403
1624840 403
1624850 407
1624860 411
1624870 411
1624880 415
1624890 420
1624900 420
1624910 425
1624920 430
1624930 430
1624940 435
1624950 437
1624960 437
1624970 440
1624980 444
1624990 444
1625000 448
1625010 452
1625020 452
1625030 456
1625040 461
1625050 461
1625060 465
1625070 468
1625080 468
1625090 472
1625100 475
1625110 475
1625120 478
1625130 482
1625140 482
1625150 485
1625160 489
1625170 489
1625180 493
1625190 496
1625200 496
1625210 500
1625220 500
1625230 503
1625240 506
1625250 506
1625260 509
1625270 513
1625280 513
1625290 516
1625300 519
1625310 519
1625320 524
1625330 528
1625340 528
1625350 533
1625360 537
1625370 537
1625380 541
1625390 546
1625400 546
1625410 549
1625420 553
1625430 553
1625440 556
1625450 559
1625460 559
1625470 562
1625480 565
1625490 565
1625500 568
1625510 570
1625520 570
1625530 571
1625540 572
1625550 572
1625560 573
1625570 574
1625580 574
1625590 574
1625600 575
1625610 575
1625620 577
1625630 578
1625640 578
1625650 580
1625660 582
1625670 582
1625680 586
1625690 589
1625700 589
1625710 593
1625720 597
1625730 597
1625740 602
1625750 605
1625760 605
1625770 609
1625780 611
1625790 611
1625800 615
1625810 618
1625820 618
1625830 620
1625840 622
1625850 622
1625860 624
1625870 626
1625880 630
1625890 632
1625900 633
1625910 633
1625920 634
1625930 636
1625940 636
1625950 637
1625960 638
1625970 638
1625980 639
1625990 639
1626000 639
1626010 640
1626020 641
1626030 641
1626040 642
1626050 643
1626060 643
1626070 644
1626080 645
1626090 645
1626100 646
1626110 646
1626120 646
1626130 646
1626140 647
1626150 647
1626160 647
1626170 646
1626180 646
1626190 646
1626200 647
1626210 647
1626220 647
1626230 648
1626240 648
1626250 648
1626260 648
1626270 648
1626280 648
1626290 650
1626300 650
1626310 651
1626320 653
1626330 653
1626340 655
1626350 656
1626360 656
1626370 656
1626380 657
1626390 657
1626400 658
1626410 658
1626420 658
1626430 659
1626440 659
1626450 659
1626460 659
1626470 659
1626480 659
1626490 658
1626500 657
1626510 657
1626520 656
1626530 655
1626540 655
1626550 654
1626560 653
1626570 653
1626580 652
1626590 652
1626600 652
1626610 651
1626620 650
1626630 650
1626640 648
1626650 646
1626660 646
1626670 644
1626680 642
1626690 642
1626700 640
1626710 636
1626720 636
1626730 633
1626740 630
1626750 630
1626760 627
1626770 625
1626780 625
1626790 622
1626800 620
1626810 620
1626820 618
1626830 617
1626840 617
1626850 615
1626860 614
1626870 614
1626880 612
1626890 612
1626900 612
1626910 611
1626920 610
1626930 610
1626940 610
1626950 610
1626960 610
1626970 610
1626980 610
1626990 610
1627000 610
1627010 610
1627020 610
1627030 609
1627040 606
1627050 606
1627060 605
1627070 605
1627080 605
1627090 604
1627100 603
1627110 603
1627120 600
1627130 597
1627140 597
1627150 595
1627160 595
1627170 595
1627180 595
1627190 594
1627200 594
1627210 592
1627220 591
1627230 591
1627240 590
1627250 589
1627260 589
1627270 589
1627280 589
1627290 589
1627300 587
1627310 586
1627320 586
1627330 584
1627340 583
1627350 583
1627360 583
1627370 583
1627380 583
1627390 583
1627400 583
1627410 582
1627420 581
1627430 581
1627440 581
1627450 581
1627460 581
1627470 580
1627480 578
1627490 578
1627500 575
1627510 572
1627520 572
1627530 570
1627540 566
1627550 566
1627560 563
1627570 559
1627580 559
1627590 556
1627600 551
1627610 551
1627620 546
1627630 540
1627640 540
1627650 535
1627660 529
1627670 529
1627680 525
1627690 520
1627700 520
1627710 519
1627720 516
1627730 516
1627740 513
1627750 509
1627760 509
1627770 505
1627780 502
1627790 502
1627800 498
1627810 494
1627820 494
1627830 489
1627840 485
1627850 485
1627860 482
1627870 480
1627880 480
1627890 477
1627900 476
1627910 476
1627920 473
1627930 471
1627940 471
1627950 468
1627960 466
1627970 466
1627980 463
1627990 462
1628000 462
1628010 461
1628020 460
1628030 460
1628040 459
1628050 458
1628060 458
1628070 457
1628080 456
1628090 456
1628100 455
1628110 454
1628120 454
1628130 453
1628140 452
1628150 452
1628160 451
1628170 450
1628180 450
1628190 448
1628200 447
1628210 447
1628220 447
1628230 446
1628240 446
1628250 444
1628260 442
1628270 442
1628280 440
1628290 438
1628300 438
1628310 438
1628320 438
1628330 438
1628340 440
1628350 443
1628360 443
1628370 447
1628380 450
1628390 450
1628400 452
1628410 453
1628420 453
1628430 452
1628440 449
1628450 449
1628460 443
1628470 438
1628480 438
1628490 437
1628500 438
1628510 438
1628520 438
1628530 438
1628540 438
1628550 438
1628560 439
1628570 439
1628580 441
1628590 442
1628600 442
1628610 444
1628620 446
1628630 446
1628640 448
1628650 451
1628660 451
1628670 454
1628680 457
1628690 457
1628700 460
1628710 464
1628720 464
1628730 467
1628740 471
1628750 471
1628760 475
1628770 479
1628780 479
1628790 484
1628800 490
1628810 490
1628820 495
1628830 501
1628840 501
1628850 507
1628860 512
1628870 512
1628880 518
1628890 524
1628900 524
1628910 529
1628920 534
1628930 534
1628940 539
1628950 544
1628960 544
1628970 549
1628980 554
1628990 554
1629000 557
1629010 559
1629020 559
1629030 562
1629040 564
1629050 564
1629060 565
1629070 566
1629080 566
1629090 566
1629100 567
1629110 567
1629120 568
1629130 569
1629140 569
1629150 569
1629160 570
1629170 570
1629180 571
1629190 572
1629200 572
1629210 572
1629220 573
1629230 573
1629240 573
1629250 573
1629260 573
1629270 573
1629280 573
1629290 573
1629300 574
1629310 574
1629320 574
1629330 574
1629340 574
1629350 574
1629360 574
1629370 574
1629380 574
1629390 573
1629400 573
1629410 573
1629420 572
1629430 572
1629440 572
1629450 572
1629460 572
1629470 572
1629480 571
1629490 571
1629500 571
1629510 568
1629520 568
1629530 567
1629540 567
1629550 567
1629560 567
1629570 566
1629580 566
1629590 565
1629600 564
1629610 564
1629620 563
1629630 562
1629640 562
1629650 561
1629660 559
1629670 559
1629680 558
1629690 557
1629700 557
1629710 555
1629720 554
1629730 554
1629740 553
1629750 552
1629760 552
1629770 551
1629780 550
1629790 550
1629800 548
1629810 545
1629820 545
1629830 541
1629840 537
1629850 537
1629860 533
1629870 529
1629880 529
1629890 526
1629900 526
1629910 526
1629920 528
1629930 529
1629940 529
1629950 529
1629960 529
1629970 529
1629980 528
1629990 527
1630000 527
1630010 526
1630020 525
1630030 525
1630040 526
1630050 526
1630060 526
1630070 525
1630080 524
1630090 524
1630100 523
1630110 522
1630120 522
1630130 520
1630140 519
1630150 519
1630160 519
1630170 518
1630180 518
1630190 517
1630200 517
1630210 517
1630220 516
1630230 515
1630240 515
1630250 515
1630260 515
1630270 515
1630280 515
1630290 516
1630300 516
1630310 516
1630320 516
1630330 516
1630340 515
1630350 515
1630360 515
1630370 515
1630380 515
1630390 515
1630400 513
1630410 512
1630420 512
1630430 511
1630440 510
1630450 510
1630460 508
1630470 506
1630480 506
1630490 504
1630500 503
1630510 503
1630520 500
1630530 498
1630540 498
1630550 494
1630560 491
1630570 491
1630580 487
1630590 481
1630600 481
1630610 477
1630620 481
1630630 481
1630640 486
1630650 489
1630660 489
1630670 494
1630680 498
1630690 498
1630700 502
1630710 505
1630720 505
1630730 508
1630740 510
1630750 510
1630760 511
1630770 512
1630780 512
1630790 511
1630800 511
1630810 511
1630820 510
1630830 509
1630840 509
1630850 508
1630860 507
1630870 507
1630880 505
1630890 502
1630900 502
1630910 501
1630920 502
1630930 502
1630940 504
1630950 505
1630960 505
1630970 507
1630980 508
1630990 508
1631000 509
1631010 511
1631020 511
1631030 513
1631040 515
1631050 515
1631060 518
1631070 521
1631080 521
1631090 522
1631100 525
1631110 525
1631120 528
1631130 531
1631140 531
1631150 534
1631160 537
1631170 537
1631180 540
1631190 543
1631200 543
1631210 547
1631220 549
1631230 549
1631240 553
1631250 556
1631260 556
1631270 559
1631280 562
1631290 564
1631300 567
1631310 569
1631320 569
1631330 571
1631340 573
1631350 573
1631360 575
1631370 577
1631380 577
1631390 580
1631400 582
1631410 582
1631420 584
1631430 587
1631440 587
1631450 588
1631460 589
1631470 589
1631480 591
1631490 592
1631500 592
1631510 594
1631520 595
1631530 595
1631540 596
1631550 597
1631560 597
1631570 599
1631580 600
1631590 600
1631600 601
1631610 601
1631620 603
1631630 604
1631640 604
1631650 606
1631660 608
1631670 608
1631680 609
1631690 611
1631700 611
1631710 612
1631720 613
1631730 613
1631740 615
1631750 616
1631760 616
1631770 618
1631780 619
1631790 619
1631800 620
1631810 621
1631820 621
1631830 623
1631840 624
1631850 624
1631860 625
1631870 626
1631880 626
1631890 627
1631900 627
1631910 627
1631920 627
1631930 628
1631940 628
1631950 628
1631960 628
1631970 628
1631980 628
1631990 628
1632000 628
1632010 628
1632020 629
1632030 629
1632040 629
1632050 629
1632060 629
1632070 629
1632080 628
1632090 628
1632100 628
1632110 628
1632120 628
1632130 627
1632140 627
1632150 627
1632160 627
1632170 626
1632180 626
1632190 626
1632200 625
1632210 625
1632220 624
1632230 624
1632240 624
1632250 623
1632260 622
1632270 622
1632280 621
1632290 620
1632300 620
1632310 619
1632320 618
1632330 618
1632340 616
1632350 614
1632360 614
1632370 611
1632380 608
1632390 608
1632400 605
1632410 603
1632420 603
1632430 602
1632440 601
1632450 601
1632460 600
1632470 600
1632480 600
1632490 600
1632500 599
1632510 599
1632520 598
1632530 598
1632540 598
1632550 597
1632560 597
1632570 597
1632580 597
1632590 597
1632600 597
1632610 597
1632620 597
1632630 597
1632640 597
1632650 596
1632660 596
1632670 596
1632680 596
1632690 596
1632700 596
1632710 596
1632720 596
1632730 596
1632740 596
1632750 596
1632760 595
1632770 595
1632780 595
1632790 593
1632800 592
1632810 592
1632820 590
1632830 587
1632840 587
1632850 583
1632860 581
1632870 581
1632880 581
1632890 582
1632900 582
1632910 584
1632920 586
1632930 586
1632940 590
1632950 592
1632960 592
1632970 595
1632980 597
1632990 597
1633000 598
1633010 600
1633020 600
1633030 601
1633040 603
1633050 603
1633060 604
1633070 605
1633080 605
1633090 606
1633100 606
1633110 606
1633120 606
1633130 608
1633140 608
1633150 609
1633160 610
1633170 610
1633180 611
1633190 613
1633200 613
1633210 614
1633220 615
1633230 615
1633240 616
1633250 618
1633260 618
1633270 619
1633280 620
1633290 620
1633300 620
1633310 620
1633320 620
1633330 619
1633340 618
1633350 618
1633360 615
1633370 611
1633380 611
1633390 607
1633400 603
1633410 603
1633420 599
1633430 595
1633440 595
1633450 592
1633460 590
1633470 590
1633480 590
1633490 591
1633500 591
1633510 592
1633520 593
1633530 593
1633540 595
1633550 597
1633560 597
1633570 599
1633580 601
1633590 601
1633600 603
1633610 604
1633620 604
1633630 605
1633640 607
1633650 607
1633660 608
1633670 609
1633680 609
1633690 609
1633700 610
1633710 610
1633720 610
1633730 610
1633740 611
1633750 612
1633760 612
1633770 612
1633780 612
1633790 612
1633800 612
1633810 612
1633820 612
1633830 613
1633840 613
1633850 613
1633860 614
1633870 615
1633880 615
1633890 616
1633900 618
1633910 618
1633920 620
1633930 623
1633940 623
1633950 624
1633960 625
1633970 625
1633980 625
1633990 625
1634000 625
1634010 626
1634020 626
1634030 626
1634040 627
1634050 627
1634060 627
1634070 627
1634080 627
1634090 627
1634100 627
1634110 628
1634120 628
1634130 628
1634140 628
1634150 628
1634160 628
1634170 629
1634180 629
1634190 629
1634200 629
1634210 629
1634220 629
1634230 629
1634240 629
1634250 629
1634260 628
1634270 628
1634280 628
1634290 627
1634300 627
1634310 626
1634320 625
1634330 625
1634340 623
1634350 621
1634360 621
1634370 620
1634380 619
1634390 619
1634400 620
1634410 622
1634420 622
1634430 624
1634440 625
1634450 625
1634460 626
1634470 626
1634480 626
1634490 625
1634500 625
1634510 625
1634520 624
1634530 623
1634540 623
1634550 623
1634560 622
1634570 622
1634580 622
1634590 621
1634600 621
1634610 619
1634620 616
1634630 616
1634640 613
1634650 609
1634660 609
1634670 607
1634680 606
1634690 606
1634700 606
1634710 606
1634720 606
1634730 606
1634740 607
1634750 607
1634760 607
1634770 608
1634780 608
1634790 611
1634800 615
1634810 615
1634820 618
1634830 620
1634840 620
1634850 623
1634860 624
1634870 624
1634880 626
1634890 628
1634900 628
1634910 629
1634920 630
1634930 630
1634940 631
1634950 633
1634960 633
1634970 635
1634980 637
1634990 637
1635000 638
1635010 639
1635020 639
1635030 640
1635040 642
1635050 642
1635060 644
1635070 645
1635080 645
1635090 647
1635100 648
1635110 648
1635120 650
1635130 651
1635140 651
1635150 653
1635160 654
1635170 654
1635180 655
1635190 657
1635200 657
1635210 658
1635220 660
1635230 660
1635240 661
1635250 664
1635260 664
1635270 667
1635280 670
1635290 670
1635300 673
1635310 675
1635320 675
1635330 677
1635340 680
1635350 680
1635360 682
1635370 684
1635380 684
1635390 686
1635400 689
1635410 689
1635420 691
1635430 692
1635440 692
1635450 694
1635460 696
1635470 696
1635480 697
1635490 699
1635500 699
1635510 701
1635520 702
1635530 702
1635540 704
1635550 706
1635560 706
1635570 707
1635580 708
1635590 708
1635600 709
1635610 709
1635620 709
1635630 709
1635640 710
1635650 710
1635660 710
1635670 710
1635680 710
1635690 709
1635700 708
1635710 708
1635720 708
1635730 707
1635740 707
1635750 706
1635760 705
1635770 705
1635780 704
1635790 703
1635800 703
1635810 702
1635820 700
1635830 700
1635840 699
1635850 699
1635860 697
1635870 694
1635880 694
1635890 691
1635900 687
1635910 687
1635920 684
1635930 681
1635940 681
1635950 679
1635960 677
1635970 677
1635980 675
1635990 674
1636000 674
1636010 672
1636020 671
1636030 671
1636040 670
1636050 669
1636060 669
1636070 668
1636080 666
1636090 666
1636100 665
1636110 663
1636120 663
1636130 662
1636140 661
1636150 661
1636160 659
1636170 658
1636180 658
1636190 657
1636200 656
1636210 656
1636220 655
1636230 654
1636240 654
1636250 653
1636260 653
1636270 653
1636280 653
1636290 654
1636300 654
1636310 654
1636320 654
1636330 654
1636340 653
1636350 652
1636360 652
1636370 650
1636380 649
1636390 649
1636400 649
1636410 650
1636420 650
1636430 652
1636440 656
1636450 656
1636460 659
1636470 662
1636480 662
1636490 665
1636500 668
1636510 668
1636520 670
1636530 671
1636540 671
1636550 671
1636560 670
1636570 670
1636580 669
1636590 667
1636600 667
1636610 665
1636620 663
1636630 663
1636640 662
1636650 662
1636660 662
1636670 664
1636680 667
1636690 667
1636700 670
1636710 674
1636720 674
1636730 678
1636740 681
1636750 681
1636760 684
1636770 687
1636780 687
1636790 689
1636800 691
1636810 691
1636820 692
1636830 693
1636840 693
1636850 693
1636860 693
1636870 693
1636880 693
1636890 694
1636900 694
1636910 693
1636920 693
1636930 693
1636940 693
1636950 693
1636960 693
1636970 692
1636980 692
1636990 692
1637000 692
1637010 691
1637020 691
1637030 691
1637040 691
1637050 691
1637060 690
1637070 690
1637080 690
1637090 690
1637100 690
1637110 690
1637120 690
1637130 690
1637140 690
1637150 690
1637160 690
1637170 690
1637180 690
1637190 690
1637200 690
1637210 689
1637220 689
1637230 689
1637240 689
1637250 690
1637260 690
1637270 689
1637280 690
1637290 690
1637300 690
1637310 690
1637320 690
1637330 689
1637340 687
1637350 687
1637360 685
1637370 687
1637380 687
1637390 685
1637400 685
1637410 685
1637420 686
1637430 690
1637440 690
1637450 694
1637460 696
1637470 696
1637480 697
1637490 698
1637500 698
1637510 699
1637520 699
1637530 699
1637540 699
1637550 699
1637560 699
1637570 699
1637580 700
1637590 700
1637600 700
1637610 699
1637620 699
1637630 699
1637640 699
1637650 699
1637660 700
1637670 700
1637680 700
1637690 699
1637700 699
1637710 699
1637720 698
1637730 698
1637740 698
1637750 697
1637760 696
1637770 696
1637780 695
1637790 694
1637800 694
1637810 694
1637820 692
1637830 692
1637840 691
1637850 690
1637860 690
1637870 690
1637880 689
1637890 689
1637900 689
1637910 688
1637920 688
1637930 688
1637940 687
1637950 687
1637960 686
1637970 686
1637980 686
1637990 685
1638000 685
1638010 684
1638020 684
1638030 684
1638040 683
1638050 682
1638060 682
1638070 681
1638080 680
1638090 680
1638100 679
1638110 678
1638120 678
1638130 677
1638140 676
1638150 676
1638160 674
1638170 673
1638180 673
1638190 671
1638200 669
1638210 669
1638220 671
1638230 669
1638240 669
1638250 667
1638260 665
1638270 665
1638280 663
1638290 661
1638300 661
1638310 660
1638320 659
1638330 659
1638340 658
1638350 657
1638360 657
1638370 656
1638380 655
1638390 655
1638400 655
1638410 656
1638420 656
1638430 657
1638440 658
1638450 658
1638460 659
1638470 660
1638480 660
1638490 660
1638500 661
1638510 661
1638520 661
1638530 662
1638540 662
1638550 662
1638560 663
1638570 663
1638580 663
1638590 664
1638600 664
1638610 665
1638620 666
1638630 666
1638640 667
1638650 667
1638660 667
1638670 668
1638680 669
1638690 669
1638700 669
1638710 670
1638720 670
1638730 670
1638740 669
1638750 669
1638760 669
1638770 668
1638780 668
1638790 667
1638800 665
1638810 665
1638820 664
1638830 662
1638840 662
1638850 660
1638860 659
1638870 659
1638880 658
1638890 657
1638900 657
1638910 656
1638920 655
1638930 655
1638940 654
1638950 653
1638960 653
1638970 652
1638980 649
1638990 649
1639000 647
1639010 644
1639020 644
1639030 641
1639040 639
1639050 639
1639060 639
1639070 640
1639080 640
1639090 644
1639100 648
1639110 648
1639120 650
1639130 652
1639140 652
1639150 653
1639160 654
1639170 654
1639180 655
1639190 657
1639200 657
1639210 658
1639220 659
1639230 659
1639240 660
1639250 661
1639260 661
1639270 662
1639280 663
1639290 663
1639300 664
1639310 664
1639320 664
1639330 665
1639340 665
1639350 665
1639360 666
1639370 667
1639380 667
1639390 668
1639400 669
1639410 669
1639420 669
1639430 669
1639440 669
1639450 669
1639460 669
1639470 669
1639480 669
1639490 668
1639500 668
1639510 668
1639520 667
1639530 667
1639540 667
1639550 665
1639560 665
1639570 665
1639580 664
1639590 664
1639600 663
1639610 661
1639620 661
1639630 659
1639640 656
1639650 656
1639660 653
1639670 651
1639680 651
1639690 649
1639700 648
1639710 648
1639720 646
1639730 646
1639740 646
1639750 645
1639760 644
1639770 644
1639780 642
1639790 641
1639800 641
1639810 639
1639820 638
1639830 638
1639840 637
1639850 634
1639860 634
1639870 629
1639880 624
1639890 624
1639900 622
1639910 620
1639920 620
1639930 621
1639940 624
1639950 624
1639960 626
1639970 628
1639980 628
1639990 631
