1620000 487
1620010 487
1620020 487
1620030 487
1620040 486
1620050 488
1620060 488
1620070 488
1620080 488
1620090 489
1620100 490
1620110 490
1620120 490
1620130 488
1620140 488
1620150 489
1620160 490
1620170 490
1620180 493
1620190 495
1620200 495
1620210 496
1620220 496
1620230 496
1620240 497
1620250 497
1620260 497
1620270 497
1620280 498
1620290 498
1620300 498
1620310 497
1620320 497
1620330 497
1620340 496
1620350 496
1620360 496
1620370 495
1620380 495
1620390 493
1620400 492
1620410 492
1620420 491
1620430 491
1620440 491
1620450 491
1620460 491
1620470 491
1620480 494
1620490 498
1620500 498
1620510 502
1620520 506
1620530 506
1620540 508
1620550 508
1620560 509
1620570 510
1620580 510
1620590 511
1620600 512
1620610 512
1620620 512
1620630 513
1620640 513
1620650 514
1620660 514
1620670 514
1620680 515
1620690 516
1620700 516
1620710 516
1620720 517
1620730 517
1620740 517
1620750 517
1620760 517
1620770 518
1620780 519
1620790 519
1620800 520
1620810 521
1620820 521
1620830 522
1620840 523
1620850 523
1620860 524
1620870 524
1620880 524
1620890 525
1620900 526
1620910 526
1620920 526
1620930 527
1620940 527
1620950 528
1620960 528
1620970 528
1620980 529
1620990 529
1621000 529
1621010 532
1621020 532
1621030 532
1621040 532
1621050 532
1621060 532
1621070 533
1621080 533
1621090 533
1621100 534
1621110 534
1621120 534
1621130 534
1621140 535
1621150 535
1621160 535
1621170 536
1621180 536
1621190 536
1621200 536
1621210 536
1621220 537
1621230 537
1621240 537
1621250 537
1621260 538
1621270 538
1621280 538
1621290 539
1621300 539
1621310 539
1621320 540
1621330 540
1621340 540
1621350 541
1621360 541
1621370 541
1621380 541
1621390 541
1621400 542
1621410 543
1621420 543
1621430 543
1621440 544
1621450 544
1621460 544
1621470 544
1621480 544
1621490 544
1621500 545
1621510 545
1621520 545
1621530 545
1621540 545
1621550 545
1621560 546
1621570 546
1621580 546
1621590 546
1621600 546
1621610 546
1621620 546
1621630 546
1621640 546
1621650 547
1621660 547
1621670 547
1621680 547
1621690 547
1621700 547
1621710 548
1621720 548
1621730 548
1621740 548
1621750 548
1621760 548
1621770 548
1621780 548
1621790 549
1621800 549
1621810 549
1621820 549
1621830 549
1621840 549
1621850 550
1621860 550
1621870 550
1621880 550
1621890 550
1621900 550
1621910 550
1621920 551
1621930 551
1621940 551
1621950 551
1621960 551
1621970 551
1621980 551
1621990 551
1622000 552
1622010 552
1622020 552
1622030 553
1622040 553
1622050 553
1622060 553
1622070 554
1622080 554
1622090 554
1622100 555
1622110 555
1622120 555
1622130 556
1622140 556
1622150 557
1622160 557
1622170 557
1622180 558
1622190 558
1622200 558
1622210 559
1622220 560
1622230 560
1622240 560
1622250 561
1622260 561
1622270 562
1622280 563
1622290 563
1622300 564
1622310 564
1622320 564
1622330 564
1622340 564
1622350 564
1622360 564
1622370 564
1622380 564
1622390 563
1622400 562
1622410 562
1622420 561
1622430 561
1622440 561
1622450 562
1622460 563
1622470 563
1622480 566
1622490 569
1622500 569
1622510 572
1622520 574
1622530 574
1622540 577
1622550 579
1622560 579
1622570 582
1622580 584
1622590 584
1622600 587
1622610 590
1622620 590
1622630 593
1622640 593
1622650 596
1622660 598
1622670 598
1622680 600
1622690 602
1622700 602
1622710 603
1622720 604
1622730 604
1622740 606
1622750 607
1622760 607
1622770 608
1622780 610
1622790 610
1622800 612
1622810 613
1622820 613
1622830 614
1622840 615
1622850 615
1622860 615
1622870 616
1622880 616
1622890 617
1622900 620
1622910 620
1622920 621
1622930 621
1622940 621
1622950 621
1622960 621
1622970 621
1622980 621
1622990 620
1623000 620
1623010 620
1623020 620
1623030 620
1623040 619
1623050 619
1623060 619
1623070 619
1623080 618
1623090 618
1623100 618
1623110 617
1623120 617
1623130 617
1623140 617
1623150 617
1623160 616
1623170 615
1623180 615
1623190 615
1623200 614
1623210 614
1623220 613
1623230 612
1623240 612
1623250 610
1623260 608
1623270 608
1623280 606
1623290 603
1623300 603
1623310 601
1623320 599
1623330 599
1623340 597
1623350 596
1623360 596
1623370 597
1623380 598
1623390 598
1623400 600
1623410 602
1623420 602
1623430 603
1623440 605
1623450 605
1623460 607
1623470 608
1623480 608
1623490 608
1623500 610
1623510 610
1623520 610
1623530 611
1623540 611
1623550 611
1623560 611
1623570 611
1623580 610
1623590 610
1623600 610
1623610 609
1623620 609
1623630 609
1623640 608
1623650 608
1623660 608
1623670 608
1623680 608
1623690 608
1623700 608
1623710 609
1623720 609
1623730 609
1623740 610
1623750 610
1623760 611
1623770 612
1623780 612
1623790 612
1623800 612
1623810 612
1623820 612
1623830 611
1623840 612
1623850 611
1623860 610
1623870 610
1623880 609
1623890 608
1623900 608
1623910 606
1623920 605
1623930 605
1623940 604
1623950 602
1623960 602
1623970 601
1623980 599
1623990 599
1624000 598
1624010 597
1624020 597
1624030 595
1624040 594
1624050 594
1624060 592
1624070 591
1624080 591
1624090 590
1624100 588
1624110 588
1624120 587
1624130 585
1624140 585
1624150 584
1624160 582
1624170 582
1624180 581
1624190 579
1624200 579
1624210 578
1624220 576
1624230 576
1624240 575
1624250 573
1624260 573
1624270 571
1624280 568
1624290 568
1624300 565
1624310 560
1624320 560
1624330 553
1624340 547
1624350 547
1624360 540
1624370 533
1624380 533
1624390 526
1624400 519
1624410 519
1624420 513
1624430 508
1624440 508
1624450 504
1624460 499
1624470 499
1624480 496
1624490 494
1624500 494
1624510 491
1624520 488
1624530 488
1624540 486
1624550 484
1624560 484
1624570 482
1624580 480
1624590 480
1624600 478
1624610 476
1624620 476
1624630 475
1624640 477
1624650 477
1624660 480
1624670 479
1624680 479
1624690 477
1624700 474
1624710 474
1624720 472
1624730 472
1624740 473
1624750 472
1624760 472
1624770 476
1624780 472
1624790 472
1624800 467
1624810 460
1624820 460
1624830 452
1624840 445
1624850 445
1624860 438
1624870 431
1624880 431
1624890 424
1624900 418
1624910 418
1624920 411
1624930 405
1624940 405
1624950 400
1624960 397
1624970 397
1624980 395
1624990 395
1625000 395
1625010 396
1625020 402
1625030 402
1625040 411
1625050 419
1625060 419
1625070 425
1625080 431
1625090 431
1625100 435
1625110 440
1625120 440
1625130 444
1625140 447
1625150 447
1625160 450
1625170 452
1625180 452
1625190 453
1625200 454
1625210 454
1625220 455
1625230 459
1625240 459
1625250 463
1625260 468
1625270 468
1625280 473
1625290 478
1625300 478
1625310 483
1625320 488
1625330 488
1625340 492
1625350 497
1625360 497
1625370 503
1625380 510
1625390 510
1625400 518
1625410 526
1625420 526
1625430 535
1625440 544
1625450 544
1625460 552
1625470 558
1625480 558
1625490 562
1625500 567
1625510 567
1625520 573
1625530 577
1625540 577
1625550 582
1625560 587
1625570 587
1625580 591
1625590 595
1625600 595
1625610 599
1625620 603
1625630 603
1625640 606
1625650 608
1625660 608
1625670 610
1625680 612
1625690 612
1625700 618
1625710 620
1625720 620
1625730 623
1625740 625
1625750 625
1625760 628
1625770 630
1625780 630
1625790 633
1625800 636
1625810 636
1625820 639
1625830 641
1625840 641
1625850 642
1625860 642
1625870 642
1625880 643
1625890 643
1625900 643
1625910 644
1625920 645
1625930 645
1625940 645
1625950 646
1625960 646
1625970 647
1625980 648
1625990 648
1626000 650
1626010 651
1626020 651
1626030 652
1626040 654
1626050 654
1626060 656
1626070 658
1626080 658
1626090 661
1626100 664
1626110 664
1626120 665
1626130 666
1626140 666
1626150 667
1626160 667
1626170 667
1626180 667
1626190 668
1626200 668
1626210 668
1626220 668
1626230 668
1626240 668
1626250 668
1626260 668
1626270 668
1626280 668
1626290 668
1626300 668
1626310 667
1626320 667
1626330 666
1626340 666
1626350 666
1626360 665
1626370 664
1626380 664
1626390 663
1626400 662
1626410 662
1626420 660
1626430 658
1626440 658
1626450 656
1626460 653
1626470 653
1626480 651
1626490 650
1626500 650
1626510 648
1626520 647
1626530 647
1626540 647
1626550 647
1626560 647
1626570 648
1626580 648
1626590 648
1626600 649
1626610 647
1626620 647
1626630 646
1626640 646
1626650 646
1626660 645
1626670 644
1626680 644
1626690 641
1626700 639
1626710 639
1626720 636
1626730 634
1626740 634
1626750 631
1626760 628
1626770 628
1626780 625
1626790 623
1626800 623
1626810 620
1626820 617
1626830 617
1626840 613
1626850 613
1626860 610
1626870 607
1626880 607
1626890 603
1626900 599
1626910 599
1626920 596
1626930 594
1626940 594
1626950 591
1626960 588
1626970 588
1626980 585
1626990 582
1627000 582
1627010 580
1627020 578
1627030 578
1627040 576
1627050 574
1627060 574
1627070 572
1627080 570
1627090 570
1627100 569
1627110 567
1627120 567
1627130 565
1627140 563
1627150 563
1627160 561
1627170 559
1627180 559
1627190 557
1627200 554
1627210 554
1627220 549
1627230 545
1627240 545
1627250 538
1627260 531
1627270 531
1627280 524
1627290 518
1627300 518
1627310 511
1627320 503
1627330 503
1627340 497
1627350 492
1627360 492
1627370 490
1627380 489
1627390 489
1627400 486
1627410 484
1627420 484
1627430 484
1627440 485
1627450 485
1627460 485
1627470 486
1627480 486
1627490 486
1627500 487
1627510 487
1627520 483
1627530 482
1627540 482
1627550 481
1627560 477
1627570 477
1627580 473
1627590 469
1627600 469
1627610 466
1627620 464
1627630 464
1627640 461
1627650 459
1627660 459
1627670 456
1627680 454
1627690 454
1627700 452
1627710 450
1627720 450
1627730 448
1627740 447
1627750 447
1627760 445
1627770 444
1627780 444
1627790 441
1627800 438
1627810 438
1627820 433
1627830 430
1627840 430
1627850 427
1627860 425
1627870 425
1627880 423
1627890 423
1627900 423
1627910 422
1627920 422
1627930 422
1627940 422
1627950 422
1627960 422
1627970 422
1627980 422
1627990 422
1628000 422
1628010 422
1628020 422
1628030 422
1628040 422
1628050 422
1628060 422
1628070 422
1628080 422
1628090 422
1628100 422
1628110 422
1628120 422
1628130 422
1628140 422
1628150 422
1628160 422
1628170 422
1628180 422
1628190 422
1628200 422
1628210 422
1628220 422
1628230 422
1628240 423
1628250 423
1628260 423
1628270 423
1628280 423
1628290 423
1628300 423
1628310 423
1628320 423
1628330 423
1628340 423
1628350 423
1628360 423
1628370 423
1628380 423
1628390 423
1628400 423
1628410 423
1628420 424
1628430 424
1628440 424
1628450 424
1628460 424
1628470 424
1628480 424
1628490 425
1628500 425
1628510 425
1628520 424
1628530 424
1628540 424
1628550 424
1628560 424
1628570 424
1628580 424
1628590 424
1628600 424
1628610 424
1628620 424
1628630 425
1628640 425
1628650 425
1628660 425
1628670 425
1628680 425
1628690 425
1628700 425
1628710 425
1628720 426
1628730 426
1628740 426
1628750 426
1628760 426
1628770 426
1628780 428
1628790 431
1628800 431
1628810 434
1628820 437
1628830 437
1628840 441
1628850 445
1628860 445
1628870 448
1628880 451
1628890 451
1628900 453
1628910 455
1628920 455
1628930 456
1628940 456
1628950 458
1628960 461
1628970 461
1628980 464
1628990 468
1629000 468
1629010 471
1629020 473
1629030 473
1629040 476
1629050 477
1629060 477
1629070 478
1629080 479
1629090 479
1629100 480
1629110 482
1629120 482
1629130 484
1629140 485
1629150 485
1629160 485
1629170 485
1629180 485
1629190 485
1629200 484
1629210 484
1629220 483
1629230 483
1629240 483
1629250 483
1629260 484
1629270 484
1629280 485
1629290 487
1629300 487
1629310 489
1629320 491
1629330 486
1629340 487
1629350 489
1629360 489
1629370 490
1629380 491
1629390 491
1629400 491
1629410 490
1629420 490
1629430 489
1629440 489
1629450 489
1629460 489
1629470 489
1629480 489
1629490 490
1629500 489
1629510 489
1629520 488
1629530 486
1629540 486
1629550 485
1629560 484
1629570 484
1629580 482
1629590 480
1629600 480
1629610 478
1629620 476
1629630 476
1629640 473
1629650 471
1629660 471
1629670 469
1629680 467
1629690 467
1629700 465
1629710 463
1629720 463
1629730 461
1629740 461
1629750 461
1629760 460
1629770 460
1629780 460
1629790 459
1629800 459
1629810 459
1629820 458
1629830 456
1629840 456
1629850 454
1629860 454
1629870 454
1629880 454
1629890 454
1629900 454
1629910 454
1629920 454
1629930 454
1629940 454
1629950 454
1629960 454
1629970 454
1629980 455
1629990 455
1630000 454
1630010 453
1630020 453
1630030 451
1630040 449
1630050 449
1630060 449
1630070 450
1630080 450
1630090 452
1630100 454
1630110 454
1630120 454
1630130 453
1630140 453
1630150 452
1630160 452
1630170 452
1630180 451
1630190 451
1630200 451
1630210 452
1630220 453
1630230 452
1630240 453
1630250 453
1630260 453
1630270 453
1630280 455
1630290 455
1630300 456
1630310 458
1630320 458
1630330 458
1630340 459
1630350 459
1630360 459
1630370 459
1630380 459
1630390 458
1630400 458
1630410 458
1630420 459
1630430 463
1630440 463
1630450 467
1630460 471
1630470 471
1630480 474
1630490 475
1630500 475
1630510 476
1630520 477
1630530 477
1630540 480
1630550 485
1630560 485
1630570 488
1630580 491
1630590 491
1630600 494
1630610 496
1630620 496
1630630 497
1630640 499
1630650 499
1630660 501
1630670 503
1630680 503
1630690 505
1630700 507
1630710 507
1630720 510
1630730 513
1630740 513
1630750 515
1630760 518
1630770 518
1630780 520
1630790 523
1630800 523
1630810 525
1630820 528
1630830 528
1630840 530
1630850 531
1630860 531
1630870 532
1630880 533
1630890 533
1630900 534
1630910 536
1630920 536
1630930 538
1630940 540
1630950 540
1630960 542
1630970 545
1630980 545
1630990 548
1631000 550
1631010 550
1631020 551
1631030 551
1631040 554
1631050 555
1631060 555
1631070 557
1631080 559
1631090 559
1631100 560
1631110 561
1631120 562
1631130 564
1631140 565
1631150 565
1631160 566
1631170 567
1631180 567
1631190 568
1631200 568
1631210 568
1631220 569
1631230 570
1631240 570
1631250 571
1631260 572
1631270 572
1631280 573
1631290 574
1631300 574
1631310 575
1631320 577
1631330 577
1631340 578
1631350 578
1631360 578
1631370 579
1631380 580
1631390 580
1631400 580
1631410 581
1631420 581
1631430 582
1631440 583
1631450 583
1631460 584
1631470 585
1631480 585
1631490 586
1631500 588
1631510 588
1631520 588
1631530 589
1631540 589
1631550 590
1631560 591
1631570 591
1631580 592
1631590 593
1631600 593
1631610 594
1631620 595
1631630 595
1631640 596
1631650 596
1631660 596
1631670 597
1631680 598
1631690 598
1631700 599
1631710 599
1631720 599
1631730 600
1631740 601
1631750 601
1631760 601
1631770 602
1631780 602
1631790 603
1631800 603
1631810 603
1631820 604
1631830 604
1631840 604
1631850 605
1631860 605
1631870 605
1631880 606
1631890 606
1631900 606
1631910 606
1631920 606
1631930 606
1631940 607
1631950 607
1631960 607
1631970 607
1631980 607
1631990 607
1632000 606
1632010 605
1632020 605
1632030 605
1632040 605
1632050 605
1632060 605
1632070 604
1632080 604
1632090 603
1632100 601
1632110 601
1632120 599
1632130 598
1632140 598
1632150 596
1632160 595
1632170 595
1632180 596
1632190 597
1632200 597
1632210 599
1632220 600
1632230 600
1632240 601
1632250 601
1632260 601
1632270 601
1632280 600
1632290 600
1632300 599
1632310 598
1632320 598
1632330 598
1632340 597
1632350 597
1632360 597
1632370 597
1632380 597
1632390 596
1632400 596
1632410 596
1632420 596
1632430 596
1632440 596
1632450 596
1632460 596
1632470 596
1632480 597
1632490 598
1632500 598
1632510 599
1632520 600
1632530 600
1632540 601
1632550 601
1632560 601
1632570 602
1632580 603
1632590 603
1632600 603
1632610 604
1632620 604
1632630 605
1632640 605
1632650 605
1632660 606
1632670 606
1632680 606
1632690 607
1632700 607
1632710 607
1632720 608
1632730 609
1632740 609
1632750 609
1632760 610
1632770 610
1632780 610
1632790 611
1632800 611
1632810 611
1632820 611
1632830 611
1632840 611
1632850 611
1632860 611
1632870 612
1632880 615
1632890 615
1632900 616
1632910 617
1632920 617
1632930 618
1632940 619
1632950 619
1632960 619
1632970 619
1632980 619
1632990 619
1633000 620
1633010 620
1633020 621
1633030 622
1633040 622
1633050 622
1633060 623
1633070 623
1633080 623
1633090 623
1633100 623
1633110 623
1633120 623
1633130 622
1633140 622
1633150 622
1633160 621
1633170 621
1633180 621
1633190 621
1633200 622
1633210 622
1633220 623
1633230 624
1633240 624
1633250 625
1633260 626
1633270 626
1633280 627
1633290 628
1633300 628
1633310 628
1633320 629
1633330 629
1633340 630
1633350 630
1633360 630
1633370 630
1633380 631
1633390 631
1633400 631
1633410 631
1633420 631
1633430 631
1633440 632
1633450 632
1633460 632
1633470 632
1633480 632
1633490 633
1633500 633
1633510 633
1633520 632
1633530 630
1633540 630
1633550 628
1633560 626
1633570 626
1633580 622
1633590 619
1633600 619
1633610 615
1633620 612
1633630 612
1633640 610
1633650 607
1633660 607
1633670 604
1633680 602
1633690 602
1633700 602
1633710 603
1633720 603
1633730 605
1633740 607
1633750 608
1633760 610
1633770 611
1633780 611
1633790 612
1633800 614
1633810 614
1633820 615
1633830 617
1633840 617
1633850 618
1633860 619
1633870 619
1633880 621
1633890 623
1633900 623
1633910 625
1633920 627
1633930 627
1633940 628
1633950 630
1633960 630
1633970 632
1633980 634
1633990 634
1634000 636
1634010 638
1634020 638
1634030 640
1634040 642
1634050 642
1634060 644
1634070 646
1634080 646
1634090 648
1634100 650
1634110 650
1634120 652
1634130 652
1634140 652
1634150 653
1634160 653
1634170 653
1634180 654
1634190 654
1634200 654
1634210 655
1634220 655
1634230 655
1634240 655
1634250 655
1634260 655
1634270 655
1634280 655
1634290 655
1634300 655
1634310 656
1634320 656
1634330 656
1634340 656
1634350 656
1634360 655
1634370 654
1634380 654
1634390 653
1634400 652
1634410 652
1634420 651
1634430 649
1634440 649
1634450 646
1634460 643
1634470 643
1634480 641
1634490 640
1634500 640
1634510 640
1634520 640
1634530 640
1634540 641
1634550 641
1634560 641
1634570 641
1634580 640
1634590 640
1634600 639
1634610 638
1634620 638
1634630 635
1634640 631
1634650 631
1634660 627
1634670 625
1634680 625
1634690 624
1634700 624
1634710 624
1634720 627
1634730 629
1634740 629
1634750 631
1634760 632
1634770 632
1634780 633
1634790 634
1634800 634
1634810 634
1634820 634
1634830 634
1634840 634
1634850 632
1634860 632
1634870 630
1634880 628
1634890 628
1634900 626
1634910 622
1634920 622
1634930 622
1634940 623
1634950 623
1634960 624
1634970 625
1634980 625
1634990 626
1635000 628
1635010 628
1635020 629
1635030 630
1635040 630
1635050 631
1635060 633
1635070 633
1635080 635
1635090 637
1635100 637
1635110 638
1635120 640
1635130 640
1635140 641
1635150 643
1635160 643
1635170 645
1635180 646
1635190 646
1635200 648
1635210 648
1635220 649
1635230 650
1635240 650
1635250 651
1635260 652
1635270 652
1635280 654
1635290 655
1635300 655
1635310 656
1635320 657
1635330 657
1635340 658
1635350 659
1635360 659
1635370 660
1635380 661
1635390 661
1635400 663
1635410 664
1635420 664
1635430 664
1635440 665
1635450 665
1635460 665
1635470 666
1635480 666
1635490 666
1635500 666
1635510 666
1635520 667
1635530 667
1635540 667
1635550 667
1635560 667
1635570 667
1635580 667
1635590 668
1635600 668
1635610 669
1635620 669
1635630 669
1635640 670
1635650 670
1635660 670
1635670 671
1635680 672
1635690 672
1635700 673
1635710 674
1635720 674
1635730 676
1635740 677
1635750 677
1635760 679
1635770 682
1635780 682
1635790 684
1635800 686
1635810 686
1635820 689
1635830 691
1635840 691
1635850 693
1635860 695
1635870 695
1635880 696
1635890 697
1635900 697
1635910 698
1635920 699
1635930 699
1635940 699
1635950 699
1635960 699
1635970 699
1635980 699
1635990 699
1636000 699
1636010 699
1636020 699
1636030 699
1636040 698
1636050 698
1636060 697
1636070 697
1636080 697
1636090 696
1636100 695
1636110 695
1636120 695
1636130 695
1636140 695
1636150 694
1636160 694
1636170 694
1636180 694
1636190 693
1636200 693
1636210 693
1636220 692
1636230 692
1636240 691
1636250 690
1636260 690
1636270 689
1636280 688
1636290 688
1636300 686
1636310 684
1636320 684
1636330 681
1636340 679
1636350 679
1636360 677
1636370 675
1636380 675
1636390 673
1636400 672
1636410 672
1636420 671
1636430 670
1636440 670
1636450 668
1636460 667
1636470 667
1636480 666
1636490 666
1636500 666
1636510 663
1636520 661
1636530 661
1636540 662
1636550 664
1636560 664
1636570 667
1636580 672
1636590 672
1636600 678
1636610 683
1636620 683
1636630 687
1636640 691
1636650 691
1636660 693
1636670 694
1636680 694
1636690 694
1636700 694
1636710 694
1636720 694
1636730 694
1636740 694
1636750 693
1636760 692
1636770 692
1636780 690
1636790 690
1636800 690
1636810 689
1636820 689
1636830 689
1636840 690
1636850 690
1636860 690
1636870 691
1636880 692
1636890 692
1636900 694
1636910 695
1636920 695
1636930 697
1636940 698
1636950 698
1636960 701
1636970 705
1636980 705
1636990 708
1637000 711
1637010 711
1637020 713
1637030 715
1637040 715
1637050 718
1637060 720
1637070 720
1637080 720
1637090 720
1637100 720
1637110 718
1637120 715
1637130 715
1637140 712
1637150 710
1637160 710
1637170 708
1637180 709
1637190 709
1637200 712
1637210 714
1637220 714
1637230 720
1637240 726
1637250 726
1637260 731
1637270 731
1637280 734
1637290 735
1637300 735
1637310 737
1637320 738
1637330 738
1637340 739
1637350 739
1637360 739
1637370 738
1637380 738
1637390 738
1637400 739
1637410 739
1637420 739
1637430 739
1637440 739
1637450 739
1637460 739
1637470 738
1637480 738
1637490 737
1637500 736
1637510 736
1637520 735
1637530 734
1637540 734
1637550 733
1637560 732
1637570 732
1637580 732
1637590 731
1637600 731
1637610 730
1637620 729
1637630 729
1637640 729
1637650 728
1637660 728
1637670 727
1637680 725
1637690 725
1637700 723
1637710 722
1637720 722
1637730 721
1637740 720
1637750 720
1637760 721
1637770 721
1637780 721
1637790 720
1637800 720
1637810 720
1637820 719
1637830 719
1637840 719
1637850 718
1637860 717
1637870 717
1637880 717
1637890 716
1637900 716
1637910 716
1637920 715
1637930 715
1637940 714
1637950 713
1637960 713
1637970 711
1637980 709
1637990 709
1638000 706
1638010 702
1638020 702
1638030 699
1638040 695
1638050 695
1638060 693
1638070 692
1638080 692
1638090 693
1638100 695
1638110 695
1638120 698
1638130 701
1638140 701
1638150 702
1638160 702
1638170 702
1638180 703
1638190 703
1638200 703
1638210 702
1638220 702
1638230 702
1638240 701
1638250 700
1638260 700
1638270 699
1638280 698
1638290 698
1638300 697
1638310 695
1638320 695
1638330 694
1638340 692
1638350 692
1638360 690
1638370 688
1638380 688
1638390 685
1638400 683
1638410 683
1638420 681
1638430 680
1638440 680
1638450 681
1638460 682
1638470 682
1638480 684
1638490 686
1638500 686
1638510 687
1638520 688
1638530 688
1638540 688
1638550 688
1638560 688
1638570 688
1638580 688
1638590 688
1638600 688
1638610 688
1638620 688
1638630 688
1638640 688
1638650 688
1638660 687
1638670 687
1638680 687
1638690 687
1638700 686
1638710 686
1638720 686
1638730 685
1638740 685
1638750 685
1638760 684
1638770 684
1638780 683
1638790 683
1638800 683
1638810 682
1638820 680
1638830 680
1638840 679
1638850 677
1638860 677
1638870 676
1638880 674
1638890 674
1638900 670
1638910 668
1638920 668
1638930 667
1638940 670
1638950 670
1638960 674
1638970 678
1638980 678
1638990 681
1639000 684
1639010 684
1639020 686
1639030 688
1639040 688
1639050 690
1639060 692
1639070 692
1639080 694
1639090 694
1639100 694
1639110 694
1639120 693
1639130 693
1639140 693
1639150 692
1639160 692
1639170 692
1639180 691
1639190 691
1639200 690
1639210 690
1639220 690
1639230 689
1639240 688
1639250 688
1639260 687
1639270 685
1639280 685
1639290 684
1639300 682
1639310 682
1639320 678
1639330 675
1639340 675
1639350 672
1639360 672
1639370 669
1639380 667
1639390 667
1639400 666
1639410 665
1639420 665
1639430 665
1639440 665
1639450 665
1639460 664
1639470 664
1639480 664
1639490 663
1639500 661
1639510 661
1639520 660
1639530 659
1639540 659
1639550 659
1639560 659
1639570 659
1639580 658
1639590 657
1639600 657
1639610 656
1639620 654
1639630 654
1639640 653
1639650 653
1639660 653
1639670 653
1639680 653
1639690 653
1639700 654
1639710 654
1639720 654
1639730 654
1639740 653
1639750 653
1639760 653
1639770 653
1639780 653
1639790 652
1639800 652
1639810 652
1639820 651
1639830 651
1639840 651
1639850 650
1639860 650
1639870 650
1639880 650
1639890 649
1639900 649
1639910 649
1639920 648
1639930 648
1639940 648
1639950 647
1639960 647
1639970 646
1639980 645
1639990 645
