1620000 521
1620010 525
1620020 525
1620030 528
1620040 531
1620050 531
1620060 532
1620070 531
1620080 531
1620090 529
1620100 526
1620110 526
1620120 523
1620130 524
1620140 524
1620150 525
1620160 528
1620170 528
1620180 533
1620190 538
1620200 538
1620210 543
1620220 548
1620230 548
1620240 553
1620250 558
1620260 558
1620270 563
1620280 567
1620290 567
1620300 570
1620310 572
1620320 572
1620330 574
1620340 574
1620350 574
1620360 574
1620370 575
1620380 575
1620390 576
1620400 577
1620410 577
1620420 578
1620430 579
1620440 579
1620450 580
1620460 581
1620470 581
1620480 582
1620490 582
1620500 582
1620510 582
1620520 582
1620530 582
1620540 581
1620550 580
1620560 580
1620570 578
1620580 575
1620590 575
1620600 571
1620610 567
1620620 567
1620630 565
1620640 568
1620650 568
1620660 570
1620670 571
1620680 571
1620690 572
1620700 574
1620710 574
1620720 575
1620730 577
1620740 577
1620750 579
1620760 581
1620770 581
1620780 583
1620790 584
1620800 584
1620810 586
1620820 588
1620830 588
1620840 590
1620850 592
1620860 592
1620870 594
1620880 597
1620890 597
1620900 599
1620910 602
1620920 602
1620930 604
1620940 606
1620950 606
1620960 608
1620970 610
1620980 610
1620990 612
1621000 614
1621010 614
1621020 616
1621030 617
1621040 617
1621050 619
1621060 621
1621070 621
1621080 623
1621090 624
1621100 624
1621110 626
1621120 626
1621130 628
1621140 631
1621150 631
1621160 633
1621170 635
1621180 635
1621190 637
1621200 640
1621210 640
1621220 642
1621230 644
1621240 644
1621250 647
1621260 650
1621270 650
1621280 652
1621290 654
1621300 654
1621310 656
1621320 657
1621330 657
1621340 658
1621350 658
1621360 658
1621370 659
1621380 660
1621390 660
1621400 660
1621410 660
1621420 660
1621430 659
1621440 659
1621450 659
1621460 658
1621470 657
1621480 657
1621490 656
1621500 655
1621510 655
1621520 654
1621530 653
1621540 653
1621550 652
1621560 651
1621570 651
1621580 649
1621590 647
1621600 647
1621610 646
1621620 645
1621630 645
1621640 643
1621650 642
1621660 642
1621670 641
1621680 639
1621690 639
1621700 637
1621710 635
1621720 635
1621730 633
1621740 630
1621750 630
1621760 628
1621770 627
1621780 627
1621790 625
1621800 625
1621810 625
1621820 625
1621830 625
1621840 625
1621850 626
1621860 626
1621870 626
1621880 626
1621890 626
1621900 626
1621910 627
1621920 627
1621930 627
1621940 628
1621950 629
1621960 629
1621970 629
1621980 630
1621990 630
1622000 632
1622010 633
1622020 633
1622030 635
1622040 637
1622050 637
1622060 639
1622070 640
1622080 640
1622090 642
1622100 644
1622110 644
1622120 646
1622130 648
1622140 648
1622150 651
1622160 653
1622170 653
1622180 654
1622190 655
1622200 655
1622210 656
1622220 657
1622230 657
1622240 658
1622250 659
1622260 659
1622270 658
1622280 658
1622290 658
1622300 658
1622310 658
1622320 658
1622330 658
1622340 658
1622350 658
1622360 657
1622370 657
1622380 657
1622390 657
1622400 656
1622410 656
1622420 656
1622430 656
1622440 656
1622450 655
1622460 655
1622470 655
1622480 655
1622490 654
1622500 654
1622510 653
1622520 653
1622530 653
1622540 653
1622550 652
1622560 652
1622570 652
1622580 652
1622590 652
1622600 651
1622610 651
1622620 651
1622630 650
1622640 650
1622650 650
1622660 650
1622670 649
1622680 649
1622690 649
1622700 648
1622710 648
1622720 648
1622730 647
1622740 647
1622750 646
1622760 646
1622770 646
1622780 645
1622790 644
1622800 644
1622810 644
1622820 643
1622830 643
1622840 642
1622850 642
1622860 641
1622870 639
1622880 639
1622890 637
1622900 636
1622910 636
1622920 634
1622930 631
1622940 631
1622950 629
1622960 627
1622970 627
1622980 625
1622990 623
1623000 623
1623010 622
1623020 620
1623030 620
1623040 619
1623050 618
1623060 618
1623070 616
1623080 614
1623090 614
1623100 613
1623110 611
1623120 611
1623130 609
1623140 608
1623150 608
1623160 607
1623170 606
1623180 606
1623190 605
1623200 604
1623210 604
1623220 603
1623230 602
1623240 602
1623250 602
1623260 601
1623270 601
1623280 600
1623290 599
1623300 599
1623310 598
1623320 597
1623330 597
1623340 595
1623350 594
1623360 594
1623370 593
1623380 592
1623390 592
1623400 591
1623410 590
1623420 590
1623430 589
1623440 588
1623450 588
1623460 587
1623470 586
1623480 586
1623490 585
1623500 585
1623510 585
1623520 584
1623530 583
1623540 583
1623550 583
1623560 582
1623570 582
1623580 581
1623590 581
1623600 581
1623610 580
1623620 580
1623630 580
1623640 580
1623650 580
1623660 580
1623670 580
1623680 581
1623690 581
1623700 583
1623710 583
1623720 583
1623730 584
1623740 585
1623750 585
1623760 585
1623770 585
1623780 585
1623790 586
1623800 586
1623810 586
1623820 586
1623830 586
1623840 586
1623850 585
1623860 584
1623870 584
1623880 583
1623890 581
1623900 581
1623910 578
1623920 576
1623930 576
1623940 575
1623950 575
1623960 575
1623970 574
1623980 575
1623990 575
1624000 577
1624010 580
1624020 580
1624030 583
1624040 584
1624050 584
1624060 586
1624070 588
1624080 588
1624090 589
1624100 590
1624110 590
1624120 592
1624130 593
1624140 593
1624150 594
1624160 595
1624170 595
1624180 595
1624190 596
1624200 596
1624210 596
1624220 596
1624230 596
1624240 596
1624250 596
1624260 596
1624270 596
1624280 596
1624290 596
1624300 596
1624310 596
1624320 596
1624330 595
1624340 595
1624350 595
1624360 594
1624370 594
1624380 594
1624390 594
1624400 593
1624410 593
1624420 593
1624430 592
1624440 592
1624450 592
1624460 591
1624470 591
1624480 591
1624490 591
1624500 591
1624510 591
1624520 590
1624530 590
1624540 589
1624550 589
1624560 588
1624570 588
1624580 588
1624590 587
1624600 586
1624610 586
1624620 585
1624630 585
1624640 585
1624650 584
1624660 583
1624670 583
1624680 581
1624690 581
1624700 581
1624710 581
1624720 581
1624730 581
1624740 582
1624750 583
1624760 583
1624770 584
1624780 586
1624790 586
1624800 589
1624810 590
1624820 590
1624830 591
1624840 592
1624850 594
1624860 594
1624870 594
1624880 594
1624890 595
1624900 595
1624910 595
1624920 596
1624930 597
1624940 597
1624950 597
1624960 597
1624970 597
1624980 598
1624990 598
1625000 598
1625010 599
1625020 599
1625030 599
1625040 599
1625050 599
1625060 599
1625070 600
1625080 600
1625090 600
1625100 601
1625110 601
1625120 601
1625130 601
1625140 600
1625150 600
1625160 600
1625170 600
1625180 600
1625190 600
1625200 599
1625210 599
1625220 599
1625230 599
1625240 599
1625250 598
1625260 597
1625270 597
1625280 596
1625290 595
1625300 595
1625310 594
1625320 592
1625330 592
1625340 591
1625350 589
1625360 589
1625370 587
1625380 586
1625390 586
1625400 584
1625410 582
1625420 582
1625430 580
1625440 579
1625450 579
1625460 577
1625470 576
1625480 576
1625490 574
1625500 573
1625510 573
1625520 572
1625530 571
1625540 571
1625550 570
1625560 568
1625570 568
1625580 567
1625590 565
1625600 565
1625610 564
1625620 563
1625630 563
1625640 561
1625650 556
1625660 556
1625670 555
1625680 555
1625690 555
1625700 555
1625710 555
1625720 555
1625730 557
1625740 563
1625750 563
1625760 569
1625770 574
1625780 575
1625790 580
1625800 585
1625810 585
1625820 591
1625830 597
1625840 597
1625850 600
1625860 602
1625870 602
1625880 603
1625890 606
1625900 606
1625910 609
1625920 609
1625930 609
1625940 609
1625950 608
1625960 608
1625970 608
1625980 606
1625990 606
1626000 603
1626010 600
1626020 600
1626030 597
1626040 595
1626050 595
1626060 592
1626070 589
1626080 589
1626090 586
1626100 583
1626110 583
1626120 580
1626130 579
1626140 579
1626150 579
1626160 580
1626170 580
1626180 580
1626190 583
1626200 583
1626210 586
1626220 586
1626230 586
1626240 588
1626250 589
1626260 589
1626270 591
1626280 591
1626290 591
1626300 592
1626310 592
1626320 593
1626330 594
1626340 594
1626350 595
1626360 597
1626370 597
1626380 597
1626390 598
1626400 598
1626410 598
1626420 598
1626430 598
1626440 598
1626450 598
1626460 598
1626470 598
1626480 598
1626490 598
1626500 598
1626510 598
1626520 598
1626530 598
1626540 597
1626550 597
1626560 597
1626570 597
1626580 597
1626590 596
1626600 596
1626610 596
1626620 595
1626630 595
1626640 595
1626650 594
1626660 593
1626670 593
1626680 592
1626690 591
1626700 591
1626710 591
1626720 590
1626730 590
1626740 590
1626750 589
1626760 589
1626770 589
1626780 589
1626790 589
1626800 587
1626810 586
1626820 586
1626830 586
1626840 586
1626850 586
1626860 586
1626870 586
1626880 586
1626890 585
1626900 585
1626910 585
1626920 584
1626930 581
1626940 581
1626950 579
1626960 578
1626970 578
1626980 579
1626990 581
1627000 581
1627010 586
1627020 589
1627030 589
1627040 592
1627050 595
1627060 595
1627070 596
1627080 597
1627090 597
1627100 598
1627110 598
1627120 598
1627130 599
1627140 599
1627150 599
1627160 599
1627170 599
1627180 599
1627190 599
1627200 600
1627210 600
1627220 600
1627230 600
1627240 600
1627250 601
1627260 601
1627270 601
1627280 602
1627290 602
1627300 602
1627310 603
1627320 603
1627330 603
1627340 603
1627350 604
1627360 604
1627370 605
1627380 605
1627390 605
1627400 605
1627410 606
1627420 606
1627430 606
1627440 606
1627450 606
1627460 607
1627470 607
1627480 607
1627490 608
1627500 609
1627510 609
1627520 609
1627530 610
1627540 610
1627550 610
1627560 611
1627570 611
1627580 611
1627590 612
1627600 612
1627610 612
1627620 612
1627630 612
1627640 611
1627650 611
1627660 611
1627670 611
1627680 611
1627690 611
1627700 611
1627710 611
1627720 611
1627730 611
1627740 610
1627750 610
1627760 610
1627770 609
1627780 609
1627790 609
1627800 609
1627810 609
1627820 608
1627830 608
1627840 608
1627850 607
1627860 606
1627870 606
1627880 605
1627890 604
1627900 604
1627910 603
1627920 602
1627930 602
1627940 600
1627950 598
1627960 598
1627970 596
1627980 596
1627990 594
1628000 592
1628010 592
1628020 590
1628030 589
1628040 589
1628050 587
1628060 586
1628070 586
1628080 587
1628090 588
1628100 588
1628110 589
1628120 590
1628130 590
1628140 590
1628150 590
1628160 590
1628170 591
1628180 591
1628190 591
1628200 591
1628210 591
1628220 591
1628230 591
1628240 591
1628250 591
1628260 591
1628270 591
1628280 591
1628290 591
1628300 591
1628310 591
1628320 591
1628330 591
1628340 591
1628350 591
1628360 590
1628370 590
1628380 590
1628390 590
1628400 590
1628410 590
1628420 591
1628430 591
1628440 592
1628450 592
1628460 592
1628470 593
1628480 593
1628490 593
1628500 593
1628510 592
1628520 592
1628530 592
1628540 591
1628550 591
1628560 590
1628570 589
1628580 589
1628590 588
1628600 586
1628610 586
1628620 585
1628630 583
1628640 583
1628650 581
1628660 579
1628670 579
1628680 574
1628690 569
1628700 569
1628710 563
1628720 557
1628730 557
1628740 552
1628750 547
1628760 547
1628770 541
1628780 537
1628790 537
1628800 537
1628810 542
1628820 542
1628830 547
1628840 548
1628850 548
1628860 548
1628870 548
1628880 548
1628890 548
1628900 549
1628910 549
1628920 551
1628930 553
1628940 553
1628950 554
1628960 554
1628970 554
1628980 554
1628990 553
1629000 553
1629010 552
1629020 551
1629030 551
1629040 550
1629050 548
1629060 548
1629070 544
1629080 541
1629090 541
1629100 540
1629110 539
1629120 539
1629130 538
1629140 538
1629150 538
1629160 538
1629170 537
1629180 537
1629190 535
1629200 530
1629210 530
1629220 524
1629230 520
1629240 520
1629250 516
1629260 514
1629270 514
1629280 511
1629290 508
1629300 508
1629310 504
1629320 500
1629330 500
1629340 496
1629350 492
1629360 492
1629370 489
1629380 485
1629390 485
1629400 482
1629410 486
1629420 486
1629430 486
1629440 485
1629450 485
1629460 483
1629470 478
1629480 478
1629490 472
1629500 467
1629510 467
1629520 465
1629530 466
1629540 466
1629550 469
1629560 475
1629570 475
1629580 483
1629590 492
1629600 492
1629610 499
1629620 505
1629630 505
1629640 511
1629650 516
1629660 516
1629670 522
1629680 528
1629690 528
1629700 534
1629710 534
1629720 540
1629730 545
1629740 545
1629750 549
1629760 553
1629770 553
1629780 556
1629790 558
1629800 558
1629810 560
1629820 561
1629830 561
1629840 562
1629850 561
1629860 561
1629870 557
1629880 551
1629890 551
1629900 545
1629910 541
1629920 541
1629930 537
1629940 533
1629950 533
1629960 530
1629970 529
1629980 529
1629990 529
1630000 531
1630010 531
1630020 533
1630030 534
1630040 534
1630050 531
1630060 525
1630070 525
1630080 522
1630090 522
1630100 522
1630110 521
1630120 515
1630130 515
1630140 507
1630150 498
1630160 498
1630170 490
1630180 485
1630190 485
1630200 483
1630210 484
1630220 484
1630230 488
1630240 490
1630250 490
1630260 493
1630270 498
1630280 498
1630290 503
1630300 507
1630310 504
1630320 510
1630330 518
1630340 518
1630350 526
1630360 532
1630370 532
1630380 538
1630390 543
1630400 543
1630410 548
1630420 552
1630430 552
1630440 557
1630450 561
1630460 561
1630470 561
1630480 563
1630490 563
1630500 568
1630510 571
1630520 571
1630530 572
1630540 568
1630550 568
1630560 565
1630570 564
1630580 564
1630590 564
1630600 565
1630610 565
1630620 565
1630630 565
1630640 565
1630650 564
1630660 563
1630670 563
1630680 562
1630690 560
1630700 560
1630710 557
1630720 555
1630730 555
1630740 554
1630750 552
1630760 552
1630770 549
1630780 546
1630790 546
1630800 543
1630810 540
1630820 540
1630830 539
1630840 538
1630850 538
1630860 537
1630870 537
1630880 537
1630890 537
1630900 538
1630910 538
1630920 539
1630930 540
1630940 540
1630950 540
1630960 541
1630970 541
1630980 542
1630990 543
1631000 543
1631010 544
1631020 545
1631030 545
1631040 546
1631050 546
1631060 546
1631070 546
1631080 545
1631090 545
1631100 545
1631110 545
1631120 545
1631130 544
1631140 541
1631150 541
1631160 538
1631170 537
1631180 537
1631190 536
1631200 528
1631210 528
1631220 525
1631230 521
1631240 521
1631250 518
1631260 517
1631270 517
1631280 515
1631290 514
1631300 514
1631310 512
1631320 511
1631330 511
1631340 510
1631350 510
1631360 510
1631370 510
1631380 511
1631390 511
1631400 512
1631410 512
1631420 513
1631430 514
1631440 514
1631450 515
1631460 515
1631470 515
1631480 515
1631490 515
1631500 515
1631510 516
1631520 516
1631530 516
1631540 516
1631550 515
1631560 515
1631570 514
1631580 513
1631590 513
1631600 511
1631610 511
1631620 511
1631630 511
1631640 510
1631650 510
1631660 510
1631670 511
1631680 511
1631690 512
1631700 513
1631710 513
1631720 513
1631730 512
1631740 512
1631750 514
1631760 521
1631770 521
1631780 526
1631790 528
1631800 528
1631810 529
1631820 528
1631830 528
1631840 525
1631850 523
1631860 523
1631870 522
1631880 521
1631890 521
1631900 521
1631910 521
1631920 521
1631930 522
1631940 522
1631950 522
1631960 522
1631970 523
1631980 523
1631990 524
1632000 525
1632010 525
1632020 524
1632030 523
1632040 523
1632050 522
1632060 521
1632070 521
1632080 515
1632090 516
1632100 516
1632110 517
1632120 518
1632130 518
1632140 518
1632150 518
1632160 518
1632170 520
1632180 522
1632190 522
1632200 525
1632210 528
1632220 528
1632230 530
1632240 533
1632250 533
1632260 534
1632270 536
1632280 536
1632290 538
1632300 540
1632310 540
1632320 543
1632330 547
1632340 547
1632350 550
1632360 553
1632370 553
1632380 556
1632390 560
1632400 560
1632410 564
1632420 567
1632430 567
1632440 569
1632450 569
1632460 569
1632470 571
1632480 572
1632490 572
1632500 574
1632510 576
1632520 576
1632530 578
1632540 581
1632550 581
1632560 583
1632570 585
1632580 585
1632590 585
1632600 585
1632610 585
1632620 586
1632630 588
1632640 588
1632650 590
1632660 592
1632670 592
1632680 593
1632690 594
1632700 594
1632710 595
1632720 597
1632730 597
1632740 600
1632750 603
1632760 603
1632770 605
1632780 607
1632790 607
1632800 610
1632810 614
1632820 614
1632830 620
1632840 626
1632850 626
1632860 632
1632870 641
1632880 641
1632890 648
1632900 655
1632910 655
1632920 660
1632930 665
1632940 665
1632950 670
1632960 674
1632970 674
1632980 679
1632990 684
1633000 684
1633010 689
1633020 696
1633030 696
1633040 702
1633050 706
1633060 706
1633070 710
1633080 714
1633090 714
1633100 716
1633110 716
1633120 718
1633130 723
1633140 723
1633150 726
1633160 729
1633170 729
1633180 730
1633190 731
1633200 731
1633210 730
1633220 729
1633230 729
1633240 726
1633250 723
1633260 723
1633270 720
1633280 717
1633290 717
1633300 715
1633310 714
1633320 714
1633330 713
1633340 713
1633350 713
1633360 714
1633370 714
1633380 714
1633390 715
1633400 717
1633410 717
1633420 719
1633430 722
1633440 722
1633450 725
1633460 729
1633470 729
1633480 732
1633490 734
1633500 734
1633510 736
1633520 738
1633530 738
1633540 741
1633550 743
1633560 743
1633570 745
1633580 746
1633590 746
1633600 745
1633610 743
1633620 743
1633630 741
1633640 739
1633650 739
1633660 736
1633670 732
1633680 732
1633690 729
1633700 725
1633710 725
1633720 721
1633730 718
1633740 718
1633750 716
1633760 714
1633770 714
1633780 711
1633790 708
1633800 708
1633810 706
1633820 703
1633830 703
1633840 699
1633850 698
1633860 698
1633870 697
1633880 696
1633890 696
1633900 695
1633910 694
1633920 694
1633930 693
1633940 693
1633950 693
1633960 692
1633970 690
1633980 690
1633990 689
1634000 687
1634010 687
1634020 686
1634030 684
1634040 684
1634050 681
1634060 679
1634070 679
1634080 677
1634090 674
1634100 674
1634110 672
1634120 670
1634130 670
1634140 667
1634150 664
1634160 664
1634170 661
1634180 659
1634190 659
1634200 657
1634210 654
1634220 654
1634230 651
1634240 648
1634250 648
1634260 644
1634270 640
1634280 640
1634290 635
1634300 631
1634310 631
1634320 628
1634330 627
1634340 627
1634350 625
1634360 621
1634370 621
1634380 614
1634390 607
1634400 607
1634410 600
1634420 596
1634430 596
1634440 597
1634450 600
1634460 600
1634470 604
1634480 608
1634490 608
1634500 614
1634510 620
1634520 620
1634530 625
1634540 629
1634550 629
1634560 633
1634570 638
1634580 638
1634590 641
1634600 642
1634610 642
1634620 643
1634630 643
1634640 643
1634650 643
1634660 641
1634670 641
1634680 639
1634690 636
1634700 636
1634710 630
1634720 626
1634730 626
1634740 624
1634750 623
1634760 623
1634770 621
1634780 619
1634790 619
1634800 617
1634810 617
1634820 615
1634830 614
1634840 614
1634850 613
1634860 612
1634870 612
1634880 612
1634890 613
1634900 613
1634910 614
1634920 615
1634930 615
1634940 617
1634950 618
1634960 618
1634970 621
1634980 624
1634990 624
1635000 627
1635010 630
1635020 630
1635030 633
1635040 636
1635050 636
1635060 636
1635070 637
1635080 637
1635090 636
1635100 634
1635110 634
1635120 633
1635130 633
1635140 633
1635150 633
1635160 633
1635170 633
1635180 634
1635190 634
1635200 634
1635210 634
1635220 633
1635230 633
1635240 633
1635250 633
1635260 633
1635270 633
1635280 632
1635290 632
1635300 632
1635310 631
1635320 631
1635330 631
1635340 630
1635350 630
1635360 629
1635370 627
1635380 627
1635390 625
1635400 621
1635410 621
1635420 615
1635430 609
1635440 609
1635450 603
1635460 599
1635470 599
1635480 596
1635490 592
1635500 592
1635510 591
1635520 595
1635530 595
1635540 601
1635550 606
1635560 606
1635570 612
1635580 616
1635590 616
1635600 620
1635610 625
1635620 625
1635630 630
1635640 634
1635650 634
1635660 639
1635670 643
1635680 643
1635690 645
1635700 646
1635710 646
1635720 646
1635730 647
1635740 647
1635750 647
1635760 647
1635770 647
1635780 647
1635790 648
1635800 648
1635810 648
1635820 648
1635830 648
1635840 648
1635850 647
1635860 647
1635870 646
1635880 645
1635890 645
1635900 644
1635910 642
1635920 642
1635930 641
1635940 640
1635950 640
1635960 638
1635970 637
1635980 637
1635990 637
1636000 636
1636010 636
1636020 635
1636030 634
1636040 634
1636050 633
1636060 632
1636070 632
1636080 631
1636090 629
1636100 629
1636110 627
1636120 625
1636130 625
1636140 624
1636150 624
1636160 624
1636170 625
1636180 626
1636190 626
1636200 627
1636210 627
1636220 627
1636230 626
1636240 626
1636250 626
1636260 624
1636270 623
1636280 623
1636290 622
1636300 621
1636310 621
1636320 621
1636330 621
1636340 621
1636350 618
1636360 617
1636370 617
1636380 620
1636390 626
1636400 626
1636410 632
1636420 637
1636430 635
1636440 640
1636450 644
1636460 644
1636470 648
1636480 651
1636490 651
1636500 654
1636510 654
1636520 657
1636530 660
1636540 660
1636550 663
1636560 666
1636570 666
1636580 669
1636590 672
1636600 672
1636610 675
1636620 678
1636630 678
1636640 681
1636650 683
1636660 683
1636670 686
1636680 689
1636690 689
1636700 691
1636710 693
1636720 693
1636730 695
1636740 697
1636750 697
1636760 698
1636770 700
1636780 700
1636790 701
1636800 702
1636810 702
1636820 702
1636830 703
1636840 703
1636850 703
1636860 702
1636870 702
1636880 701
1636890 701
1636900 701
1636910 701
1636920 701
1636930 701
1636940 701
1636950 701
1636960 701
1636970 701
1636980 701
1636990 701
1637000 702
1637010 702
1637020 702
1637030 703
1637040 704
1637050 704
1637060 705
1637070 706
1637080 706
1637090 706
1637100 706
1637110 706
1637120 706
1637130 706
1637140 706
1637150 705
1637160 704
1637170 704
1637180 703
1637190 703
1637200 703
1637210 707
1637220 712
1637230 712
1637240 716
1637250 719
1637260 719
1637270 722
1637280 723
1637290 719
1637300 721
1637310 722
1637320 722
1637330 723
1637340 724
1637350 724
1637360 725
1637370 725
1637380 725
1637390 726
1637400 726
1637410 726
1637420 727
1637430 729
1637440 729
1637450 731
1637460 733
1637470 733
1637480 735
1637490 738
1637500 738
1637510 740
1637520 743
1637530 743
1637540 746
1637550 748
1637560 748
1637570 751
1637580 753
1637590 753
1637600 756
1637610 758
1637620 758
1637630 760
1637640 763
1637650 763
1637660 766
1637670 769
1637680 769
1637690 772
1637700 774
1637710 774
1637720 775
1637730 776
1637740 776
1637750 777
1637760 778
1637770 778
1637780 779
1637790 780
1637800 780
1637810 781
1637820 782
1637830 782
1637840 783
1637850 783
1637860 783
1637870 783
1637880 783
1637890 783
1637900 783
1637910 783
1637920 783
1637930 783
1637940 783
1637950 783
1637960 782
1637970 782
1637980 782
1637990 782
1638000 781
1638010 781
1638020 781
1638030 780
1638040 780
1638050 780
1638060 780
1638070 780
1638080 779
1638090 779
1638100 779
1638110 779
1638120 778
1638130 778
1638140 779
1638150 779
1638160 779
1638170 779
1638180 779
1638190 778
1638200 777
1638210 777
1638220 776
1638230 775
1638240 775
1638250 774
1638260 773
1638270 773
1638280 772
1638290 771
1638300 771
1638310 770
1638320 768
1638330 768
1638340 767
1638350 765
1638360 765
1638370 764
1638380 762
1638390 762
1638400 758
1638410 756
1638420 756
1638430 756
1638440 756
1638450 756
1638460 757
1638470 758
1638480 758
1638490 760
1638500 760
1638510 760
1638520 761
1638530 762
1638540 762
1638550 762
1638560 761
1638570 761
1638580 760
1638590 759
1638600 759
1638610 759
1638620 760
1638630 760
1638640 762
1638650 763
1638660 763
1638670 765
1638680 767
1638690 767
1638700 768
1638710 768
1638720 768
1638730 770
1638740 771
1638750 771
1638760 774
1638770 776
1638780 776
1638790 778
1638800 780
1638810 780
1638820 782
1638830 783
1638840 783
1638850 783
1638860 783
1638870 783
1638880 783
1638890 783
1638900 783
1638910 784
1638920 785
1638930 785
1638940 785
1638950 786
1638960 786
1638970 786
1638980 787
1638990 787
1639000 787
1639010 787
1639020 787
1639030 788
1639040 789
1639050 789
1639060 789
1639070 789
1639080 789
1639090 789
1639100 789
1639110 789
1639120 788
1639130 787
1639140 787
1639150 786
1639160 782
1639170 782
1639180 779
1639190 778
1639200 778
1639210 777
1639220 775
1639230 775
1639240 773
1639250 771
1639260 771
1639270 768
1639280 764
1639290 764
1639300 759
1639310 754
1639320 754
1639330 750
1639340 747
1639350 747
1639360 744
1639370 740
1639380 740
1639390 737
1639400 735
1639410 735
1639420 734
1639430 733
1639440 733
1639450 731
1639460 730
1639470 730
1639480 729
1639490 728
1639500 728
1639510 727
1639520 725
1639530 725
1639540 722
1639550 719
1639560 719
1639570 716
1639580 713
1639590 713
1639600 710
1639610 707
1639620 707
1639630 704
1639640 702
1639650 702
1639660 699
1639670 695
1639680 695
1639690 690
1639700 686
1639710 686
1639720 682
1639730 681
1639740 681
1639750 683
1639760 687
1639770 687
1639780 690
1639790 692
1639800 692
1639810 692
1639820 690
1639830 690
1639840 688
1639850 682
1639860 682
1639870 679
1639880 679
1639890 681
1639900 685
1639910 685
1639920 687
1639930 689
1639940 689
1639950 692
1639960 693
1639970 693
1639980 695
1639990 698
