1620000 591
1620010 592
1620020 592
1620030 593
1620040 595
1620050 595
1620060 597
1620070 601
1620080 601
1620090 605
1620100 609
1620110 609
1620120 613
1620130 616
1620140 616
1620150 618
1620160 619
1620170 619
1620180 621
1620190 622
1620200 622
1620210 624
1620220 626
1620230 626
1620240 629
1620250 632
1620260 632
1620270 636
1620280 640
1620290 640
1620300 643
1620310 644
1620320 644
1620330 645
1620340 647
1620350 647
1620360 648
1620370 649
1620380 649
1620390 650
1620400 650
1620410 650
1620420 650
1620430 649
1620440 649
1620450 649
1620460 648
1620470 648
1620480 647
1620490 646
1620500 646
1620510 644
1620520 642
1620530 642
1620540 640
1620550 638
1620560 638
1620570 636
1620580 635
1620590 635
1620600 634
1620610 633
1620620 633
1620630 633
1620640 632
1620650 632
1620660 631
1620670 631
1620680 631
1620690 631
1620700 630
1620710 630
1620720 629
1620730 628
1620740 628
1620750 627
1620760 626
1620770 626
1620780 625
1620790 623
1620800 623
1620810 621
1620820 619
1620830 619
1620840 618
1620850 616
1620860 616
1620870 615
1620880 613
1620890 613
1620900 611
1620910 610
1620920 610
1620930 608
1620940 606
1620950 606
1620960 602
1620970 597
1620980 597
1620990 593
1621000 589
1621010 589
1621020 584
1621030 580
1621040 580
1621050 576
1621060 573
1621070 573
1621080 569
1621090 565
1621100 565
1621110 560
1621120 557
1621130 557
1621140 559
1621150 563
1621160 563
1621170 566
1621180 571
1621190 571
1621200 575
1621210 579
1621220 579
1621230 583
1621240 587
1621250 587
1621260 591
1621270 591
1621280 594
1621290 597
1621300 597
1621310 599
1621320 601
1621330 601
1621340 603
1621350 604
1621360 604
1621370 605
1621380 606
1621390 606
1621400 606
1621410 607
1621420 607
1621430 608
1621440 608
1621450 608
1621460 609
1621470 609
1621480 609
1621490 609
1621500 610
1621510 610
1621520 610
1621530 611
1621540 611
1621550 612
1621560 612
1621570 612
1621580 613
1621590 614
1621600 614
1621610 615
1621620 615
1621630 615
1621640 615
1621650 616
1621660 616
1621670 616
1621680 616
1621690 616
1621700 616
1621710 616
1621720 616
1621730 617
1621740 617
1621750 617
1621760 617
1621770 619
1621780 619
1621790 620
1621800 622
1621810 622
1621820 623
1621830 624
1621840 624
1621850 625
1621860 628
1621870 628
1621880 629
1621890 630
1621900 630
1621910 631
1621920 632
1621930 632
1621940 632
1621950 633
1621960 633
1621970 634
1621980 635
1621990 635
1622000 636
1622010 636
1622020 636
1622030 637
1622040 638
1622050 638
1622060 638
1622070 638
1622080 638
1622090 639
1622100 639
1622110 639
1622120 639
1622130 639
1622140 639
1622150 638
1622160 637
1622170 637
1622180 636
1622190 635
1622200 635
1622210 634
1622220 634
1622230 634
1622240 634
1622250 633
1622260 633
1622270 632
1622280 632
1622290 632
1622300 631
1622310 631
1622320 631
1622330 632
1622340 632
1622350 632
1622360 632
1622370 632
1622380 632
1622390 633
1622400 634
1622410 634
1622420 635
1622430 636
1622440 636
1622450 637
1622460 638
1622470 638
1622480 640
1622490 641
1622500 641
1622510 642
1622520 642
1622530 642
1622540 643
1622550 644
1622560 644
1622570 645
1622580 645
1622590 645
1622600 646
1622610 647
1622620 647
1622630 647
1622640 648
1622650 648
1622660 649
1622670 650
1622680 650
1622690 651
1622700 652
1622710 652
1622720 654
1622730 655
1622740 655
1622750 656
1622760 657
1622770 657
1622780 659
1622790 660
1622800 661
1622810 662
1622820 662
1622830 663
1622840 664
1622850 664
1622860 664
1622870 664
1622880 664
1622890 664
1622900 664
1622910 664
1622920 665
1622930 665
1622940 665
1622950 665
1622960 665
1622970 665
1622980 665
1622990 665
1623000 665
1623010 666
1623020 666
1623030 666
1623040 666
1623050 667
1623060 667
1623070 667
1623080 667
1623090 667
1623100 668
1623110 668
1623120 668
1623130 668
1623140 669
1623150 669
1623160 669
1623170 669
1623180 669
1623190 670
1623200 670
1623210 670
1623220 671
1623230 671
1623240 671
1623250 672
1623260 672
1623270 672
1623280 673
1623290 673
1623300 673
1623310 673
1623320 673
1623330 673
1623340 672
1623350 672
1623360 672
1623370 672
1623380 672
1623390 672
1623400 671
1623410 671
1623420 671
1623430 670
1623440 670
1623450 670
1623460 669
1623470 668
1623480 668
1623490 667
1623500 667
1623510 667
1623520 666
1623530 665
1623540 665
1623550 664
1623560 662
1623570 662
1623580 661
1623590 659
1623600 659
1623610 657
1623620 656
1623630 656
1623640 656
1623650 655
1623660 655
1623670 654
1623680 654
1623690 654
1623700 654
1623710 654
1623720 654
1623730 653
1623740 654
1623750 654
1623760 652
1623770 650
1623780 650
1623790 647
1623800 644
1623810 644
1623820 642
1623830 639
1623840 639
1623850 637
1623860 634
1623870 634
1623880 633
1623890 631
1623900 631
1623910 630
1623920 628
1623930 628
1623940 627
1623950 626
1623960 626
1623970 625
1623980 623
1623990 623
1624000 621
1624010 621
1624020 621
1624030 620
1624040 618
1624050 618
1624060 617
1624070 617
1624080 617
1624090 618
1624100 619
1624110 619
1624120 621
1624130 623
1624140 623
1624150 626
1624160 629
1624170 629
1624180 633
1624190 635
1624200 635
1624210 637
1624220 639
1624230 639
1624240 640
1624250 641
1624260 641
1624270 642
1624280 642
1624290 642
1624300 642
1624310 642
1624320 642
1624330 642
1624340 643
1624350 643
1624360 644
1624370 644
1624380 645
1624390 646
1624400 646
1624410 648
1624420 649
1624430 649
1624440 652
1624450 654
1624460 654
1624470 657
1624480 661
1624490 661
1624500 665
1624510 669
1624520 669
1624530 672
1624540 672
1624550 672
1624560 672
1624570 672
1624580 672
1624590 671
1624600 671
1624610 671
1624620 669
1624630 667
1624640 667
1624650 663
1624660 660
1624670 661
1624680 661
1624690 663
1624700 663
1624710 664
1624720 666
1624730 666
1624740 668
1624750 670
1624760 670
1624770 671
1624780 672
1624790 672
1624800 671
1624810 671
1624820 671
1624830 671
1624840 671
1624850 671
1624860 672
1624870 673
1624880 673
1624890 674
1624900 675
1624910 675
1624920 676
1624930 677
1624940 677
1624950 678
1624960 678
1624970 678
1624980 679
1624990 680
1625000 680
1625010 681
1625020 682
1625030 682
1625040 683
1625050 685
1625060 685
1625070 686
1625080 687
1625090 687
1625100 688
1625110 689
1625120 689
1625130 690
1625140 690
1625150 690
1625160 690
1625170 690
1625180 690
1625190 689
1625200 688
1625210 688
1625220 687
1625230 686
1625240 686
1625250 684
1625260 682
1625270 682
1625280 681
1625290 679
1625300 679
1625310 676
1625320 673
1625330 673
1625340 671
1625350 669
1625360 669
1625370 667
1625380 666
1625390 666
1625400 665
1625410 663
1625420 663
1625430 662
1625440 661
1625450 661
1625460 660
1625470 659
1625480 659
1625490 658
1625500 657
1625510 657
1625520 656
1625530 656
1625540 656
1625550 655
1625560 654
1625570 654
1625580 653
1625590 652
1625600 651
1625610 650
1625620 649
1625630 649
1625640 647
1625650 646
1625660 646
1625670 645
1625680 644
1625690 644
1625700 643
1625710 642
1625720 642
1625730 641
1625740 640
1625750 640
1625760 640
1625770 639
1625780 639
1625790 639
1625800 640
1625810 640
1625820 641
1625830 641
1625840 641
1625850 642
1625860 643
1625870 643
1625880 645
1625890 645
1625900 647
1625910 649
1625920 649
1625930 651
1625940 653
1625950 653
1625960 655
1625970 656
1625980 656
1625990 658
1626000 659
1626010 659
1626020 661
1626030 662
1626040 662
1626050 663
1626060 665
1626070 665
1626080 666
1626090 667
1626100 667
1626110 669
1626120 670
1626130 670
1626140 671
1626150 673
1626160 673
1626170 675
1626180 678
1626190 678
1626200 681
1626210 683
1626220 683
1626230 686
1626240 687
1626250 687
1626260 688
1626270 689
1626280 689
1626290 690
1626300 691
1626310 691
1626320 692
1626330 694
1626340 694
1626350 695
1626360 696
1626370 696
1626380 697
1626390 698
1626400 698
1626410 699
1626420 700
1626430 700
1626440 700
1626450 701
1626460 701
1626470 702
1626480 702
1626490 702
1626500 702
1626510 702
1626520 703
1626530 703
1626540 703
1626550 703
1626560 703
1626570 702
1626580 702
1626590 702
1626600 701
1626610 701
1626620 701
1626630 700
1626640 700
1626650 699
1626660 698
1626670 698
1626680 699
1626690 700
1626700 700
1626710 700
1626720 701
1626730 701
1626740 701
1626750 702
1626760 702
1626770 702
1626780 703
1626790 703
1626800 703
1626810 702
1626820 702
1626830 702
1626840 701
1626850 701
1626860 701
1626870 700
1626880 700
1626890 699
1626900 699
1626910 699
1626920 698
1626930 697
1626940 697
1626950 696
1626960 695
1626970 695
1626980 694
1626990 693
1627000 693
1627010 692
1627020 691
1627030 691
1627040 690
1627050 689
1627060 689
1627070 687
1627080 686
1627090 686
1627100 685
1627110 684
1627120 684
1627130 683
1627140 683
1627150 683
1627160 682
1627170 682
1627180 682
1627190 683
1627200 685
1627210 685
1627220 687
1627230 689
1627240 689
1627250 690
1627260 690
1627270 690
1627280 691
1627290 691
1627300 691
1627310 692
1627320 693
1627330 693
1627340 694
1627350 695
1627360 695
1627370 695
1627380 696
1627390 696
1627400 697
1627410 697
1627420 697
1627430 697
1627440 697
1627450 698
1627460 698
1627470 698
1627480 699
1627490 699
1627500 699
1627510 700
1627520 700
1627530 700
1627540 700
1627550 700
1627560 700
1627570 701
1627580 701
1627590 701
1627600 701
1627610 701
1627620 701
1627630 701
1627640 699
1627650 699
1627660 698
1627670 696
1627680 696
1627690 694
1627700 692
1627710 692
1627720 691
1627730 690
1627740 690
1627750 690
1627760 690
1627770 690
1627780 690
1627790 690
1627800 690
1627810 689
1627820 690
1627830 690
1627840 689
1627850 688
1627860 688
1627870 688
1627880 688
1627890 688
1627900 688
1627910 688
1627920 688
1627930 688
1627940 688
1627950 688
1627960 687
1627970 687
1627980 687
1627990 687
1628000 688
1628010 688
1628020 689
1628030 689
1628040 689
1628050 689
1628060 689
1628070 689
1628080 689
1628090 690
1628100 690
1628110 690
1628120 690
1628130 690
1628140 689
1628150 688
1628160 688
1628170 686
1628180 685
1628190 685
1628200 684
1628210 684
1628220 684
1628230 683
1628240 682
1628250 682
1628260 681
1628270 681
1628280 681
1628290 680
1628300 681
1628310 681
1628320 681
1628330 681
1628340 685
1628350 686
1628360 687
1628370 687
1628380 688
1628390 689
1628400 689
1628410 690
1628420 690
1628430 690
1628440 691
1628450 690
1628460 690
1628470 689
1628480 688
1628490 688
1628500 688
1628510 688
1628520 688
1628530 687
1628540 686
1628550 686
1628560 685
1628570 684
1628580 684
1628590 683
1628600 682
1628610 682
1628620 681
1628630 679
1628640 679
1628650 676
1628660 673
1628670 673
1628680 670
1628690 665
1628700 665
1628710 662
1628720 660
1628730 660
1628740 658
1628750 655
1628760 655
1628770 652
1628780 648
1628790 648
1628800 644
1628810 639
1628820 639
1628830 634
1628840 630
1628850 630
1628860 627
1628870 625
1628880 625
1628890 622
1628900 620
1628910 620
1628920 617
1628930 615
1628940 615
1628950 612
1628960 610
1628970 610
1628980 607
1628990 607
1629000 604
1629010 601
1629020 601
1629030 598
1629040 595
1629050 595
1629060 592
1629070 590
1629080 590
1629090 587
1629100 585
1629110 585
1629120 584
1629130 582
1629140 582
1629150 578
1629160 572
1629170 572
1629180 567
1629190 562
1629200 562
1629210 557
1629220 551
1629230 551
1629240 544
1629250 537
1629260 537
1629270 531
1629280 526
1629290 526
1629300 522
1629310 519
1629320 519
1629330 521
1629340 522
1629350 522
1629360 522
1629370 522
1629380 522
1629390 521
1629400 520
1629410 520
1629420 518
1629430 516
1629440 516
1629450 513
1629460 511
1629470 511
1629480 510
1629490 509
1629500 509
1629510 511
1629520 513
1629530 513
1629540 514
1629550 514
1629560 514
1629570 512
1629580 511
1629590 511
1629600 509
1629610 505
1629620 505
1629630 500
1629640 494
1629650 494
1629660 489
1629670 487
1629680 487
1629690 487
1629700 487
1629710 487
1629720 489
1629730 494
1629740 494
1629750 500
1629760 506
1629770 506
1629780 511
1629790 516
1629800 516
1629810 521
1629820 525
1629830 525
1629840 530
1629850 535
1629860 535
1629870 539
1629880 543
1629890 543
1629900 549
1629910 554
1629920 554
1629930 559
1629940 563
1629950 563
1629960 566
1629970 570
1629980 570
1629990 573
1630000 576
1630010 576
1630020 578
1630030 581
1630040 581
1630050 583
1630060 585
1630070 585
1630080 588
1630090 592
1630100 592
1630110 595
1630120 599
1630130 599
1630140 605
1630150 608
1630160 608
1630170 610
1630180 612
1630190 612
1630200 614
1630210 616
1630220 616
1630230 617
1630240 617
1630250 617
1630260 618
1630270 619
1630280 619
1630290 619
1630300 619
1630310 619
1630320 620
1630330 621
1630340 621
1630350 622
1630360 622
1630370 622
1630380 622
1630390 622
1630400 622
1630410 622
1630420 622
1630430 622
1630440 622
1630450 622
1630460 622
1630470 623
1630480 623
1630490 623
1630500 624
1630510 624
1630520 625
1630530 625
1630540 625
1630550 626
1630560 626
1630570 626
1630580 627
1630590 627
1630600 627
1630610 628
1630620 628
1630630 628
1630640 628
1630650 628
1630660 628
1630670 628
1630680 629
1630690 629
1630700 630
1630710 631
1630720 631
1630730 633
1630740 635
1630750 635
1630760 637
1630770 640
1630780 640
1630790 642
1630800 645
1630810 645
1630820 648
1630830 650
1630840 650
1630850 652
1630860 654
1630870 654
1630880 656
1630890 659
1630900 659
1630910 661
1630920 663
1630930 663
1630940 665
1630950 667
1630960 667
1630970 669
1630980 672
1630990 672
1631000 674
1631010 677
1631020 677
1631030 683
1631040 686
1631050 686
1631060 689
1631070 692
1631080 692
1631090 695
1631100 698
1631110 698
1631120 701
1631130 703
1631140 703
1631150 706
1631160 708
1631170 708
1631180 710
1631190 713
1631200 713
1631210 717
1631220 720
1631230 720
1631240 723
1631250 727
1631260 727
1631270 731
1631280 734
1631290 734
1631300 735
1631310 733
1631320 733
1631330 729
1631340 723
1631350 723
1631360 719
1631370 714
1631380 714
1631390 711
1631400 707
1631410 707
1631420 704
1631430 702
1631440 702
1631450 703
1631460 704
1631470 704
1631480 707
1631490 710
1631500 710
1631510 713
1631520 716
1631530 716
1631540 719
1631550 720
1631560 720
1631570 720
1631580 719
1631590 719
1631600 717
1631610 714
1631620 714
1631630 709
1631640 705
1631650 705
1631660 702
1631670 699
1631680 699
1631690 697
1631700 695
1631710 695
1631720 695
1631730 696
1631740 696
1631750 697
1631760 699
1631770 699
1631780 701
1631790 702
1631800 702
1631810 704
1631820 706
1631830 706
1631840 708
1631850 710
1631860 710
1631870 711
1631880 712
1631890 712
1631900 713
1631910 714
1631920 716
1631930 717
1631940 718
1631950 718
1631960 719
1631970 720
1631980 720
1631990 722
1632000 725
1632010 725
1632020 728
1632030 728
1632040 731
1632050 734
1632060 734
1632070 737
1632080 739
1632090 739
1632100 741
1632110 743
1632120 743
1632130 744
1632140 746
1632150 746
1632160 747
1632170 749
1632180 749
1632190 750
1632200 752
1632210 752
1632220 754
1632230 755
1632240 755
1632250 757
1632260 759
1632270 759
1632280 762
1632290 764
1632300 764
1632310 767
1632320 770
1632330 770
1632340 771
1632350 772
1632360 772
1632370 772
1632380 772
1632390 772
1632400 772
1632410 771
1632420 771
1632430 770
1632440 770
1632450 770
1632460 769
1632470 768
1632480 768
1632490 767
1632500 766
1632510 766
1632520 765
1632530 764
1632540 764
1632550 763
1632560 762
1632570 762
1632580 761
1632590 759
1632600 759
1632610 758
1632620 757
1632630 757
1632640 756
1632650 754
1632660 754
1632670 753
1632680 752
1632690 752
1632700 750
1632710 749
1632720 749
1632730 748
1632740 746
1632750 746
1632760 744
1632770 742
1632780 742
1632790 741
1632800 742
1632810 742
1632820 740
1632830 738
1632840 738
1632850 735
1632860 731
1632870 731
1632880 728
1632890 726
1632900 726
1632910 724
1632920 722
1632930 722
1632940 720
1632950 719
1632960 719
1632970 717
1632980 716
1632990 716
1633000 715
1633010 714
1633020 714
1633030 713
1633040 712
1633050 712
1633060 710
1633070 706
1633080 706
1633090 701
1633100 697
1633110 697
1633120 694
1633130 692
1633140 692
1633150 691
1633160 691
1633170 691
1633180 692
1633190 693
1633200 693
1633210 694
1633220 695
1633230 695
1633240 696
1633250 696
1633260 696
1633270 697
1633280 696
1633290 696
1633300 696
1633310 695
1633320 695
1633330 694
1633340 693
1633350 693
1633360 690
1633370 686
1633380 686
1633390 680
1633400 674
1633410 674
1633420 669
1633430 666
1633440 666
1633450 665
1633460 668
1633470 668
1633480 671
1633490 673
1633500 673
1633510 676
1633520 678
1633530 678
1633540 680
1633550 681
1633560 681
1633570 682
1633580 682
1633590 683
1633600 683
1633610 683
1633620 682
1633630 681
1633640 681
1633650 680
1633660 677
1633670 677
1633680 674
1633690 671
1633700 671
1633710 670
1633720 670
1633730 670
1633740 671
1633750 671
1633760 671
1633770 670
1633780 669
1633790 669
1633800 669
1633810 671
1633820 671
1633830 673
1633840 678
1633850 678
1633860 684
1633870 688
1633880 688
1633890 692
1633900 695
1633910 695
1633920 698
1633930 701
1633940 701
1633950 703
1633960 705
1633970 705
1633980 706
1633990 707
1634000 707
1634010 709
1634020 709
1634030 709
1634040 710
1634050 711
1634060 711
1634070 711
1634080 711
1634090 711
1634100 711
1634110 712
1634120 712
1634130 712
1634140 714
1634150 714
1634160 714
1634170 715
1634180 715
1634190 716
1634200 717
1634210 717
1634220 717
1634230 718
1634240 718
1634250 719
1634260 720
1634270 720
1634280 721
1634290 723
1634300 723
1634310 725
1634320 727
1634330 727
1634340 729
1634350 731
1634360 731
1634370 733
1634380 735
1634390 735
1634400 736
1634410 738
1634420 738
1634430 739
1634440 741
1634450 741
1634460 742
1634470 744
1634480 744
1634490 744
1634500 744
1634510 744
1634520 744
1634530 744
1634540 744
1634550 749
1634560 750
1634570 750
1634580 751
1634590 752
1634600 752
1634610 753
1634620 754
1634630 754
1634640 755
1634650 755
1634660 755
1634670 755
1634680 755
1634690 755
1634700 756
1634710 756
1634720 756
1634730 755
1634740 753
1634750 753
1634760 751
1634770 748
1634780 748
1634790 748
1634800 749
1634810 749
1634820 750
1634830 752
1634840 752
1634850 752
1634860 753
1634870 753
1634880 753
1634890 754
1634900 754
1634910 755
1634920 757
1634930 757
1634940 759
1634950 761
1634960 761
1634970 763
1634980 765
1634990 765
1635000 768
1635010 772
1635020 772
1635030 776
1635040 779
1635050 779
1635060 783
1635070 785
1635080 785
1635090 787
1635100 787
1635110 788
1635120 789
1635130 789
1635140 790
1635150 791
1635160 791
1635170 793
1635180 795
1635190 795
1635200 795
1635210 795
1635220 795
1635230 794
1635240 792
1635250 792
1635260 790
1635270 788
1635280 788
1635290 786
1635300 784
1635310 784
1635320 781
1635330 778
1635340 778
1635350 775
1635360 772
1635370 772
1635380 769
1635390 767
1635400 767
1635410 769
1635420 767
1635430 767
1635440 763
1635450 756
1635460 756
1635470 749
1635480 743
1635490 743
1635500 738
1635510 738
1635520 738
1635530 740
1635540 743
1635550 743
1635560 746
1635570 749
1635580 749
1635590 751
1635600 752
1635610 752
1635620 753
1635630 754
1635640 754
1635650 755
1635660 758
1635670 758
1635680 759
1635690 760
1635700 760
1635710 761
1635720 761
1635730 761
1635740 761
1635750 760
1635760 760
1635770 759
1635780 759
1635790 759
1635800 758
1635810 756
1635820 756
1635830 754
1635840 753
1635850 753
1635860 750
1635870 748
1635880 748
1635890 745
1635900 743
1635910 743
1635920 740
1635930 737
1635940 737
1635950 734
1635960 731
1635970 731
1635980 728
1635990 726
1636000 726
1636010 724
1636020 721
1636030 721
1636040 719
1636050 717
1636060 717
1636070 715
1636080 712
1636090 712
1636100 710
1636110 707
1636120 707
1636130 705
1636140 703
1636150 703
1636160 700
1636170 696
1636180 696
1636190 691
1636200 687
1636210 687
1636220 684
1636230 682
1636240 682
1636250 681
1636260 681
1636270 681
1636280 681
1636290 679
1636300 679
1636310 677
1636320 673
1636330 673
1636340 670
1636350 668
1636360 668
1636370 668
1636380 667
1636390 667
1636400 667
1636410 667
1636420 667
1636430 666
1636440 666
1636450 666
1636460 666
1636470 666
1636480 666
1636490 666
1636500 666
1636510 666
1636520 666
1636530 666
1636540 666
1636550 666
1636560 666
1636570 666
1636580 666
1636590 668
1636600 668
1636610 670
1636620 670
1636630 672
1636640 675
1636650 675
1636660 677
1636670 678
1636680 678
1636690 678
1636700 678
1636710 678
1636720 678
1636730 678
1636740 678
1636750 677
1636760 676
1636770 676
1636780 675
1636790 674
1636800 674
1636810 673
1636820 671
1636830 671
1636840 669
1636850 666
1636860 666
1636870 663
1636880 660
1636890 660
1636900 655
1636910 651
1636920 651
1636930 646
1636940 642
1636950 642
1636960 638
1636970 635
1636980 635
1636990 631
1637000 626
1637010 626
1637020 622
1637030 619
1637040 619
1637050 616
1637060 615
1637070 615
1637080 615
1637090 614
1637100 614
1637110 611
1637120 607
1637130 603
1637140 598
1637150 593
1637160 593
1637170 592
1637180 592
1637190 592
1637200 593
1637210 594
1637220 594
1637230 597
1637240 600
1637250 600
1637260 600
1637270 599
1637280 599
1637290 599
1637300 602
1637310 602
1637320 607
1637330 613
1637340 613
1637350 617
1637360 621
1637370 621
1637380 624
1637390 627
1637400 627
1637410 629
1637420 631
1637430 631
1637440 633
1637450 635
1637460 635
1637470 636
1637480 638
1637490 638
1637500 640
1637510 642
1637520 642
1637530 644
1637540 646
1637550 646
1637560 648
1637570 650
1637580 650
1637590 651
1637600 653
1637610 653
1637620 654
1637630 656
1637640 656
1637650 657
1637660 659
1637670 659
1637680 660
1637690 661
1637700 661
1637710 662
1637720 664
1637730 664
1637740 665
1637750 665
1637760 665
1637770 665
1637780 665
1637790 665
1637800 664
1637810 664
1637820 664
1637830 663
1637840 662
1637850 662
1637860 662
1637870 661
1637880 661
1637890 660
1637900 659
1637910 659
1637920 658
1637930 656
1637940 656
1637950 656
1637960 656
1637970 656
1637980 660
1637990 660
1638000 660
1638010 660
1638020 660
1638030 660
1638040 661
1638050 661
1638060 661
1638070 660
1638080 660
1638090 660
1638100 660
1638110 660
1638120 660
1638130 660
1638140 660
1638150 659
1638160 660
1638170 660
1638180 660
1638190 660
1638200 660
1638210 659
1638220 659
1638230 659
1638240 657
1638250 655
1638260 655
1638270 653
1638280 650
1638290 650
1638300 647
1638310 644
1638320 644
1638330 642
1638340 640
1638350 640
1638360 637
1638370 635
1638380 635
1638390 632
1638400 630
1638410 630
1638420 628
1638430 629
1638440 629
1638450 633
1638460 636
1638470 636
1638480 638
1638490 640
1638500 640
1638510 641
1638520 643
1638530 643
1638540 645
1638550 648
1638560 648
1638570 650
1638580 652
1638590 652
1638600 654
1638610 656
1638620 656
1638630 657
1638640 658
1638650 658
1638660 660
1638670 660
1638680 660
1638690 661
1638700 662
1638710 662
1638720 662
1638730 663
1638740 663
1638750 662
1638760 660
1638770 660
1638780 659
1638790 658
1638800 658
1638810 658
1638820 658
1638830 661
1638840 662
1638850 663
1638860 663
1638870 663
1638880 663
1638890 663
1638900 663
1638910 663
1638920 663
1638930 663
1638940 664
1638950 664
1638960 665
1638970 667
1638980 667
1638990 668
1639000 670
1639010 670
1639020 673
1639030 675
1639040 675
1639050 677
1639060 679
1639070 679
1639080 682
1639090 685
1639100 685
1639110 689
1639120 692
1639130 692
1639140 695
1639150 697
1639160 697
1639170 700
1639180 702
1639190 702
1639200 703
1639210 704
1639220 704
1639230 704
1639240 705
1639250 705
1639260 705
1639270 705
1639280 705
1639290 704
1639300 702
1639310 702
1639320 700
1639330 698
1639340 698
1639350 696
1639360 693
1639370 693
1639380 690
1639390 687
1639400 687
1639410 684
1639420 680
1639430 680
1639440 676
1639450 672
1639460 672
1639470 669
1639480 665
1639490 665
1639500 662
1639510 659
1639520 659
1639530 657
1639540 654
1639550 654
1639560 652
1639570 650
1639580 650
1639590 648
1639600 647
1639610 647
1639620 646
1639630 644
1639640 644
1639650 643
1639660 641
1639670 642
1639680 640
1639690 640
1639700 639
1639710 638
1639720 638
1639730 636
1639740 635
1639750 635
1639760 634
1639770 631
1639780 631
1639790 628
1639800 625
1639810 625
1639820 622
1639830 620
1639840 620
1639850 617
1639860 615
1639870 615
1639880 613
1639890 611
1639900 611
1639910 609
1639920 608
1639930 608
1639940 606
1639950 605
1639960 605
1639970 603
1639980 601
1639990 601
