1620000 618
1620010 617
1620020 617
1620030 617
1620040 618
1620050 618
1620060 620
1620070 622
1620080 622
1620090 623
1620100 624
1620110 624
1620120 625
1620130 627
1620140 627
1620150 629
1620160 630
1620170 630
1620180 631
1620190 631
1620200 631
1620210 631
1620220 630
1620230 630
1620240 629
1620250 627
1620260 627
1620270 624
1620280 620
1620290 620
1620300 616
1620310 615
1620320 615
1620330 616
1620340 616
1620350 616
1620360 615
1620370 612
1620380 612
1620390 608
1620400 603
1620410 603
1620420 597
1620430 592
1620440 592
1620450 594
1620460 594
1620470 598
1620480 603
1620490 603
1620500 608
1620510 612
1620520 612
1620530 616
1620540 618
1620550 618
1620560 619
1620570 620
1620580 620
1620590 621
1620600 623
1620610 623
1620620 625
1620630 627
1620640 627
1620650 629
1620660 631
1620670 631
1620680 633
1620690 634
1620700 634
1620710 636
1620720 637
1620730 637
1620740 639
1620750 641
1620760 641
1620770 643
1620780 644
1620790 644
1620800 646
1620810 647
1620820 647
1620830 648
1620840 649
1620850 649
1620860 650
1620870 650
1620880 650
1620890 651
1620900 651
1620910 651
1620920 651
1620930 651
1620940 651
1620950 652
1620960 652
1620970 652
1620980 653
1620990 654
1621000 654
1621010 655
1621020 655
1621030 655
1621040 656
1621050 656
1621060 656
1621070 657
1621080 657
1621090 657
1621100 658
1621110 659
1621120 659
1621130 660
1621140 662
1621150 662
1621160 663
1621170 664
1621180 664
1621190 666
1621200 668
1621210 668
1621220 669
1621230 671
1621240 671
1621250 672
1621260 673
1621270 673
1621280 674
1621290 674
1621300 674
1621310 675
1621320 677
1621330 677
1621340 678
1621350 678
1621360 678
1621370 679
1621380 679
1621390 679
1621400 679
1621410 679
1621420 679
1621430 683
1621440 681
1621450 681
1621460 681
1621470 681
1621480 681
1621490 683
1621500 684
1621510 684
1621520 683
1621530 683
1621540 683
1621550 684
1621560 685
1621570 685
1621580 684
1621590 684
1621600 684
1621610 684
1621620 685
1621630 685
1621640 685
1621650 686
1621660 686
1621670 687
1621680 688
1621690 688
1621700 688
1621710 688
1621720 688
1621730 688
1621740 689
1621750 689
1621760 689
1621770 690
1621780 690
1621790 691
1621800 692
1621810 692
1621820 693
1621830 694
1621840 694
1621850 694
1621860 694
1621870 694
1621880 694
1621890 694
1621900 694
1621910 695
1621920 695
1621930 694
1621940 694
1621950 694
1621960 693
1621970 692
1621980 692
1621990 690
1622000 690
1622010 690
1622020 688
1622030 687
1622040 687
1622050 685
1622060 684
1622070 684
1622080 682
1622090 681
1622100 681
1622110 679
1622120 678
1622130 678
1622140 675
1622150 674
1622160 674
1622170 672
1622180 670
1622190 670
1622200 668
1622210 667
1622220 667
1622230 665
1622240 663
1622250 663
1622260 662
1622270 660
1622280 660
1622290 658
1622300 656
1622310 656
1622320 654
1622330 652
1622340 652
1622350 650
1622360 648
1622370 646
1622380 645
1622390 643
1622400 643
1622410 642
1622420 641
1622430 641
1622440 639
1622450 638
1622460 638
1622470 636
1622480 634
1622490 634
1622500 633
1622510 633
1622520 633
1622530 631
1622540 630
1622550 630
1622560 629
1622570 627
1622580 627
1622590 627
1622600 629
1622610 629
1622620 632
1622630 636
1622640 636
1622650 641
1622660 644
1622670 644
1622680 647
1622690 649
1622700 649
1622710 651
1622720 652
1622730 652
1622740 654
1622750 655
1622760 655
1622770 655
1622780 655
1622790 655
1622800 654
1622810 654
1622820 654
1622830 653
1622840 653
1622850 653
1622860 652
1622870 650
1622880 650
1622890 649
1622900 648
1622910 648
1622920 647
1622930 645
1622940 645
1622950 644
1622960 642
1622970 642
1622980 641
1622990 640
1623000 640
1623010 638
1623020 637
1623030 637
1623040 636
1623050 634
1623060 634
1623070 633
1623080 632
1623090 632
1623100 631
1623110 629
1623120 629
1623130 627
1623140 625
1623150 625
1623160 623
1623170 621
1623180 621
1623190 618
1623200 616
1623210 616
1623220 614
1623230 614
1623240 614
1623250 614
1623260 617
1623270 617
1623280 621
1623290 625
1623300 625
1623310 626
1623320 628
1623330 628
1623340 627
1623350 627
1623360 625
1623370 623
1623380 623
1623390 621
1623400 619
1623410 619
1623420 617
1623430 615
1623440 615
1623450 614
1623460 614
1623470 614
1623480 614
1623490 614
1623500 614
1623510 614
1623520 614
1623530 614
1623540 614
1623550 614
1623560 614
1623570 614
1623580 614
1623590 614
1623600 615
1623610 615
1623620 615
1623630 615
1623640 616
1623650 616
1623660 616
1623670 616
1623680 616
1623690 616
1623700 616
1623710 616
1623720 617
1623730 617
1623740 617
1623750 617
1623760 618
1623770 618
1623780 618
1623790 619
1623800 619
1623810 623
1623820 626
1623830 626
1623840 630
1623850 634
1623860 634
1623870 636
1623880 637
1623890 637
1623900 638
1623910 639
1623920 639
1623930 639
1623940 640
1623950 640
1623960 642
1623970 643
1623980 643
1623990 644
1624000 645
1624010 645
1624020 646
1624030 647
1624040 647
1624050 647
1624060 647
1624070 647
1624080 647
1624090 647
1624100 647
1624110 647
1624120 647
1624130 647
1624140 647
1624150 647
1624160 647
1624170 647
1624180 647
1624190 647
1624200 647
1624210 646
1624220 646
1624230 645
1624240 645
1624250 647
1624260 647
1624270 648
1624280 648
1624290 650
1624300 651
1624310 651
1624320 652
1624330 653
1624340 653
1624350 653
1624360 654
1624370 654
1624380 654
1624390 655
1624400 655
1624410 655
1624420 656
1624430 656
1624440 656
1624450 656
1624460 656
1624470 656
1624480 657
1624490 657
1624500 657
1624510 657
1624520 657
1624530 657
1624540 657
1624550 657
1624560 657
1624570 657
1624580 657
1624590 657
1624600 656
1624610 656
1624620 656
1624630 655
1624640 655
1624650 655
1624660 653
1624670 653
1624680 651
1624690 650
1624700 650
1624710 649
1624720 649
1624730 649
1624740 648
1624750 647
1624760 647
1624770 645
1624780 645
1624790 643
1624800 642
1624810 642
1624820 641
1624830 640
1624840 640
1624850 639
1624860 639
1624870 639
1624880 638
1624890 638
1624900 638
1624910 637
1624920 636
1624930 636
1624940 636
1624950 637
1624960 637
1624970 640
1624980 642
1624990 642
1625000 644
1625010 645
1625020 645
1625030 645
1625040 646
1625050 646
1625060 647
1625070 648
1625080 648
1625090 649
1625100 650
1625110 650
1625120 651
1625130 652
1625140 652
1625150 654
1625160 655
1625170 655
1625180 654
1625190 655
1625200 655
1625210 656
1625220 656
1625230 656
1625240 657
1625250 658
1625260 658
1625270 658
1625280 659
1625290 659
1625300 660
1625310 661
1625320 661
1625330 661
1625340 662
1625350 662
1625360 662
1625370 663
1625380 663
1625390 663
1625400 664
1625410 664
1625420 664
1625430 665
1625440 665
1625450 666
1625460 666
1625470 666
1625480 667
1625490 667
1625500 667
1625510 668
1625520 669
1625530 669
1625540 670
1625550 671
1625560 671
1625570 671
1625580 672
1625590 672
1625600 673
1625610 673
1625620 673
1625630 674
1625640 674
1625650 674
1625660 674
1625670 673
1625680 673
1625690 673
1625700 673
1625710 673
1625720 673
1625730 672
1625740 672
1625750 672
1625760 672
1625770 672
1625780 672
1625790 672
1625800 672
1625810 672
1625820 672
1625830 672
1625840 672
1625850 671
1625860 671
1625870 670
1625880 667
1625890 667
1625900 666
1625910 666
1625920 666
1625930 666
1625940 667
1625950 667
1625960 669
1625970 671
1625980 671
1625990 673
1626000 674
1626010 674
1626020 675
1626030 676
1626040 676
1626050 676
1626060 677
1626070 677
1626080 678
1626090 679
1626100 677
1626110 678
1626120 679
1626130 679
1626140 680
1626150 681
1626160 681
1626170 682
1626180 683
1626190 683
1626200 683
1626210 683
1626220 683
1626230 684
1626240 684
1626250 684
1626260 685
1626270 685
1626280 685
1626290 685
1626300 685
1626310 685
1626320 686
1626330 686
1626340 686
1626350 686
1626360 686
1626370 686
1626380 685
1626390 685
1626400 685
1626410 685
1626420 685
1626430 686
1626440 687
1626450 687
1626460 688
1626470 689
1626480 689
1626490 689
1626500 690
1626510 690
1626520 690
1626530 691
1626540 691
1626550 692
1626560 692
1626570 692
1626580 692
1626590 693
1626600 693
1626610 693
1626620 694
1626630 694
1626640 695
1626650 696
1626660 696
1626670 697
1626680 698
1626690 698
1626700 699
1626710 700
1626720 700
1626730 700
1626740 701
1626750 701
1626760 703
1626770 704
1626780 704
1626790 703
1626800 702
1626810 702
1626820 702
1626830 702
1626840 702
1626850 702
1626860 702
1626870 702
1626880 702
1626890 701
1626900 701
1626910 701
1626920 700
1626930 700
1626940 701
1626950 700
1626960 700
1626970 700
1626980 700
1626990 700
1627000 700
1627010 700
1627020 698
1627030 697
1627040 696
1627050 696
1627060 695
1627070 694
1627080 694
1627090 693
1627100 693
1627110 693
1627120 692
1627130 691
1627140 691
1627150 690
1627160 689
1627170 689
1627180 688
1627190 688
1627200 688
1627210 687
1627220 687
1627230 687
1627240 686
1627250 686
1627260 686
1627270 686
1627280 685
1627290 685
1627300 684
1627310 683
1627320 683
1627330 682
1627340 681
1627350 681
1627360 680
1627370 678
1627380 678
1627390 677
1627400 676
1627410 676
1627420 675
1627430 674
1627440 674
1627450 673
1627460 672
1627470 672
1627480 670
1627490 669
1627500 669
1627510 668
1627520 666
1627530 666
1627540 663
1627550 660
1627560 660
1627570 655
1627580 648
1627590 648
1627600 640
1627610 636
1627620 636
1627630 632
1627640 632
1627650 629
1627660 628
1627670 628
1627680 628
1627690 627
1627700 627
1627710 627
1627720 627
1627730 627
1627740 627
1627750 628
1627760 628
1627770 628
1627780 630
1627790 630
1627800 631
1627810 633
1627820 633
1627830 635
1627840 638
1627850 638
1627860 640
1627870 642
1627880 642
1627890 644
1627900 646
1627910 646
1627920 647
1627930 651
1627940 651
1627950 652
1627960 653
1627970 653
1627980 653
1627990 653
1628000 653
1628010 652
1628020 649
1628030 649
1628040 646
1628050 643
1628060 643
1628070 641
1628080 641
1628090 641
1628100 641
1628110 641
1628120 641
1628130 639
1628140 638
1628150 638
1628160 635
1628170 631
1628180 631
1628190 626
1628200 621
1628210 621
1628220 617
1628230 614
1628240 614
1628250 611
1628260 609
1628270 609
1628280 609
1628290 609
1628300 609
1628310 612
1628320 618
1628330 618
1628340 623
1628350 629
1628360 629
1628370 633
1628380 635
1628390 635
1628400 637
1628410 637
1628420 637
1628430 637
1628440 637
1628450 637
1628460 638
1628470 638
1628480 638
1628490 640
1628500 641
1628510 641
1628520 641
1628530 642
1628540 642
1628550 643
1628560 644
1628570 644
1628580 645
1628590 646
1628600 646
1628610 646
1628620 648
1628630 648
1628640 651
1628650 653
1628660 653
1628670 655
1628680 656
1628690 656
1628700 658
1628710 660
1628720 660
1628730 662
1628740 664
1628750 664
1628760 666
1628770 669
1628780 669
1628790 671
1628800 674
1628810 674
1628820 676
1628830 680
1628840 680
1628850 684
1628860 688
1628870 688
1628880 691
1628890 694
1628900 694
1628910 695
1628920 694
1628930 694
1628940 692
1628950 690
1628960 690
1628970 688
1628980 685
1628990 685
1629000 682
1629010 680
1629020 680
1629030 675
1629040 671
1629050 671
1629060 667
1629070 667
1629080 662
1629090 658
1629100 658
1629110 654
1629120 651
1629130 651
1629140 649
1629150 646
1629160 646
1629170 644
1629180 643
1629190 643
1629200 641
1629210 639
1629220 639
1629230 636
1629240 633
1629250 633
1629260 631
1629270 627
1629280 627
1629290 624
1629300 623
1629310 623
1629320 625
1629330 629
1629340 629
1629350 632
1629360 632
1629370 632
1629380 632
1629390 633
1629400 633
1629410 635
1629420 637
1629430 637
1629440 639
1629450 642
1629460 642
1629470 646
1629480 648
1629490 648
1629500 650
1629510 650
1629520 650
1629530 649
1629540 650
1629550 650
1629560 651
1629570 653
1629580 653
1629590 655
1629600 657
1629610 657
1629620 657
1629630 659
1629640 659
1629650 659
1629660 660
1629670 660
1629680 659
1629690 658
1629700 658
1629710 657
1629720 656
1629730 656
1629740 658
1629750 656
1629760 656
1629770 654
1629780 651
1629790 651
1629800 646
1629810 642
1629820 642
1629830 637
1629840 632
1629850 632
1629860 628
1629870 625
1629880 625
1629890 625
1629900 625
1629910 625
1629920 627
1629930 629
1629940 629
1629950 631
1629960 633
1629970 633
1629980 634
1629990 634
1630000 634
1630010 634
1630020 633
1630030 633
1630040 631
1630050 628
1630060 628
1630070 623
1630080 617
1630090 617
1630100 611
1630110 604
1630120 604
1630130 598
1630140 591
1630150 591
1630160 582
1630170 574
1630180 574
1630190 565
1630200 559
1630210 559
1630220 554
1630230 548
1630240 548
1630250 541
1630260 534
1630270 534
1630280 525
1630290 517
1630300 517
1630310 513
1630320 514
1630330 514
1630340 515
1630350 517
1630360 517
1630370 517
1630380 518
1630390 518
1630400 521
1630410 524
1630420 524
1630430 526
1630440 528
1630450 528
1630460 530
1630470 532
1630480 532
1630490 534
1630500 534
1630510 537
1630520 539
1630530 539
1630540 542
1630550 545
1630560 545
1630570 547
1630580 550
1630590 550
1630600 553
1630610 556
1630620 556
1630630 556
1630640 557
1630650 557
1630660 558
1630670 559
1630680 559
1630690 560
1630700 561
1630710 561
1630720 562
1630730 564
1630740 564
1630750 565
1630760 566
1630770 566
1630780 568
1630790 570
1630800 570
1630810 572
1630820 574
1630830 574
1630840 576
1630850 577
1630860 577
1630870 579
1630880 579
1630890 579
1630900 580
1630910 580
1630920 580
1630930 582
1630940 583
1630950 583
1630960 584
1630970 586
1630980 586
1630990 588
1631000 590
1631010 590
1631020 591
1631030 592
1631040 592
1631050 593
1631060 592
1631070 592
1631080 592
1631090 592
1631100 592
1631110 592
1631120 592
1631130 592
1631140 591
1631150 590
1631160 590
1631170 588
1631180 586
1631190 586
1631200 582
1631210 579
1631220 579
1631230 575
1631240 573
1631250 573
1631260 570
1631270 566
1631280 566
1631290 566
1631300 565
1631310 565
1631320 562
1631330 564
1631340 564
1631350 568
1631360 572
1631370 572
1631380 576
1631390 581
1631400 581
1631410 587
1631420 592
1631430 592
1631440 597
1631450 601
1631460 601
1631470 605
1631480 609
1631490 609
1631500 612
1631510 616
1631520 618
1631530 622
1631540 625
1631550 625
1631560 629
1631570 632
1631580 632
1631590 636
1631600 639
1631610 639
1631620 643
1631630 646
1631640 646
1631650 649
1631660 652
1631670 652
1631680 655
1631690 656
1631700 656
1631710 656
1631720 656
1631730 656
1631740 657
1631750 659
1631760 659
1631770 662
1631780 665
1631790 665
1631800 668
1631810 672
1631820 672
1631830 675
1631840 678
1631850 678
1631860 681
1631870 684
1631880 684
1631890 688
1631900 692
1631910 692
1631920 696
1631930 696
1631940 700
1631950 704
1631960 704
1631970 709
1631980 713
1631990 713
1632000 716
1632010 720
1632020 720
1632030 724
1632040 728
1632050 728
1632060 731
1632070 733
1632080 733
1632090 734
1632100 734
1632110 734
1632120 733
1632130 733
1632140 733
1632150 733
1632160 733
1632170 733
1632180 733
1632190 734
1632200 734
1632210 736
1632220 737
1632230 737
1632240 738
1632250 740
1632260 740
1632270 740
1632280 741
1632290 741
1632300 741
1632310 742
1632320 742
1632330 744
1632340 746
1632350 746
1632360 749
1632370 752
1632380 752
1632390 755
1632400 759
1632410 759
1632420 760
1632430 761
1632440 761
1632450 761
1632460 763
1632470 763
1632480 765
1632490 767
1632500 767
1632510 769
1632520 771
1632530 771
1632540 774
1632550 777
1632560 777
1632570 779
1632580 782
1632590 782
1632600 785
1632610 788
1632620 788
1632630 790
1632640 791
1632650 791
1632660 794
1632670 796
1632680 796
1632690 799
1632700 802
1632710 802
1632720 805
1632730 808
1632740 808
1632750 811
1632760 815
1632770 815
1632780 818
1632790 821
1632800 821
1632810 821
1632820 819
1632830 819
1632840 817
1632850 815
1632860 815
1632870 815
1632880 813
1632890 813
1632900 811
1632910 809
1632920 809
1632930 807
1632940 805
1632950 805
1632960 803
1632970 801
1632980 801
1632990 799
1633000 798
1633010 798
1633020 797
1633030 795
1633040 795
1633050 794
1633060 793
1633070 793
1633080 792
1633090 791
1633100 791
1633110 790
1633120 789
1633130 789
1633140 788
1633150 787
1633160 787
1633170 786
1633180 785
1633190 785
1633200 784
1633210 784
1633220 784
1633230 784
1633240 784
1633250 784
1633260 783
1633270 782
1633280 781
1633290 780
1633300 780
1633310 780
1633320 779
1633330 778
1633340 778
1633350 777
1633360 777
1633370 777
1633380 776
1633390 776
1633400 775
1633410 775
1633420 775
1633430 773
1633440 772
1633450 772
1633460 770
1633470 768
1633480 768
1633490 767
1633500 766
1633510 766
1633520 767
1633530 769
1633540 769
1633550 772
1633560 776
1633570 776
1633580 778
1633590 779
1633600 779
1633610 780
1633620 781
1633630 781
1633640 781
1633650 781
1633660 781
1633670 782
1633680 782
1633690 782
1633700 782
1633710 782
1633720 782
1633730 781
1633740 781
1633750 781
1633760 780
1633770 779
1633780 779
1633790 778
1633800 778
1633810 778
1633820 778
1633830 777
1633840 777
1633850 778
1633860 778
1633870 778
1633880 778
1633890 778
1633900 778
1633910 777
1633920 777
1633930 777
1633940 777
1633950 777
1633960 777
1633970 778
1633980 778
1633990 778
1634000 779
1634010 780
1634020 780
1634030 781
1634040 782
1634050 782
1634060 784
1634070 785
1634080 785
1634090 788
1634100 790
1634110 790
1634120 792
1634130 794
1634140 794
1634150 799
1634160 802
1634170 802
1634180 803
1634190 805
1634200 805
1634210 807
1634220 809
1634230 809
1634240 811
1634250 813
1634260 813
1634270 814
1634280 816
1634290 816
1634300 817
1634310 820
1634320 820
1634330 822
1634340 824
1634350 824
1634360 824
1634370 825
1634380 825
1634390 824
1634400 821
1634410 821
1634420 817
1634430 813
1634440 813
1634450 808
1634460 802
1634470 802
1634480 797
1634490 793
1634500 793
1634510 789
1634520 785
1634530 785
1634540 783
1634550 780
1634560 780
1634570 778
1634580 777
1634590 777
1634600 775
1634610 774
1634620 774
1634630 773
1634640 772
1634650 772
1634660 772
1634670 771
1634680 771
1634690 768
1634700 767
1634710 767
1634720 765
1634730 762
1634740 762
1634750 760
1634760 760
1634770 758
1634780 756
1634790 756
1634800 754
1634810 752
1634820 752
1634830 750
1634840 749
1634850 749
1634860 748
1634870 747
1634880 747
1634890 745
1634900 743
1634910 743
1634920 742
1634930 741
1634940 741
1634950 740
1634960 740
1634970 740
1634980 740
1634990 740
1635000 740
1635010 740
1635020 739
1635030 739
1635040 739
1635050 739
1635060 739
1635070 739
1635080 739
1635090 739
1635100 739
1635110 740
1635120 740
1635130 740
1635140 740
1635150 740
1635160 740
1635170 741
1635180 741
1635190 742
1635200 744
1635210 744
1635220 746
1635230 747
1635240 747
1635250 747
1635260 746
1635270 746
1635280 746
1635290 747
1635300 747
1635310 748
1635320 750
1635330 750
1635340 752
1635350 754
1635360 754
1635370 756
1635380 759
1635390 759
1635400 761
1635410 762
1635420 762
1635430 764
1635440 766
1635450 766
1635460 769
1635470 771
1635480 771
1635490 773
1635500 775
1635510 775
1635520 776
1635530 778
1635540 778
1635550 779
1635560 780
1635570 780
1635580 781
1635590 782
1635600 782
1635610 783
1635620 784
1635630 784
1635640 784
1635650 784
1635660 784
1635670 783
1635680 783
1635690 783
1635700 784
1635710 785
1635720 785
1635730 787
1635740 790
1635750 790
1635760 792
1635770 795
1635780 795
1635790 797
1635800 800
1635810 800
1635820 802
1635830 805
1635840 805
1635850 809
1635860 812
1635870 812
1635880 815
1635890 821
1635900 821
1635910 822
1635920 823
1635930 823
1635940 825
1635950 826
1635960 826
1635970 826
1635980 827
1635990 827
1636000 828
1636010 830
1636020 830
1636030 832
1636040 834
1636050 834
1636060 836
1636070 838
1636080 838
1636090 839
1636100 839
1636110 839
1636120 839
1636130 838
1636140 838
1636150 839
1636160 840
1636170 840
1636180 842
1636190 842
1636200 845
1636210 848
1636220 848
1636230 851
1636240 854
1636250 854
1636260 855
1636270 857
1636280 857
1636290 858
1636300 859
1636310 859
1636320 859
1636330 859
1636340 859
1636350 859
1636360 859
1636370 859
1636380 859
1636390 859
1636400 859
1636410 858
1636420 858
1636430 858
1636440 857
1636450 856
1636460 856
1636470 855
1636480 854
1636490 854
1636500 854
1636510 855
1636520 855
1636530 857
1636540 860
1636550 860
1636560 863
1636570 865
1636580 865
1636590 867
1636600 869
1636610 869
1636620 869
1636630 868
1636640 868
1636650 868
1636660 867
1636670 867
1636680 866
1636690 865
1636700 865
1636710 864
1636720 862
1636730 862
1636740 860
1636750 855
1636760 855
1636770 849
1636780 845
1636790 845
1636800 841
1636810 835
1636820 835
1636830 830
1636840 825
1636850 825
1636860 821
1636870 817
1636880 817
1636890 813
1636900 810
1636910 810
1636920 809
1636930 810
1636940 810
1636950 812
1636960 813
1636970 813
1636980 815
1636990 816
1637000 816
1637010 818
1637020 819
1637030 819
1637040 820
1637050 822
1637060 822
1637070 824
1637080 826
1637090 826
1637100 828
1637110 829
1637120 829
1637130 830
1637140 831
1637150 831
1637160 832
1637170 833
1637180 833
1637190 833
1637200 832
1637210 832
1637220 832
1637230 832
1637240 832
1637250 831
1637260 831
1637270 831
1637280 831
1637290 830
1637300 830
1637310 829
1637320 828
1637330 828
1637340 827
1637350 825
1637360 825
1637370 824
1637380 822
1637390 822
1637400 820
1637410 818
1637420 818
1637430 816
1637440 812
1637450 812
1637460 810
1637470 807
1637480 807
1637490 805
1637500 800
1637510 800
1637520 795
1637530 789
1637540 789
1637550 783
1637560 777
1637570 777
1637580 772
1637590 767
1637600 766
1637610 762
1637620 762
1637630 759
1637640 756
1637650 756
1637660 753
1637670 751
1637680 751
1637690 748
1637700 745
1637710 745
1637720 742
1637730 742
1637740 742
1637750 744
1637760 747
1637770 747
1637780 750
1637790 754
1637800 754
1637810 758
1637820 761
1637830 761
1637840 764
1637850 767
1637860 767
1637870 770
1637880 773
1637890 773
1637900 776
1637910 777
1637920 777
1637930 776
1637940 775
1637950 775
1637960 774
1637970 772
1637980 772
1637990 770
1638000 768
1638010 768
1638020 766
1638030 763
1638040 763
1638050 761
1638060 758
1638070 758
1638080 754
1638090 749
1638100 749
1638110 744
1638120 738
1638130 738
1638140 733
1638150 729
1638160 729
1638170 725
1638180 722
1638190 722
1638200 721
1638210 721
1638220 721
1638230 720
1638240 718
1638250 718
1638260 715
1638270 711
1638280 711
1638290 707
1638300 702
1638310 702
1638320 696
1638330 691
1638340 691
1638350 687
1638360 684
1638370 684
1638380 681
1638390 677
1638400 677
1638410 674
1638420 673
1638430 673
1638440 671
1638450 670
1638460 670
1638470 668
1638480 666
1638490 666
1638500 663
1638510 661
1638520 661
1638530 658
1638540 657
1638550 657
1638560 656
1638570 652
1638580 652
1638590 647
1638600 640
1638610 640
1638620 635
1638630 633
1638640 633
1638650 632
1638660 631
1638670 631
1638680 631
1638690 632
1638700 632
1638710 635
1638720 638
1638730 638
1638740 642
1638750 644
1638760 644
1638770 646
1638780 646
1638790 646
1638800 646
1638810 644
1638820 644
1638830 641
1638840 640
1638850 640
1638860 642
1638870 645
1638880 645
1638890 647
1638900 650
1638910 650
1638920 653
1638930 656
1638940 656
1638950 658
1638960 660
1638970 660
1638980 662
1638990 663
1639000 663
1639010 663
1639020 662
1639030 662
1639040 662
1639050 662
1639060 662
1639070 662
1639080 662
1639090 662
1639100 661
1639110 661
1639120 660
1639130 658
1639140 658
1639150 657
1639160 656
1639170 656
1639180 653
1639190 651
1639200 651
1639210 648
1639220 645
1639230 645
1639240 642
1639250 639
1639260 639
1639270 636
1639280 633
1639290 631
1639300 630
1639310 629
1639320 629
1639330 629
1639340 630
1639350 630
1639360 629
1639370 627
1639380 627
1639390 626
1639400 625
1639410 625
1639420 624
1639430 623
1639440 623
1639450 623
1639460 622
1639470 622
1639480 618
1639490 614
1639500 614
1639510 612
1639520 609
1639530 609
1639540 604
1639550 603
1639560 603
1639570 602
1639580 602
1639590 602
1639600 603
1639610 604
1639620 604
1639630 606
1639640 610
1639650 610
1639660 615
1639670 620
1639680 620
1639690 625
1639700 629
1639710 629
1639720 632
1639730 634
1639740 634
1639750 636
1639760 637
1639770 637
1639780 639
1639790 639
1639800 639
1639810 640
1639820 639
1639830 639
1639840 639
1639850 637
1639860 637
1639870 636
1639880 634
1639890 634
1639900 633
1639910 632
1639920 632
1639930 632
1639940 632
1639950 632
1639960 631
1639970 630
1639980 630
1639990 628
