1620000 639
1620010 640
1620020 641
1620030 641
1620040 643
1620050 644
1620060 644
1620070 644
1620080 646
1620090 646
1620100 647
1620110 649
1620120 649
1620130 650
1620140 652
1620150 652
1620160 655
1620170 657
1620180 657
1620190 659
1620200 661
1620210 661
1620220 663
1620230 665
1620240 665
1620250 666
1620260 668
1620270 668
1620280 669
1620290 671
1620300 671
1620310 672
1620320 674
1620330 674
1620340 676
1620350 678
1620360 678
1620370 680
1620380 682
1620390 682
1620400 684
1620410 686
1620420 686
1620430 688
1620440 691
1620450 691
1620460 692
1620470 694
1620480 694
1620490 695
1620500 696
1620510 696
1620520 699
1620530 702
1620540 702
1620550 705
1620560 705
1620570 707
1620580 709
1620590 709
1620600 711
1620610 713
1620620 713
1620630 716
1620640 719
1620650 719
1620660 721
1620670 722
1620680 722
1620690 723
1620700 723
1620710 723
1620720 723
1620730 723
1620740 723
1620750 723
1620760 724
1620770 724
1620780 724
1620790 725
1620800 725
1620810 727
1620820 728
1620830 728
1620840 729
1620850 730
1620860 730
1620870 731
1620880 731
1620890 731
1620900 730
1620910 730
1620920 730
1620930 730
1620940 730
1620950 730
1620960 730
1620970 730
1620980 730
1620990 730
1621000 730
1621010 730
1621020 730
1621030 730
1621040 730
1621050 730
1621060 729
1621070 729
1621080 729
1621090 729
1621100 729
1621110 728
1621120 728
1621130 728
1621140 727
1621150 727
1621160 727
1621170 726
1621180 725
1621190 725
1621200 724
1621210 723
1621220 723
1621230 723
1621240 722
1621250 722
1621260 720
1621270 719
1621280 719
1621290 718
1621300 717
1621310 717
1621320 717
1621330 717
1621340 717
1621350 716
1621360 716
1621370 716
1621380 715
1621390 715
1621400 715
1621410 714
1621420 714
1621430 714
1621440 713
1621450 713
1621460 713
1621470 712
1621480 712
1621490 712
1621500 711
1621510 710
1621520 710
1621530 710
1621540 709
1621550 709
1621560 708
1621570 708
1621580 708
1621590 707
1621600 706
1621610 706
1621620 705
1621630 705
1621640 705
1621650 704
1621660 703
1621670 703
1621680 702
1621690 701
1621700 701
1621710 699
1621720 697
1621730 697
1621740 694
1621750 692
1621760 695
1621770 693
1621780 691
1621790 691
1621800 689
1621810 688
1621820 688
1621830 688
1621840 688
1621850 688
1621860 688
1621870 687
1621880 687
1621890 687
1621900 686
1621910 686
1621920 686
1621930 686
1621940 685
1621950 684
1621960 684
1621970 683
1621980 681
1621990 681
1622000 680
1622010 679
1622020 679
1622030 678
1622040 677
1622050 677
1622060 675
1622070 673
1622080 673
1622090 670
1622100 668
1622110 668
1622120 667
1622130 665
1622140 665
1622150 665
1622160 665
1622170 665
1622180 665
1622190 666
1622200 666
1622210 668
1622220 671
1622230 671
1622240 674
1622250 677
1622260 677
1622270 680
1622280 682
1622290 682
1622300 684
1622310 685
1622320 685
1622330 686
1622340 688
1622350 688
1622360 689
1622370 690
1622380 690
1622390 690
1622400 691
1622410 691
1622420 692
1622430 693
1622440 693
1622450 694
1622460 695
1622470 695
1622480 696
1622490 697
1622500 697
1622510 698
1622520 699
1622530 699
1622540 700
1622550 700
1622560 700
1622570 700
1622580 700
1622590 700
1622600 700
1622610 699
1622620 699
1622630 699
1622640 698
1622650 698
1622660 697
1622670 696
1622680 696
1622690 695
1622700 694
1622710 695
1622720 695
1622730 695
1622740 695
1622750 696
1622760 697
1622770 697
1622780 698
1622790 698
1622800 698
1622810 699
1622820 700
1622830 700
1622840 700
1622850 700
1622860 700
1622870 700
1622880 700
1622890 700
1622900 700
1622910 700
1622920 700
1622930 700
1622940 700
1622950 700
1622960 700
1622970 700
1622980 700
1622990 699
1623000 699
1623010 699
1623020 699
1623030 699
1623040 699
1623050 700
1623060 700
1623070 700
1623080 700
1623090 700
1623100 700
1623110 701
1623120 701
1623130 701
1623140 702
1623150 702
1623160 702
1623170 703
1623180 703
1623190 703
1623200 704
1623210 705
1623220 705
1623230 705
1623240 706
1623250 706
1623260 707
1623270 708
1623280 708
1623290 708
1623300 708
1623310 708
1623320 708
1623330 708
1623340 709
1623350 709
1623360 709
1623370 709
1623380 710
1623390 710
1623400 710
1623410 709
1623420 709
1623430 708
1623440 706
1623450 706
1623460 704
1623470 702
1623480 702
1623490 700
1623500 697
1623510 697
1623520 695
1623530 694
1623540 694
1623550 693
1623560 695
1623570 695
1623580 696
1623590 697
1623600 697
1623610 698
1623620 699
1623630 699
1623640 701
1623650 705
1623660 705
1623670 707
1623680 708
1623690 708
1623700 709
1623710 711
1623720 711
1623730 712
1623740 710
1623750 710
1623760 708
1623770 707
1623780 707
1623790 706
1623800 706
1623810 706
1623820 705
1623830 705
1623840 705
1623850 706
1623860 708
1623870 708
1623880 711
1623890 714
1623900 714
1623910 717
1623920 720
1623930 720
1623940 722
1623950 724
1623960 724
1623970 725
1623980 727
1623990 727
1624000 729
1624010 730
1624020 730
1624030 731
1624040 732
1624050 732
1624060 733
1624070 735
1624080 735
1624090 737
1624100 738
1624110 738
1624120 740
1624130 742
1624140 742
1624150 743
1624160 744
1624170 744
1624180 744
1624190 744
1624200 744
1624210 744
1624220 744
1624230 744
1624240 743
1624250 743
1624260 743
1624270 742
1624280 741
1624290 741
1624300 740
1624310 737
1624320 737
1624330 732
1624340 729
1624350 729
1624360 726
1624370 723
1624380 723
1624390 721
1624400 720
1624410 720
1624420 719
1624430 718
1624440 718
1624450 716
1624460 716
1624470 716
1624480 717
1624490 720
1624500 720
1624510 723
1624520 725
1624530 725
1624540 726
1624550 727
1624560 727
1624570 729
1624580 732
1624590 732
1624600 734
1624610 737
1624620 737
1624630 739
1624640 742
1624650 742
1624660 744
1624670 744
1624680 746
1624690 747
1624700 747
1624710 747
1624720 745
1624730 745
1624740 745
1624750 744
1624760 744
1624770 744
1624780 744
1624790 744
1624800 744
1624810 745
1624820 745
1624830 746
1624840 747
1624850 747
1624860 748
1624870 749
1624880 749
1624890 750
1624900 752
1624910 752
1624920 753
1624930 754
1624940 754
1624950 755
1624960 756
1624970 756
1624980 756
1624990 756
1625000 756
1625010 756
1625020 755
1625030 755
1625040 755
1625050 754
1625060 754
1625070 754
1625080 753
1625090 753
1625100 753
1625110 753
1625120 753
1625130 753
1625140 753
1625150 753
1625160 753
1625170 753
1625180 753
1625190 753
1625200 753
1625210 753
1625220 753
1625230 753
1625240 753
1625250 753
1625260 753
1625270 753
1625280 753
1625290 753
1625300 753
1625310 753
1625320 753
1625330 753
1625340 752
1625350 751
1625360 751
1625370 749
1625380 747
1625390 747
1625400 744
1625410 740
1625420 740
1625430 736
1625440 731
1625450 731
1625460 727
1625470 724
1625480 724
1625490 721
1625500 718
1625510 718
1625520 716
1625530 716
1625540 716
1625550 716
1625560 717
1625570 717
1625580 720
1625590 723
1625600 723
1625610 726
1625620 729
1625630 729
1625640 732
1625650 734
1625660 734
1625670 736
1625680 738
1625690 738
1625700 739
1625710 740
1625720 740
1625730 740
1625740 740
1625750 740
1625760 740
1625770 739
1625780 739
1625790 738
1625800 737
1625810 737
1625820 735
1625830 733
1625840 733
1625850 731
1625860 729
1625870 729
1625880 726
1625890 723
1625900 723
1625910 720
1625920 717
1625930 717
1625940 714
1625950 710
1625960 710
1625970 705
1625980 703
1625990 703
1626000 701
1626010 701
1626020 698
1626030 696
1626040 696
1626050 694
1626060 691
1626070 691
1626080 690
1626090 689
1626100 689
1626110 687
1626120 686
1626130 686
1626140 685
1626150 684
1626160 684
1626170 683
1626180 682
1626190 682
1626200 681
1626210 680
1626220 680
1626230 678
1626240 676
1626250 676
1626260 674
1626270 674
1626280 674
1626290 673
1626300 673
1626310 673
1626320 677
1626330 682
1626340 682
1626350 686
1626360 689
1626370 689
1626380 691
1626390 693
1626400 693
1626410 695
1626420 697
1626430 697
1626440 699
1626450 701
1626460 701
1626470 703
1626480 704
1626490 704
1626500 705
1626510 706
1626520 706
1626530 707
1626540 708
1626550 708
1626560 709
1626570 711
1626580 711
1626590 712
1626600 713
1626610 713
1626620 714
1626630 716
1626640 716
1626650 717
1626660 719
1626670 719
1626680 720
1626690 722
1626700 722
1626710 725
1626720 727
1626730 727
1626740 729
1626750 732
1626760 732
1626770 734
1626780 737
1626790 737
1626800 739
1626810 741
1626820 741
1626830 743
1626840 746
1626850 746
1626860 750
1626870 754
1626880 754
1626890 756
1626900 758
1626910 758
1626920 760
1626930 763
1626940 763
1626950 765
1626960 768
1626970 768
1626980 771
1626990 774
1627000 774
1627010 776
1627020 778
1627030 778
1627040 779
1627050 780
1627060 780
1627070 780
1627080 781
1627090 781
1627100 782
1627110 783
1627120 783
1627130 784
1627140 785
1627150 785
1627160 786
1627170 786
1627180 786
1627190 786
1627200 786
1627210 786
1627220 785
1627230 783
1627240 783
1627250 782
1627260 781
1627270 781
1627280 779
1627290 778
1627300 778
1627310 776
1627320 775
1627330 775
1627340 773
1627350 772
1627360 772
1627370 770
1627380 770
1627390 768
1627400 766
1627410 766
1627420 764
1627430 761
1627440 761
1627450 757
1627460 753
1627470 753
1627480 749
1627490 746
1627500 746
1627510 743
1627520 742
1627530 742
1627540 740
1627550 736
1627560 736
1627570 734
1627580 733
1627590 733
1627600 734
1627610 735
1627620 735
1627630 735
1627640 735
1627650 735
1627660 735
1627670 734
1627680 734
1627690 732
1627700 730
1627710 730
1627720 728
1627730 726
1627740 726
1627750 724
1627760 722
1627770 722
1627780 720
1627790 717
1627800 717
1627810 715
1627820 713
1627830 713
1627840 711
1627850 709
1627860 709
1627870 707
1627880 705
1627890 705
1627900 703
1627910 701
1627920 701
1627930 699
1627940 696
1627950 696
1627960 694
1627970 692
1627980 692
1627990 689
1628000 687
1628010 687
1628020 685
1628030 682
1628040 682
1628050 680
1628060 679
1628070 679
1628080 677
1628090 676
1628100 676
1628110 676
1628120 677
1628130 677
1628140 678
1628150 678
1628160 678
1628170 679
1628180 682
1628190 682
1628200 685
1628210 688
1628220 688
1628230 691
1628240 694
1628250 694
1628260 696
1628270 699
1628280 699
1628290 700
1628300 701
1628310 701
1628320 702
1628330 703
1628340 703
1628350 704
1628360 705
1628370 705
1628380 707
1628390 708
1628400 708
1628410 710
1628420 711
1628430 711
1628440 713
1628450 716
1628460 716
1628470 718
1628480 721
1628490 721
1628500 724
1628510 729
1628520 729
1628530 732
1628540 735
1628550 735
1628560 738
1628570 741
1628580 741
1628590 744
1628600 747
1628610 747
1628620 749
1628630 750
1628640 750
1628650 751
1628660 752
1628670 752
1628680 752
1628690 751
1628700 751
1628710 750
1628720 748
1628730 748
1628740 745
1628750 745
1628760 740
1628770 735
1628780 735
1628790 732
1628800 730
1628810 730
1628820 729
1628830 730
1628840 730
1628850 731
1628860 733
1628870 733
1628880 734
1628890 736
1628900 736
1628910 738
1628920 739
1628930 739
1628940 739
1628950 739
1628960 739
1628970 739
1628980 738
1628990 738
1629000 738
1629010 738
1629020 738
1629030 738
1629040 737
1629050 737
1629060 737
1629070 736
1629080 736
1629090 732
1629100 728
1629110 728
1629120 725
1629130 724
1629140 724
1629150 724
1629160 710
1629170 710
1629180 703
1629190 695
1629200 695
1629210 687
1629220 680
1629230 680
1629240 674
1629250 669
1629260 669
1629270 664
1629280 660
1629290 660
1629300 656
1629310 652
1629320 652
1629330 648
1629340 644
1629350 644
1629360 640
1629370 636
1629380 636
1629390 632
1629400 627
1629410 627
1629420 623
1629430 621
1629440 621
1629450 618
1629460 615
1629470 615
1629480 614
1629490 613
1629500 613
1629510 613
1629520 612
1629530 612
1629540 611
1629550 612
1629560 612
1629570 613
1629580 614
1629590 614
1629600 615
1629610 616
1629620 616
1629630 617
1629640 620
1629650 620
1629660 624
1629670 627
1629680 627
1629690 628
1629700 629
1629710 629
1629720 630
1629730 631
1629740 631
1629750 632
1629760 633
1629770 633
1629780 635
1629790 636
1629800 636
1629810 638
1629820 640
1629830 640
1629840 642
1629850 644
1629860 644
1629870 646
1629880 647
1629890 647
1629900 649
1629910 651
1629920 651
1629930 653
1629940 655
1629950 655
1629960 657
1629970 658
1629980 658
1629990 659
1630000 660
1630010 660
1630020 660
1630030 661
1630040 661
1630050 661
1630060 662
1630070 662
1630080 661
1630090 661
1630100 660
1630110 659
1630120 659
1630130 657
1630140 656
1630150 656
1630160 654
1630170 652
1630180 652
1630190 650
1630200 648
1630210 648
1630220 646
1630230 643
1630240 643
1630250 640
1630260 636
1630270 636
1630280 632
1630290 630
1630300 630
1630310 627
1630320 625
1630330 625
1630340 621
1630350 618
1630360 618
1630370 614
1630380 610
1630390 610
1630400 608
1630410 605
1630420 605
1630430 602
1630440 600
1630450 600
1630460 599
1630470 597
1630480 597
1630490 594
1630500 590
1630510 590
1630520 586
1630530 581
1630540 581
1630550 576
1630560 571
1630570 571
1630580 565
1630590 560
1630600 560
1630610 556
1630620 551
1630630 551
1630640 546
1630650 540
1630660 540
1630670 535
1630680 533
1630690 533
1630700 533
1630710 533
1630720 533
1630730 533
1630740 533
1630750 533
1630760 533
1630770 533
1630780 533
1630790 534
1630800 536
1630810 536
1630820 539
1630830 543
1630840 543
1630850 548
1630860 553
1630870 553
1630880 558
1630890 562
1630900 562
1630910 566
1630920 571
1630930 571
1630940 575
1630950 576
1630960 576
1630970 580
1630980 584
1630990 584
1631000 588
1631010 593
1631020 593
1631030 596
1631040 600
1631050 600
1631060 604
1631070 609
1631080 609
1631090 613
1631100 617
1631110 617
1631120 621
1631130 626
1631140 626
1631150 630
1631160 634
1631170 634
1631180 637
1631190 641
1631200 641
1631210 643
1631220 646
1631230 646
1631240 648
1631250 651
1631260 651
1631270 653
1631280 657
1631290 657
1631300 662
1631310 666
1631320 666
1631330 670
1631340 674
1631350 674
1631360 677
1631370 678
1631380 678
1631390 678
1631400 681
1631410 681
1631420 685
1631430 691
1631440 691
1631450 695
1631460 695
1631470 697
1631480 696
1631490 696
1631500 694
1631510 691
1631520 691
1631530 686
1631540 682
1631550 682
1631560 679
1631570 675
1631580 675
1631590 671
1631600 668
1631610 668
1631620 665
1631630 662
1631640 662
1631650 660
1631660 657
1631670 657
1631680 653
1631690 650
1631700 650
1631710 647
1631720 644
1631730 644
1631740 643
1631750 642
1631760 642
1631770 642
1631780 642
1631790 642
1631800 643
1631810 645
1631820 645
1631830 647
1631840 654
1631850 654
1631860 656
1631870 657
1631880 657
1631890 659
1631900 660
1631910 660
1631920 661
1631930 663
1631940 663
1631950 664
1631960 667
1631970 667
1631980 669
1631990 671
1632000 671
1632010 672
1632020 673
1632030 673
1632040 674
1632050 675
1632060 675
1632070 676
1632080 676
1632090 676
1632100 676
1632110 676
1632120 676
1632130 676
1632140 675
1632150 675
1632160 674
1632170 674
1632180 674
1632190 672
1632200 671
1632210 671
1632220 669
1632230 667
1632240 667
1632250 665
1632260 663
1632270 663
1632280 661
1632290 659
1632300 659
1632310 657
1632320 655
1632330 655
1632340 652
1632350 649
1632360 649
1632370 646
1632380 642
1632390 642
1632400 637
1632410 634
1632420 634
1632430 630
1632440 625
1632450 625
1632460 620
1632470 614
1632480 614
1632490 609
1632500 609
1632510 609
1632520 612
1632530 616
1632540 616
1632550 620
1632560 623
1632570 623
1632580 625
1632590 626
1632600 626
1632610 628
1632620 631
1632630 631
1632640 632
1632650 633
1632660 633
1632670 634
1632680 635
1632690 635
1632700 635
1632710 636
1632720 638
1632730 638
1632740 638
1632750 638
1632760 639
1632770 639
1632780 639
1632790 639
1632800 639
1632810 639
1632820 639
1632830 639
1632840 640
1632850 640
1632860 640
1632870 640
1632880 639
1632890 639
1632900 639
1632910 638
1632920 638
1632930 638
1632940 637
1632950 637
1632960 636
1632970 635
1632980 635
1632990 633
1633000 630
1633010 630
1633020 626
1633030 622
1633040 622
1633050 618
1633060 615
1633070 615
1633080 614
1633090 613
1633100 613
1633110 612
1633120 611
1633130 611
1633140 611
1633150 611
1633160 611
1633170 611
1633180 612
1633190 612
1633200 614
1633210 617
1633220 617
1633230 619
1633240 621
1633250 621
1633260 623
1633270 626
1633280 626
1633290 629
1633300 632
1633310 632
1633320 634
1633330 637
1633340 637
1633350 640
1633360 643
1633370 643
1633380 644
1633390 644
1633400 644
1633410 644
1633420 643
1633430 643
1633440 643
1633450 643
1633460 643
1633470 644
1633480 645
1633490 645
1633500 647
1633510 649
1633520 649
1633530 651
1633540 652
1633550 652
1633560 654
1633570 656
1633580 656
1633590 654
1633600 656
1633610 656
1633620 659
1633630 662
1633640 662
1633650 664
1633660 667
1633670 667
1633680 670
1633690 673
1633700 673
1633710 675
1633720 677
1633730 677
1633740 678
1633750 680
1633760 680
1633770 681
1633780 683
1633790 683
1633800 684
1633810 686
1633820 686
1633830 689
1633840 692
1633850 692
1633860 696
1633870 701
1633880 701
1633890 708
1633900 715
1633910 715
1633920 720
1633930 724
1633940 724
1633950 727
1633960 730
1633970 730
1633980 733
1633990 736
1634000 736
1634010 739
1634020 741
1634030 741
1634040 743
1634050 745
1634060 745
1634070 746
1634080 747
1634090 747
1634100 749
1634110 750
1634120 750
1634130 750
1634140 751
1634150 751
1634160 752
1634170 752
1634180 753
1634190 754
1634200 754
1634210 754
1634220 755
1634230 755
1634240 756
1634250 756
1634260 756
1634270 757
1634280 758
1634290 758
1634300 759
1634310 761
1634320 761
1634330 762
1634340 763
1634350 763
1634360 764
1634370 766
1634380 766
1634390 768
1634400 769
1634410 769
1634420 771
1634430 773
1634440 773
1634450 775
1634460 778
1634470 776
1634480 777
1634490 778
1634500 778
1634510 779
1634520 780
1634530 780
1634540 781
1634550 782
1634560 782
1634570 783
1634580 785
1634590 785
1634600 786
1634610 787
1634620 787
1634630 788
1634640 789
1634650 789
1634660 789
1634670 789
1634680 789
1634690 790
1634700 790
1634710 790
1634720 791
1634730 791
1634740 791
1634750 792
1634760 792
1634770 792
1634780 792
1634790 792
1634800 792
1634810 793
1634820 793
1634830 793
1634840 793
1634850 794
1634860 794
1634870 794
1634880 795
1634890 795
1634900 795
1634910 795
1634920 795
1634930 795
1634940 794
1634950 794
1634960 794
1634970 795
1634980 795
1634990 795
1635000 795
1635010 795
1635020 795
1635030 795
1635040 795
1635050 795
1635060 796
1635070 796
1635080 797
1635090 797
1635100 797
1635110 798
1635120 798
1635130 798
1635140 798
1635150 797
1635160 797
1635170 796
1635180 794
1635190 794
1635200 794
1635210 793
1635220 793
1635230 794
1635240 794
1635250 794
1635260 796
1635270 798
1635280 798
1635290 800
1635300 802
1635310 802
1635320 803
1635330 807
1635340 807
1635350 808
1635360 808
1635370 808
1635380 809
1635390 810
1635400 810
1635410 812
1635420 813
1635430 813
1635440 813
1635450 814
1635460 814
1635470 814
1635480 815
1635490 815
1635500 816
1635510 816
1635520 816
1635530 816
1635540 816
1635550 815
1635560 815
1635570 815
1635580 815
1635590 816
1635600 816
1635610 817
1635620 817
1635630 817
1635640 817
1635650 817
1635660 817
1635670 817
1635680 816
1635690 816
1635700 815
1635710 813
1635720 813
1635730 811
1635740 811
1635750 811
1635760 813
1635770 816
1635780 816
1635790 818
1635800 820
1635810 820
1635820 821
1635830 823
1635840 823
1635850 826
1635860 829
1635870 829
1635880 832
1635890 834
1635900 834
1635910 837
1635920 841
1635930 841
1635940 844
1635950 848
1635960 848
1635970 851
1635980 855
1635990 855
1636000 857
1636010 859
1636020 859
1636030 862
1636040 864
1636050 864
1636060 866
1636070 868
1636080 868
1636090 870
1636100 872
1636110 872
1636120 872
1636130 872
1636140 872
1636150 872
1636160 872
1636170 872
1636180 873
1636190 874
1636200 874
1636210 875
1636220 874
1636230 874
1636240 874
1636250 874
1636260 874
1636270 874
1636280 874
1636290 874
1636300 875
1636310 875
1636320 875
1636330 875
1636340 875
1636350 875
1636360 874
1636370 872
1636380 872
1636390 870
1636400 868
1636410 868
1636420 866
1636430 864
1636440 864
1636450 862
1636460 860
1636470 860
1636480 858
1636490 856
1636500 856
1636510 854
1636520 853
1636530 853
1636540 851
1636550 849
1636560 849
1636570 848
1636580 845
1636590 845
1636600 843
1636610 842
1636620 842
1636630 841
1636640 840
1636650 840
1636660 838
1636670 836
1636680 836
1636690 833
1636700 831
1636710 831
1636720 829
1636730 828
1636740 828
1636750 826
1636760 825
1636770 825
1636780 824
1636790 825
1636800 825
1636810 826
1636820 826
1636830 826
1636840 827
1636850 827
1636860 827
1636870 827
1636880 827
1636890 828
1636900 829
1636910 829
1636920 829
1636930 830
1636940 830
1636950 830
1636960 831
1636970 831
1636980 831
1636990 831
1637000 831
1637010 831
1637020 831
1637030 831
1637040 831
1637050 835
1637060 835
1637070 836
1637080 837
1637090 837
1637100 837
1637110 838
1637120 838
1637130 839
1637140 840
1637150 840
1637160 840
1637170 841
1637180 841
1637190 842
1637200 843
1637210 843
1637220 843
1637230 844
1637240 844
1637250 843
1637260 842
1637270 842
1637280 841
1637290 839
1637300 839
1637310 838
1637320 837
1637330 837
1637340 836
1637350 835
1637360 835
1637370 834
1637380 832
1637390 832
1637400 831
1637410 829
1637420 829
1637430 828
1637440 826
1637450 826
1637460 825
1637470 823
1637480 823
1637490 823
1637500 822
1637510 822
1637520 821
1637530 820
1637540 820
1637550 820
1637560 818
1637570 818
1637580 816
1637590 813
1637600 813
1637610 810
1637620 806
1637630 806
1637640 802
1637650 799
1637660 799
1637670 795
1637680 790
1637690 790
1637700 783
1637710 774
1637720 774
1637730 769
1637740 765
1637750 765
1637760 760
1637770 755
1637780 755
1637790 750
1637800 745
1637810 745
1637820 741
1637830 738
1637840 738
1637850 735
1637860 731
1637870 731
1637880 728
1637890 724
1637900 725
1637910 720
1637920 716
1637930 716
1637940 712
1637950 709
1637960 709
1637970 709
1637980 708
1637990 708
1638000 709
1638010 710
1638020 710
1638030 713
1638040 715
1638050 715
1638060 717
1638070 719
1638080 719
1638090 721
1638100 724
1638110 724
1638120 726
1638130 729
1638140 729
1638150 731
1638160 733
1638170 733
1638180 734
1638190 735
1638200 735
1638210 736
1638220 736
1638230 738
1638240 740
1638250 740
1638260 741
1638270 744
1638280 744
1638290 748
1638300 750
1638310 750
1638320 751
1638330 751
1638340 751
1638350 752
1638360 751
1638370 751
1638380 750
1638390 749
1638400 749
1638410 749
1638420 748
1638430 748
1638440 747
1638450 746
1638460 746
1638470 745
1638480 744
1638490 744
1638500 742
1638510 741
1638520 741
1638530 740
1638540 738
1638550 738
1638560 736
1638570 735
1638580 735
1638590 734
1638600 732
1638610 732
1638620 731
1638630 730
1638640 730
1638650 729
1638660 728
1638670 728
1638680 725
1638690 721
1638700 721
1638710 716
1638720 711
1638730 711
1638740 707
1638750 706
1638760 706
1638770 704
1638780 702
1638790 702
1638800 699
1638810 695
1638820 695
1638830 688
1638840 680
1638850 680
1638860 673
1638870 667
1638880 667
1638890 661
1638900 656
1638910 656
1638920 651
1638930 646
1638940 646
1638950 644
1638960 644
1638970 644
1638980 643
1638990 644
1639000 644
1639010 646
1639020 652
1639030 652
1639040 661
1639050 672
1639060 672
1639070 681
1639080 690
1639090 690
1639100 694
1639110 699
1639120 699
1639130 703
1639140 708
1639150 708
1639160 713
1639170 716
1639180 716
1639190 719
1639200 723
1639210 723
1639220 729
1639230 734
1639240 734
1639250 740
1639260 744
1639270 744
1639280 748
1639290 752
1639300 752
1639310 756
1639320 759
1639330 759
1639340 761
1639350 763
1639360 763
1639370 763
1639380 763
1639390 763
1639400 763
1639410 762
1639420 762
1639430 762
1639440 762
1639450 762
1639460 762
1639470 763
1639480 763
1639490 765
1639500 766
1639510 766
1639520 769
1639530 771
1639540 771
1639550 774
1639560 774
1639570 777
1639580 779
1639590 782
1639600 784
1639610 786
1639620 786
1639630 788
1639640 788
1639650 788
1639660 787
1639670 787
1639680 787
1639690 786
1639700 786
1639710 786
1639720 786
1639730 786
1639740 786
1639750 787
1639760 787
1639770 787
1639780 787
1639790 787
1639800 787
1639810 786
1639820 784
1639830 784
1639840 782
1639850 781
1639860 781
1639870 779
1639880 778
1639890 778
1639900 776
1639910 775
1639920 775
1639930 773
1639940 770
1639950 770
1639960 767
1639970 763
1639980 763
1639990 761
