1620000 680
1620010 683
1620020 686
1620030 686
1620040 689
1620050 693
1620060 693
1620070 696
1620080 699
1620090 699
1620100 702
1620110 704
1620120 704
1620130 706
1620140 707
1620150 707
1620160 704
1620170 704
1620180 699
1620190 696
1620200 696
1620210 695
1620220 695
1620230 695
1620240 696
1620250 696
1620260 696
1620270 696
1620280 697
1620290 697
1620300 698
1620310 699
1620320 699
1620330 700
1620340 701
1620350 701
1620360 702
1620370 703
1620380 703
1620390 705
1620400 705
1620410 705
1620420 706
1620430 707
1620440 707
1620450 709
1620460 710
1620470 710
1620480 713
1620490 715
1620500 715
1620510 717
1620520 719
1620530 719
1620540 720
1620550 721
1620560 721
1620570 721
1620580 721
1620590 721
1620600 721
1620610 721
1620620 719
1620630 720
1620640 721
1620650 721
1620660 722
1620670 723
1620680 723
1620690 724
1620700 726
1620710 726
1620720 728
1620730 730
1620740 730
1620750 733
1620760 734
1620770 734
1620780 735
1620790 736
1620800 736
1620810 738
1620820 738
1620830 738
1620840 738
1620850 737
1620860 737
1620870 737
1620880 737
1620890 737
1620900 737
1620910 738
1620920 738
1620930 740
1620940 742
1620950 742
1620960 743
1620970 744
1620980 744
1620990 745
1621000 746
1621010 746
1621020 746
1621030 746
1621040 746
1621050 745
1621060 744
1621070 744
1621080 743
1621090 741
1621100 741
1621110 740
1621120 738
1621130 738
1621140 736
1621150 734
1621160 734
1621170 732
1621180 729
1621190 729
1621200 726
1621210 723
1621220 723
1621230 720
1621240 718
1621250 718
1621260 716
1621270 714
1621280 714
1621290 712
1621300 710
1621310 710
1621320 708
1621330 706
1621340 706
1621350 704
1621360 703
1621370 703
1621380 701
1621390 699
1621400 699
1621410 698
1621420 696
1621430 696
1621440 695
1621450 694
1621460 694
1621470 693
1621480 693
1621490 691
1621500 690
1621510 690
1621520 689
1621530 688
1621540 688
1621550 687
1621560 685
1621570 685
1621580 684
1621590 683
1621600 683
1621610 682
1621620 681
1621630 681
1621640 680
1621650 678
1621660 678
1621670 677
1621680 676
1621690 676
1621700 674
1621710 672
1621720 672
1621730 669
1621740 666
1621750 666
1621760 665
1621770 665
1621780 665
1621790 664
1621800 664
1621810 664
1621820 662
1621830 660
1621840 660
1621850 659
1621860 659
1621870 659
1621880 658
1621890 657
1621900 657
1621910 656
1621920 655
1621930 655
1621940 654
1621950 653
1621960 653
1621970 652
1621980 651
1621990 651
1622000 650
1622010 650
1622020 650
1622030 649
1622040 649
1622050 649
1622060 648
1622070 646
1622080 646
1622090 643
1622100 639
1622110 639
1622120 636
1622130 634
1622140 634
1622150 633
1622160 632
1622170 632
1622180 631
1622190 630
1622200 630
1622210 630
1622220 632
1622230 632
1622240 635
1622250 638
1622260 638
1622270 641
1622280 645
1622290 645
1622300 649
1622310 651
1622320 651
1622330 651
1622340 649
1622350 649
1622360 646
1622370 645
1622380 645
1622390 645
1622400 644
1622410 644
1622420 644
1622430 642
1622440 642
1622450 641
1622460 639
1622470 639
1622480 638
1622490 636
1622500 636
1622510 633
1622520 630
1622530 629
1622540 630
1622550 631
1622560 631
1622570 632
1622580 633
1622590 633
1622600 635
1622610 637
1622620 637
1622630 641
1622640 646
1622650 646
1622660 651
1622670 653
1622680 653
1622690 655
1622700 657
1622710 657
1622720 657
1622730 658
1622740 658
1622750 660
1622760 662
1622770 662
1622780 665
1622790 665
1622800 668
1622810 671
1622820 671
1622830 673
1622840 675
1622850 675
1622860 677
1622870 679
1622880 679
1622890 681
1622900 683
1622910 683
1622920 684
1622930 686
1622940 686
1622950 687
1622960 688
1622970 688
1622980 690
1622990 691
1623000 691
1623010 693
1623020 694
1623030 694
1623040 695
1623050 697
1623060 697
1623070 697
1623080 698
1623090 698
1623100 699
1623110 700
1623120 700
1623130 701
1623140 701
1623150 701
1623160 702
1623170 702
1623180 702
1623190 703
1623200 703
1623210 703
1623220 703
1623230 703
1623240 703
1623250 704
1623260 704
1623270 704
1623280 705
1623290 707
1623300 707
1623310 709
1623320 712
1623330 712
1623340 714
1623350 716
1623360 716
1623370 718
1623380 720
1623390 720
1623400 723
1623410 726
1623420 726
1623430 728
1623440 730
1623450 730
1623460 732
1623470 733
1623480 733
1623490 735
1623500 737
1623510 737
1623520 739
1623530 740
1623540 740
1623550 741
1623560 743
1623570 743
1623580 744
1623590 745
1623600 745
1623610 747
1623620 748
1623630 748
1623640 749
1623650 750
1623660 750
1623670 751
1623680 752
1623690 752
1623700 754
1623710 755
1623720 755
1623730 756
1623740 757
1623750 757
1623760 758
1623770 760
1623780 760
1623790 762
1623800 764
1623810 764
1623820 766
1623830 767
1623840 767
1623850 769
1623860 771
1623870 771
1623880 772
1623890 773
1623900 773
1623910 774
1623920 775
1623930 775
1623940 776
1623950 778
1623960 778
1623970 779
1623980 781
1623990 781
1624000 781
1624010 780
1624020 780
1624030 778
1624040 776
1624050 776
1624060 774
1624070 772
1624080 772
1624090 770
1624100 768
1624110 768
1624120 766
1624130 766
1624140 764
1624150 762
1624160 762
1624170 762
1624180 761
1624190 761
1624200 762
1624210 762
1624220 762
1624230 763
1624240 763
1624250 763
1624260 763
1624270 763
1624280 763
1624290 765
1624300 766
1624310 766
1624320 767
1624330 768
1624340 768
1624350 769
1624360 771
1624370 771
1624380 772
1624390 773
1624400 774
1624410 776
1624420 777
1624430 777
1624440 778
1624450 779
1624460 779
1624470 781
1624480 782
1624490 782
1624500 784
1624510 785
1624520 785
1624530 787
1624540 788
1624550 788
1624560 790
1624570 791
1624580 791
1624590 792
1624600 794
1624610 794
1624620 796
1624630 798
1624640 798
1624650 800
1624660 803
1624670 803
1624680 805
1624690 807
1624700 807
1624710 810
1624720 813
1624730 813
1624740 815
1624750 818
1624760 818
1624770 822
1624780 826
1624790 826
1624800 828
1624810 830
1624820 830
1624830 832
1624840 833
1624850 833
1624860 834
1624870 835
1624880 835
1624890 836
1624900 837
1624910 837
1624920 837
1624930 838
1624940 838
1624950 838
1624960 838
1624970 838
1624980 837
1624990 835
1625000 835
1625010 833
1625020 830
1625030 830
1625040 827
1625050 823
1625060 823
1625070 820
1625080 817
1625090 817
1625100 813
1625110 809
1625120 809
1625130 806
1625140 802
1625150 802
1625160 799
1625170 796
1625180 796
1625190 793
1625200 791
1625210 791
1625220 789
1625230 787
1625240 787
1625250 784
1625260 781
1625270 781
1625280 779
1625290 776
1625300 776
1625310 773
1625320 771
1625330 770
1625340 768
1625350 766
1625360 766
1625370 764
1625380 762
1625390 762
1625400 760
1625410 758
1625420 758
1625430 756
1625440 756
1625450 754
1625460 751
1625470 751
1625480 748
1625490 746
1625500 746
1625510 744
1625520 742
1625530 742
1625540 741
1625550 740
1625560 740
1625570 739
1625580 737
1625590 737
1625600 736
1625610 734
1625620 734
1625630 733
1625640 731
1625650 731
1625660 730
1625670 729
1625680 729
1625690 728
1625700 727
1625710 727
1625720 726
1625730 724
1625740 724
1625750 721
1625760 719
1625770 719
1625780 717
1625790 715
1625800 715
1625810 712
1625820 712
1625830 712
1625840 710
1625850 709
1625860 709
1625870 709
1625880 707
1625890 707
1625900 706
1625910 704
1625920 704
1625930 702
1625940 700
1625950 700
1625960 698
1625970 696
1625980 696
1625990 694
1626000 692
1626010 692
1626020 692
1626030 692
1626040 692
1626050 691
1626060 690
1626070 690
1626080 689
1626090 688
1626100 688
1626110 688
1626120 687
1626130 687
1626140 686
1626150 686
1626160 686
1626170 686
1626180 687
1626190 687
1626200 688
1626210 690
1626220 690
1626230 692
1626240 695
1626250 695
1626260 698
1626270 702
1626280 702
1626290 705
1626300 707
1626310 707
1626320 709
1626330 712
1626340 712
1626350 715
1626360 718
1626370 718
1626380 722
1626390 726
1626400 726
1626410 730
1626420 735
1626430 735
1626440 740
1626450 744
1626460 744
1626470 748
1626480 751
1626490 751
1626500 755
1626510 757
1626520 757
1626530 759
1626540 758
1626550 758
1626560 758
1626570 758
1626580 758
1626590 759
1626600 759
1626610 759
1626620 759
1626630 759
1626640 759
1626650 759
1626660 759
1626670 759
1626680 757
1626690 754
1626700 754
1626710 751
1626720 749
1626730 749
1626740 746
1626750 746
1626760 744
1626770 742
1626780 742
1626790 742
1626800 743
1626810 743
1626820 745
1626830 746
1626840 746
1626850 748
1626860 750
1626870 750
1626880 753
1626890 755
1626900 755
1626910 757
1626920 759
1626930 759
1626940 762
1626950 764
1626960 764
1626970 766
1626980 768
1626990 768
1627000 770
1627010 773
1627020 773
1627030 775
1627040 777
1627050 777
1627060 779
1627070 782
1627080 782
1627090 784
1627100 787
1627110 787
1627120 790
1627130 793
1627140 793
1627150 797
1627160 799
1627170 801
1627180 803
1627190 804
1627200 804
1627210 804
1627220 803
1627230 803
1627240 803
1627250 803
1627260 803
1627270 803
1627280 803
1627290 803
1627300 804
1627310 804
1627320 804
1627330 804
1627340 803
1627350 803
1627360 803
1627370 803
1627380 803
1627390 802
1627400 802
1627410 802
1627420 802
1627430 801
1627440 801
1627450 800
1627460 800
1627470 800
1627480 799
1627490 798
1627500 798
1627510 797
1627520 797
1627530 797
1627540 796
1627550 795
1627560 795
1627570 794
1627580 794
1627590 794
1627600 794
1627610 793
1627620 793
1627630 793
1627640 793
1627650 793
1627660 793
1627670 794
1627680 794
1627690 795
1627700 795
1627710 795
1627720 794
1627730 794
1627740 794
1627750 794
1627760 795
1627770 795
1627780 795
1627790 796
1627800 796
1627810 797
1627820 798
1627830 798
1627840 800
1627850 802
1627860 802
1627870 804
1627880 807
1627890 807
1627900 810
1627910 811
1627920 811
1627930 812
1627940 812
1627950 812
1627960 813
1627970 814
1627980 814
1627990 815
1628000 815
1628010 815
1628020 816
1628030 816
1628040 816
1628050 816
1628060 816
1628070 816
1628080 816
1628090 816
1628100 816
1628110 814
1628120 814
1628130 813
1628140 812
1628150 812
1628160 810
1628170 808
1628180 808
1628190 806
1628200 804
1628210 804
1628220 802
1628230 801
1628240 801
1628250 800
1628260 798
1628270 798
1628280 797
1628290 796
1628300 796
1628310 795
1628320 793
1628330 793
1628340 791
1628350 789
1628360 789
1628370 787
1628380 785
1628390 785
1628400 783
1628410 781
1628420 781
1628430 779
1628440 776
1628450 776
1628460 773
1628470 768
1628480 768
1628490 764
1628500 761
1628510 761
1628520 759
1628530 757
1628540 757
1628550 754
1628560 752
1628570 752
1628580 750
1628590 748
1628600 748
1628610 746
1628620 743
1628630 743
1628640 741
1628650 739
1628660 739
1628670 736
1628680 734
1628690 734
1628700 731
1628710 728
1628720 728
1628730 726
1628740 723
1628750 723
1628760 721
1628770 719
1628780 719
1628790 717
1628800 715
1628810 715
1628820 712
1628830 711
1628840 711
1628850 712
1628860 712
1628870 712
1628880 712
1628890 713
1628900 713
1628910 714
1628920 715
1628930 715
1628940 716
1628950 716
1628960 716
1628970 716
1628980 719
1628990 719
1629000 719
1629010 719
1629020 719
1629030 719
1629040 719
1629050 719
1629060 718
1629070 717
1629080 717
1629090 716
1629100 715
1629110 715
1629120 714
1629130 712
1629140 712
1629150 710
1629160 706
1629170 706
1629180 702
1629190 699
1629200 699
1629210 697
1629220 695
1629230 695
1629240 694
1629250 692
1629260 692
1629270 691
1629280 690
1629290 690
1629300 687
1629310 682
1629320 682
1629330 677
1629340 673
1629350 673
1629360 668
1629370 663
1629380 663
1629390 660
1629400 660
1629410 661
1629420 663
1629430 663
1629440 665
1629450 667
1629460 667
1629470 669
1629480 672
1629490 672
1629500 675
1629510 677
1629520 677
1629530 679
1629540 681
1629550 681
1629560 683
1629570 686
1629580 686
1629590 688
1629600 690
1629610 690
1629620 691
1629630 693
1629640 693
1629650 695
1629660 698
1629670 698
1629680 700
1629690 703
1629700 703
1629710 706
1629720 708
1629730 708
1629740 712
1629750 716
1629760 716
1629770 720
1629780 723
1629790 723
1629800 726
1629810 730
1629820 730
1629830 735
1629840 739
1629850 739
1629860 742
1629870 746
1629880 748
1629890 752
1629900 755
1629910 755
1629920 758
1629930 762
1629940 762
1629950 766
1629960 766
1629970 766
1629980 763
1629990 758
1630000 758
1630010 753
1630020 748
1630030 748
1630040 744
1630050 740
1630060 740
1630070 737
1630080 733
1630090 733
1630100 730
1630110 727
1630120 727
1630130 724
1630140 721
1630150 721
1630160 719
1630170 716
1630180 716
1630190 715
1630200 713
1630210 713
1630220 711
1630230 710
1630240 710
1630250 708
1630260 706
1630270 706
1630280 705
1630290 705
1630300 705
1630310 706
1630320 707
1630330 707
1630340 707
1630350 706
1630360 706
1630370 706
1630380 705
1630390 705
1630400 705
1630410 706
1630420 706
1630430 707
1630440 706
1630450 706
1630460 702
1630470 695
1630480 695
1630490 689
1630500 683
1630510 683
1630520 676
1630530 668
1630540 668
1630550 660
1630560 653
1630570 653
1630580 646
1630590 640
1630600 640
1630610 633
1630620 625
1630630 625
1630640 619
1630650 614
1630660 614
1630670 608
1630680 603
1630690 603
1630700 599
1630710 599
1630720 594
1630730 589
1630740 589
1630750 584
1630760 578
1630770 578
1630780 574
1630790 569
1630800 569
1630810 561
1630820 555
1630830 555
1630840 550
1630850 548
1630860 548
1630870 548
1630880 549
1630890 549
1630900 549
1630910 550
1630920 550
1630930 552
1630940 553
1630950 553
1630960 554
1630970 556
1630980 556
1630990 557
1631000 559
1631010 559
1631020 562
1631030 567
1631040 567
1631050 571
1631060 576
1631070 576
1631080 580
1631090 585
1631100 585
1631110 590
1631120 596
1631130 596
1631140 602
1631150 608
1631160 608
1631170 613
1631180 619
1631190 619
1631200 624
1631210 629
1631220 629
1631230 633
1631240 637
1631250 637
1631260 641
1631270 643
1631280 643
1631290 646
1631300 648
1631310 648
1631320 650
1631330 653
1631340 653
1631350 656
1631360 658
1631370 658
1631380 661
1631390 664
1631400 664
1631410 666
1631420 667
1631430 667
1631440 669
1631450 671
1631460 671
1631470 673
1631480 675
1631490 675
1631500 677
1631510 679
1631520 679
1631530 681
1631540 684
1631550 684
1631560 686
1631570 689
1631580 689
1631590 692
1631600 695
1631610 695
1631620 697
1631630 699
1631640 699
1631650 700
1631660 698
1631670 698
1631680 700
1631690 701
1631700 701
1631710 703
1631720 705
1631730 705
1631740 708
1631750 711
1631760 711
1631770 713
1631780 715
1631790 715
1631800 717
1631810 718
1631820 718
1631830 718
1631840 718
1631850 718
1631860 718
1631870 720
1631880 720
1631890 721
1631900 722
1631910 722
1631920 723
1631930 723
1631940 723
1631950 724
1631960 725
1631970 725
1631980 726
1631990 727
1632000 727
1632010 728
1632020 728
1632030 730
1632040 732
1632050 732
1632060 734
1632070 736
1632080 736
1632090 738
1632100 740
1632110 740
1632120 742
1632130 745
1632140 745
1632150 747
1632160 748
1632170 748
1632180 750
1632190 752
1632200 752
1632210 752
1632220 752
1632230 752
1632240 751
1632250 751
1632260 751
1632270 751
1632280 751
1632290 751
1632300 751
1632310 750
1632320 750
1632330 749
1632340 749
1632350 749
1632360 749
1632370 748
1632380 748
1632390 745
1632400 741
1632410 741
1632420 739
1632430 737
1632440 737
1632450 734
1632460 732
1632470 732
1632480 731
1632490 729
1632500 729
1632510 727
1632520 724
1632530 724
1632540 722
1632550 724
1632560 724
1632570 723
1632580 723
1632590 723
1632600 722
1632610 723
1632620 723
1632630 723
1632640 723
1632650 723
1632660 724
1632670 724
1632680 724
1632690 724
1632700 723
1632710 723
1632720 723
1632730 722
1632740 722
1632750 721
1632760 720
1632770 720
1632780 719
1632790 718
1632800 718
1632810 716
1632820 716
1632830 716
1632840 718
1632850 718
1632860 718
1632870 718
1632880 718
1632890 718
1632900 717
1632910 716
1632920 716
1632930 716
1632940 716
1632950 716
1632960 715
1632970 714
1632980 714
1632990 713
1633000 713
1633010 713
1633020 713
1633030 714
1633040 714
1633050 715
1633060 717
1633070 717
1633080 719
1633090 720
1633100 720
1633110 722
1633120 724
1633130 724
1633140 725
1633150 726
1633160 726
1633170 727
1633180 728
1633190 728
1633200 729
1633210 730
1633220 730
1633230 731
1633240 732
1633250 732
1633260 733
1633270 734
1633280 734
1633290 735
1633300 735
1633310 735
1633320 736
1633330 736
1633340 739
1633350 741
1633360 741
1633370 741
1633380 742
1633390 742
1633400 742
1633410 742
1633420 742
1633430 744
1633440 743
1633450 743
1633460 742
1633470 743
1633480 743
1633490 744
1633500 746
1633510 746
1633520 748
1633530 750
1633540 750
1633550 751
1633560 752
1633570 752
1633580 752
1633590 751
1633600 751
1633610 748
1633620 745
1633630 745
1633640 743
1633650 739
1633660 739
1633670 737
1633680 735
1633690 735
1633700 735
1633710 735
1633720 735
1633730 733
1633740 731
1633750 731
1633760 730
1633770 730
1633780 730
1633790 729
1633800 728
1633810 728
1633820 728
1633830 730
1633840 730
1633850 732
1633860 733
1633870 733
1633880 733
1633890 732
1633900 732
1633910 733
1633920 734
1633930 734
1633940 735
1633950 736
1633960 736
1633970 736
1633980 737
1633990 737
1634000 739
1634010 742
1634020 742
1634030 744
1634040 747
1634050 747
1634060 750
1634070 752
1634080 752
1634090 754
1634100 755
1634110 755
1634120 757
1634130 758
1634140 758
1634150 760
1634160 761
1634170 761
1634180 762
1634190 763
1634200 763
1634210 763
1634220 764
1634230 764
1634240 765
1634250 765
1634260 765
1634270 766
1634280 767
1634290 767
1634300 766
1634310 767
1634320 767
1634330 768
1634340 770
1634350 770
1634360 771
1634370 773
1634380 773
1634390 774
1634400 777
1634410 777
1634420 779
1634430 780
1634440 780
1634450 781
1634460 783
1634470 783
1634480 784
1634490 786
1634500 786
1634510 787
1634520 789
1634530 789
1634540 791
1634550 792
1634560 792
1634570 793
1634580 795
1634590 795
1634600 796
1634610 799
1634620 799
1634630 801
1634640 801
1634650 803
1634660 806
1634670 806
1634680 807
1634690 809
1634700 809
1634710 811
1634720 813
1634730 813
1634740 814
1634750 815
1634760 815
1634770 816
1634780 816
1634790 816
1634800 816
1634810 817
1634820 817
1634830 818
1634840 819
1634850 819
1634860 820
1634870 820
1634880 820
1634890 821
1634900 821
1634910 821
1634920 822
1634930 823
1634940 823
1634950 823
1634960 824
1634970 824
1634980 825
1634990 826
1635000 826
1635010 827
1635020 828
1635030 828
1635040 829
1635050 830
1635060 830
1635070 831
1635080 832
1635090 832
1635100 833
1635110 834
1635120 834
1635130 835
1635140 836
1635150 836
1635160 837
1635170 841
1635180 841
1635190 842
1635200 843
1635210 843
1635220 843
1635230 844
1635240 844
1635250 845
1635260 845
1635270 845
1635280 846
1635290 846
1635300 846
1635310 847
1635320 847
1635330 847
1635340 847
1635350 848
1635360 848
1635370 848
1635380 847
1635390 847
1635400 847
1635410 847
1635420 847
1635430 848
1635440 848
1635450 848
1635460 848
1635470 848
1635480 848
1635490 847
1635500 845
1635510 845
1635520 845
1635530 845
1635540 845
1635550 847
1635560 850
1635570 850
1635580 852
1635590 854
1635600 854
1635610 855
1635620 857
1635630 857
1635640 859
1635650 860
1635660 860
1635670 862
1635680 863
1635690 863
1635700 865
1635710 866
1635720 866
1635730 867
1635740 867
1635750 867
1635760 869
1635770 871
1635780 871
1635790 872
1635800 874
1635810 874
1635820 874
1635830 875
1635840 875
1635850 876
1635860 878
1635870 878
1635880 880
1635890 882
1635900 882
1635910 883
1635920 884
1635930 884
1635940 885
1635950 885
1635960 886
1635970 886
1635980 886
1635990 886
1636000 886
1636010 886
1636020 885
1636030 885
1636040 885
1636050 884
1636060 883
1636070 883
1636080 882
1636090 882
1636100 882
1636110 880
1636120 879
1636130 879
1636140 879
1636150 879
1636160 879
1636170 878
1636180 878
1636190 878
1636200 879
1636210 879
1636220 879
1636230 878
1636240 876
1636250 876
1636260 874
1636270 873
1636280 873
1636290 871
1636300 870
1636310 870
1636320 869
1636330 868
1636340 868
1636350 867
1636360 865
1636370 865
1636380 864
1636390 863
1636400 863
1636410 861
1636420 859
1636430 859
1636440 856
1636450 854
1636460 854
1636470 853
1636480 851
1636490 851
1636500 848
1636510 845
1636520 845
1636530 841
1636540 838
1636550 838
1636560 835
1636570 833
1636580 833
1636590 830
1636600 828
1636610 828
1636620 826
1636630 825
1636640 825
1636650 823
1636660 820
1636670 820
1636680 819
1636690 820
1636700 820
1636710 820
1636720 821
1636730 821
1636740 822
1636750 824
1636760 824
1636770 825
1636780 825
1636790 825
1636800 826
1636810 826
1636820 826
1636830 826
1636840 825
1636850 825
1636860 824
1636870 823
1636880 823
1636890 821
1636900 819
1636910 819
1636920 818
1636930 817
1636940 817
1636950 815
1636960 814
1636970 814
1636980 812
1636990 810
1637000 810
1637010 809
1637020 807
1637030 807
1637040 806
1637050 804
1637060 804
1637070 802
1637080 800
1637090 800
1637100 798
1637110 796
1637120 796
1637130 793
1637140 791
1637150 791
1637160 788
1637170 784
1637180 784
1637190 780
1637200 776
1637210 776
1637220 772
1637230 767
1637240 767
1637250 763
1637260 763
1637270 759
1637280 757
1637290 757
1637300 754
1637310 753
1637320 753
1637330 751
1637340 750
1637350 750
1637360 749
1637370 750
1637380 750
1637390 750
1637400 751
1637410 751
1637420 752
1637430 753
1637440 753
1637450 754
1637460 754
1637470 754
1637480 755
1637490 755
1637500 755
1637510 754
1637520 753
1637530 753
1637540 752
1637550 750
1637560 750
1637570 747
1637580 743
1637590 743
1637600 739
1637610 735
1637620 735
1637630 730
1637640 726
1637650 726
1637660 723
1637670 721
1637680 721
1637690 720
1637700 719
1637710 719
1637720 718
1637730 719
1637740 717
1637750 717
1637760 719
1637770 719
1637780 724
1637790 727
1637800 727
1637810 731
1637820 734
1637830 734
1637840 735
1637850 736
1637860 736
1637870 737
1637880 736
1637890 736
1637900 736
1637910 735
1637920 735
1637930 735
1637940 735
1637950 735
1637960 736
1637970 736
1637980 736
1637990 736
1638000 737
1638010 737
1638020 738
1638030 738
1638040 738
1638050 738
1638060 738
1638070 738
1638080 739
1638090 740
1638100 740
1638110 740
1638120 741
1638130 741
1638140 742
1638150 743
1638160 743
1638170 746
1638180 748
1638190 748
1638200 750
1638210 751
1638220 751
1638230 752
1638240 752
1638250 752
1638260 752
1638270 752
1638280 752
1638290 752
1638300 752
1638310 752
1638320 752
1638330 751
1638340 751
1638350 750
1638360 750
1638370 750
1638380 749
1638390 748
1638400 748
1638410 747
1638420 746
1638430 746
1638440 745
1638450 743
1638460 743
1638470 741
1638480 739
1638490 739
1638500 738
1638510 737
1638520 737
1638530 736
1638540 735
1638550 735
1638560 734
1638570 734
1638580 733
1638590 730
1638600 730
1638610 729
1638620 728
1638630 728
1638640 727
1638650 725
1638660 725
1638670 724
1638680 723
1638690 723
1638700 721
1638710 719
1638720 719
1638730 717
1638740 714
1638750 714
1638760 710
1638770 706
1638780 706
1638790 703
1638800 701
1638810 701
1638820 700
1638830 699
1638840 699
1638850 698
1638860 697
1638870 697
1638880 695
1638890 694
1638900 694
1638910 692
1638920 690
1638930 690
1638940 689
1638950 687
1638960 687
1638970 686
1638980 684
1638990 684
1639000 683
1639010 682
1639020 682
1639030 681
1639040 678
1639050 678
1639060 675
1639070 673
1639080 673
1639090 670
1639100 667
1639110 667
1639120 663
1639130 661
1639140 661
1639150 661
1639160 660
1639170 660
1639180 660
1639190 660
1639200 660
1639210 660
1639220 660
1639230 660
1639240 660
1639250 660
1639260 660
1639270 661
1639280 662
1639290 662
1639300 663
1639310 665
1639320 665
1639330 669
1639340 672
1639350 672
1639360 676
1639370 680
1639380 680
1639390 683
1639400 686
1639410 686
1639420 689
1639430 695
1639440 695
1639450 697
1639460 700
1639470 700
1639480 703
1639490 706
1639500 706
1639510 708
1639520 709
1639530 709
1639540 711
1639550 712
1639560 712
1639570 713
1639580 714
1639590 714
1639600 715
1639610 716
1639620 716
1639630 718
1639640 719
1639650 719
1639660 720
1639670 721
1639680 721
1639690 722
1639700 723
1639710 723
1639720 724
1639730 725
1639740 725
1639750 726
1639760 727
1639770 727
1639780 728
1639790 729
1639800 729
1639810 729
1639820 730
1639830 730
1639840 731
1639850 731
1639860 731
1639870 730
1639880 730
1639890 729
1639900 727
1639910 727
1639920 725
1639930 723
1639940 723
1639950 721
1639960 719
1639970 719
1639980 716
1639990 713
