1620000 604
1620010 604
1620020 604
1620030 605
1620040 605
1620050 605
1620060 606
1620070 605
1620080 605
1620090 603
1620100 601
1620110 601
1620120 599
1620130 599
1620140 599
1620150 601
1620160 602
1620170 602
1620180 602
1620190 603
1620200 603
1620210 604
1620220 604
1620230 604
1620240 603
1620250 603
1620260 603
1620270 603
1620280 602
1620290 602
1620300 602
1620310 601
1620320 601
1620330 601
1620340 600
1620350 600
1620360 600
1620370 599
1620380 599
1620390 598
1620400 597
1620410 597
1620420 596
1620430 595
1620440 595
1620450 594
1620460 594
1620470 594
1620480 594
1620490 593
1620500 593
1620510 593
1620520 592
1620530 592
1620540 591
1620550 590
1620560 590
1620570 589
1620580 587
1620590 587
1620600 586
1620610 583
1620620 583
1620630 581
1620640 577
1620650 577
1620660 572
1620670 569
1620680 569
1620690 568
1620700 567
1620710 567
1620720 567
1620730 567
1620740 567
1620750 567
1620760 567
1620770 566
1620780 567
1620790 567
1620800 567
1620810 567
1620820 567
1620830 567
1620840 567
1620850 567
1620860 567
1620870 567
1620880 567
1620890 567
1620900 567
1620910 567
1620920 568
1620930 568
1620940 568
1620950 568
1620960 569
1620970 569
1620980 570
1620990 572
1621000 572
1621010 574
1621020 576
1621030 576
1621040 577
1621050 578
1621060 578
1621070 578
1621080 579
1621090 579
1621100 579
1621110 579
1621120 579
1621130 580
1621140 579
1621150 579
1621160 578
1621170 578
1621180 578
1621190 578
1621200 579
1621210 579
1621220 579
1621230 580
1621240 580
1621250 581
1621260 581
1621270 581
1621280 582
1621290 583
1621300 583
1621310 584
1621320 585
1621330 585
1621340 586
1621350 586
1621360 586
1621370 587
1621380 588
1621390 588
1621400 589
1621410 590
1621420 590
1621430 592
1621440 593
1621450 593
1621460 594
1621470 596
1621480 596
1621490 597
1621500 599
1621510 599
1621520 600
1621530 601
1621540 601
1621550 603
1621560 605
1621570 605
1621580 607
1621590 608
1621600 608
1621610 609
1621620 611
1621630 611
1621640 612
1621650 614
1621660 614
1621670 616
1621680 617
1621690 617
1621700 619
1621710 621
1621720 621
1621730 623
1621740 624
1621750 624
1621760 626
1621770 627
1621780 627
1621790 629
1621800 631
1621810 631
1621820 632
1621830 634
1621840 634
1621850 636
1621860 638
1621870 638
1621880 640
1621890 642
1621900 642
1621910 644
1621920 646
1621930 646
1621940 648
1621950 648
1621960 650
1621970 652
1621980 652
1621990 654
1622000 656
1622010 656
1622020 658
1622030 660
1622040 660
1622050 662
1622060 664
1622070 664
1622080 667
1622090 669
1622100 669
1622110 671
1622120 673
1622130 673
1622140 675
1622150 678
1622160 678
1622170 681
1622180 683
1622190 683
1622200 685
1622210 687
1622220 687
1622230 689
1622240 691
1622250 691
1622260 693
1622270 695
1622280 695
1622290 697
1622300 699
1622310 699
1622320 702
1622330 704
1622340 704
1622350 707
1622360 710
1622370 710
1622380 713
1622390 715
1622400 715
1622410 717
1622420 719
1622430 719
1622440 721
1622450 724
1622460 724
1622470 726
1622480 728
1622490 728
1622500 730
1622510 733
1622520 733
1622530 736
1622540 739
1622550 739
1622560 742
1622570 744
1622580 744
1622590 747
1622600 750
1622610 750
1622620 752
1622630 756
1622640 756
1622650 759
1622660 762
1622670 762
1622680 765
1622690 768
1622700 768
1622710 772
1622720 775
1622730 775
1622740 778
1622750 781
1622760 781
1622770 783
1622780 786
1622790 786
1622800 789
1622810 791
1622820 791
1622830 793
1622840 796
1622850 796
1622860 798
1622870 800
1622880 800
1622890 803
1622900 805
1622910 806
1622920 809
1622930 811
1622940 811
1622950 814
1622960 816
1622970 816
1622980 818
1622990 821
1623000 821
1623010 823
1623020 825
1623030 825
1623040 827
1623050 829
1623060 829
1623070 831
1623080 833
1623090 833
1623100 836
1623110 838
1623120 838
1623130 841
1623140 841
1623150 843
1623160 845
1623170 845
1623180 847
1623190 849
1623200 849
1623210 852
1623220 855
1623230 855
1623240 858
1623250 860
1623260 860
1623270 863
1623280 866
1623290 866
1623300 869
1623310 872
1623320 872
1623330 873
1623340 875
1623350 875
1623360 877
1623370 878
1623380 878
1623390 879
1623400 880
1623410 880
1623420 880
1623430 881
1623440 881
1623450 881
1623460 879
1623470 879
1623480 877
1623490 875
1623500 875
1623510 874
1623520 873
1623530 873
1623540 872
1623550 871
1623560 871
1623570 871
1623580 870
1623590 870
1623600 870
1623610 871
1623620 871
1623630 871
1623640 872
1623650 872
1623660 873
1623670 874
1623680 874
1623690 875
1623700 875
1623710 875
1623720 876
1623730 877
1623740 877
1623750 877
1623760 877
1623770 877
1623780 877
1623790 877
1623800 877
1623810 879
1623820 880
1623830 880
1623840 881
1623850 878
1623860 878
1623870 879
1623880 879
1623890 879
1623900 879
1623910 879
1623920 879
1623930 879
1623940 878
1623950 878
1623960 878
1623970 877
1623980 877
1623990 875
1624000 873
1624010 873
1624020 872
1624030 871
1624040 871
1624050 868
1624060 866
1624070 866
1624080 864
1624090 863
1624100 863
1624110 861
1624120 860
1624130 860
1624140 858
1624150 856
1624160 856
1624170 854
1624180 852
1624190 852
1624200 850
1624210 849
1624220 849
1624230 847
1624240 844
1624250 844
1624260 843
1624270 841
1624280 841
1624290 840
1624300 839
1624310 839
1624320 839
1624330 838
1624340 838
1624350 837
1624360 837
1624370 837
1624380 836
1624390 836
1624400 835
1624410 834
1624420 834
1624430 833
1624440 832
1624450 832
1624460 831
1624470 831
1624480 831
1624490 830
1624500 830
1624510 830
1624520 829
1624530 827
1624540 827
1624550 825
1624560 823
1624570 823
1624580 821
1624590 820
1624600 820
1624610 819
1624620 818
1624630 818
1624640 817
1624650 815
1624660 815
1624670 813
1624680 810
1624690 810
1624700 807
1624710 804
1624720 804
1624730 802
1624740 801
1624750 801
1624760 801
1624770 801
1624780 799
1624790 799
1624800 801
1624810 801
1624820 804
1624830 807
1624840 807
1624850 809
1624860 809
1624870 809
1624880 808
1624890 807
1624900 807
1624910 806
1624920 805
1624930 805
1624940 803
1624950 802
1624960 802
1624970 801
1624980 799
1624990 799
1625000 798
1625010 797
1625020 797
1625030 796
1625040 796
1625050 796
1625060 795
1625070 795
1625080 795
1625090 795
1625100 794
1625110 794
1625120 795
1625130 795
1625140 795
1625150 795
1625160 795
1625170 795
1625180 795
1625190 795
1625200 795
1625210 795
1625220 795
1625230 795
1625240 795
1625250 796
1625260 796
1625270 796
1625280 796
1625290 796
1625300 796
1625310 797
1625320 797
1625330 796
1625340 797
1625350 797
1625360 797
1625370 798
1625380 798
1625390 798
1625400 799
1625410 799
1625420 799
1625430 800
1625440 800
1625450 800
1625460 801
1625470 801
1625480 802
1625490 802
1625500 802
1625510 803
1625520 804
1625530 804
1625540 806
1625550 807
1625560 807
1625570 809
1625580 809
1625590 810
1625600 812
1625610 812
1625620 812
1625630 813
1625640 813
1625650 814
1625660 815
1625670 815
1625680 815
1625690 816
1625700 816
1625710 817
1625720 818
1625730 818
1625740 818
1625750 819
1625760 819
1625770 820
1625780 820
1625790 820
1625800 820
1625810 821
1625820 821
1625830 822
1625840 822
1625850 822
1625860 822
1625870 823
1625880 823
1625890 823
1625900 823
1625910 823
1625920 824
1625930 824
1625940 824
1625950 825
1625960 825
1625970 825
1625980 826
1625990 827
1626000 827
1626010 827
1626020 828
1626030 828
1626040 828
1626050 829
1626060 829
1626070 829
1626080 830
1626090 830
1626100 830
1626110 830
1626120 830
1626130 831
1626140 831
1626150 831
1626160 831
1626170 832
1626180 832
1626190 832
1626200 832
1626210 832
1626220 833
1626230 833
1626240 833
1626250 833
1626260 834
1626270 834
1626280 834
1626290 834
1626300 834
1626310 835
1626320 836
1626330 836
1626340 836
1626350 837
1626360 837
1626370 837
1626380 838
1626390 838
1626400 838
1626410 838
1626420 838
1626430 839
1626440 840
1626450 840
1626460 840
1626470 841
1626480 841
1626490 842
1626500 843
1626510 843
1626520 844
1626530 845
1626540 845
1626550 846
1626560 848
1626570 848
1626580 849
1626590 850
1626600 850
1626610 851
1626620 852
1626630 852
1626640 853
1626650 854
1626660 854
1626670 855
1626680 856
1626690 856
1626700 856
1626710 856
1626720 856
1626730 857
1626740 857
1626750 857
1626760 858
1626770 858
1626780 859
1626790 860
1626800 860
1626810 861
1626820 861
1626830 861
1626840 862
1626850 862
1626860 862
1626870 861
1626880 860
1626890 860
1626900 859
1626910 859
1626920 859
1626930 858
1626940 857
1626950 857
1626960 856
1626970 856
1626980 856
1626990 856
1627000 855
1627010 855
1627020 854
1627030 853
1627040 853
1627050 852
1627060 851
1627070 851
1627080 850
1627090 848
1627100 848
1627110 847
1627120 845
1627130 845
1627140 844
1627150 842
1627160 842
1627170 841
1627180 839
1627190 839
1627200 837
1627210 835
1627220 835
1627230 833
1627240 831
1627250 831
1627260 829
1627270 827
1627280 827
1627290 825
1627300 824
1627310 824
1627320 822
1627330 822
1627340 822
1627350 821
1627360 820
1627370 820
1627380 818
1627390 817
1627400 817
1627410 815
1627420 813
1627430 813
1627440 812
1627450 812
1627460 812
1627470 812
1627480 812
1627490 812
1627500 812
1627510 813
1627520 813
1627530 815
1627540 819
1627550 819
1627560 821
1627570 824
1627580 824
1627590 826
1627600 828
1627610 828
1627620 830
1627630 833
1627640 833
1627650 836
1627660 839
1627670 839
1627680 840
1627690 841
1627700 841
1627710 841
1627720 840
1627730 840
1627740 839
1627750 838
1627760 838
1627770 837
1627780 836
1627790 836
1627800 834
1627810 832
1627820 832
1627830 829
1627840 827
1627850 827
1627860 824
1627870 822
1627880 822
1627890 820
1627900 819
1627910 819
1627920 818
1627930 818
1627940 818
1627950 818
1627960 818
1627970 818
1627980 818
1627990 818
1628000 818
1628010 818
1628020 818
1628030 818
1628040 819
1628050 819
1628060 819
1628070 819
1628080 819
1628090 820
1628100 820
1628110 820
1628120 821
1628130 821
1628140 821
1628150 821
1628160 821
1628170 821
1628180 820
1628190 821
1628200 821
1628210 822
1628220 822
1628230 822
1628240 822
1628250 822
1628260 822
1628270 822
1628280 823
1628290 823
1628300 823
1628310 822
1628320 822
1628330 821
1628340 818
1628350 818
1628360 816
1628370 815
1628380 815
1628390 815
1628400 816
1628410 816
1628420 817
1628430 819
1628440 819
1628450 823
1628460 824
1628470 824
1628480 826
1628490 827
1628500 827
1628510 828
1628520 829
1628530 829
1628540 830
1628550 832
1628560 832
1628570 832
1628580 832
1628590 832
1628600 830
1628610 829
1628620 829
1628630 826
1628640 824
1628650 824
1628660 822
1628670 819
1628680 819
1628690 816
1628700 814
1628710 814
1628720 813
1628730 811
1628740 811
1628750 810
1628760 808
1628770 808
1628780 806
1628790 805
1628800 805
1628810 804
1628820 803
1628830 803
1628840 802
1628850 802
1628860 802
1628870 803
1628880 803
1628890 803
1628900 801
1628910 799
1628920 799
1628930 798
1628940 799
1628950 799
1628960 800
1628970 801
1628980 801
1628990 803
1629000 805
1629010 805
1629020 807
1629030 807
1629040 807
1629050 808
1629060 807
1629070 807
1629080 807
1629090 808
1629100 808
1629110 809
1629120 810
1629130 810
1629140 811
1629150 812
1629160 812
1629170 812
1629180 812
1629190 812
1629200 814
1629210 814
1629220 815
1629230 818
1629240 818
1629250 820
1629260 820
1629270 820
1629280 820
1629290 821
1629300 821
1629310 821
1629320 822
1629330 822
1629340 822
1629350 823
1629360 826
1629370 826
1629380 826
1629390 826
1629400 825
1629410 824
1629420 824
1629430 824
1629440 824
1629450 824
1629460 824
1629470 823
1629480 823
1629490 823
1629500 823
1629510 823
1629520 822
1629530 822
1629540 822
1629550 821
1629560 821
1629570 821
1629580 821
1629590 820
1629600 820
1629610 820
1629620 821
1629630 821
1629640 821
1629650 820
1629660 820
1629670 820
1629680 821
1629690 821
1629700 821
1629710 821
1629720 821
1629730 821
1629740 821
1629750 821
1629760 822
1629770 823
1629780 823
1629790 823
1629800 823
1629810 823
1629820 823
1629830 823
1629840 823
1629850 824
1629860 825
1629870 825
1629880 826
1629890 826
1629900 826
1629910 827
1629920 828
1629930 828
1629940 829
1629950 831
1629960 831
1629970 830
1629980 831
1629990 831
1630000 832
1630010 833
1630020 833
1630030 834
1630040 834
1630050 834
1630060 834
1630070 835
1630080 835
1630090 835
1630100 836
1630110 836
1630120 838
1630130 839
1630140 839
1630150 840
1630160 841
1630170 841
1630180 842
1630190 843
1630200 843
1630210 844
1630220 845
1630230 845
1630240 846
1630250 848
1630260 848
1630270 850
1630280 851
1630290 851
1630300 852
1630310 853
1630320 853
1630330 854
1630340 856
1630350 856
1630360 857
1630370 857
1630380 859
1630390 860
1630400 860
1630410 861
1630420 863
1630430 863
1630440 864
1630450 864
1630460 864
1630470 864
1630480 864
1630490 864
1630500 864
1630510 861
1630520 861
1630530 859
1630540 856
1630550 856
1630560 853
1630570 849
1630580 849
1630590 845
1630600 840
1630610 840
1630620 835
1630630 831
1630640 831
1630650 827
1630660 824
1630670 824
1630680 821
1630690 817
1630700 817
1630710 813
1630720 809
1630730 809
1630740 804
1630750 799
1630760 799
1630770 793
1630780 788
1630790 788
1630800 782
1630810 778
1630820 778
1630830 773
1630840 769
1630850 769
1630860 766
1630870 763
1630880 763
1630890 760
1630900 756
1630910 756
1630920 752
1630930 748
1630940 748
1630950 743
1630960 739
1630970 739
1630980 734
1630990 730
1631000 730
1631010 725
1631020 720
1631030 720
1631040 715
1631050 710
1631060 710
1631070 705
1631080 700
1631090 700
1631100 695
1631110 691
1631120 691
1631130 687
1631140 683
1631150 681
1631160 676
1631170 672
1631180 672
1631190 667
1631200 663
1631210 663
1631220 660
1631230 657
1631240 657
1631250 655
1631260 653
1631270 653
1631280 651
1631290 648
1631300 648
1631310 644
1631320 641
1631330 641
1631340 639
1631350 642
1631360 642
1631370 645
1631380 651
1631390 651
1631400 657
1631410 663
1631420 663
1631430 668
1631440 673
1631450 673
1631460 678
1631470 682
1631480 682
1631490 684
1631500 687
1631510 687
1631520 688
1631530 689
1631540 689
1631550 688
1631560 688
1631570 688
1631580 689
1631590 689
1631600 692
1631610 692
1631620 692
1631630 693
1631640 694
1631650 694
1631660 695
1631670 695
1631680 695
1631690 696
1631700 697
1631710 697
1631720 698
1631730 699
1631740 699
1631750 700
1631760 702
1631770 702
1631780 703
1631790 705
1631800 705
1631810 707
1631820 708
1631830 708
1631840 710
1631850 711
1631860 711
1631870 713
1631880 714
1631890 714
1631900 715
1631910 715
1631920 715
1631930 716
1631940 715
1631950 715
1631960 714
1631970 712
1631980 712
1631990 712
1632000 713
1632010 713
1632020 714
1632030 717
1632040 717
1632050 720
1632060 722
1632070 722
1632080 724
1632090 726
1632100 726
1632110 728
1632120 730
1632130 730
1632140 731
1632150 733
1632160 733
1632170 734
1632180 735
1632190 735
1632200 737
1632210 739
1632220 739
1632230 741
1632240 742
1632250 742
1632260 744
1632270 746
1632280 746
1632290 748
1632300 750
1632310 750
1632320 753
1632330 756
1632340 756
1632350 761
1632360 767
1632370 767
1632380 771
1632390 776
1632400 776
1632410 781
1632420 788
1632430 788
1632440 795
1632450 799
1632460 799
1632470 804
1632480 807
1632490 807
1632500 809
1632510 809
1632520 809
1632530 807
1632540 804
1632550 804
1632560 801
1632570 798
1632580 798
1632590 795
1632600 792
1632610 792
1632620 789
1632630 787
1632640 787
1632650 786
1632660 786
1632670 786
1632680 785
1632690 785
1632700 785
1632710 784
1632720 784
1632730 784
1632740 783
1632750 783
1632760 783
1632770 783
1632780 783
1632790 783
1632800 784
1632810 784
1632820 785
1632830 787
1632840 787
1632850 789
1632860 790
1632870 790
1632880 792
1632890 794
1632900 794
1632910 798
1632920 799
1632930 799
1632940 799
1632950 797
1632960 797
1632970 796
1632980 795
1632990 795
1633000 794
1633010 792
1633020 792
1633030 791
1633040 790
1633050 790
1633060 790
1633070 789
1633080 789
1633090 788
1633100 788
1633110 788
1633120 791
1633130 793
1633140 793
1633150 794
1633160 795
1633170 795
1633180 796
1633190 797
1633200 797
1633210 798
1633220 799
1633230 799
1633240 801
1633250 804
1633260 804
1633270 809
1633280 814
1633290 814
1633300 815
1633310 816
1633320 816
1633330 817
1633340 819
1633350 819
1633360 821
1633370 824
1633380 824
1633390 826
1633400 827
1633410 827
1633420 828
1633430 828
1633440 828
1633450 827
1633460 827
1633470 827
1633480 828
1633490 829
1633500 829
1633510 830
1633520 832
1633530 832
1633540 833
1633550 835
1633560 835
1633570 836
1633580 838
1633590 838
1633600 839
1633610 841
1633620 841
1633630 843
1633640 847
1633650 847
1633660 850
1633670 854
1633680 854
1633690 857
1633700 859
1633710 859
1633720 860
1633730 861
1633740 861
1633750 862
1633760 863
1633770 863
1633780 864
1633790 869
1633800 869
1633810 870
1633820 871
1633830 871
1633840 873
1633850 874
1633860 874
1633870 876
1633880 877
1633890 877
1633900 878
1633910 879
1633920 879
1633930 880
1633940 881
1633950 881
1633960 882
1633970 884
1633980 884
1633990 885
1634000 885
1634010 887
1634020 888
1634030 888
1634040 890
1634050 890
1634060 890
1634070 892
1634080 893
1634090 893
1634100 893
1634110 893
1634120 893
1634130 893
1634140 893
1634150 893
1634160 893
1634170 892
1634180 892
1634190 892
1634200 892
1634210 892
1634220 890
1634230 889
1634240 889
1634250 888
1634260 888
1634270 888
1634280 889
1634290 889
1634300 889
1634310 889
1634320 889
1634330 889
1634340 889
1634350 889
1634360 889
1634370 889
1634380 889
1634390 889
1634400 888
1634410 888
1634420 888
1634430 887
1634440 887
1634450 887
1634460 886
1634470 886
1634480 886
1634490 885
1634500 884
1634510 884
1634520 883
1634530 881
1634540 881
1634550 880
1634560 879
1634570 879
1634580 877
1634590 877
1634600 877
1634610 876
1634620 874
1634630 874
1634640 873
1634650 871
1634660 870
1634670 867
1634680 866
1634690 866
1634700 863
1634710 861
1634720 861
1634730 857
1634740 853
1634750 853
1634760 849
1634770 844
1634780 844
1634790 840
1634800 836
1634810 836
1634820 832
1634830 830
1634840 830
1634850 827
1634860 825
1634870 825
1634880 821
1634890 817
1634900 817
1634910 814
1634920 810
1634930 810
1634940 807
1634950 804
1634960 804
1634970 802
1634980 800
1634990 800
1635000 798
1635010 797
1635020 797
1635030 795
1635040 792
1635050 792
1635060 789
1635070 787
1635080 787
1635090 786
1635100 786
1635110 786
1635120 786
1635130 786
1635140 786
1635150 787
1635160 788
1635170 788
1635180 788
1635190 788
1635200 788
1635210 788
1635220 788
1635230 787
1635240 787
1635250 787
1635260 786
1635270 786
1635280 786
1635290 785
1635300 785
1635310 785
1635320 785
1635330 785
1635340 785
1635350 785
1635360 784
1635370 784
1635380 783
1635390 780
1635400 780
1635410 778
1635420 778
1635430 778
1635440 780
1635450 782
1635460 782
1635470 783
1635480 784
1635490 784
1635500 785
1635510 786
1635520 789
1635530 789
1635540 789
1635550 789
1635560 790
1635570 790
1635580 790
1635590 791
1635600 792
1635610 792
1635620 793
1635630 794
1635640 794
1635650 795
1635660 797
1635670 797
1635680 798
1635690 799
1635700 799
1635710 800
1635720 801
1635730 801
1635740 801
1635750 802
1635760 802
1635770 802
1635780 802
1635790 802
1635800 802
1635810 802
1635820 802
1635830 802
1635840 802
1635850 802
1635860 802
1635870 802
1635880 802
1635890 802
1635900 802
1635910 802
1635920 802
1635930 803
1635940 803
1635950 803
1635960 802
1635970 802
1635980 802
1635990 802
1636000 802
1636010 802
1636020 802
1636030 802
1636040 802
1636050 801
1636060 801
1636070 801
1636080 801
1636090 801
1636100 801
1636110 801
1636120 801
1636130 801
1636140 801
1636150 801
1636160 801
1636170 801
1636180 801
1636190 801
1636200 802
1636210 802
1636220 802
1636230 803
1636240 803
1636250 803
1636260 803
1636270 803
1636280 803
1636290 803
1636300 803
1636310 802
1636320 802
1636330 802
1636340 801
1636350 800
1636360 800
1636370 799
1636380 801
1636390 800
1636400 799
1636410 799
1636420 799
1636430 800
1636440 800
1636450 801
1636460 802
1636470 802
1636480 802
1636490 803
1636500 803
1636510 803
1636520 803
1636530 803
1636540 803
1636550 802
1636560 802
1636570 801
1636580 799
1636590 799
1636600 797
1636610 797
1636620 797
1636630 797
1636640 797
1636650 797
1636660 797
1636670 796
1636680 796
1636690 796
1636700 796
1636710 796
1636720 795
1636730 795
1636740 795
1636750 795
1636760 796
1636770 796
1636780 798
1636790 801
1636800 801
1636810 803
1636820 805
1636830 805
1636840 806
1636850 808
1636860 808
1636870 809
1636880 811
1636890 811
1636900 812
1636910 815
1636920 815
1636930 817
1636940 819
1636950 819
1636960 821
1636970 822
1636980 822
1636990 824
1637000 826
1637010 826
1637020 828
1637030 830
1637040 830
1637050 832
1637060 834
1637070 834
1637080 837
1637090 839
1637100 839
1637110 840
1637120 843
1637130 843
1637140 845
1637150 847
1637160 847
1637170 849
1637180 851
1637190 851
1637200 853
1637210 855
1637220 855
1637230 857
1637240 861
1637250 861
1637260 863
1637270 865
1637280 865
1637290 867
1637300 868
1637310 868
1637320 868
1637330 867
1637340 867
1637350 866
1637360 865
1637370 865
1637380 863
1637390 862
1637400 862
1637410 861
1637420 859
1637430 859
1637440 857
1637450 855
1637460 855
1637470 854
1637480 852
1637490 852
1637500 850
1637510 849
1637520 849
1637530 847
1637540 845
1637550 845
1637560 843
1637570 843
1637580 841
1637590 839
1637600 839
1637610 836
1637620 833
1637630 833
1637640 830
1637650 827
1637660 827
1637670 823
1637680 819
1637690 819
1637700 815
1637710 811
1637720 811
1637730 807
1637740 803
1637750 803
1637760 798
1637770 794
1637780 794
1637790 790
1637800 785
1637810 785
1637820 780
1637830 776
1637840 776
1637850 772
1637860 768
1637870 768
1637880 764
1637890 760
1637900 760
1637910 755
1637920 751
1637930 751
1637940 747
1637950 743
1637960 743
1637970 740
1637980 736
1637990 736
1638000 733
1638010 729
1638020 729
1638030 726
1638040 723
1638050 723
1638060 720
1638070 717
1638080 717
1638090 715
1638100 712
1638110 712
1638120 709
1638130 706
1638140 706
1638150 702
1638160 698
1638170 698
1638180 695
1638190 691
1638200 691
1638210 689
1638220 688
1638230 688
1638240 687
1638250 686
1638260 686
1638270 686
1638280 686
1638290 686
1638300 688
1638310 689
1638320 689
1638330 692
1638340 695
1638350 695
1638360 696
1638370 700
1638380 700
1638390 705
1638400 708
1638410 708
1638420 711
1638430 714
1638440 714
1638450 717
1638460 720
1638470 720
1638480 722
1638490 724
1638500 724
1638510 725
1638520 726
1638530 726
1638540 728
1638550 729
1638560 729
1638570 730
1638580 731
1638590 731
1638600 732
1638610 734
1638620 734
1638630 735
1638640 736
1638650 736
1638660 739
1638670 741
1638680 741
1638690 742
1638700 745
1638710 745
1638720 747
1638730 749
1638740 749
1638750 751
1638760 753
1638770 753
1638780 756
1638790 756
1638800 758
1638810 760
1638820 760
1638830 763
1638840 765
1638850 765
1638860 767
1638870 770
1638880 770
1638890 772
1638900 775
1638910 775
1638920 777
1638930 779
1638940 780
1638950 781
1638960 783
1638970 783
1638980 784
1638990 786
1639000 786
1639010 789
1639020 791
1639030 791
1639040 793
1639050 795
1639060 795
1639070 796
1639080 797
1639090 797
1639100 799
1639110 801
1639120 801
1639130 802
1639140 804
1639150 804
1639160 805
1639170 806
1639180 806
1639190 805
1639200 805
1639210 805
1639220 806
1639230 806
1639240 806
1639250 806
1639260 806
1639270 806
1639280 806
1639290 806
1639300 806
1639310 806
1639320 806
1639330 806
1639340 807
1639350 807
1639360 807
1639370 807
1639380 807
1639390 807
1639400 808
1639410 809
1639420 809
1639430 809
1639440 811
1639450 811
1639460 812
1639470 813
1639480 813
1639490 815
1639500 817
1639510 817
1639520 818
1639530 820
1639540 820
1639550 822
1639560 823
1639570 823
1639580 825
1639590 827
1639600 827
1639610 828
1639620 830
1639630 830
1639640 832
1639650 834
1639660 834
1639670 836
1639680 838
1639690 838
1639700 841
1639710 843
1639720 843
1639730 846
1639740 848
1639750 848
1639760 851
1639770 853
1639780 855
1639790 858
1639800 860
1639810 860
1639820 862
1639830 864
1639840 864
1639850 866
1639860 867
1639870 867
1639880 868
1639890 869
1639900 869
1639910 870
1639920 871
1639930 871
1639940 872
1639950 874
1639960 874
1639970 874
1639980 874
1639990 874
