1620000 880
1620010 878
1620020 878
1620030 876
1620040 875
1620050 875
1620060 875
1620070 875
1620080 875
1620090 875
1620100 876
1620110 876
1620120 877
1620130 877
1620140 878
1620150 879
1620160 879
1620170 881
1620180 882
1620190 882
1620200 884
1620210 885
1620220 885
1620230 887
1620240 889
1620250 889
1620260 890
1620270 892
1620280 892
1620290 894
1620300 895
1620310 895
1620320 895
1620330 896
1620340 896
1620350 897
1620360 897
1620370 897
1620380 898
1620390 899
1620400 899
1620410 900
1620420 900
1620430 900
1620440 901
1620450 901
1620460 901
1620470 902
1620480 902
1620490 902
1620500 903
1620510 903
1620520 903
1620530 904
1620540 904
1620550 904
1620560 905
1620570 905
1620580 905
1620590 905
1620600 905
1620610 905
1620620 904
1620630 904
1620640 904
1620650 904
1620660 904
1620670 904
1620680 904
1620690 904
1620700 904
1620710 904
1620720 904
1620730 904
1620740 904
1620750 904
1620760 904
1620770 905
1620780 905
1620790 905
1620800 906
1620810 906
1620820 906
1620830 906
1620840 906
1620850 906
1620860 906
1620870 905
1620880 905
1620890 905
1620900 905
1620910 905
1620920 904
1620930 904
1620940 904
1620950 903
1620960 902
1620970 902
1620980 901
1620990 901
1621000 901
1621010 900
1621020 897
1621030 897
1621040 896
1621050 895
1621060 895
1621070 895
1621080 895
1621090 894
1621100 894
1621110 894
1621120 892
1621130 891
1621140 891
1621150 890
1621160 888
1621170 888
1621180 885
1621190 882
1621200 882
1621210 879
1621220 877
1621230 877
1621240 876
1621250 875
1621260 875
1621270 875
1621280 874
1621290 874
1621300 873
1621310 872
1621320 872
1621330 871
1621340 871
1621350 871
1621360 871
1621370 870
1621380 870
1621390 870
1621400 869
1621410 869
1621420 869
1621430 869
1621440 869
1621450 869
1621460 869
1621470 869
1621480 868
1621490 868
1621500 868
1621510 868
1621520 868
1621530 868
1621540 868
1621550 868
1621560 868
1621570 868
1621580 868
1621590 868
1621600 867
1621610 867
1621620 867
1621630 867
1621640 867
1621650 867
1621660 867
1621670 867
1621680 867
1621690 866
1621700 866
1621710 866
1621720 866
1621730 866
1621740 866
1621750 866
1621760 866
1621770 866
1621780 866
1621790 866
1621800 866
1621810 865
1621820 865
1621830 865
1621840 864
1621850 863
1621860 863
1621870 863
1621880 863
1621890 863
1621900 863
1621910 863
1621920 863
1621930 863
1621940 863
1621950 863
1621960 864
1621970 863
1621980 863
1621990 863
1622000 863
1622010 863
1622020 863
1622030 863
1622040 863
1622050 863
1622060 863
1622070 863
1622080 862
1622090 862
1622100 861
1622110 861
1622120 861
1622130 860
1622140 861
1622150 861
1622160 861
1622170 862
1622180 862
1622190 862
1622200 864
1622210 864
1622220 865
1622230 866
1622240 866
1622250 867
1622260 868
1622270 868
1622280 869
1622290 870
1622300 870
1622310 871
1622320 872
1622330 872
1622340 872
1622350 872
1622360 872
1622370 872
1622380 872
1622390 872
1622400 872
1622410 872
1622420 872
1622430 872
1622440 872
1622450 872
1622460 872
1622470 872
1622480 872
1622490 872
1622500 872
1622510 872
1622520 872
1622530 872
1622540 872
1622550 873
1622560 873
1622570 873
1622580 873
1622590 873
1622600 873
1622610 873
1622620 873
1622630 873
1622640 873
1622650 873
1622660 873
1622670 872
1622680 872
1622690 872
1622700 871
1622710 870
1622720 870
1622730 868
1622740 866
1622750 866
1622760 865
1622770 864
1622780 864
1622790 863
1622800 863
1622810 863
1622820 862
1622830 861
1622840 861
1622850 859
1622860 859
1622870 859
1622880 858
1622890 858
1622900 858
1622910 858
1622920 857
1622930 857
1622940 857
1622950 859
1622960 859
1622970 862
1622980 862
1622990 864
1623000 865
1623010 865
1623020 867
1623030 868
1623040 868
1623050 869
1623060 870
1623070 870
1623080 871
1623090 871
1623100 871
1623110 872
1623120 872
1623130 872
1623140 872
1623150 873
1623160 873
1623170 873
1623180 873
1623190 873
1623200 874
1623210 874
1623220 874
1623230 874
1623240 874
1623250 874
1623260 874
1623270 874
1623280 874
1623290 874
1623300 874
1623310 874
1623320 873
1623330 873
1623340 873
1623350 873
1623360 873
1623370 873
1623380 873
1623390 872
1623400 872
1623410 872
1623420 872
1623430 872
1623440 871
1623450 871
1623460 871
1623470 870
1623480 870
1623490 870
1623500 869
1623510 868
1623520 868
1623530 867
1623540 865
1623550 865
1623560 864
1623570 863
1623580 863
1623590 862
1623600 863
1623610 863
1623620 863
1623630 863
1623640 863
1623650 864
1623660 865
1623670 865
1623680 865
1623690 865
1623700 865
1623710 865
1623720 865
1623730 865
1623740 865
1623750 865
1623760 865
1623770 865
1623780 866
1623790 866
1623800 866
1623810 866
1623820 866
1623830 866
1623840 867
1623850 866
1623860 866
1623870 867
1623880 867
1623890 867
1623900 867
1623910 867
1623920 868
1623930 868
1623940 870
1623950 871
1623960 871
1623970 872
1623980 872
1623990 872
1624000 872
1624010 872
1624020 872
1624030 872
1624040 872
1624050 872
1624060 872
1624070 872
1624080 872
1624090 872
1624100 872
1624110 872
1624120 872
1624130 872
1624140 872
1624150 872
1624160 872
1624170 872
1624180 873
1624190 873
1624200 873
1624210 873
1624220 874
1624230 874
1624240 874
1624250 875
1624260 875
1624270 875
1624280 876
1624290 876
1624300 876
1624310 876
1624320 876
1624330 876
1624340 876
1624350 876
1624360 876
1624370 876
1624380 876
1624390 876
1624400 877
1624410 877
1624420 876
1624430 876
1624440 876
1624450 876
1624460 877
1624470 877
1624480 877
1624490 877
1624500 877
1624510 878
1624520 878
1624530 878
1624540 878
1624550 879
1624560 879
1624570 879
1624580 880
1624590 880
1624600 880
1624610 880
1624620 880
1624630 881
1624640 883
1624650 883
1624660 884
1624670 884
1624680 884
1624690 885
1624700 887
1624710 887
1624720 887
1624730 889
1624740 889
1624750 890
1624760 891
1624770 891
1624780 891
1624790 892
1624800 892
1624810 893
1624820 893
1624830 893
1624840 894
1624850 895
1624860 895
1624870 896
1624880 896
1624890 897
1624900 898
1624910 898
1624920 899
1624930 900
1624940 900
1624950 901
1624960 902
1624970 902
1624980 903
1624990 904
1625000 904
1625010 905
1625020 907
1625030 907
1625040 908
1625050 909
1625060 909
1625070 909
1625080 910
1625090 910
1625100 911
1625110 911
1625120 911
1625130 912
1625140 913
1625150 913
1625160 915
1625170 916
1625180 916
1625190 916
1625200 917
1625210 917
1625220 919
1625230 920
1625240 920
1625250 921
1625260 921
1625270 921
1625280 923
1625290 924
1625300 924
1625310 925
1625320 927
1625330 927
1625340 928
1625350 929
1625360 929
1625370 930
1625380 930
1625390 930
1625400 931
1625410 931
1625420 931
1625430 932
1625440 932
1625450 932
1625460 932
1625470 932
1625480 932
1625490 932
1625500 933
1625510 933
1625520 933
1625530 933
1625540 933
1625550 933
1625560 934
1625570 934
1625580 934
1625590 935
1625600 935
1625610 935
1625620 936
1625630 936
1625640 936
1625650 937
1625660 937
1625670 937
1625680 938
1625690 938
1625700 938
1625710 940
1625720 940
1625730 940
1625740 941
1625750 941
1625760 941
1625770 942
1625780 942
1625790 942
1625800 942
1625810 942
1625820 942
1625830 942
1625840 942
1625850 941
1625860 941
1625870 941
1625880 941
1625890 941
1625900 941
1625910 941
1625920 941
1625930 940
1625940 940
1625950 940
1625960 939
1625970 939
1625980 939
1625990 939
1626000 938
1626010 938
1626020 937
1626030 937
1626040 937
1626050 937
1626060 937
1626070 937
1626080 938
1626090 938
1626100 938
1626110 939
1626120 939
1626130 939
1626140 940
1626150 940
1626160 940
1626170 939
1626180 939
1626190 939
1626200 939
1626210 940
1626220 940
1626230 940
1626240 941
1626250 941
1626260 942
1626270 942
1626280 942
1626290 943
1626300 943
1626310 943
1626320 943
1626330 943
1626340 943
1626350 943
1626360 943
1626370 943
1626380 943
1626390 943
1626400 943
1626410 943
1626420 943
1626430 943
1626440 943
1626450 943
1626460 943
1626470 942
1626480 942
1626490 942
1626500 941
1626510 941
1626520 941
1626530 940
1626540 940
1626550 940
1626560 939
1626570 939
1626580 939
1626590 939
1626600 938
1626610 938
1626620 938
1626630 937
1626640 937
1626650 936
1626660 936
1626670 936
1626680 935
1626690 934
1626700 934
1626710 934
1626720 933
1626730 933
1626740 933
1626750 932
1626760 932
1626770 931
1626780 931
1626790 931
1626800 931
1626810 931
1626820 931
1626830 931
1626840 931
1626850 932
1626860 932
1626870 932
1626880 933
1626890 933
1626900 933
1626910 933
1626920 933
1626930 933
1626940 934
1626950 934
1626960 934
1626970 935
1626980 936
1626990 936
1627000 936
1627010 937
1627020 937
1627030 937
1627040 938
1627050 938
1627060 939
1627070 939
1627080 939
1627090 940
1627100 941
1627110 941
1627120 942
1627130 943
1627140 943
1627150 944
1627160 945
1627170 945
1627180 945
1627190 945
1627200 945
1627210 946
1627220 947
1627230 947
1627240 948
1627250 949
1627260 949
1627270 950
1627280 951
1627290 951
1627300 951
1627310 952
1627320 952
1627330 953
1627340 954
1627350 954
1627360 956
1627370 957
1627380 957
1627390 958
1627400 959
1627410 959
1627420 961
1627430 962
1627440 962
1627450 963
1627460 963
1627470 963
1627480 963
1627490 964
1627500 964
1627510 964
1627520 964
1627530 964
1627540 964
1627550 964
1627560 964
1627570 964
1627580 963
1627590 963
1627600 963
1627610 963
1627620 963
1627630 962
1627640 962
1627650 962
1627660 961
1627670 960
1627680 960
1627690 960
1627700 959
1627710 959
1627720 957
1627730 957
1627740 956
1627750 954
1627760 954
1627770 953
1627780 951
1627790 951
1627800 949
1627810 948
1627820 948
1627830 946
1627840 945
1627850 945
1627860 944
1627870 944
1627880 944
1627890 943
1627900 942
1627910 942
1627920 941
1627930 940
1627940 940
1627950 940
1627960 939
1627970 939
1627980 939
1627990 938
1628000 938
1628010 937
1628020 937
1628030 937
1628040 936
1628050 936
1628060 936
1628070 936
1628080 935
1628090 935
1628100 935
1628110 935
1628120 935
1628130 934
1628140 934
1628150 934
1628160 934
1628170 933
1628180 933
1628190 933
1628200 933
1628210 933
1628220 932
1628230 932
1628240 932
1628250 931
1628260 930
1628270 930
1628280 929
1628290 929
1628300 929
1628310 928
1628320 928
1628330 928
1628340 927
1628350 927
1628360 927
1628370 927
1628380 927
1628390 927
1628400 927
1628410 927
1628420 927
1628430 927
1628440 927
1628450 927
1628460 926
1628470 926
1628480 926
1628490 926
1628500 926
1628510 926
1628520 926
1628530 926
1628540 926
1628550 926
1628560 926
1628570 926
1628580 925
1628590 925
1628600 925
1628610 924
1628620 924
1628630 924
1628640 923
1628650 922
1628660 922
1628670 921
1628680 921
1628690 920
1628700 918
1628710 918
1628720 917
1628730 916
1628740 916
1628750 915
1628760 914
1628770 914
1628780 914
1628790 913
1628800 913
1628810 912
1628820 911
1628830 911
1628840 910
1628850 909
1628860 909
1628870 908
1628880 907
1628890 907
1628900 906
1628910 905
1628920 905
1628930 904
1628940 903
1628950 903
1628960 902
1628970 901
1628980 901
1628990 899
1629000 898
1629010 898
1629020 896
1629030 895
1629040 895
1629050 894
1629060 893
1629070 893
1629080 893
1629090 893
1629100 893
1629110 892
1629120 892
1629130 892
1629140 892
1629150 892
1629160 892
1629170 892
1629180 892
1629190 892
1629200 892
1629210 892
1629220 892
1629230 892
1629240 892
1629250 892
1629260 891
1629270 891
1629280 891
1629290 891
1629300 892
1629310 892
1629320 893
1629330 891
1629340 891
1629350 890
1629360 889
1629370 889
1629380 889
1629390 889
1629400 889
1629410 888
1629420 888
1629430 888
1629440 888
1629450 888
1629460 888
1629470 888
1629480 888
1629490 888
1629500 888
1629510 888
1629520 888
1629530 888
1629540 887
1629550 887
1629560 887
1629570 887
1629580 887
1629590 887
1629600 887
1629610 887
1629620 887
1629630 887
1629640 887
1629650 887
1629660 887
1629670 887
1629680 887
1629690 887
1629700 887
1629710 887
1629720 887
1629730 887
1629740 887
1629750 887
1629760 887
1629770 887
1629780 887
1629790 887
1629800 887
1629810 887
1629820 888
1629830 888
1629840 888
1629850 888
1629860 888
1629870 888
1629880 888
1629890 887
1629900 887
1629910 887
1629920 886
1629930 886
1629940 885
1629950 883
1629960 883
1629970 882
1629980 881
1629990 881
1630000 880
1630010 879
1630020 879
1630030 879
1630040 879
1630050 879
1630060 879
1630070 879
1630080 879
1630090 879
1630100 878
1630110 878
1630120 878
1630130 878
1630140 878
1630150 878
1630160 879
1630170 879
1630180 879
1630190 879
1630200 879
1630210 879
1630220 879
1630230 879
1630240 879
1630250 879
1630260 879
1630270 879
1630280 879
1630290 879
1630300 879
1630310 879
1630320 879
1630330 879
1630340 879
1630350 879
1630360 878
1630370 878
1630380 878
1630390 878
1630400 878
1630410 878
1630420 877
1630430 878
1630440 878
1630450 878
1630460 879
1630470 879
1630480 880
1630490 881
1630500 881
1630510 882
1630520 883
1630530 883
1630540 883
1630550 883
1630560 884
1630570 885
1630580 885
1630590 885
1630600 886
1630610 886
1630620 887
1630630 888
1630640 888
1630650 889
1630660 890
1630670 890
1630680 890
1630690 891
1630700 891
1630710 891
1630720 892
1630730 892
1630740 892
1630750 892
1630760 892
1630770 892
1630780 892
1630790 892
1630800 893
1630810 893
1630820 893
1630830 892
1630840 892
1630850 892
1630860 892
1630870 892
1630880 892
1630890 892
1630900 892
1630910 892
1630920 891
1630930 891
1630940 891
1630950 890
1630960 890
1630970 890
1630980 890
1630990 890
1631000 890
1631010 889
1631020 889
1631030 889
1631040 889
1631050 888
1631060 888
1631070 888
1631080 887
1631090 887
1631100 887
1631110 886
1631120 886
1631130 886
1631140 885
1631150 886
1631160 885
1631170 885
1631180 885
1631190 885
1631200 885
1631210 885
1631220 885
1631230 886
1631240 886
1631250 886
1631260 885
1631270 885
1631280 885
1631290 884
1631300 884
1631310 884
1631320 884
1631330 884
1631340 883
1631350 883
1631360 883
1631370 883
1631380 883
1631390 883
1631400 883
1631410 884
1631420 884
1631430 884
1631440 884
1631450 884
1631460 884
1631470 884
1631480 884
1631490 884
1631500 884
1631510 885
1631520 885
1631530 885
1631540 885
1631550 885
1631560 885
1631570 885
1631580 885
1631590 885
1631600 885
1631610 885
1631620 885
1631630 885
1631640 885
1631650 885
1631660 885
1631670 885
1631680 885
1631690 885
1631700 886
1631710 886
1631720 886
1631730 886
1631740 886
1631750 886
1631760 886
1631770 886
1631780 886
1631790 886
1631800 886
1631810 885
1631820 885
1631830 885
1631840 885
1631850 885
1631860 885
1631870 885
1631880 884
1631890 884
1631900 884
1631910 884
1631920 884
1631930 884
1631940 884
1631950 884
1631960 884
1631970 884
1631980 884
1631990 884
1632000 884
1632010 884
1632020 884
1632030 884
1632040 884
1632050 883
1632060 883
1632070 883
1632080 882
1632090 882
1632100 882
1632110 882
1632120 882
1632130 882
1632140 882
1632150 882
1632160 882
1632170 882
1632180 882
1632190 882
1632200 882
1632210 882
1632220 882
1632230 882
1632240 882
1632250 882
1632260 882
1632270 882
1632280 882
1632290 882
1632300 882
1632310 882
1632320 882
1632330 882
1632340 882
1632350 881
1632360 881
1632370 881
1632380 881
1632390 881
1632400 881
1632410 880
1632420 880
1632430 880
1632440 879
1632450 879
1632460 878
1632470 877
1632480 877
1632490 875
1632500 874
1632510 874
1632520 872
1632530 871
1632540 871
1632550 871
1632560 869
1632570 869
1632580 865
1632590 861
1632600 861
1632610 857
1632620 858
1632630 858
1632640 859
1632650 863
1632660 863
1632670 866
1632680 869
1632690 869
1632700 873
1632710 876
1632720 876
1632730 879
1632740 881
1632750 881
1632760 882
1632770 882
1632780 882
1632790 883
1632800 883
1632810 883
1632820 883
1632830 882
1632840 882
1632850 881
1632860 880
1632870 880
1632880 879
1632890 878
1632900 878
1632910 877
1632920 873
1632930 873
1632940 872
1632950 870
1632960 870
1632970 868
1632980 866
1632990 866
1633000 865
1633010 862
1633020 862
1633030 860
1633040 859
1633050 859
1633060 857
1633070 856
1633080 856
1633090 855
1633100 855
1633110 855
1633120 855
1633130 856
1633140 856
1633150 857
1633160 857
1633170 857
1633180 857
1633190 857
1633200 857
1633210 857
1633220 858
1633230 858
1633240 860
1633250 861
1633260 861
1633270 860
1633280 859
1633290 859
1633300 857
1633310 855
1633320 855
1633330 854
1633340 853
1633350 853
1633360 852
1633370 850
1633380 850
1633390 849
1633400 849
1633410 847
1633420 846
1633430 846
1633440 845
1633450 845
1633460 845
1633470 844
1633480 843
1633490 843
1633500 841
1633510 839
1633520 839
1633530 836
1633540 836
1633550 836
1633560 835
1633570 836
1633580 836
1633590 838
1633600 840
1633610 840
1633620 842
1633630 842
1633640 842
1633650 842
1633660 840
1633670 840
1633680 839
1633690 837
1633700 837
1633710 835
1633720 833
1633730 833
1633740 832
1633750 831
1633760 831
1633770 831
1633780 830
1633790 830
1633800 827
1633810 827
1633820 827
1633830 826
1633840 826
1633850 826
1633860 825
1633870 824
1633880 824
1633890 823
1633900 822
1633910 822
1633920 821
1633930 820
1633940 820
1633950 820
1633960 820
1633970 820
1633980 820
1633990 820
1634000 820
1634010 821
1634020 822
1634030 822
1634040 823
1634050 823
1634060 823
1634070 825
1634080 826
1634090 826
1634100 829
1634110 831
1634120 831
1634130 834
1634140 835
1634150 835
1634160 837
1634170 838
1634180 838
1634190 838
1634200 839
1634210 839
1634220 840
1634230 841
1634240 841
1634250 842
1634260 844
1634270 844
1634280 845
1634290 846
1634300 846
1634310 847
1634320 849
1634330 849
1634340 851
1634350 851
1634360 853
1634370 854
1634380 854
1634390 855
1634400 856
1634410 856
1634420 855
1634430 855
1634440 855
1634450 854
1634460 852
1634470 852
1634480 853
1634490 854
1634500 854
1634510 854
1634520 855
1634530 855
1634540 855
1634550 855
1634560 855
1634570 856
1634580 857
1634590 857
1634600 858
1634610 859
1634620 859
1634630 860
1634640 861
1634650 861
1634660 862
1634670 864
1634680 864
1634690 865
1634700 866
1634710 866
1634720 868
1634730 869
1634740 869
1634750 870
1634760 870
1634770 870
1634780 870
1634790 870
1634800 870
1634810 870
1634820 871
1634830 871
1634840 871
1634850 871
1634860 871
1634870 871
1634880 871
1634890 871
1634900 870
1634910 870
1634920 870
1634930 868
1634940 866
1634950 866
1634960 865
1634970 866
1634980 866
1634990 867
1635000 869
1635010 869
1635020 870
1635030 870
1635040 870
1635050 870
1635060 870
1635070 870
1635080 870
1635090 870
1635100 870
1635110 870
1635120 871
1635130 871
1635140 871
1635150 871
1635160 871
1635170 872
1635180 872
1635190 872
1635200 872
1635210 872
1635220 872
1635230 872
1635240 873
1635250 873
1635260 874
1635270 874
1635280 874
1635290 875
1635300 875
1635310 875
1635320 875
1635330 875
1635340 875
1635350 876
1635360 876
1635370 876
1635380 876
1635390 876
1635400 876
1635410 876
1635420 876
1635430 876
1635440 876
1635450 876
1635460 876
1635470 876
1635480 876
1635490 877
1635500 877
1635510 877
1635520 878
1635530 879
1635540 880
1635550 880
1635560 881
1635570 881
1635580 882
1635590 882
1635600 882
1635610 882
1635620 882
1635630 882
1635640 882
1635650 883
1635660 883
1635670 883
1635680 883
1635690 883
1635700 883
1635710 882
1635720 882
1635730 881
1635740 881
1635750 881
1635760 880
1635770 879
1635780 879
1635790 878
1635800 877
1635810 877
1635820 876
1635830 874
1635840 874
1635850 873
1635860 872
1635870 872
1635880 871
1635890 869
1635900 869
1635910 868
1635920 867
1635930 867
1635940 866
1635950 865
1635960 865
1635970 864
1635980 863
1635990 863
1636000 862
1636010 860
1636020 860
1636030 859
1636040 858
1636050 858
1636060 857
1636070 855
1636080 855
1636090 854
1636100 854
1636110 854
1636120 854
1636130 855
1636140 855
1636150 856
1636160 856
1636170 856
1636180 856
1636190 856
1636200 856
1636210 856
1636220 856
1636230 856
1636240 856
1636250 856
1636260 855
1636270 855
1636280 855
1636290 854
1636300 853
1636310 853
1636320 852
1636330 851
1636340 851
1636350 850
1636360 849
1636370 849
1636380 848
1636390 847
1636400 846
1636410 845
1636420 844
1636430 844
1636440 842
1636450 839
1636460 839
1636470 838
1636480 837
1636490 837
1636500 836
1636510 836
1636520 836
1636530 835
1636540 834
1636550 834
1636560 834
1636570 835
1636580 835
1636590 836
1636600 836
1636610 836
1636620 838
1636630 840
1636640 840
1636650 842
1636660 843
1636670 843
1636680 844
1636690 845
1636700 845
1636710 846
1636720 847
1636730 847
1636740 849
1636750 850
1636760 850
1636770 852
1636780 855
1636790 855
1636800 857
1636810 859
1636820 859
1636830 861
1636840 862
1636850 862
1636860 864
1636870 865
1636880 865
1636890 866
1636900 868
1636910 868
1636920 870
1636930 871
1636940 871
1636950 873
1636960 874
1636970 874
1636980 875
1636990 875
1637000 875
1637010 876
1637020 877
1637030 877
1637040 877
1637050 878
1637060 878
1637070 878
1637080 878
1637090 878
1637100 878
1637110 879
1637120 879
1637130 879
1637140 880
1637150 880
1637160 880
1637170 880
1637180 880
1637190 880
1637200 880
1637210 880
1637220 880
1637230 880
1637240 880
1637250 880
1637260 879
1637270 879
1637280 879
1637290 879
1637300 878
1637310 878
1637320 878
1637330 877
1637340 876
1637350 876
1637360 876
1637370 875
1637380 875
1637390 874
1637400 874
1637410 874
1637420 873
1637430 872
1637440 872
1637450 871
1637460 870
1637470 870
1637480 869
1637490 868
1637500 868
1637510 868
1637520 867
1637530 867
1637540 867
1637550 867
1637560 867
1637570 866
1637580 866
1637590 866
1637600 865
1637610 865
1637620 865
1637630 865
1637640 864
1637650 864
1637660 864
1637670 864
1637680 864
1637690 864
1637700 863
1637710 863
1637720 862
1637730 862
1637740 862
1637750 861
1637760 860
1637770 860
1637780 860
1637790 859
1637800 859
1637810 859
1637820 858
1637830 858
1637840 858
1637850 858
1637860 858
1637870 857
1637880 856
1637890 856
1637900 856
1637910 856
1637920 856
1637930 856
1637940 855
1637950 855
1637960 855
1637970 855
1637980 855
1637990 854
1638000 854
1638010 854
1638020 854
1638030 854
1638040 854
1638050 853
1638060 852
1638070 852
1638080 852
1638090 851
1638100 851
1638110 850
1638120 850
1638130 849
1638140 849
1638150 849
1638160 848
1638170 847
1638180 847
1638190 846
1638200 846
1638210 846
1638220 845
1638230 845
1638240 845
1638250 844
1638260 844
1638270 844
1638280 844
1638290 843
1638300 843
1638310 842
1638320 842
1638330 842
1638340 842
1638350 842
1638360 842
1638370 841
1638380 841
1638390 841
1638400 841
1638410 840
1638420 840
1638430 840
1638440 840
1638450 840
1638460 840
1638470 840
1638480 840
1638490 841
1638500 841
1638510 841
1638520 841
1638530 841
1638540 841
1638550 841
1638560 841
1638570 841
1638580 842
1638590 845
1638600 845
1638610 847
1638620 849
1638630 849
1638640 851
1638650 852
1638660 852
1638670 853
1638680 854
1638690 854
1638700 854
1638710 853
1638720 853
1638730 853
1638740 853
1638750 853
1638760 853
1638770 853
1638780 853
1638790 853
1638800 852
1638810 852
1638820 852
1638830 852
1638840 852
1638850 853
1638860 852
1638870 852
1638880 852
1638890 852
1638900 852
1638910 853
1638920 853
1638930 853
1638940 853
1638950 853
1638960 853
1638970 853
1638980 853
1638990 853
1639000 853
1639010 853
1639020 853
1639030 853
1639040 853
1639050 853
1639060 853
1639070 853
1639080 854
1639090 854
1639100 854
1639110 854
1639120 854
1639130 854
1639140 854
1639150 854
1639160 854
1639170 855
1639180 855
1639190 855
1639200 856
1639210 856
1639220 856
1639230 856
1639240 856
1639250 856
1639260 856
1639270 856
1639280 856
1639290 856
1639300 856
1639310 856
1639320 857
1639330 857
1639340 857
1639350 857
1639360 857
1639370 857
1639380 857
1639390 857
1639400 857
1639410 858
1639420 858
1639430 858
1639440 859
1639450 859
1639460 859
1639470 860
1639480 860
1639490 860
1639500 861
1639510 861
1639520 861
1639530 861
1639540 862
1639550 862
1639560 864
1639570 865
1639580 865
1639590 866
1639600 868
1639610 868
1639620 869
1639630 870
1639640 870
1639650 871
1639660 872
1639670 872
1639680 872
1639690 872
1639700 872
1639710 872
1639720 871
1639730 871
1639740 871
1639750 871
1639760 871
1639770 872
1639780 872
1639790 872
1639800 872
1639810 872
1639820 872
1639830 873
1639840 873
1639850 873
1639860 874
1639870 874
1639880 874
1639890 875
1639900 875
1639910 875
1639920 876
1639930 876
1639940 876
1639950 877
1639960 877
1639970 877
1639980 877
1639990 877
