1620000 775
1620010 775
1620020 775
1620030 774
1620040 774
1620050 774
1620060 774
1620070 774
1620080 774
1620090 774
1620100 774
1620110 775
1620120 775
1620130 775
1620140 776
1620150 777
1620160 777
1620170 777
1620180 778
1620190 778
1620200 779
1620210 780
1620220 780
1620230 780
1620240 781
1620250 781
1620260 782
1620270 782
1620280 782
1620290 783
1620300 784
1620310 784
1620320 784
1620330 785
1620340 785
1620350 786
1620360 787
1620370 787
1620380 788
1620390 790
1620400 790
1620410 792
1620420 793
1620430 793
1620440 793
1620450 794
1620460 794
1620470 796
1620480 797
1620490 797
1620500 798
1620510 799
1620520 799
1620530 803
1620540 806
1620550 806
1620560 808
1620570 811
1620580 811
1620590 813
1620600 814
1620610 814
1620620 816
1620630 817
1620640 817
1620650 819
1620660 820
1620670 820
1620680 822
1620690 823
1620700 823
1620710 824
1620720 826
1620730 826
1620740 828
1620750 829
1620760 829
1620770 830
1620780 831
1620790 831
1620800 831
1620810 832
1620820 832
1620830 832
1620840 833
1620850 833
1620860 833
1620870 833
1620880 833
1620890 833
1620900 833
1620910 831
1620920 829
1620930 829
1620940 827
1620950 823
1620960 823
1620970 819
1620980 815
1620990 815
1621000 811
1621010 808
1621020 808
1621030 805
1621040 802
1621050 802
1621060 800
1621070 798
1621080 798
1621090 796
1621100 794
1621110 794
1621120 792
1621130 790
1621140 790
1621150 788
1621160 786
1621170 786
1621180 785
1621190 783
1621200 783
1621210 782
1621220 780
1621230 780
1621240 779
1621250 777
1621260 777
1621270 775
1621280 774
1621290 774
1621300 773
1621310 772
1621320 772
1621330 770
1621340 769
1621350 769
1621360 768
1621370 768
1621380 768
1621390 767
1621400 766
1621410 766
1621420 765
1621430 763
1621440 763
1621450 761
1621460 760
1621470 760
1621480 758
1621490 757
1621500 757
1621510 756
1621520 755
1621530 755
1621540 755
1621550 755
1621560 755
1621570 754
1621580 754
1621590 754
1621600 758
1621610 761
1621620 761
1621630 764
1621640 766
1621650 766
1621660 767
1621670 767
1621680 767
1621690 766
1621700 765
1621710 765
1621720 764
1621730 763
1621740 763
1621750 762
1621760 762
1621770 761
1621780 760
1621790 760
1621800 759
1621810 758
1621820 758
1621830 757
1621840 757
1621850 757
1621860 757
1621870 757
1621880 757
1621890 755
1621900 755
1621910 755
1621920 755
1621930 756
1621940 756
1621950 757
1621960 757
1621970 757
1621980 758
1621990 759
1622000 759
1622010 760
1622020 762
1622030 762
1622040 763
1622050 765
1622060 765
1622070 766
1622080 767
1622090 767
1622100 769
1622110 770
1622120 770
1622130 772
1622140 773
1622150 773
1622160 774
1622170 775
1622180 775
1622190 776
1622200 777
1622210 777
1622220 778
1622230 779
1622240 779
1622250 781
1622260 782
1622270 782
1622280 783
1622290 785
1622300 785
1622310 788
1622320 790
1622330 790
1622340 793
1622350 796
1622360 796
1622370 798
1622380 801
1622390 801
1622400 803
1622410 805
1622420 805
1622430 808
1622440 810
1622450 810
1622460 813
1622470 815
1622480 815
1622490 817
1622500 819
1622510 819
1622520 821
1622530 823
1622540 823
1622550 825
1622560 827
1622570 827
1622580 829
1622590 831
1622600 831
1622610 833
1622620 838
1622630 838
1622640 845
1622650 845
1622660 851
1622670 852
1622680 852
1622690 852
1622700 852
1622710 852
1622720 850
1622730 849
1622740 849
1622750 850
1622760 849
1622770 849
1622780 848
1622790 849
1622800 849
1622810 849
1622820 851
1622830 851
1622840 854
1622850 855
1622860 855
1622870 855
1622880 855
1622890 855
1622900 856
1622910 856
1622920 856
1622930 857
1622940 857
1622950 857
1622960 857
1622970 860
1622980 860
1622990 864
1623000 865
1623010 865
1623020 868
1623030 874
1623040 874
1623050 882
1623060 893
1623070 893
1623080 899
1623090 899
1623100 899
1623110 898
1623120 898
1623130 898
1623140 897
1623150 897
1623160 897
1623170 896
1623180 895
1623190 895
1623200 893
1623210 892
1623220 892
1623230 891
1623240 889
1623250 889
1623260 887
1623270 886
1623280 886
1623290 884
1623300 883
1623310 883
1623320 882
1623330 881
1623340 881
1623350 880
1623360 878
1623370 878
1623380 877
1623390 876
1623400 876
1623410 875
1623420 871
1623430 871
1623440 870
1623450 869
1623460 869
1623470 868
1623480 866
1623490 866
1623500 866
1623510 865
1623520 865
1623530 864
1623540 864
1623550 862
1623560 861
1623570 861
1623580 860
1623590 859
1623600 859
1623610 859
1623620 858
1623630 858
1623640 858
1623650 857
1623660 857
1623670 857
1623680 856
1623690 856
1623700 856
1623710 855
1623720 855
1623730 855
1623740 855
1623750 855
1623760 855
1623770 854
1623780 854
1623790 854
1623800 854
1623810 854
1623820 853
1623830 851
1623840 851
1623850 851
1623860 851
1623870 851
1623880 851
1623890 851
1623900 851
1623910 851
1623920 851
1623930 851
1623940 852
1623950 852
1623960 852
1623970 853
1623980 853
1623990 853
1624000 853
1624010 854
1624020 854
1624030 854
1624040 855
1624050 855
1624060 856
1624070 857
1624080 857
1624090 857
1624100 857
1624110 857
1624120 858
1624130 858
1624140 858
1624150 859
1624160 859
1624170 859
1624180 860
1624190 860
1624200 860
1624210 861
1624220 861
1624230 861
1624240 861
1624250 862
1624260 862
1624270 862
1624280 863
1624290 863
1624300 863
1624310 864
1624320 864
1624330 864
1624340 864
1624350 864
1624360 864
1624370 865
1624380 865
1624390 865
1624400 865
1624410 865
1624420 865
1624430 865
1624440 865
1624450 865
1624460 865
1624470 865
1624480 865
1624490 865
1624500 866
1624510 866
1624520 866
1624530 866
1624540 866
1624550 866
1624560 866
1624570 867
1624580 867
1624590 867
1624600 867
1624610 867
1624620 868
1624630 868
1624640 868
1624650 869
1624660 869
1624670 869
1624680 870
1624690 871
1624700 871
1624710 872
1624720 872
1624730 872
1624740 873
1624750 873
1624760 873
1624770 873
1624780 874
1624790 874
1624800 875
1624810 876
1624820 876
1624830 877
1624840 878
1624850 878
1624860 878
1624870 879
1624880 879
1624890 879
1624900 880
1624910 880
1624920 881
1624930 881
1624940 881
1624950 882
1624960 882
1624970 882
1624980 882
1624990 882
1625000 882
1625010 883
1625020 883
1625030 883
1625040 884
1625050 884
1625060 884
1625070 885
1625080 886
1625090 886
1625100 886
1625110 887
1625120 887
1625130 888
1625140 888
1625150 888
1625160 889
1625170 890
1625180 890
1625190 891
1625200 891
1625210 891
1625220 892
1625230 893
1625240 893
1625250 894
1625260 894
1625270 894
1625280 895
1625290 896
1625300 896
1625310 897
1625320 897
1625330 898
1625340 899
1625350 899
1625360 900
1625370 901
1625380 901
1625390 902
1625400 903
1625410 903
1625420 905
1625430 907
1625440 907
1625450 907
1625460 908
1625470 908
1625480 908
1625490 909
1625500 909
1625510 910
1625520 911
1625530 911
1625540 912
1625550 913
1625560 913
1625570 915
1625580 916
1625590 916
1625600 917
1625610 917
1625620 917
1625630 918
1625640 918
1625650 918
1625660 919
1625670 920
1625680 920
1625690 921
1625700 923
1625710 923
1625720 925
1625730 927
1625740 927
1625750 928
1625760 930
1625770 930
1625780 931
1625790 933
1625800 933
1625810 935
1625820 936
1625830 936
1625840 937
1625850 938
1625860 938
1625870 939
1625880 940
1625890 940
1625900 940
1625910 940
1625920 940
1625930 941
1625940 942
1625950 942
1625960 942
1625970 943
1625980 943
1625990 944
1626000 945
1626010 945
1626020 945
1626030 946
1626040 946
1626050 947
1626060 948
1626070 948
1626080 949
1626090 950
1626100 950
1626110 950
1626120 951
1626130 951
1626140 952
1626150 953
1626160 953
1626170 954
1626180 955
1626190 955
1626200 955
1626210 955
1626220 956
1626230 957
1626240 957
1626250 958
1626260 960
1626270 960
1626280 961
1626290 962
1626300 962
1626310 963
1626320 964
1626330 964
1626340 965
1626350 967
1626360 967
1626370 968
1626380 969
1626390 969
1626400 970
1626410 971
1626420 971
1626430 972
1626440 973
1626450 973
1626460 974
1626470 975
1626480 975
1626490 976
1626500 977
1626510 977
1626520 978
1626530 979
1626540 979
1626550 980
1626560 981
1626570 981
1626580 981
1626590 982
1626600 982
1626610 984
1626620 986
1626630 986
1626640 987
1626650 988
1626660 988
1626670 989
1626680 990
1626690 990
1626700 991
1626710 992
1626720 992
1626730 993
1626740 994
1626750 994
1626760 995
1626770 996
1626780 996
1626790 998
1626800 999
1626810 999
1626820 1001
1626830 1002
1626840 1002
1626850 1004
1626860 1005
1626870 1005
1626880 1007
1626890 1009
1626900 1009
1626910 1011
1626920 1013
1626930 1013
1626940 1015
1626950 1017
1626960 1017
1626970 1019
1626980 1021
1626990 1021
1627000 1022
1627010 1024
1627020 1024
1627030 1025
1627040 1027
1627050 1027
1627060 1028
1627070 1030
1627080 1030
1627090 1031
1627100 1031
1627110 1032
1627120 1033
1627130 1033
1627140 1034
1627150 1036
1627160 1036
1627170 1037
1627180 1039
1627190 1039
1627200 1040
1627210 1041
1627220 1041
1627230 1043
1627240 1044
1627250 1044
1627260 1045
1627270 1047
1627280 1047
1627290 1048
1627300 1050
1627310 1050
1627320 1051
1627330 1053
1627340 1053
1627350 1054
1627360 1055
1627370 1055
1627380 1056
1627390 1058
1627400 1058
1627410 1059
1627420 1060
1627430 1060
1627440 1061
1627450 1061
1627460 1061
1627470 1062
1627480 1064
1627490 1064
1627500 1065
1627510 1066
1627520 1066
1627530 1067
1627540 1069
1627550 1069
1627560 1070
1627570 1071
1627580 1071
1627590 1072
1627600 1073
1627610 1073
1627620 1074
1627630 1074
1627640 1074
1627650 1075
1627660 1076
1627670 1076
1627680 1076
1627690 1077
1627700 1077
1627710 1078
1627720 1079
1627730 1079
1627740 1080
1627750 1081
1627760 1081
1627770 1082
1627780 1082
1627790 1082
1627800 1083
1627810 1083
1627820 1083
1627830 1084
1627840 1084
1627850 1084
1627860 1085
1627870 1085
1627880 1085
1627890 1086
1627900 1086
1627910 1086
1627920 1086
1627930 1087
1627940 1087
1627950 1087
1627960 1087
1627970 1087
1627980 1087
1627990 1087
1628000 1087
1628010 1087
1628020 1087
1628030 1086
1628040 1087
1628050 1087
1628060 1087
1628070 1088
1628080 1088
1628090 1088
1628100 1089
1628110 1089
1628120 1089
1628130 1090
1628140 1090
1628150 1090
1628160 1090
1628170 1090
1628180 1091
1628190 1091
1628200 1091
1628210 1091
1628220 1091
1628230 1091
1628240 1091
1628250 1091
1628260 1091
1628270 1091
1628280 1091
1628290 1091
1628300 1091
1628310 1091
1628320 1091
1628330 1091
1628340 1091
1628350 1091
1628360 1090
1628370 1090
1628380 1090
1628390 1090
1628400 1089
1628410 1089
1628420 1089
1628430 1088
1628440 1088
1628450 1087
1628460 1087
1628470 1087
1628480 1086
1628490 1085
1628500 1085
1628510 1084
1628520 1083
1628530 1083
1628540 1082
1628550 1081
1628560 1081
1628570 1079
1628580 1078
1628590 1078
1628600 1077
1628610 1076
1628620 1076
1628630 1075
1628640 1074
1628650 1074
1628660 1072
1628670 1071
1628680 1071
1628690 1069
1628700 1067
1628710 1067
1628720 1064
1628730 1062
1628740 1062
1628750 1060
1628760 1057
1628770 1057
1628780 1055
1628790 1053
1628800 1053
1628810 1051
1628820 1049
1628830 1049
1628840 1047
1628850 1045
1628860 1045
1628870 1043
1628880 1041
1628890 1041
1628900 1039
1628910 1039
1628920 1036
1628930 1034
1628940 1034
1628950 1032
1628960 1030
1628970 1030
1628980 1028
1628990 1026
1629000 1026
1629010 1024
1629020 1022
1629030 1022
1629040 1020
1629050 1019
1629060 1019
1629070 1017
1629080 1014
1629090 1014
1629100 1011
1629110 1009
1629120 1009
1629130 1007
1629140 1005
1629150 1005
1629160 1003
1629170 1001
1629180 1001
1629190 1000
1629200 999
1629210 999
1629220 999
1629230 998
1629240 998
1629250 997
1629260 996
1629270 996
1629280 995
1629290 993
1629300 993
1629310 992
1629320 990
1629330 990
1629340 989
1629350 987
1629360 987
1629370 986
1629380 985
1629390 985
1629400 984
1629410 983
1629420 983
1629430 982
1629440 981
1629450 981
1629460 979
1629470 978
1629480 978
1629490 976
1629500 974
1629510 974
1629520 973
1629530 972
1629540 972
1629550 971
1629560 970
1629570 970
1629580 969
1629590 968
1629600 968
1629610 967
1629620 966
1629630 966
1629640 966
1629650 964
1629660 964
1629670 963
1629680 961
1629690 961
1629700 960
1629710 959
1629720 959
1629730 958
1629740 956
1629750 956
1629760 955
1629770 953
1629780 953
1629790 952
1629800 952
1629810 950
1629820 948
1629830 948
1629840 946
1629850 943
1629860 943
1629870 940
1629880 937
1629890 937
1629900 935
1629910 933
1629920 933
1629930 932
1629940 929
1629950 929
1629960 927
1629970 925
1629980 925
1629990 924
1630000 923
1630010 923
1630020 921
1630030 920
1630040 920
1630050 918
1630060 917
1630070 917
1630080 916
1630090 915
1630100 915
1630110 914
1630120 913
1630130 913
1630140 912
1630150 912
1630160 912
1630170 911
1630180 911
1630190 911
1630200 910
1630210 909
1630220 909
1630230 909
1630240 908
1630250 908
1630260 908
1630270 908
1630280 908
1630290 908
1630300 908
1630310 908
1630320 908
1630330 908
1630340 908
1630350 908
1630360 908
1630370 908
1630380 908
1630390 908
1630400 908
1630410 907
1630420 908
1630430 908
1630440 908
1630450 908
1630460 908
1630470 908
1630480 909
1630490 909
1630500 909
1630510 908
1630520 908
1630530 909
1630540 909
1630550 909
1630560 909
1630570 909
1630580 909
1630590 908
1630600 908
1630610 908
1630620 908
1630630 908
1630640 908
1630650 907
1630660 907
1630670 907
1630680 906
1630690 906
1630700 905
1630710 905
1630720 905
1630730 904
1630740 904
1630750 904
1630760 904
1630770 904
1630780 904
1630790 904
1630800 904
1630810 904
1630820 904
1630830 904
1630840 904
1630850 904
1630860 904
1630870 904
1630880 904
1630890 905
1630900 905
1630910 905
1630920 905
1630930 905
1630940 906
1630950 907
1630960 907
1630970 908
1630980 908
1630990 908
1631000 908
1631010 909
1631020 909
1631030 909
1631040 909
1631050 909
1631060 909
1631070 910
1631080 910
1631090 910
1631100 910
1631110 910
1631120 910
1631130 910
1631140 911
1631150 911
1631160 911
1631170 911
1631180 912
1631190 912
1631200 912
1631210 913
1631220 913
1631230 913
1631240 913
1631250 913
1631260 913
1631270 913
1631280 913
1631290 913
1631300 914
1631310 914
1631320 914
1631330 914
1631340 914
1631350 914
1631360 914
1631370 914
1631380 914
1631390 914
1631400 914
1631410 914
1631420 914
1631430 914
1631440 914
1631450 914
1631460 914
1631470 914
1631480 913
1631490 913
1631500 913
1631510 912
1631520 912
1631530 912
1631540 912
1631550 912
1631560 912
1631570 912
1631580 912
1631590 912
1631600 912
1631610 912
1631620 913
1631630 913
1631640 913
1631650 914
1631660 914
1631670 914
1631680 914
1631690 915
1631700 915
1631710 915
1631720 916
1631730 916
1631740 917
1631750 918
1631760 918
1631770 919
1631780 920
1631790 920
1631800 921
1631810 922
1631820 922
1631830 923
1631840 923
1631850 923
1631860 924
1631870 925
1631880 925
1631890 926
1631900 927
1631910 927
1631920 928
1631930 929
1631940 929
1631950 930
1631960 930
1631970 930
1631980 931
1631990 933
1632000 933
1632010 933
1632020 934
1632030 934
1632040 935
1632050 936
1632060 936
1632070 937
1632080 938
1632090 938
1632100 938
1632110 938
1632120 938
1632130 939
1632140 939
1632150 939
1632160 940
1632170 941
1632180 941
1632190 941
1632200 942
1632210 942
1632220 942
1632230 943
1632240 943
1632250 943
1632260 943
1632270 943
1632280 944
1632290 944
1632300 944
1632310 944
1632320 945
1632330 945
1632340 945
1632350 945
1632360 945
1632370 946
1632380 946
1632390 946
1632400 946
1632410 946
1632420 946
1632430 946
1632440 946
1632450 946
1632460 946
1632470 946
1632480 945
1632490 945
1632500 945
1632510 945
1632520 944
1632530 944
1632540 943
1632550 942
1632560 942
1632570 942
1632580 941
1632590 941
1632600 940
1632610 939
1632620 939
1632630 938
1632640 937
1632650 937
1632660 936
1632670 935
1632680 935
1632690 934
1632700 933
1632710 933
1632720 931
1632730 929
1632740 929
1632750 926
1632760 924
1632770 924
1632780 923
1632790 922
1632800 922
1632810 922
1632820 921
1632830 921
1632840 920
1632850 919
1632860 919
1632870 918
1632880 917
1632890 917
1632900 916
1632910 915
1632920 915
1632930 914
1632940 912
1632950 912
1632960 911
1632970 909
1632980 909
1632990 908
1633000 907
1633010 907
1633020 906
1633030 905
1633040 905
1633050 903
1633060 902
1633070 902
1633080 900
1633090 898
1633100 898
1633110 895
1633120 893
1633130 893
1633140 893
1633150 893
1633160 893
1633170 893
1633180 894
1633190 894
1633200 895
1633210 895
1633220 895
1633230 896
1633240 897
1633250 897
1633260 898
1633270 899
1633280 899
1633290 902
1633300 904
1633310 904
1633320 905
1633330 905
1633340 907
1633350 909
1633360 909
1633370 910
1633380 911
1633390 911
1633400 913
1633410 914
1633420 914
1633430 915
1633440 916
1633450 916
1633460 918
1633470 919
1633480 919
1633490 920
1633500 921
1633510 921
1633520 922
1633530 922
1633540 922
1633550 922
1633560 923
1633570 923
1633580 922
1633590 922
1633600 922
1633610 921
1633620 921
1633630 921
1633640 921
1633650 920
1633660 920
1633670 920
1633680 919
1633690 919
1633700 919
1633710 919
1633720 919
1633730 920
1633740 920
1633750 920
1633760 920
1633770 920
1633780 920
1633790 920
1633800 920
1633810 920
1633820 921
1633830 922
1633840 922
1633850 922
1633860 923
1633870 923
1633880 924
1633890 925
1633900 925
1633910 925
1633920 925
1633930 925
1633940 926
1633950 927
1633960 927
1633970 928
1633980 929
1633990 929
1634000 929
1634010 930
1634020 930
1634030 931
1634040 931
1634050 931
1634060 932
1634070 933
1634080 933
1634090 933
1634100 934
1634110 934
1634120 934
1634130 935
1634140 935
1634150 936
1634160 936
1634170 936
1634180 936
1634190 937
1634200 937
1634210 937
1634220 937
1634230 938
1634240 938
1634250 938
1634260 938
1634270 938
1634280 938
1634290 939
1634300 939
1634310 939
1634320 939
1634330 939
1634340 939
1634350 939
1634360 939
1634370 939
1634380 939
1634390 939
1634400 939
1634410 939
1634420 939
1634430 939
1634440 939
1634450 939
1634460 939
1634470 938
1634480 938
1634490 938
1634500 938
1634510 938
1634520 938
1634530 938
1634540 939
1634550 939
1634560 939
1634570 939
1634580 939
1634590 940
1634600 940
1634610 940
1634620 940
1634630 941
1634640 941
1634650 941
1634660 941
1634670 941
1634680 941
1634690 941
1634700 941
1634710 941
1634720 941
1634730 941
1634740 941
1634750 940
1634760 940
1634770 940
1634780 940
1634790 940
1634800 940
1634810 940
1634820 940
1634830 940
1634840 940
1634850 940
1634860 940
1634870 940
1634880 940
1634890 940
1634900 939
1634910 939
1634920 939
1634930 939
1634940 939
1634950 939
1634960 939
1634970 939
1634980 939
1634990 938
1635000 938
1635010 938
1635020 938
1635030 938
1635040 938
1635050 938
1635060 938
1635070 938
1635080 938
1635090 938
1635100 938
1635110 938
1635120 938
1635130 938
1635140 938
1635150 938
1635160 938
1635170 938
1635180 937
1635190 937
1635200 937
1635210 937
1635220 937
1635230 937
1635240 936
1635250 936
1635260 936
1635270 936
1635280 935
1635290 935
1635300 935
1635310 935
1635320 935
1635330 935
1635340 935
1635350 935
1635360 935
1635370 934
1635380 934
1635390 934
1635400 933
1635410 933
1635420 933
1635430 933
1635440 933
1635450 932
1635460 931
1635470 931
1635480 931
1635490 930
1635500 930
1635510 928
1635520 927
1635530 927
1635540 927
1635550 927
1635560 927
1635570 927
1635580 927
1635590 927
1635600 926
1635610 927
1635620 927
1635630 926
1635640 926
1635650 926
1635660 926
1635670 926
1635680 926
1635690 925
1635700 925
1635710 925
1635720 925
1635730 925
1635740 925
1635750 925
1635760 925
1635770 925
1635780 925
1635790 924
1635800 924
1635810 924
1635820 924
1635830 924
1635840 924
1635850 924
1635860 924
1635870 924
1635880 924
1635890 924
1635900 924
1635910 923
1635920 923
1635930 923
1635940 924
1635950 924
1635960 924
1635970 924
1635980 924
1635990 924
1636000 924
1636010 924
1636020 924
1636030 924
1636040 924
1636050 924
1636060 924
1636070 924
1636080 923
1636090 923
1636100 923
1636110 923
1636120 923
1636130 923
1636140 922
1636150 922
1636160 922
1636170 921
1636180 921
1636190 921
1636200 920
1636210 920
1636220 920
1636230 920
1636240 920
1636250 919
1636260 919
1636270 919
1636280 919
1636290 918
1636300 918
1636310 918
1636320 918
1636330 918
1636340 918
1636350 918
1636360 918
1636370 918
1636380 918
1636390 918
1636400 917
1636410 917
1636420 917
1636430 917
1636440 917
1636450 917
1636460 917
1636470 917
1636480 917
1636490 916
1636500 916
1636510 916
1636520 916
1636530 916
1636540 916
1636550 916
1636560 916
1636570 916
1636580 916
1636590 915
1636600 915
1636610 915
1636620 915
1636630 915
1636640 915
1636650 915
1636660 915
1636670 915
1636680 914
1636690 914
1636700 914
1636710 914
1636720 914
1636730 914
1636740 913
1636750 913
1636760 911
1636770 910
1636780 910
1636790 909
1636800 909
1636810 909
1636820 908
1636830 908
1636840 908
1636850 908
1636860 907
1636870 907
1636880 907
1636890 907
1636900 907
1636910 907
1636920 907
1636930 906
1636940 905
1636950 905
1636960 904
1636970 903
1636980 903
1636990 902
1637000 902
1637010 902
1637020 901
1637030 900
1637040 900
1637050 900
1637060 900
1637070 900
1637080 900
1637090 899
1637100 899
1637110 899
1637120 900
1637130 900
1637140 900
1637150 900
1637160 900
1637170 900
1637180 900
1637190 900
1637200 900
1637210 899
1637220 899
1637230 897
1637240 896
1637250 900
1637260 899
1637270 899
1637280 899
1637290 898
1637300 898
1637310 898
1637320 898
1637330 898
1637340 898
1637350 898
1637360 898
1637370 898
1637380 897
1637390 897
1637400 897
1637410 897
1637420 896
1637430 896
1637440 896
1637450 896
1637460 896
1637470 895
1637480 895
1637490 895
1637500 895
1637510 895
1637520 895
1637530 894
1637540 894
1637550 894
1637560 893
1637570 893
1637580 893
1637590 892
1637600 892
1637610 892
1637620 891
1637630 890
1637640 890
1637650 889
1637660 887
1637670 887
1637680 886
1637690 885
1637700 885
1637710 883
1637720 883
1637730 883
1637740 882
1637750 881
1637760 881
1637770 881
1637780 881
1637790 880
1637800 880
1637810 880
1637820 879
1637830 879
1637840 879
1637850 878
1637860 878
1637870 878
1637880 878
1637890 878
1637900 878
1637910 878
1637920 878
1637930 878
1637940 878
1637950 879
1637960 879
1637970 879
1637980 879
1637990 879
1638000 879
1638010 879
1638020 879
1638030 879
1638040 879
1638050 879
1638060 880
1638070 880
1638080 880
1638090 879
1638100 880
1638110 880
1638120 880
1638130 881
1638140 881
1638150 881
1638160 881
1638170 881
1638180 882
1638190 883
1638200 883
1638210 884
1638220 885
1638230 885
1638240 886
1638250 887
1638260 887
1638270 887
1638280 888
1638290 888
1638300 889
1638310 890
1638320 890
1638330 891
1638340 892
1638350 892
1638360 892
1638370 893
1638380 893
1638390 892
1638400 892
1638410 892
1638420 892
1638430 892
1638440 892
1638450 891
1638460 891
1638470 891
1638480 890
1638490 889
1638500 889
1638510 889
1638520 888
1638530 888
1638540 888
1638550 887
1638560 887
1638570 887
1638580 886
1638590 886
1638600 885
1638610 884
1638620 884
1638630 883
1638640 882
1638650 882
1638660 881
1638670 881
1638680 880
1638690 879
1638700 879
1638710 878
1638720 878
1638730 878
1638740 877
1638750 876
1638760 876
1638770 874
1638780 873
1638790 873
1638800 873
1638810 872
1638820 872
1638830 871
1638840 870
1638850 870
1638860 869
1638870 868
1638880 868
1638890 867
1638900 866
1638910 866
1638920 864
1638930 862
1638940 862
1638950 860
1638960 859
1638970 859
1638980 858
1638990 858
1639000 858
1639010 858
1639020 857
1639030 857
1639040 857
1639050 856
1639060 856
1639070 856
1639080 856
1639090 856
1639100 855
1639110 855
1639120 855
1639130 854
1639140 854
1639150 854
1639160 855
1639170 855
1639180 855
1639190 855
1639200 855
1639210 855
1639220 855
1639230 855
1639240 855
1639250 856
1639260 856
1639270 856
1639280 856
1639290 857
1639300 857
1639310 857
1639320 857
1639330 857
1639340 857
1639350 858
1639360 858
1639370 857
1639380 857
1639390 857
1639400 858
1639410 857
1639420 857
1639430 857
1639440 857
1639450 857
1639460 857
1639470 857
1639480 857
1639490 857
1639500 857
1639510 857
1639520 858
1639530 858
1639540 858
1639550 858
1639560 858
1639570 858
1639580 858
1639590 858
1639600 858
1639610 858
1639620 858
1639630 858
1639640 858
1639650 858
1639660 858
1639670 858
1639680 858
1639690 858
1639700 859
1639710 859
1639720 859
1639730 860
1639740 860
1639750 860
1639760 860
1639770 860
1639780 860
1639790 860
1639800 860
1639810 861
1639820 861
1639830 861
1639840 861
1639850 862
1639860 862
1639870 862
1639880 862
1639890 862
1639900 862
1639910 862
1639920 862
1639930 862
1639940 862
1639950 862
1639960 862
1639970 862
1639980 862
1639990 862
