1620000 756
1620010 756
1620020 756
1620030 756
1620040 756
1620050 756
1620060 757
1620070 757
1620080 757
1620090 757
1620100 757
1620110 757
1620120 757
1620130 757
1620140 757
1620150 757
1620160 757
1620170 757
1620180 757
1620190 757
1620200 757
1620210 757
1620220 757
1620230 758
1620240 758
1620250 758
1620260 758
1620270 758
1620280 758
1620290 758
1620300 757
1620310 757
1620320 757
1620330 757
1620340 757
1620350 757
1620360 756
1620370 756
1620380 755
1620390 754
1620400 754
1620410 753
1620420 752
1620430 752
1620440 752
1620450 751
1620460 750
1620470 749
1620480 749
1620490 749
1620500 748
1620510 748
1620520 748
1620530 747
1620540 746
1620550 746
1620560 746
1620570 745
1620580 745
1620590 745
1620600 744
1620610 744
1620620 744
1620630 743
1620640 743
1620650 742
1620660 741
1620670 741
1620680 740
1620690 739
1620700 739
1620710 737
1620720 736
1620730 736
1620740 735
1620750 733
1620760 733
1620770 732
1620780 732
1620790 732
1620800 731
1620810 730
1620820 730
1620830 729
1620840 729
1620850 729
1620860 729
1620870 729
1620880 729
1620890 728
1620900 728
1620910 729
1620920 729
1620930 729
1620940 729
1620950 729
1620960 729
1620970 729
1620980 729
1620990 729
1621000 730
1621010 731
1621020 731
1621030 733
1621040 734
1621050 734
1621060 735
1621070 736
1621080 736
1621090 737
1621100 738
1621110 738
1621120 739
1621130 740
1621140 740
1621150 740
1621160 741
1621170 741
1621180 741
1621190 741
1621200 741
1621210 742
1621220 741
1621230 741
1621240 741
1621250 740
1621260 740
1621270 740
1621280 739
1621290 739
1621300 738
1621310 737
1621320 737
1621330 737
1621340 735
1621350 735
1621360 734
1621370 733
1621380 733
1621390 732
1621400 732
1621410 732
1621420 732
1621430 732
1621440 732
1621450 732
1621460 732
1621470 732
1621480 732
1621490 733
1621500 733
1621510 733
1621520 733
1621530 733
1621540 733
1621550 733
1621560 733
1621570 734
1621580 735
1621590 735
1621600 736
1621610 738
1621620 738
1621630 738
1621640 739
1621650 739
1621660 740
1621670 741
1621680 741
1621690 743
1621700 743
1621710 745
1621720 746
1621730 746
1621740 747
1621750 748
1621760 748
1621770 749
1621780 750
1621790 750
1621800 751
1621810 752
1621820 752
1621830 752
1621840 752
1621850 752
1621860 753
1621870 753
1621880 753
1621890 753
1621900 753
1621910 753
1621920 753
1621930 753
1621940 753
1621950 753
1621960 753
1621970 753
1621980 753
1621990 753
1622000 753
1622010 752
1622020 752
1622030 752
1622040 752
1622050 752
1622060 752
1622070 752
1622080 751
1622090 751
1622100 751
1622110 751
1622120 751
1622130 750
1622140 750
1622150 750
1622160 750
1622170 750
1622180 750
1622190 751
1622200 751
1622210 751
1622220 752
1622230 752
1622240 752
1622250 753
1622260 753
1622270 753
1622280 754
1622290 754
1622300 754
1622310 754
1622320 755
1622330 755
1622340 756
1622350 757
1622360 757
1622370 758
1622380 759
1622390 759
1622400 760
1622410 761
1622420 761
1622430 762
1622440 763
1622450 763
1622460 765
1622470 766
1622480 766
1622490 768
1622500 769
1622510 769
1622520 771
1622530 772
1622540 772
1622550 773
1622560 773
1622570 773
1622580 775
1622590 775
1622600 776
1622610 778
1622620 778
1622630 779
1622640 781
1622650 781
1622660 782
1622670 784
1622680 784
1622690 787
1622700 789
1622710 789
1622720 791
1622730 793
1622740 793
1622750 795
1622760 797
1622770 797
1622780 798
1622790 800
1622800 800
1622810 801
1622820 802
1622830 802
1622840 804
1622850 806
1622860 806
1622870 807
1622880 808
1622890 808
1622900 809
1622910 810
1622920 810
1622930 811
1622940 812
1622950 812
1622960 813
1622970 813
1622980 813
1622990 814
1623000 815
1623010 815
1623020 815
1623030 816
1623040 816
1623050 817
1623060 818
1623070 818
1623080 818
1623090 819
1623100 819
1623110 820
1623120 821
1623130 821
1623140 821
1623150 822
1623160 822
1623170 823
1623180 824
1623190 824
1623200 825
1623210 826
1623220 826
1623230 827
1623240 829
1623250 829
1623260 830
1623270 832
1623280 832
1623290 833
1623300 835
1623310 835
1623320 837
1623330 838
1623340 838
1623350 840
1623360 841
1623370 841
1623380 843
1623390 845
1623400 845
1623410 847
1623420 847
1623430 849
1623440 850
1623450 850
1623460 850
1623470 850
1623480 850
1623490 850
1623500 850
1623510 850
1623520 850
1623530 850
1623540 850
1623550 849
1623560 849
1623570 849
1623580 848
1623590 848
1623600 848
1623610 847
1623620 847
1623630 847
1623640 846
1623650 845
1623660 845
1623670 845
1623680 844
1623690 844
1623700 843
1623710 842
1623720 842
1623730 841
1623740 840
1623750 840
1623760 839
1623770 839
1623780 839
1623790 837
1623800 836
1623810 836
1623820 834
1623830 833
1623840 833
1623850 831
1623860 830
1623870 830
1623880 830
1623890 829
1623900 829
1623910 828
1623920 828
1623930 828
1623940 827
1623950 826
1623960 826
1623970 825
1623980 824
1623990 824
1624000 824
1624010 823
1624020 823
1624030 822
1624040 822
1624050 822
1624060 821
1624070 820
1624080 820
1624090 819
1624100 818
1624110 818
1624120 818
1624130 817
1624140 817
1624150 816
1624160 814
1624170 814
1624180 813
1624190 812
1624200 812
1624210 811
1624220 810
1624230 810
1624240 809
1624250 809
1624260 809
1624270 809
1624280 809
1624290 809
1624300 809
1624310 809
1624320 809
1624330 810
1624340 810
1624350 811
1624360 812
1624370 812
1624380 812
1624390 812
1624400 812
1624410 812
1624420 813
1624430 813
1624440 813
1624450 813
1624460 813
1624470 814
1624480 814
1624490 814
1624500 815
1624510 815
1624520 815
1624530 816
1624540 817
1624550 817
1624560 818
1624570 819
1624580 819
1624590 820
1624600 821
1624610 821
1624620 823
1624630 824
1624640 824
1624650 825
1624660 826
1624670 826
1624680 826
1624690 827
1624700 827
1624710 827
1624720 827
1624730 827
1624740 828
1624750 828
1624760 828
1624770 828
1624780 828
1624790 828
1624800 828
1624810 828
1624820 828
1624830 828
1624840 829
1624850 829
1624860 829
1624870 830
1624880 830
1624890 831
1624900 831
1624910 831
1624920 832
1624930 834
1624940 834
1624950 835
1624960 836
1624970 836
1624980 837
1624990 837
1625000 837
1625010 838
1625020 840
1625030 840
1625040 841
1625050 842
1625060 842
1625070 844
1625080 845
1625090 845
1625100 847
1625110 848
1625120 848
1625130 850
1625140 850
1625150 852
1625160 853
1625170 853
1625180 856
1625190 857
1625200 857
1625210 859
1625220 860
1625230 860
1625240 861
1625250 863
1625260 863
1625270 864
1625280 865
1625290 865
1625300 865
1625310 866
1625320 866
1625330 867
1625340 869
1625350 869
1625360 870
1625370 871
1625380 871
1625390 872
1625400 872
1625410 872
1625420 873
1625430 874
1625440 874
1625450 875
1625460 875
1625470 875
1625480 876
1625490 877
1625500 877
1625510 877
1625520 878
1625530 878
1625540 878
1625550 879
1625560 879
1625570 880
1625580 881
1625590 881
1625600 881
1625610 881
1625620 881
1625630 882
1625640 882
1625650 882
1625660 882
1625670 882
1625680 882
1625690 882
1625700 882
1625710 882
1625720 883
1625730 883
1625740 883
1625750 883
1625760 883
1625770 883
1625780 882
1625790 882
1625800 882
1625810 883
1625820 883
1625830 883
1625840 883
1625850 884
1625860 884
1625870 884
1625880 884
1625890 884
1625900 885
1625910 886
1625920 886
1625930 886
1625940 887
1625950 887
1625960 888
1625970 888
1625980 888
1625990 889
1626000 889
1626010 889
1626020 890
1626030 890
1626040 891
1626050 892
1626060 892
1626070 893
1626080 894
1626090 894
1626100 895
1626110 896
1626120 896
1626130 897
1626140 898
1626150 898
1626160 899
1626170 900
1626180 900
1626190 900
1626200 901
1626210 901
1626220 903
1626230 904
1626240 904
1626250 905
1626260 906
1626270 906
1626280 907
1626290 909
1626300 909
1626310 911
1626320 913
1626330 913
1626340 914
1626350 914
1626360 914
1626370 915
1626380 915
1626390 915
1626400 916
1626410 917
1626420 917
1626430 918
1626440 919
1626450 919
1626460 920
1626470 920
1626480 920
1626490 921
1626500 922
1626510 922
1626520 923
1626530 924
1626540 924
1626550 925
1626560 926
1626570 926
1626580 927
1626590 928
1626600 928
1626610 929
1626620 929
1626630 929
1626640 930
1626650 931
1626660 931
1626670 932
1626680 933
1626690 933
1626700 934
1626710 935
1626720 935
1626730 936
1626740 936
1626750 936
1626760 937
1626770 938
1626780 938
1626790 938
1626800 938
1626810 938
1626820 939
1626830 940
1626840 940
1626850 941
1626860 941
1626870 941
1626880 942
1626890 942
1626900 943
1626910 944
1626920 944
1626930 944
1626940 945
1626950 945
1626960 946
1626970 946
1626980 946
1626990 947
1627000 948
1627010 948
1627020 949
1627030 948
1627040 948
1627050 949
1627060 949
1627070 949
1627080 950
1627090 951
1627100 951
1627110 952
1627120 953
1627130 953
1627140 954
1627150 954
1627160 954
1627170 955
1627180 956
1627190 956
1627200 957
1627210 958
1627220 958
1627230 959
1627240 959
1627250 959
1627260 960
1627270 961
1627280 961
1627290 962
1627300 963
1627310 963
1627320 963
1627330 964
1627340 964
1627350 964
1627360 965
1627370 965
1627380 965
1627390 966
1627400 966
1627410 966
1627420 967
1627430 967
1627440 967
1627450 967
1627460 967
1627470 968
1627480 968
1627490 968
1627500 968
1627510 969
1627520 969
1627530 970
1627540 970
1627550 970
1627560 971
1627570 972
1627580 972
1627590 972
1627600 973
1627610 973
1627620 974
1627630 974
1627640 974
1627650 975
1627660 976
1627670 976
1627680 976
1627690 977
1627700 977
1627710 978
1627720 978
1627730 979
1627740 980
1627750 980
1627760 981
1627770 982
1627780 982
1627790 983
1627800 983
1627810 983
1627820 983
1627830 984
1627840 984
1627850 984
1627860 985
1627870 985
1627880 985
1627890 985
1627900 985
1627910 986
1627920 986
1627930 986
1627940 987
1627950 988
1627960 988
1627970 988
1627980 989
1627990 989
1628000 989
1628010 990
1628020 990
1628030 990
1628040 991
1628050 991
1628060 990
1628070 991
1628080 991
1628090 991
1628100 991
1628110 991
1628120 990
1628130 990
1628140 990
1628150 990
1628160 990
1628170 990
1628180 990
1628190 990
1628200 990
1628210 990
1628220 990
1628230 990
1628240 990
1628250 990
1628260 990
1628270 990
1628280 990
1628290 990
1628300 990
1628310 989
1628320 989
1628330 989
1628340 989
1628350 989
1628360 988
1628370 988
1628380 988
1628390 988
1628400 988
1628410 988
1628420 987
1628430 987
1628440 987
1628450 987
1628460 987
1628470 987
1628480 986
1628490 986
1628500 986
1628510 986
1628520 985
1628530 985
1628540 985
1628550 984
1628560 984
1628570 984
1628580 984
1628590 984
1628600 983
1628610 983
1628620 983
1628630 983
1628640 983
1628650 983
1628660 982
1628670 982
1628680 982
1628690 982
1628700 982
1628710 982
1628720 982
1628730 982
1628740 982
1628750 982
1628760 982
1628770 983
1628780 983
1628790 983
1628800 983
1628810 983
1628820 983
1628830 983
1628840 983
1628850 984
1628860 984
1628870 984
1628880 984
1628890 984
1628900 984
1628910 984
1628920 984
1628930 984
1628940 984
1628950 984
1628960 983
1628970 983
1628980 983
1628990 983
1629000 983
1629010 982
1629020 982
1629030 982
1629040 981
1629050 981
1629060 981
1629070 981
1629080 980
1629090 980
1629100 979
1629110 978
1629120 978
1629130 977
1629140 976
1629150 976
1629160 975
1629170 974
1629180 974
1629190 972
1629200 971
1629210 971
1629220 970
1629230 968
1629240 968
1629250 967
1629260 965
1629270 965
1629280 964
1629290 961
1629300 961
1629310 958
1629320 955
1629330 955
1629340 953
1629350 951
1629360 951
1629370 949
1629380 946
1629390 946
1629400 943
1629410 943
1629420 941
1629430 938
1629440 938
1629450 934
1629460 930
1629470 930
1629480 925
1629490 921
1629500 921
1629510 918
1629520 916
1629530 916
1629540 914
1629550 911
1629560 911
1629570 908
1629580 905
1629590 905
1629600 902
1629610 899
1629620 899
1629630 897
1629640 895
1629650 895
1629660 893
1629670 891
1629680 891
1629690 890
1629700 889
1629710 889
1629720 888
1629730 887
1629740 887
1629750 886
1629760 885
1629770 885
1629780 885
1629790 884
1629800 884
1629810 884
1629820 883
1629830 883
1629840 883
1629850 883
1629860 883
1629870 884
1629880 884
1629890 884
1629900 884
1629910 884
1629920 884
1629930 884
1629940 884
1629950 884
1629960 884
1629970 883
1629980 883
1629990 884
1630000 884
1630010 884
1630020 884
1630030 884
1630040 884
1630050 884
1630060 885
1630070 885
1630080 886
1630090 887
1630100 887
1630110 888
1630120 889
1630130 889
1630140 890
1630150 892
1630160 892
1630170 894
1630180 896
1630190 896
1630200 897
1630210 899
1630220 899
1630230 901
1630240 902
1630250 902
1630260 903
1630270 903
1630280 904
1630290 905
1630300 905
1630310 907
1630320 908
1630330 908
1630340 909
1630350 911
1630360 911
1630370 912
1630380 913
1630390 913
1630400 914
1630410 915
1630420 915
1630430 917
1630440 918
1630450 918
1630460 919
1630470 921
1630480 921
1630490 921
1630500 920
1630510 920
1630520 920
1630530 922
1630540 922
1630550 922
1630560 923
1630570 923
1630580 922
1630590 922
1630600 922
1630610 922
1630620 921
1630630 921
1630640 921
1630650 920
1630660 920
1630670 919
1630680 917
1630690 917
1630700 915
1630710 914
1630720 914
1630730 914
1630740 914
1630750 914
1630760 914
1630770 914
1630780 914
1630790 914
1630800 914
1630810 914
1630820 914
1630830 914
1630840 914
1630850 915
1630860 915
1630870 915
1630880 916
1630890 916
1630900 916
1630910 917
1630920 918
1630930 918
1630940 918
1630950 919
1630960 919
1630970 919
1630980 920
1630990 920
1631000 920
1631010 921
1631020 921
1631030 922
1631040 922
1631050 922
1631060 923
1631070 924
1631080 924
1631090 925
1631100 925
1631110 925
1631120 926
1631130 926
1631140 927
1631150 927
1631160 927
1631170 928
1631180 929
1631190 929
1631200 930
1631210 930
1631220 930
1631230 931
1631240 931
1631250 931
1631260 932
1631270 933
1631280 933
1631290 934
1631300 934
1631310 934
1631320 935
1631330 936
1631340 936
1631350 937
1631360 938
1631370 938
1631380 939
1631390 940
1631400 940
1631410 941
1631420 942
1631430 942
1631440 943
1631450 944
1631460 944
1631470 945
1631480 946
1631490 946
1631500 947
1631510 948
1631520 948
1631530 948
1631540 950
1631550 950
1631560 951
1631570 952
1631580 952
1631590 953
1631600 954
1631610 954
1631620 955
1631630 956
1631640 956
1631650 957
1631660 958
1631670 958
1631680 959
1631690 961
1631700 961
1631710 962
1631720 963
1631730 963
1631740 966
1631750 968
1631760 968
1631770 970
1631780 971
1631790 971
1631800 972
1631810 973
1631820 973
1631830 976
1631840 977
1631850 977
1631860 979
1631870 979
1631880 979
1631890 980
1631900 981
1631910 981
1631920 980
1631930 980
1631940 980
1631950 980
1631960 979
1631970 979
1631980 979
1631990 979
1632000 979
1632010 979
1632020 979
1632030 979
1632040 978
1632050 978
1632060 978
1632070 978
1632080 978
1632090 978
1632100 978
1632110 978
1632120 977
1632130 977
1632140 977
1632150 976
1632160 976
1632170 976
1632180 975
1632190 975
1632200 975
1632210 974
1632220 973
1632230 973
1632240 972
1632250 972
1632260 972
1632270 971
1632280 971
1632290 971
1632300 971
1632310 970
1632320 970
1632330 970
1632340 969
1632350 969
1632360 969
1632370 968
1632380 968
1632390 968
1632400 968
1632410 968
1632420 967
1632430 966
1632440 966
1632450 966
1632460 966
1632470 966
1632480 965
1632490 965
1632500 965
1632510 965
1632520 965
1632530 965
1632540 964
1632550 964
1632560 964
1632570 964
1632580 963
1632590 963
1632600 962
1632610 962
1632620 962
1632630 961
1632640 961
1632650 961
1632660 960
1632670 960
1632680 960
1632690 959
1632700 959
1632710 959
1632720 958
1632730 957
1632740 957
1632750 957
1632760 956
1632770 956
1632780 956
1632790 955
1632800 955
1632810 955
1632820 955
1632830 955
1632840 954
1632850 954
1632860 954
1632870 953
1632880 953
1632890 953
1632900 953
1632910 953
1632920 953
1632930 952
1632940 952
1632950 951
1632960 951
1632970 951
1632980 950
1632990 949
1633000 949
1633010 949
1633020 948
1633030 948
1633040 948
1633050 948
1633060 948
1633070 949
1633080 948
1633090 948
1633100 948
1633110 948
1633120 948
1633130 948
1633140 948
1633150 948
1633160 948
1633170 947
1633180 947
1633190 947
1633200 947
1633210 947
1633220 946
1633230 946
1633240 946
1633250 945
1633260 945
1633270 945
1633280 945
1633290 945
1633300 945
1633310 944
1633320 944
1633330 944
1633340 944
1633350 944
1633360 944
1633370 944
1633380 944
1633390 944
1633400 944
1633410 944
1633420 944
1633430 944
1633440 944
1633450 944
1633460 944
1633470 944
1633480 944
1633490 944
1633500 944
1633510 944
1633520 944
1633530 944
1633540 944
1633550 944
1633560 944
1633570 944
1633580 944
1633590 944
1633600 944
1633610 944
1633620 944
1633630 944
1633640 944
1633650 945
1633660 945
1633670 945
1633680 946
1633690 946
1633700 946
1633710 946
1633720 947
1633730 948
1633740 948
1633750 949
1633760 949
1633770 949
1633780 950
1633790 951
1633800 951
1633810 952
1633820 953
1633830 953
1633840 954
1633850 954
1633860 954
1633870 955
1633880 955
1633890 955
1633900 955
1633910 955
1633920 955
1633930 956
1633940 956
1633950 956
1633960 956
1633970 956
1633980 956
1633990 957
1634000 957
1634010 957
1634020 957
1634030 958
1634040 958
1634050 958
1634060 958
1634070 958
1634080 959
1634090 959
1634100 959
1634110 959
1634120 960
1634130 960
1634140 960
1634150 960
1634160 960
1634170 960
1634180 960
1634190 960
1634200 961
1634210 961
1634220 961
1634230 961
1634240 961
1634250 961
1634260 961
1634270 961
1634280 961
1634290 961
1634300 962
1634310 962
1634320 962
1634330 962
1634340 962
1634350 962
1634360 962
1634370 962
1634380 962
1634390 963
1634400 963
1634410 963
1634420 963
1634430 963
1634440 963
1634450 963
1634460 963
1634470 963
1634480 963
1634490 963
1634500 963
1634510 963
1634520 963
1634530 963
1634540 963
1634550 963
1634560 963
1634570 963
1634580 964
1634590 964
1634600 964
1634610 964
1634620 964
1634630 964
1634640 964
1634650 964
1634660 964
1634670 964
1634680 964
1634690 964
1634700 964
1634710 964
1634720 964
1634730 963
1634740 963
1634750 963
1634760 963
1634770 963
1634780 963
1634790 962
1634800 962
1634810 962
1634820 961
1634830 960
1634840 960
1634850 958
1634860 957
1634870 957
1634880 955
1634890 955
1634900 955
1634910 954
1634920 954
1634930 954
1634940 954
1634950 953
1634960 953
1634970 953
1634980 954
1634990 954
1635000 954
1635010 954
1635020 954
1635030 954
1635040 954
1635050 955
1635060 955
1635070 955
1635080 955
1635090 955
1635100 956
1635110 956
1635120 957
1635130 958
1635140 958
1635150 959
1635160 960
1635170 960
1635180 960
1635190 961
1635200 961
1635210 963
1635220 964
1635230 964
1635240 966
1635250 967
1635260 967
1635270 967
1635280 968
1635290 968
1635300 969
1635310 969
1635320 969
1635330 970
1635340 970
1635350 970
1635360 971
1635370 972
1635380 972
1635390 973
1635400 973
1635410 973
1635420 973
1635430 973
1635440 974
1635450 974
1635460 974
1635470 974
1635480 975
1635490 975
1635500 975
1635510 975
1635520 975
1635530 975
1635540 975
1635550 975
1635560 975
1635570 975
1635580 975
1635590 976
1635600 976
1635610 976
1635620 976
1635630 977
1635640 977
1635650 977
1635660 977
1635670 977
1635680 978
1635690 978
1635700 978
1635710 978
1635720 979
1635730 979
1635740 979
1635750 979
1635760 979
1635770 980
1635780 980
1635790 980
1635800 980
1635810 980
1635820 980
1635830 980
1635840 980
1635850 980
1635860 981
1635870 980
1635880 980
1635890 980
1635900 980
1635910 980
1635920 980
1635930 980
1635940 980
1635950 980
1635960 979
1635970 979
1635980 979
1635990 979
1636000 979
1636010 979
1636020 980
1636030 980
1636040 980
1636050 980
1636060 980
1636070 980
1636080 980
1636090 980
1636100 980
1636110 980
1636120 980
1636130 981
1636140 981
1636150 981
1636160 981
1636170 981
1636180 981
1636190 981
1636200 981
1636210 981
1636220 981
1636230 981
1636240 981
1636250 981
1636260 981
1636270 981
1636280 981
1636290 981
1636300 981
1636310 981
1636320 981
1636330 980
1636340 980
1636350 980
1636360 979
1636370 979
1636380 979
1636390 979
1636400 979
1636410 979
1636420 980
1636430 980
1636440 980
1636450 981
1636460 981
1636470 981
1636480 982
1636490 982
1636500 982
1636510 982
1636520 982
1636530 982
1636540 983
1636550 983
1636560 983
1636570 983
1636580 983
1636590 983
1636600 983
1636610 984
1636620 984
1636630 984
1636640 984
1636650 984
1636660 984
1636670 983
1636680 983
1636690 983
1636700 983
1636710 983
1636720 983
1636730 982
1636740 982
1636750 981
1636760 981
1636770 981
1636780 981
1636790 980
1636800 980
1636810 979
1636820 978
1636830 978
1636840 977
1636850 976
1636860 976
1636870 975
1636880 975
1636890 975
1636900 973
1636910 972
1636920 972
1636930 970
1636940 969
1636950 969
1636960 967
1636970 966
1636980 966
1636990 965
1637000 964
1637010 964
1637020 962
1637030 961
1637040 961
1637050 961
1637060 960
1637070 960
1637080 960
1637090 960
1637100 960
1637110 959
1637120 959
1637130 958
1637140 958
1637150 958
1637160 957
1637170 957
1637180 957
1637190 957
1637200 956
1637210 956
1637220 955
1637230 955
1637240 955
1637250 954
1637260 954
1637270 954
1637280 953
1637290 953
1637300 953
1637310 953
1637320 952
1637330 952
1637340 952
1637350 952
1637360 952
1637370 952
1637380 952
1637390 952
1637400 951
1637410 951
1637420 951
1637430 952
1637440 952
1637450 952
1637460 951
1637470 951
1637480 951
1637490 951
1637500 951
1637510 951
1637520 951
1637530 951
1637540 951
1637550 951
1637560 951
1637570 951
1637580 951
1637590 951
1637600 951
1637610 951
1637620 951
1637630 951
1637640 951
1637650 951
1637660 951
1637670 951
1637680 950
1637690 950
1637700 950
1637710 950
1637720 950
1637730 950
1637740 950
1637750 950
1637760 950
1637770 950
1637780 950
1637790 950
1637800 950
1637810 950
1637820 950
1637830 950
1637840 950
1637850 950
1637860 950
1637870 950
1637880 949
1637890 949
1637900 949
1637910 949
1637920 949
1637930 949
1637940 949
1637950 948
1637960 948
1637970 948
1637980 948
1637990 948
1638000 948
1638010 948
1638020 948
1638030 948
1638040 948
1638050 947
1638060 947
1638070 947
1638080 946
1638090 945
1638100 945
1638110 944
1638120 943
1638130 943
1638140 942
1638150 941
1638160 941
1638170 940
1638180 938
1638190 938
1638200 937
1638210 936
1638220 936
1638230 935
1638240 935
1638250 935
1638260 934
1638270 932
1638280 932
1638290 931
1638300 931
1638310 931
1638320 931
1638330 931
1638340 931
1638350 930
1638360 930
1638370 930
1638380 929
1638390 928
1638400 928
1638410 927
1638420 926
1638430 926
1638440 925
1638450 924
1638460 924
1638470 923
1638480 921
1638490 921
1638500 921
1638510 920
1638520 920
1638530 919
1638540 917
1638550 917
1638560 916
1638570 914
1638580 914
1638590 913
1638600 912
1638610 912
1638620 909
1638630 908
1638640 908
1638650 905
1638660 903
1638670 903
1638680 900
1638690 896
1638700 896
1638710 891
1638720 887
1638730 887
1638740 884
1638750 884
1638760 884
1638770 884
1638780 884
1638790 884
1638800 886
1638810 888
1638820 888
1638830 889
1638840 889
1638850 889
1638860 890
1638870 890
1638880 891
1638890 894
1638900 894
1638910 897
1638920 900
1638930 900
1638940 902
1638950 903
1638960 903
1638970 904
1638980 905
1638990 905
1639000 905
1639010 906
1639020 906
1639030 906
1639040 906
1639050 906
1639060 905
1639070 904
1639080 904
1639090 904
1639100 903
1639110 903
1639120 903
1639130 902
1639140 902
1639150 902
1639160 901
1639170 901
1639180 900
1639190 899
1639200 899
1639210 900
1639220 899
1639230 899
1639240 898
1639250 898
1639260 898
1639270 897
1639280 897
1639290 897
1639300 897
1639310 897
1639320 897
1639330 897
1639340 897
1639350 897
1639360 897
1639370 896
1639380 896
1639390 897
1639400 897
1639410 897
1639420 897
1639430 897
1639440 897
1639450 897
1639460 897
1639470 897
1639480 896
1639490 896
1639500 896
1639510 896
1639520 896
1639530 896
1639540 896
1639550 895
1639560 895
1639570 895
1639580 894
1639590 894
1639600 893
1639610 892
1639620 892
1639630 891
1639640 891
1639650 891
1639660 890
1639670 890
1639680 889
1639690 888
1639700 888
1639710 887
1639720 886
1639730 886
1639740 883
1639750 881
1639760 881
1639770 879
1639780 878
1639790 878
1639800 877
1639810 877
1639820 877
1639830 877
1639840 877
1639850 877
1639860 876
1639870 875
1639880 875
1639890 875
1639900 875
1639910 875
1639920 875
1639930 874
1639940 874
1639950 873
1639960 873
1639970 873
1639980 873
1639990 873
