1620000 751
1620010 751
1620020 752
1620030 752
1620040 752
1620050 753
1620060 753
1620070 753
1620080 753
1620090 753
1620100 753
1620110 753
1620120 753
1620130 753
1620140 753
1620150 752
1620160 752
1620170 751
1620180 750
1620190 750
1620200 748
1620210 747
1620220 747
1620230 746
1620240 744
1620250 744
1620260 743
1620270 741
1620280 741
1620290 739
1620300 738
1620310 738
1620320 736
1620330 735
1620340 735
1620350 734
1620360 732
1620370 732
1620380 730
1620390 729
1620400 729
1620410 727
1620420 725
1620430 725
1620440 722
1620450 720
1620460 720
1620470 718
1620480 717
1620490 717
1620500 715
1620510 714
1620520 714
1620530 714
1620540 714
1620550 714
1620560 714
1620570 714
1620580 714
1620590 713
1620600 713
1620610 713
1620620 712
1620630 711
1620640 711
1620650 712
1620660 717
1620670 717
1620680 720
1620690 722
1620700 722
1620710 724
1620720 725
1620730 725
1620740 726
1620750 728
1620760 728
1620770 729
1620780 729
1620790 729
1620800 729
1620810 729
1620820 729
1620830 728
1620840 728
1620850 728
1620860 728
1620870 728
1620880 728
1620890 728
1620900 728
1620910 728
1620920 728
1620930 728
1620940 728
1620950 728
1620960 728
1620970 728
1620980 728
1620990 728
1621000 728
1621010 728
1621020 728
1621030 728
1621040 729
1621050 729
1621060 729
1621070 729
1621080 729
1621090 730
1621100 731
1621110 731
1621120 731
1621130 731
1621140 731
1621150 732
1621160 731
1621170 731
1621180 731
1621190 731
1621200 731
1621210 731
1621220 731
1621230 731
1621240 730
1621250 729
1621260 729
1621270 727
1621280 725
1621290 725
1621300 723
1621310 723
1621320 723
1621330 724
1621340 725
1621350 725
1621360 725
1621370 727
1621380 727
1621390 728
1621400 729
1621410 729
1621420 731
1621430 732
1621440 732
1621450 733
1621460 733
1621470 733
1621480 734
1621490 734
1621500 734
1621510 735
1621520 734
1621530 734
1621540 734
1621550 734
1621560 734
1621570 733
1621580 733
1621590 734
1621600 733
1621610 733
1621620 733
1621630 733
1621640 733
1621650 733
1621660 734
1621670 734
1621680 734
1621690 735
1621700 735
1621710 735
1621720 736
1621730 736
1621740 737
1621750 737
1621760 737
1621770 738
1621780 739
1621790 739
1621800 739
1621810 740
1621820 740
1621830 741
1621840 741
1621850 741
1621860 741
1621870 742
1621880 742
1621890 742
1621900 742
1621910 742
1621920 743
1621930 743
1621940 743
1621950 744
1621960 744
1621970 744
1621980 745
1621990 745
1622000 745
1622010 745
1622020 746
1622030 746
1622040 746
1622050 747
1622060 747
1622070 747
1622080 747
1622090 747
1622100 748
1622110 747
1622120 747
1622130 747
1622140 748
1622150 748
1622160 748
1622170 748
1622180 748
1622190 749
1622200 749
1622210 749
1622220 749
1622230 750
1622240 750
1622250 750
1622260 750
1622270 750
1622280 751
1622290 751
1622300 751
1622310 751
1622320 751
1622330 751
1622340 751
1622350 752
1622360 752
1622370 752
1622380 752
1622390 752
1622400 752
1622410 752
1622420 753
1622430 753
1622440 753
1622450 753
1622460 753
1622470 753
1622480 754
1622490 754
1622500 754
1622510 755
1622520 756
1622530 756
1622540 756
1622550 757
1622560 757
1622570 758
1622580 758
1622590 758
1622600 759
1622610 760
1622620 760
1622630 760
1622640 761
1622650 761
1622660 761
1622670 761
1622680 761
1622690 761
1622700 761
1622710 761
1622720 761
1622730 761
1622740 761
1622750 761
1622760 761
1622770 761
1622780 760
1622790 759
1622800 759
1622810 758
1622820 758
1622830 758
1622840 758
1622850 758
1622860 758
1622870 758
1622880 758
1622890 758
1622900 758
1622910 759
1622920 759
1622930 759
1622940 760
1622950 760
1622960 761
1622970 763
1622980 763
1622990 764
1623000 765
1623010 765
1623020 766
1623030 767
1623040 767
1623050 768
1623060 771
1623070 771
1623080 772
1623090 773
1623100 773
1623110 775
1623120 776
1623130 776
1623140 777
1623150 778
1623160 778
1623170 779
1623180 780
1623190 780
1623200 781
1623210 781
1623220 782
1623230 783
1623240 783
1623250 784
1623260 785
1623270 785
1623280 786
1623290 787
1623300 787
1623310 787
1623320 788
1623330 788
1623340 789
1623350 790
1623360 790
1623370 791
1623380 792
1623390 792
1623400 793
1623410 793
1623420 793
1623430 794
1623440 794
1623450 794
1623460 794
1623470 795
1623480 795
1623490 795
1623500 796
1623510 796
1623520 797
1623530 798
1623540 798
1623550 799
1623560 800
1623570 800
1623580 800
1623590 799
1623600 799
1623610 799
1623620 798
1623630 798
1623640 798
1623650 798
1623660 798
1623670 798
1623680 799
1623690 799
1623700 799
1623710 800
1623720 800
1623730 800
1623740 801
1623750 801
1623760 801
1623770 801
1623780 801
1623790 801
1623800 802
1623810 802
1623820 802
1623830 803
1623840 803
1623850 803
1623860 803
1623870 803
1623880 804
1623890 804
1623900 804
1623910 804
1623920 805
1623930 805
1623940 805
1623950 806
1623960 806
1623970 806
1623980 807
1623990 807
1624000 808
1624010 808
1624020 809
1624030 809
1624040 809
1624050 809
1624060 810
1624070 810
1624080 810
1624090 810
1624100 810
1624110 810
1624120 811
1624130 811
1624140 812
1624150 812
1624160 812
1624170 812
1624180 812
1624190 812
1624200 812
1624210 812
1624220 812
1624230 813
1624240 813
1624250 813
1624260 814
1624270 816
1624280 816
1624290 817
1624300 818
1624310 818
1624320 818
1624330 819
1624340 819
1624350 819
1624360 819
1624370 819
1624380 820
1624390 820
1624400 820
1624410 819
1624420 819
1624430 819
1624440 818
1624450 818
1624460 818
1624470 817
1624480 816
1624490 816
1624500 815
1624510 814
1624520 814
1624530 813
1624540 812
1624550 812
1624560 812
1624570 811
1624580 811
1624590 810
1624600 809
1624610 809
1624620 808
1624630 807
1624640 807
1624650 807
1624660 807
1624670 807
1624680 807
1624690 806
1624700 806
1624710 806
1624720 805
1624730 805
1624740 806
1624750 805
1624760 805
1624770 806
1624780 807
1624790 807
1624800 809
1624810 814
1624820 814
1624830 818
1624840 818
1624850 820
1624860 823
1624870 823
1624880 825
1624890 826
1624900 826
1624910 828
1624920 829
1624930 831
1624940 833
1624950 835
1624960 835
1624970 837
1624980 839
1624990 839
1625000 842
1625010 844
1625020 844
1625030 845
1625040 847
1625050 847
1625060 848
1625070 850
1625080 850
1625090 851
1625100 852
1625110 852
1625120 853
1625130 854
1625140 854
1625150 855
1625160 856
1625170 856
1625180 857
1625190 857
1625200 857
1625210 857
1625220 857
1625230 857
1625240 857
1625250 856
1625260 856
1625270 856
1625280 855
1625290 855
1625300 854
1625310 853
1625320 853
1625330 852
1625340 850
1625350 850
1625360 849
1625370 847
1625380 847
1625390 846
1625400 845
1625410 845
1625420 844
1625430 844
1625440 844
1625450 844
1625460 844
1625470 844
1625480 845
1625490 845
1625500 845
1625510 845
1625520 845
1625530 845
1625540 845
1625550 845
1625560 845
1625570 844
1625580 844
1625590 844
1625600 844
1625610 844
1625620 844
1625630 844
1625640 844
1625650 844
1625660 845
1625670 845
1625680 845
1625690 845
1625700 845
1625710 845
1625720 845
1625730 845
1625740 845
1625750 846
1625760 846
1625770 846
1625780 847
1625790 847
1625800 847
1625810 848
1625820 848
1625830 849
1625840 850
1625850 850
1625860 850
1625870 850
1625880 850
1625890 850
1625900 851
1625910 851
1625920 851
1625930 852
1625940 852
1625950 853
1625960 854
1625970 854
1625980 854
1625990 854
1626000 854
1626010 855
1626020 855
1626030 855
1626040 856
1626050 857
1626060 857
1626070 858
1626080 859
1626090 859
1626100 861
1626110 861
1626120 861
1626130 862
1626140 862
1626150 862
1626160 863
1626170 864
1626180 864
1626190 865
1626200 866
1626210 866
1626220 867
1626230 868
1626240 868
1626250 869
1626260 869
1626270 869
1626280 870
1626290 871
1626300 871
1626310 871
1626320 871
1626330 871
1626340 872
1626350 872
1626360 872
1626370 873
1626380 874
1626390 874
1626400 874
1626410 875
1626420 875
1626430 875
1626440 875
1626450 875
1626460 875
1626470 875
1626480 875
1626490 876
1626500 876
1626510 877
1626520 877
1626530 877
1626540 878
1626550 883
1626560 883
1626570 885
1626580 886
1626590 886
1626600 887
1626610 888
1626620 888
1626630 889
1626640 890
1626650 890
1626660 891
1626670 891
1626680 891
1626690 892
1626700 893
1626710 893
1626720 895
1626730 895
1626740 895
1626750 896
1626760 897
1626770 897
1626780 897
1626790 898
1626800 898
1626810 898
1626820 899
1626830 899
1626840 899
1626850 900
1626860 900
1626870 901
1626880 901
1626890 901
1626900 903
1626910 904
1626920 904
1626930 905
1626940 906
1626950 906
1626960 907
1626970 907
1626980 907
1626990 908
1627000 909
1627010 909
1627020 910
1627030 911
1627040 911
1627050 912
1627060 914
1627070 914
1627080 915
1627090 916
1627100 916
1627110 917
1627120 918
1627130 918
1627140 919
1627150 920
1627160 920
1627170 920
1627180 921
1627190 921
1627200 922
1627210 924
1627220 924
1627230 925
1627240 926
1627250 926
1627260 927
1627270 927
1627280 928
1627290 929
1627300 929
1627310 930
1627320 931
1627330 931
1627340 932
1627350 933
1627360 933
1627370 934
1627380 935
1627390 935
1627400 936
1627410 937
1627420 937
1627430 938
1627440 939
1627450 939
1627460 940
1627470 942
1627480 942
1627490 943
1627500 944
1627510 944
1627520 945
1627530 946
1627540 946
1627550 947
1627560 949
1627570 949
1627580 950
1627590 951
1627600 951
1627610 953
1627620 954
1627630 954
1627640 955
1627650 956
1627660 956
1627670 957
1627680 959
1627690 959
1627700 961
1627710 962
1627720 962
1627730 964
1627740 964
1627750 964
1627760 966
1627770 968
1627780 968
1627790 970
1627800 972
1627810 972
1627820 973
1627830 975
1627840 975
1627850 977
1627860 979
1627870 979
1627880 980
1627890 982
1627900 982
1627910 984
1627920 986
1627930 986
1627940 987
1627950 989
1627960 989
1627970 990
1627980 991
1627990 991
1628000 993
1628010 994
1628020 994
1628030 995
1628040 997
1628050 997
1628060 998
1628070 998
1628080 999
1628090 1000
1628100 1000
1628110 1001
1628120 1002
1628130 1002
1628140 1004
1628150 1005
1628160 1005
1628170 1005
1628180 1005
1628190 1005
1628200 1005
1628210 1004
1628220 1004
1628230 1003
1628240 1000
1628250 1000
1628260 996
1628270 993
1628280 993
1628290 989
1628300 985
1628310 985
1628320 981
1628330 977
1628340 977
1628350 973
1628360 969
1628370 969
1628380 965
1628390 961
1628400 961
1628410 957
1628420 953
1628430 953
1628440 949
1628450 945
1628460 945
1628470 942
1628480 939
1628490 939
1628500 937
1628510 933
1628520 933
1628530 931
1628540 928
1628550 928
1628560 926
1628570 924
1628580 924
1628590 923
1628600 921
1628610 920
1628620 918
1628630 916
1628640 916
1628650 914
1628660 911
1628670 911
1628680 909
1628690 907
1628700 907
1628710 904
1628720 901
1628730 901
1628740 899
1628750 896
1628760 896
1628770 893
1628780 890
1628790 890
1628800 887
1628810 884
1628820 884
1628830 883
1628840 881
1628850 881
1628860 880
1628870 878
1628880 878
1628890 876
1628900 876
1628910 875
1628920 874
1628930 874
1628940 872
1628950 870
1628960 870
1628970 868
1628980 867
1628990 867
1629000 865
1629010 863
1629020 863
1629030 861
1629040 860
1629050 860
1629060 859
1629070 858
1629080 858
1629090 857
1629100 855
1629110 855
1629120 854
1629130 853
1629140 853
1629150 853
1629160 852
1629170 852
1629180 852
1629190 851
1629200 851
1629210 851
1629220 851
1629230 851
1629240 850
1629250 850
1629260 850
1629270 851
1629280 852
1629290 852
1629300 852
1629310 852
1629320 852
1629330 852
1629340 853
1629350 853
1629360 853
1629370 854
1629380 854
1629390 855
1629400 855
1629410 855
1629420 857
1629430 860
1629440 860
1629450 863
1629460 866
1629470 866
1629480 870
1629490 873
1629500 873
1629510 877
1629520 881
1629530 881
1629540 885
1629550 888
1629560 888
1629570 891
1629580 894
1629590 894
1629600 897
1629610 900
1629620 900
1629630 901
1629640 903
1629650 903
1629660 904
1629670 905
1629680 905
1629690 906
1629700 906
1629710 907
1629720 908
1629730 908
1629740 910
1629750 912
1629760 912
1629770 914
1629780 917
1629790 917
1629800 920
1629810 922
1629820 922
1629830 925
1629840 928
1629850 928
1629860 930
1629870 932
1629880 932
1629890 934
1629900 937
1629910 937
1629920 940
1629930 941
1629940 941
1629950 941
1629960 942
1629970 942
1629980 944
1629990 946
1630000 946
1630010 947
1630020 948
1630030 948
1630040 950
1630050 952
1630060 952
1630070 953
1630080 956
1630090 956
1630100 959
1630110 961
1630120 961
1630130 964
1630140 966
1630150 966
1630160 968
1630170 970
1630180 970
1630190 972
1630200 973
1630210 973
1630220 973
1630230 974
1630240 974
1630250 976
1630260 978
1630270 978
1630280 980
1630290 982
1630300 982
1630310 982
1630320 983
1630330 983
1630340 985
1630350 987
1630360 987
1630370 988
1630380 990
1630390 990
1630400 991
1630410 993
1630420 993
1630430 994
1630440 995
1630450 995
1630460 997
1630470 998
1630480 998
1630490 1001
1630500 1001
1630510 1003
1630520 1005
1630530 1005
1630540 1007
1630550 1009
1630560 1009
1630570 1011
1630580 1013
1630590 1013
1630600 1014
1630610 1015
1630620 1015
1630630 1016
1630640 1018
1630650 1018
1630660 1019
1630670 1020
1630680 1020
1630690 1021
1630700 1022
1630710 1022
1630720 1022
1630730 1022
1630740 1022
1630750 1023
1630760 1024
1630770 1024
1630780 1025
1630790 1025
1630800 1025
1630810 1026
1630820 1026
1630830 1026
1630840 1026
1630850 1026
1630860 1026
1630870 1026
1630880 1026
1630890 1026
1630900 1026
1630910 1026
1630920 1026
1630930 1026
1630940 1025
1630950 1025
1630960 1025
1630970 1025
1630980 1025
1630990 1024
1631000 1023
1631010 1023
1631020 1023
1631030 1022
1631040 1022
1631050 1021
1631060 1021
1631070 1021
1631080 1020
1631090 1019
1631100 1019
1631110 1018
1631120 1017
1631130 1017
1631140 1015
1631150 1014
1631160 1014
1631170 1012
1631180 1011
1631190 1011
1631200 1010
1631210 1009
1631220 1009
1631230 1009
1631240 1008
1631250 1008
1631260 1008
1631270 1007
1631280 1007
1631290 1007
1631300 1007
1631310 1007
1631320 1007
1631330 1007
1631340 1007
1631350 1007
1631360 1007
1631370 1006
1631380 1006
1631390 1006
1631400 1007
1631410 1007
1631420 1007
1631430 1008
1631440 1008
1631450 1008
1631460 1008
1631470 1009
1631480 1009
1631490 1009
1631500 1009
1631510 1009
1631520 1009
1631530 1010
1631540 1010
1631550 1010
1631560 1010
1631570 1010
1631580 1010
1631590 1011
1631600 1011
1631610 1011
1631620 1012
1631630 1012
1631640 1012
1631650 1012
1631660 1012
1631670 1012
1631680 1013
1631690 1013
1631700 1013
1631710 1013
1631720 1013
1631730 1013
1631740 1013
1631750 1013
1631760 1014
1631770 1014
1631780 1014
1631790 1014
1631800 1015
1631810 1015
1631820 1015
1631830 1015
1631840 1015
1631850 1016
1631860 1016
1631870 1016
1631880 1016
1631890 1017
1631900 1017
1631910 1017
1631920 1017
1631930 1017
1631940 1017
1631950 1018
1631960 1018
1631970 1018
1631980 1018
1631990 1018
1632000 1018
1632010 1019
1632020 1019
1632030 1019
1632040 1019
1632050 1019
1632060 1019
1632070 1019
1632080 1019
1632090 1019
1632100 1019
1632110 1019
1632120 1018
1632130 1018
1632140 1018
1632150 1018
1632160 1018
1632170 1018
1632180 1017
1632190 1017
1632200 1017
1632210 1017
1632220 1017
1632230 1016
1632240 1016
1632250 1016
1632260 1016
1632270 1016
1632280 1016
1632290 1015
1632300 1015
1632310 1015
1632320 1015
1632330 1015
1632340 1015
1632350 1015
1632360 1015
1632370 1015
1632380 1014
1632390 1015
1632400 1015
1632410 1015
1632420 1015
1632430 1015
1632440 1016
1632450 1016
1632460 1016
1632470 1016
1632480 1017
1632490 1017
1632500 1017
1632510 1018
1632520 1018
1632530 1018
1632540 1019
1632550 1019
1632560 1019
1632570 1020
1632580 1020
1632590 1021
1632600 1021
1632610 1021
1632620 1022
1632630 1023
1632640 1023
1632650 1024
1632660 1025
1632670 1025
1632680 1026
1632690 1027
1632700 1027
1632710 1028
1632720 1029
1632730 1029
1632740 1030
1632750 1032
1632760 1032
1632770 1034
1632780 1035
1632790 1035
1632800 1037
1632810 1038
1632820 1038
1632830 1039
1632840 1041
1632850 1041
1632860 1044
1632870 1046
1632880 1046
1632890 1048
1632900 1049
1632910 1049
1632920 1050
1632930 1050
1632940 1052
1632950 1052
1632960 1052
1632970 1053
1632980 1053
1632990 1053
1633000 1054
1633010 1055
1633020 1055
1633030 1056
1633040 1056
1633050 1056
1633060 1056
1633070 1054
1633080 1054
1633090 1054
1633100 1053
1633110 1053
1633120 1051
1633130 1049
1633140 1049
1633150 1047
1633160 1046
1633170 1046
1633180 1044
1633190 1040
1633200 1040
1633210 1038
1633220 1037
1633230 1037
1633240 1036
1633250 1034
1633260 1034
1633270 1032
1633280 1031
1633290 1031
1633300 1029
1633310 1029
1633320 1029
1633330 1028
1633340 1028
1633350 1028
1633360 1026
1633370 1025
1633380 1025
1633390 1024
1633400 1023
1633410 1023
1633420 1022
1633430 1021
1633440 1021
1633450 1021
1633460 1020
1633470 1020
1633480 1018
1633490 1017
1633500 1017
1633510 1015
1633520 1014
1633530 1014
1633540 1012
1633550 1010
1633560 1010
1633570 1008
1633580 1006
1633590 1006
1633600 1004
1633610 1001
1633620 1001
1633630 998
1633640 995
1633650 995
1633660 992
1633670 990
1633680 990
1633690 988
1633700 985
1633710 985
1633720 983
1633730 981
1633740 981
1633750 979
1633760 979
1633770 978
1633780 977
1633790 977
1633800 976
1633810 975
1633820 975
1633830 974
1633840 973
1633850 973
1633860 972
1633870 971
1633880 971
1633890 971
1633900 970
1633910 970
1633920 969
1633930 968
1633940 968
1633950 967
1633960 966
1633970 966
1633980 965
1633990 964
1634000 964
1634010 963
1634020 962
1634030 962
1634040 961
1634050 960
1634060 960
1634070 959
1634080 959
1634090 959
1634100 959
1634110 958
1634120 958
1634130 957
1634140 957
1634150 957
1634160 956
1634170 957
1634180 957
1634190 957
1634200 957
1634210 957
1634220 957
1634230 958
1634240 958
1634250 958
1634260 958
1634270 958
1634280 959
1634290 959
1634300 959
1634310 960
1634320 960
1634330 960
1634340 961
1634350 962
1634360 962
1634370 962
1634380 963
1634390 963
1634400 964
1634410 965
1634420 965
1634430 966
1634440 968
1634450 968
1634460 969
1634470 970
1634480 970
1634490 971
1634500 972
1634510 972
1634520 973
1634530 973
1634540 973
1634550 973
1634560 973
1634570 974
1634580 974
1634590 974
1634600 974
1634610 975
1634620 975
1634630 975
1634640 976
1634650 976
1634660 976
1634670 976
1634680 976
1634690 977
1634700 977
1634710 977
1634720 977
1634730 978
1634740 978
1634750 978
1634760 979
1634770 979
1634780 979
1634790 979
1634800 979
1634810 979
1634820 978
1634830 978
1634840 979
1634850 979
1634860 979
1634870 980
1634880 980
1634890 980
1634900 980
1634910 979
1634920 979
1634930 978
1634940 977
1634950 977
1634960 976
1634970 975
1634980 975
1634990 975
1635000 974
1635010 974
1635020 974
1635030 974
1635040 974
1635050 973
1635060 972
1635070 972
1635080 971
1635090 971
1635100 971
1635110 970
1635120 969
1635130 969
1635140 969
1635150 968
1635160 968
1635170 967
1635180 966
1635190 966
1635200 965
1635210 965
1635220 965
1635230 964
1635240 964
1635250 964
1635260 962
1635270 961
1635280 961
1635290 959
1635300 959
1635310 959
1635320 959
1635330 958
1635340 958
1635350 956
1635360 956
1635370 955
1635380 957
1635390 957
1635400 957
1635410 958
1635420 958
1635430 959
1635440 960
1635450 960
1635460 961
1635470 962
1635480 962
1635490 963
1635500 963
1635510 963
1635520 964
1635530 964
1635540 964
1635550 964
1635560 964
1635570 964
1635580 965
1635590 965
1635600 965
1635610 965
1635620 965
1635630 965
1635640 965
1635650 965
1635660 965
1635670 965
1635680 965
1635690 965
1635700 965
1635710 965
1635720 965
1635730 965
1635740 965
1635750 965
1635760 966
1635770 966
1635780 966
1635790 966
1635800 966
1635810 966
1635820 966
1635830 966
1635840 966
1635850 966
1635860 966
1635870 966
1635880 965
1635890 965
1635900 965
1635910 965
1635920 965
1635930 965
1635940 965
1635950 964
1635960 964
1635970 963
1635980 963
1635990 963
1636000 962
1636010 961
1636020 961
1636030 961
1636040 960
1636050 960
1636060 960
1636070 960
1636080 960
1636090 959
1636100 959
1636110 959
1636120 958
1636130 958
1636140 958
1636150 958
1636160 958
1636170 957
1636180 957
1636190 957
1636200 956
1636210 956
1636220 956
1636230 956
1636240 955
1636250 955
1636260 955
1636270 955
1636280 955
1636290 954
1636300 954
1636310 954
1636320 954
1636330 954
1636340 954
1636350 954
1636360 953
1636370 953
1636380 953
1636390 953
1636400 953
1636410 953
1636420 952
1636430 952
1636440 952
1636450 952
1636460 952
1636470 952
1636480 952
1636490 952
1636500 953
1636510 953
1636520 953
1636530 953
1636540 953
1636550 953
1636560 953
1636570 953
1636580 953
1636590 953
1636600 953
1636610 953
1636620 953
1636630 953
1636640 953
1636650 953
1636660 953
1636670 953
1636680 953
1636690 953
1636700 953
1636710 953
1636720 953
1636730 953
1636740 953
1636750 953
1636760 953
1636770 953
1636780 953
1636790 953
1636800 953
1636810 953
1636820 953
1636830 953
1636840 953
1636850 953
1636860 954
1636870 955
1636880 955
1636890 956
1636900 956
1636910 956
1636920 955
1636930 957
1636940 957
1636950 957
1636960 957
1636970 957
1636980 957
1636990 957
1637000 956
1637010 956
1637020 956
1637030 955
1637040 955
1637050 955
1637060 954
1637070 954
1637080 954
1637090 953
1637100 953
1637110 953
1637120 954
1637130 953
1637140 953
1637150 953
1637160 952
1637170 952
1637180 951
1637190 951
1637200 951
1637210 950
1637220 950
1637230 950
1637240 950
1637250 949
1637260 949
1637270 949
1637280 948
1637290 948
1637300 948
1637310 947
1637320 947
1637330 947
1637340 947
1637350 947
1637360 946
1637370 946
1637380 946
1637390 945
1637400 946
1637410 946
1637420 945
1637430 945
1637440 945
1637450 944
1637460 943
1637470 943
1637480 942
1637490 942
1637500 942
1637510 941
1637520 939
1637530 939
1637540 938
1637550 936
1637560 936
1637570 934
1637580 933
1637590 933
1637600 932
1637610 931
1637620 931
1637630 929
1637640 928
1637650 928
1637660 926
1637670 925
1637680 925
1637690 924
1637700 924
1637710 924
1637720 923
1637730 923
1637740 923
1637750 922
1637760 922
1637770 922
1637780 921
1637790 921
1637800 920
1637810 920
1637820 920
1637830 920
1637840 919
1637850 919
1637860 919
1637870 919
1637880 919
1637890 919
1637900 918
1637910 918
1637920 917
1637930 918
1637940 918
1637950 917
1637960 916
1637970 916
1637980 916
1637990 916
1638000 916
1638010 916
1638020 915
1638030 915
1638040 914
1638050 914
1638060 914
1638070 913
1638080 912
1638090 912
1638100 912
1638110 912
1638120 912
1638130 911
1638140 911
1638150 911
1638160 910
1638170 910
1638180 910
1638190 910
1638200 909
1638210 909
1638220 909
1638230 908
1638240 908
1638250 908
1638260 908
1638270 908
1638280 908
1638290 908
1638300 908
1638310 908
1638320 907
1638330 907
1638340 907
1638350 906
1638360 906
1638370 906
1638380 906
1638390 906
1638400 906
1638410 906
1638420 906
1638430 906
1638440 907
1638450 907
1638460 907
1638470 907
1638480 907
1638490 906
1638500 906
1638510 906
1638520 905
1638530 904
1638540 904
1638550 901
1638560 900
1638570 900
1638580 899
1638590 899
1638600 899
1638610 899
1638620 899
1638630 899
1638640 900
1638650 900
1638660 901
1638670 902
1638680 902
1638690 903
1638700 904
1638710 904
1638720 904
1638730 905
1638740 905
1638750 905
1638760 905
1638770 905
1638780 906
1638790 906
1638800 906
1638810 905
1638820 906
1638830 906
1638840 906
1638850 906
1638860 906
1638870 905
1638880 905
1638890 905
1638900 905
1638910 904
1638920 904
1638930 903
1638940 902
1638950 902
1638960 901
1638970 899
1638980 899
1638990 899
1639000 898
1639010 898
1639020 897
1639030 897
1639040 897
1639050 896
1639060 895
1639070 895
1639080 895
1639090 894
1639100 893
1639110 893
1639120 892
1639130 892
1639140 892
1639150 891
1639160 891
1639170 890
1639180 890
1639190 890
1639200 888
1639210 887
1639220 887
1639230 885
1639240 885
1639250 885
1639260 884
1639270 884
1639280 884
1639290 883
1639300 883
1639310 883
1639320 883
1639330 883
1639340 883
1639350 883
1639360 882
1639370 882
1639380 882
1639390 882
1639400 882
1639410 882
1639420 882
1639430 882
1639440 882
1639450 882
1639460 882
1639470 882
1639480 882
1639490 882
1639500 882
1639510 882
1639520 882
1639530 882
1639540 882
1639550 882
1639560 882
1639570 882
1639580 882
1639590 882
1639600 882
1639610 882
1639620 882
1639630 882
1639640 882
1639650 882
1639660 882
1639670 882
1639680 882
1639690 882
1639700 882
1639710 882
1639720 882
1639730 882
1639740 882
1639750 882
1639760 883
1639770 884
1639780 884
1639790 885
1639800 886
1639810 886
1639820 887
1639830 888
1639840 888
1639850 890
1639860 892
1639870 892
1639880 893
1639890 895
1639900 895
1639910 896
1639920 897
1639930 897
1639940 899
1639950 901
1639960 901
1639970 902
1639980 904
1639990 904
