1620000 726
1620010 725
1620020 725
1620030 724
1620040 723
1620050 723
1620060 722
1620070 721
1620080 721
1620090 720
1620100 719
1620110 719
1620120 718
1620130 717
1620140 717
1620150 715
1620160 714
1620170 714
1620180 713
1620190 713
1620200 713
1620210 712
1620220 713
1620230 713
1620240 713
1620250 714
1620260 714
1620270 714
1620280 716
1620290 716
1620300 717
1620310 718
1620320 718
1620330 721
1620340 725
1620350 725
1620360 728
1620370 731
1620380 731
1620390 733
1620400 735
1620410 735
1620420 737
1620430 739
1620440 739
1620450 739
1620460 740
1620470 740
1620480 740
1620490 741
1620500 741
1620510 742
1620520 742
1620530 743
1620540 744
1620550 744
1620560 746
1620570 746
1620580 746
1620590 747
1620600 747
1620610 747
1620620 746
1620630 746
1620640 746
1620650 746
1620660 745
1620670 745
1620680 745
1620690 744
1620700 744
1620710 743
1620720 741
1620730 741
1620740 740
1620750 739
1620760 739
1620770 738
1620780 737
1620790 737
1620800 735
1620810 733
1620820 732
1620830 728
1620840 724
1620850 724
1620860 719
1620870 714
1620880 714
1620890 710
1620900 706
1620910 706
1620920 702
1620930 698
1620940 698
1620950 694
1620960 690
1620970 690
1620980 686
1620990 681
1621000 681
1621010 676
1621020 672
1621030 672
1621040 669
1621050 667
1621060 667
1621070 667
1621080 668
1621090 668
1621100 668
1621110 668
1621120 668
1621130 669
1621140 670
1621150 670
1621160 671
1621170 671
1621180 671
1621190 671
1621200 671
1621210 671
1621220 671
1621230 671
1621240 671
1621250 672
1621260 677
1621270 677
1621280 682
1621290 682
1621300 686
1621310 688
1621320 688
1621330 690
1621340 692
1621350 692
1621360 694
1621370 696
1621380 696
1621390 698
1621400 700
1621410 700
1621420 701
1621430 703
1621440 703
1621450 704
1621460 706
1621470 706
1621480 707
1621490 708
1621500 708
1621510 709
1621520 710
1621530 710
1621540 710
1621550 712
1621560 712
1621570 714
1621580 715
1621590 715
1621600 717
1621610 718
1621620 718
1621630 720
1621640 721
1621650 721
1621660 722
1621670 724
1621680 724
1621690 724
1621700 724
1621710 724
1621720 725
1621730 725
1621740 725
1621750 725
1621760 725
1621770 726
1621780 727
1621790 727
1621800 727
1621810 728
1621820 728
1621830 728
1621840 728
1621850 729
1621860 729
1621870 730
1621880 731
1621890 731
1621900 732
1621910 732
1621920 732
1621930 733
1621940 734
1621950 734
1621960 734
1621970 735
1621980 735
1621990 735
1622000 735
1622010 735
1622020 736
1622030 737
1622040 737
1622050 738
1622060 738
1622070 738
1622080 739
1622090 739
1622100 740
1622110 741
1622120 741
1622130 742
1622140 743
1622150 743
1622160 745
1622170 746
1622180 746
1622190 748
1622200 749
1622210 749
1622220 750
1622230 752
1622240 752
1622250 754
1622260 756
1622270 756
1622280 758
1622290 759
1622300 759
1622310 761
1622320 763
1622330 763
1622340 765
1622350 767
1622360 767
1622370 770
1622380 772
1622390 772
1622400 774
1622410 777
1622420 777
1622430 780
1622440 783
1622450 783
1622460 787
1622470 791
1622480 791
1622490 794
1622500 798
1622510 798
1622520 802
1622530 804
1622540 804
1622550 807
1622560 808
1622570 808
1622580 809
1622590 809
1622600 809
1622610 807
1622620 806
1622630 806
1622640 806
1622650 806
1622660 806
1622670 805
1622680 802
1622690 802
1622700 798
1622710 795
1622720 792
1622730 791
1622740 790
1622750 790
1622760 790
1622770 790
1622780 790
1622790 789
1622800 789
1622810 789
1622820 788
1622830 788
1622840 788
1622850 787
1622860 787
1622870 786
1622880 785
1622890 785
1622900 785
1622910 784
1622920 784
1622930 783
1622940 783
1622950 783
1622960 783
1622970 783
1622980 783
1622990 783
1623000 783
1623010 783
1623020 783
1623030 784
1623040 784
1623050 785
1623060 786
1623070 786
1623080 786
1623090 785
1623100 785
1623110 781
1623120 777
1623130 777
1623140 773
1623150 770
1623160 770
1623170 767
1623180 765
1623190 765
1623200 763
1623210 762
1623220 762
1623230 761
1623240 760
1623250 760
1623260 760
1623270 759
1623280 759
1623290 758
1623300 757
1623310 757
1623320 756
1623330 756
1623340 756
1623350 755
1623360 755
1623370 755
1623380 755
1623390 754
1623400 754
1623410 753
1623420 753
1623430 753
1623440 753
1623450 753
1623460 753
1623470 753
1623480 753
1623490 753
1623500 753
1623510 753
1623520 753
1623530 753
1623540 753
1623550 753
1623560 753
1623570 753
1623580 753
1623590 754
1623600 757
1623610 757
1623620 759
1623630 759
1623640 760
1623650 761
1623660 761
1623670 764
1623680 765
1623690 765
1623700 765
1623710 766
1623720 766
1623730 767
1623740 768
1623750 768
1623760 769
1623770 771
1623780 771
1623790 772
1623800 774
1623810 774
1623820 776
1623830 779
1623840 779
1623850 781
1623860 782
1623870 782
1623880 784
1623890 785
1623900 785
1623910 787
1623920 788
1623930 788
1623940 788
1623950 788
1623960 788
1623970 789
1623980 790
1623990 790
1624000 790
1624010 791
1624020 791
1624030 792
1624040 793
1624050 793
1624060 794
1624070 795
1624080 795
1624090 795
1624100 796
1624110 796
1624120 797
1624130 798
1624140 798
1624150 797
1624160 796
1624170 796
1624180 796
1624190 797
1624200 797
1624210 798
1624220 798
1624230 798
1624240 797
1624250 799
1624260 799
1624270 801
1624280 803
1624290 803
1624300 806
1624310 808
1624320 808
1624330 811
1624340 815
1624350 815
1624360 819
1624370 822
1624380 822
1624390 823
1624400 823
1624410 824
1624420 825
1624430 825
1624440 826
1624450 826
1624460 826
1624470 827
1624480 827
1624490 827
1624500 828
1624510 829
1624520 829
1624530 830
1624540 831
1624550 831
1624560 832
1624570 833
1624580 833
1624590 834
1624600 836
1624610 836
1624620 839
1624630 841
1624640 841
1624650 843
1624660 845
1624670 845
1624680 848
1624690 850
1624700 850
1624710 852
1624720 854
1624730 854
1624740 855
1624750 857
1624760 857
1624770 858
1624780 859
1624790 859
1624800 861
1624810 862
1624820 862
1624830 864
1624840 866
1624850 866
1624860 868
1624870 870
1624880 870
1624890 871
1624900 873
1624910 873
1624920 875
1624930 876
1624940 876
1624950 878
1624960 880
1624970 880
1624980 882
1624990 884
1625000 884
1625010 886
1625020 887
1625030 887
1625040 889
1625050 890
1625060 890
1625070 892
1625080 894
1625090 894
1625100 896
1625110 898
1625120 898
1625130 900
1625140 902
1625150 902
1625160 903
1625170 903
1625180 905
1625190 906
1625200 906
1625210 908
1625220 910
1625230 910
1625240 912
1625250 913
1625260 913
1625270 915
1625280 916
1625290 916
1625300 918
1625310 919
1625320 919
1625330 920
1625340 922
1625350 922
1625360 923
1625370 925
1625380 925
1625390 926
1625400 928
1625410 928
1625420 931
1625430 933
1625440 933
1625450 936
1625460 938
1625470 938
1625480 940
1625490 941
1625500 941
1625510 944
1625520 946
1625530 945
1625540 947
1625550 949
1625560 949
1625570 951
1625580 954
1625590 954
1625600 958
1625610 962
1625620 962
1625630 966
1625640 970
1625650 970
1625660 973
1625670 976
1625680 976
1625690 979
1625700 982
1625710 982
1625720 984
1625730 986
1625740 986
1625750 988
1625760 991
1625770 991
1625780 993
1625790 995
1625800 995
1625810 999
1625820 1001
1625830 1001
1625840 1002
1625850 1003
1625860 1003
1625870 1004
1625880 1005
1625890 1005
1625900 1005
1625910 1005
1625920 1005
1625930 1004
1625940 1004
1625950 1004
1625960 1003
1625970 1003
1625980 1002
1625990 1001
1626000 1001
1626010 1001
1626020 1000
1626030 1000
1626040 1000
1626050 1000
1626060 1000
1626070 999
1626080 999
1626090 999
1626100 999
1626110 998
1626120 998
1626130 998
1626140 997
1626150 997
1626160 997
1626170 997
1626180 997
1626190 996
1626200 996
1626210 996
1626220 996
1626230 995
1626240 995
1626250 995
1626260 994
1626270 994
1626280 993
1626290 993
1626300 993
1626310 991
1626320 989
1626330 989
1626340 987
1626350 986
1626360 986
1626370 985
1626380 985
1626390 985
1626400 985
1626410 986
1626420 986
1626430 986
1626440 987
1626450 986
1626460 987
1626470 986
1626480 986
1626490 985
1626500 984
1626510 984
1626520 983
1626530 983
1626540 983
1626550 983
1626560 984
1626570 984
1626580 983
1626590 982
1626600 982
1626610 980
1626620 978
1626630 978
1626640 978
1626650 977
1626660 977
1626670 977
1626680 976
1626690 976
1626700 975
1626710 975
1626720 973
1626730 972
1626740 972
1626750 970
1626760 967
1626770 967
1626780 965
1626790 962
1626800 962
1626810 959
1626820 956
1626830 956
1626840 953
1626850 951
1626860 951
1626870 950
1626880 949
1626890 949
1626900 948
1626910 946
1626920 946
1626930 945
1626940 943
1626950 943
1626960 941
1626970 938
1626980 938
1626990 937
1627000 936
1627010 936
1627020 935
1627030 933
1627040 933
1627050 932
1627060 930
1627070 930
1627080 928
1627090 926
1627100 926
1627110 923
1627120 921
1627130 921
1627140 919
1627150 916
1627160 916
1627170 914
1627180 911
1627190 911
1627200 909
1627210 907
1627220 907
1627230 906
1627240 904
1627250 904
1627260 901
1627270 900
1627280 900
1627290 898
1627300 898
1627310 898
1627320 897
1627330 896
1627340 896
1627350 894
1627360 893
1627370 890
1627380 889
1627390 887
1627400 887
1627410 886
1627420 884
1627430 884
1627440 884
1627450 883
1627460 883
1627470 882
1627480 882
1627490 881
1627500 878
1627510 878
1627520 874
1627530 870
1627540 870
1627550 866
1627560 862
1627570 862
1627580 860
1627590 857
1627600 857
1627610 855
1627620 853
1627630 853
1627640 850
1627650 847
1627660 847
1627670 843
1627680 840
1627690 840
1627700 839
1627710 837
1627720 837
1627730 836
1627740 834
1627750 834
1627760 832
1627770 831
1627780 831
1627790 829
1627800 828
1627810 828
1627820 827
1627830 826
1627840 826
1627850 825
1627860 824
1627870 824
1627880 822
1627890 820
1627900 820
1627910 817
1627920 814
1627930 814
1627940 811
1627950 808
1627960 808
1627970 803
1627980 800
1627990 800
1628000 797
1628010 795
1628020 795
1628030 793
1628040 791
1628050 791
1628060 789
1628070 788
1628080 788
1628090 787
1628100 786
1628110 786
1628120 785
1628130 784
1628140 784
1628150 783
1628160 782
1628170 782
1628180 781
1628190 780
1628200 780
1628210 777
1628220 777
1628230 777
1628240 777
1628250 777
1628260 777
1628270 777
1628280 777
1628290 778
1628300 780
1628310 780
1628320 783
1628330 786
1628340 786
1628350 789
1628360 792
1628370 792
1628380 795
1628390 797
1628400 797
1628410 799
1628420 801
1628430 801
1628440 803
1628450 805
1628460 805
1628470 806
1628480 808
1628490 808
1628500 809
1628510 810
1628520 810
1628530 811
1628540 812
1628550 812
1628560 814
1628570 816
1628580 816
1628590 818
1628600 819
1628610 819
1628620 820
1628630 822
1628640 822
1628650 825
1628660 827
1628670 827
1628680 829
1628690 831
1628700 831
1628710 832
1628720 833
1628730 833
1628740 834
1628750 835
1628760 835
1628770 836
1628780 837
1628790 837
1628800 839
1628810 840
1628820 840
1628830 841
1628840 842
1628850 842
1628860 844
1628870 846
1628880 846
1628890 847
1628900 848
1628910 848
1628920 850
1628930 851
1628940 851
1628950 853
1628960 854
1628970 854
1628980 855
1628990 857
1629000 857
1629010 858
1629020 858
1629030 858
1629040 859
1629050 859
1629060 860
1629070 861
1629080 861
1629090 862
1629100 863
1629110 863
1629120 864
1629130 864
1629140 864
1629150 865
1629160 866
1629170 866
1629180 866
1629190 868
1629200 868
1629210 868
1629220 868
1629230 868
1629240 868
1629250 867
1629260 867
1629270 866
1629280 866
1629290 866
1629300 864
1629310 863
1629320 863
1629330 861
1629340 860
1629350 860
1629360 860
1629370 860
1629380 860
1629390 860
1629400 861
1629410 861
1629420 862
1629430 863
1629440 863
1629450 865
1629460 866
1629470 866
1629480 867
1629490 869
1629500 869
1629510 871
1629520 873
1629530 873
1629540 876
1629550 878
1629560 878
1629570 879
1629580 880
1629590 880
1629600 881
1629610 883
1629620 883
1629630 883
1629640 882
1629650 882
1629660 881
1629670 880
1629680 880
1629690 878
1629700 877
1629710 877
1629720 874
1629730 870
1629740 870
1629750 866
1629760 862
1629770 862
1629780 860
1629790 860
1629800 857
1629810 855
1629820 855
1629830 854
1629840 853
1629850 853
1629860 853
1629870 853
1629880 853
1629890 854
1629900 854
1629910 854
1629920 855
1629930 857
1629940 857
1629950 858
1629960 860
1629970 860
1629980 861
1629990 863
1630000 863
1630010 865
1630020 866
1630030 866
1630040 868
1630050 869
1630060 869
1630070 871
1630080 873
1630090 873
1630100 876
1630110 878
1630120 878
1630130 880
1630140 882
1630150 882
1630160 884
1630170 886
1630180 886
1630190 887
1630200 889
1630210 889
1630220 890
1630230 893
1630240 893
1630250 895
1630260 897
1630270 897
1630280 898
1630290 900
1630300 900
1630310 901
1630320 902
1630330 902
1630340 904
1630350 906
1630360 906
1630370 908
1630380 910
1630390 910
1630400 913
1630410 916
1630420 916
1630430 920
1630440 922
1630450 922
1630460 924
1630470 927
1630480 927
1630490 930
1630500 932
1630510 932
1630520 935
1630530 938
1630540 938
1630550 941
1630560 941
1630570 944
1630580 947
1630590 947
1630600 950
1630610 953
1630620 953
1630630 956
1630640 958
1630650 958
1630660 961
1630670 962
1630680 962
1630690 964
1630700 966
1630710 966
1630720 967
1630730 969
1630740 969
1630750 971
1630760 971
1630770 971
1630780 972
1630790 973
1630800 973
1630810 975
1630820 976
1630830 976
1630840 978
1630850 979
1630860 979
1630870 981
1630880 982
1630890 982
1630900 984
1630910 985
1630920 985
1630930 986
1630940 987
1630950 987
1630960 987
1630970 988
1630980 988
1630990 988
1631000 988
1631010 988
1631020 986
1631030 984
1631040 984
1631050 982
1631060 979
1631070 979
1631080 976
1631090 973
1631100 973
1631110 970
1631120 966
1631130 966
1631140 963
1631150 960
1631160 960
1631170 958
1631180 956
1631190 956
1631200 955
1631210 953
1631220 953
1631230 952
1631240 952
1631250 952
1631260 952
1631270 951
1631280 951
1631290 950
1631300 950
1631310 950
1631320 950
1631330 950
1631340 950
1631350 950
1631360 950
1631370 950
1631380 951
1631390 951
1631400 951
1631410 952
1631420 952
1631430 952
1631440 952
1631450 952
1631460 953
1631470 953
1631480 953
1631490 953
1631500 954
1631510 954
1631520 955
1631530 955
1631540 955
1631550 955
1631560 956
1631570 956
1631580 956
1631590 956
1631600 956
1631610 957
1631620 957
1631630 957
1631640 957
1631650 958
1631660 958
1631670 958
1631680 958
1631690 958
1631700 959
1631710 959
1631720 959
1631730 959
1631740 959
1631750 959
1631760 959
1631770 959
1631780 959
1631790 957
1631800 956
1631810 956
1631820 955
1631830 955
1631840 955
1631850 954
1631860 954
1631870 952
1631880 952
1631890 952
1631900 952
1631910 951
1631920 951
1631930 951
1631940 951
1631950 950
1631960 950
1631970 950
1631980 950
1631990 950
1632000 949
1632010 949
1632020 949
1632030 948
1632040 948
1632050 948
1632060 948
1632070 947
1632080 947
1632090 947
1632100 947
1632110 947
1632120 947
1632130 947
1632140 946
1632150 946
1632160 946
1632170 946
1632180 945
1632190 945
1632200 945
1632210 945
1632220 945
1632230 945
1632240 945
1632250 945
1632260 945
1632270 945
1632280 945
1632290 945
1632300 945
1632310 945
1632320 945
1632330 945
1632340 945
1632350 946
1632360 946
1632370 946
1632380 947
1632390 947
1632400 947
1632410 948
1632420 948
1632430 948
1632440 949
1632450 950
1632460 950
1632470 950
1632480 951
1632490 951
1632500 952
1632510 953
1632520 953
1632530 954
1632540 954
1632550 954
1632560 955
1632570 955
1632580 955
1632590 955
1632600 955
1632610 955
1632620 954
1632630 954
1632640 954
1632650 953
1632660 953
1632670 953
1632680 952
1632690 951
1632700 951
1632710 950
1632720 949
1632730 949
1632740 948
1632750 947
1632760 947
1632770 946
1632780 945
1632790 945
1632800 944
1632810 943
1632820 943
1632830 943
1632840 942
1632850 942
1632860 941
1632870 941
1632880 940
1632890 939
1632900 939
1632910 938
1632920 937
1632930 937
1632940 936
1632950 935
1632960 935
1632970 934
1632980 933
1632990 933
1633000 932
1633010 931
1633020 931
1633030 930
1633040 929
1633050 929
1633060 929
1638360 887
1638370 887
1638380 887
1638390 887
1638400 886
1638410 886
1638420 886
1638430 885
1638440 885
1638450 885
1638460 885
1638470 885
1638480 885
1638490 885
1638500 885
1638510 885
1638520 886
1638530 886
1638540 886
1638550 885
1638560 885
1638570 884
1638580 882
1638590 882
1638600 879
1638610 877
1638620 877
1638630 876
1638640 876
1638650 876
1638660 875
1638670 876
1638680 876
1638690 875
1638700 876
1638710 876
1638720 880
1638730 884
1638740 884
1638750 888
1638760 893
1638770 893
1638780 896
1638790 900
1638800 899
1638810 903
1638820 905
1638830 905
1638840 907
1638850 909
1638860 909
1638870 910
1638880 911
1638890 911
1638900 913
1638910 914
1638920 914
1638930 916
1638940 917
1638950 917
1638960 917
1638970 917
1638980 917
1638990 917
1639000 917
1639010 917
1639020 918
1639030 918
1639040 918
1639050 918
1639060 918
1639070 917
1639080 917
1639090 917
1639100 917
1639110 916
1639120 916
1639130 916
1639140 916
1639150 916
1639160 916
1639170 916
1639180 916
1639190 917
1639200 918
1639210 918
1639220 919
1639230 921
1639240 921
1639250 923
1639260 924
1639270 924
1639280 925
1639290 926
1639300 926
1639310 928
1639320 929
1639330 929
1639340 931
1639350 932
1639360 932
1639370 933
1639380 934
1639390 934
1639400 934
1639410 935
1639420 935
1639430 936
1639440 938
1639450 938
1639460 939
1639470 940
1639480 940
1639490 942
1639500 942
1639510 942
1639520 943
1639530 944
1639540 944
1639550 945
1639560 946
1639570 946
1639580 948
1639590 949
1639600 949
1639610 950
1639620 951
1639630 951
1639640 951
1639650 952
1639660 952
1639670 953
1639680 954
1639690 954
1639700 955
1639710 955
1639720 955
1639730 956
1639740 956
1639750 956
1639760 957
1639770 958
1639780 958
1639790 958
1639800 959
1639810 959
1639820 959
1639830 959
1639840 960
1639850 961
1639860 961
1639870 962
1639880 962
1639890 962
1639900 963
1639910 964
1639920 964
1639930 965
1639940 966
1639950 966
1639960 967
1639970 967
1639980 967
1639990 968
