1624690 805
1624700 805
1624710 804
1624720 804
1624730 804
1624740 803
1624750 802
1624760 802
1624770 801
1624780 800
1624790 800
1624800 800
1624810 799
1624820 799
1624830 798
1624840 797
1624850 797
1624860 796
1624870 795
1624880 795
1624890 794
1624900 794
1624910 794
1624920 793
1624930 793
1624940 792
1624950 792
1624960 792
1624970 791
1624980 791
1624990 791
1625000 790
1625010 790
1625020 790
1625030 790
1625040 790
1625050 790
1625060 790
1625070 790
1625080 790
1625090 790
1625100 790
1625110 790
1625120 789
1625130 789
1625140 789
1625150 789
1625160 788
1625170 788
1625180 787
1625190 787
1625200 787
1625210 787
1625220 787
1625230 787
1625240 786
1625250 784
1625260 784
1625270 782
1625280 781
1625290 781
1625300 781
1625310 781
1625320 781
1625330 780
1625340 780
1625350 780
1625360 780
1625370 779
1625380 779
1625390 779
1625400 778
1625410 778
1625420 777
1625430 777
1625440 777
1625450 777
1625460 777
1625470 777
1625480 777
1625490 776
1625500 776
1625510 776
1625520 775
1625530 775
1625540 774
1625550 773
1625560 773
1625570 772
1625580 771
1625590 771
1625610 769
1625620 769
1625630 769
1625640 769
1625650 767
1625660 766
1625670 766
1625680 764
1625690 761
1625700 761
1625710 760
1625720 759
1625730 759
1625740 758
1625750 758
1625760 758
1625770 757
1625780 757
1625790 757
1625800 757
1625810 757
1625820 757
1625830 757
1625840 757
1625850 757
1625860 757
1625870 757
1625880 757
1625890 757
1625900 757
1625910 757
1625920 757
1625930 758
1625940 758
1625950 758
1625960 758
1625970 758
1625980 758
1625990 758
1626000 758
1626010 759
1626020 759
1626030 759
1626040 759
1626050 760
1626060 760
1626070 760
1626080 760
1626090 760
1626100 760
1626110 760
1626120 760
1626130 760
1626140 760
1626150 760
1626160 760
1626170 760
1626180 760
1626190 760
1626200 760
1626210 761
1626220 761
1626230 761
1626240 761
1626250 761
1626260 760
1626270 760
1626280 760
1626290 760
1626300 760
1626310 760
1626320 760
1626330 760
1626340 760
1626350 760
1626360 760
1626370 760
1626380 760
1626390 760
1626400 759
1626410 759
1626420 759
1626430 759
1626440 759
1626450 759
1626460 759
1626470 759
1626480 758
1626490 758
1626500 758
1626510 759
1626520 759
1626530 759
1638330 810
1638340 810
1638350 810
1638360 812
1638370 812
1638380 814
1638390 815
1638400 815
1638410 817
1638420 818
1638430 818
1638440 819
1638450 819
1638460 821
1638470 822
1638480 822
1638490 824
1638500 825
1638510 825
1638520 827
1638530 828
1638540 828
1638550 830
1638560 831
1638570 831
1638580 831
1638590 833
1638600 833
1638610 835
1638620 836
1638630 836
1638640 837
1638650 839
1638660 839
1638670 840
1638680 841
1638690 841
1638700 842
1638710 843
1638720 843
1638730 844
1638740 845
1638750 845
1638760 846
1638770 847
1638780 847
1638790 848
1638800 849
1638810 849
1638820 850
1638830 851
1638840 851
1638850 852
1638860 853
1638870 853
1638880 854
1638890 854
1638900 854
1638910 854
1638920 854
1638930 854
1638940 853
1638950 853
1638960 853
1638970 852
1638980 851
1638990 851
1639000 851
1639010 850
1639020 850
1639030 849
1639040 849
1639050 849
1639060 848
1639070 847
1639080 847
1639090 846
1639100 845
1639110 845
1639120 844
1639130 843
1639140 843
1639150 842
1639160 842
1639170 843
1639180 842
1639190 842
1639200 841
1639210 841
1639220 841
1639230 840
1639240 840
1639250 840
1639260 841
1639270 841
1639280 841
1639290 842
1639300 843
1639310 843
1639320 843
1639330 844
1639340 844
1639350 845
1639360 846
1639370 846
1639380 847
1639390 848
1639400 848
1639410 848
1639420 848
1639430 846
1639440 846
1639450 845
1639460 845
1639470 845
1639480 846
1639490 846
1639500 849
1639510 850
1639520 850
1639530 852
1639540 853
1639550 853
1639560 853
1639570 854
1639580 854
1639590 854
1639600 854
1639610 854
1639620 854
1639630 854
1639640 854
1639650 853
1639660 853
1639670 853
1639680 853
1639690 852
1639700 852
1639710 851
1639720 850
1639730 850
1639740 849
1639750 847
1639760 847
1639770 845
1639780 842
1639790 842
1639800 840
1639810 838
1639820 838
1639830 836
1639840 833
1639850 833
1639860 829
1639870 829
1639880 825
1639890 821
1639900 821
1639910 819
1639920 817
1639930 817
1639940 815
1639950 815
1639960 815
1639970 813
1639980 812
1639990 812
