1638250 795
1638260 795
1638270 795
1638280 792
1638290 788
1638300 788
1638310 783
1638320 778
1638330 778
1638340 772
1638350 765
1638360 765
1638370 759
1638380 753
1638390 753
1638400 748
1638410 747
1638420 747
1638430 750
1638440 751
1638450 751
1638460 751
1638470 751
1638480 751
1638490 750
1638500 752
1638510 752
1638520 753
1638530 754
1638540 754
1638550 755
1638560 756
1638570 756
1638580 757
1638590 759
1638600 759
1638610 760
1638620 762
1638630 762
1638640 763
1638650 764
1638660 764
1638670 766
1638680 767
1638690 767
1638700 769
1638710 770
1638720 770
1638730 772
1638740 774
1638750 774
1638760 776
1638770 778
1638780 778
1638790 780
1638800 781
1638810 781
1638820 784
1638830 784
1638840 786
1638850 787
1638860 787
1638870 790
1638880 792
1638890 792
1638900 794
1638910 796
1638920 796
1638930 799
1638940 799
1638950 799
1638960 802
1638970 805
1638980 805
1638990 807
1639000 809
1639010 809
1639020 812
1639030 814
1639040 814
1639050 817
1639060 819
1639070 819
1639080 822
1639090 825
1639100 825
1639110 827
1639120 829
1639130 829
1639140 832
1639150 834
1639160 834
1639170 836
1639180 839
1639190 839
1639200 841
1639210 844
1639220 844
1639230 848
1639240 851
1639250 851
1639260 855
1639270 860
1639280 860
1639290 863
1639300 867
1639310 867
1639320 871
1639330 875
1639340 875
1639350 878
1639360 882
1639370 882
1639380 886
1639390 889
1639400 889
1639410 893
1639420 897
1639430 897
1639440 901
1639450 904
1639460 904
1639470 907
1639480 911
1639490 911
1639500 914
1639510 914
1639520 916
1639530 920
1639540 920
1639550 925
1639560 928
1639570 928
1639580 931
1639590 933
1639600 933
1639610 936
1639620 938
1639630 938
1639640 941
1639650 943
1639660 943
1639670 945
1639680 947
1639690 947
1639700 948
1639710 948
1639720 948
1639730 948
1639740 948
1639750 948
1639760 949
1639770 948
1639780 948
1639790 948
1639800 948
1639810 948
1639820 947
1639830 944
1639840 946
1639850 944
1639860 942
1639870 942
1639880 939
1639890 938
1639900 938
1639910 937
1639920 936
1639930 936
1639940 936
1639950 935
1639960 935
1639970 935
1639980 935
1639990 935
