1637890 818
1637900 818
1637910 818
1637920 819
1637930 820
1637940 820
1637950 821
1637960 822
1637970 822
1637980 823
1637990 823
1638000 823
1638010 824
1638020 826
1638030 826
1638040 827
1638050 828
1638060 828
1638070 829
1638080 830
1638090 830
1638100 831
1638110 831
1638120 832
1638130 833
1638140 834
1638150 834
1638160 835
1638170 837
1638180 837
1638190 838
1638200 839
1638210 839
1638220 840
1638230 840
1638240 840
1638250 843
1638260 844
1638270 844
1638280 845
1638290 846
1638300 846
1638310 847
1638320 848
1638330 848
1638340 849
1638350 850
1638360 850
1638370 852
1638380 853
1638390 853
1638400 854
1638410 854
1638420 855
1638430 856
1638440 856
1638450 857
1638460 858
1638470 858
1638480 859
1638490 860
1638500 860
1638510 861
1638520 862
1638530 862
1638540 863
1638550 864
1638560 864
1638570 865
1638580 866
1638590 866
1638600 867
1638610 867
1638620 867
1638630 868
1638640 869
1638650 869
1638660 870
1638670 871
1638680 871
1638690 872
1638700 873
1638710 873
1638720 874
1638730 875
1638740 875
1638750 876
1638760 877
1638770 877
1638780 878
1638790 879
1638800 879
1638810 880
1638820 881
1638830 881
1638840 882
1638850 883
1638860 883
1638870 884
1638880 885
1638890 885
1638900 886
1638910 887
1638920 887
1638930 887
1638940 888
1638950 888
1638960 889
1638970 889
1638980 889
1638990 890
1639000 891
1639010 891
1639020 891
1639030 892
1639040 892
1639050 892
1639060 892
1639070 893
1639080 894
1639090 894
1639100 894
1639110 895
1639120 895
1639130 895
1639140 896
1639150 896
1639160 896
1639170 897
1639180 897
1639190 897
1639200 898
1639210 898
1639220 898
1639230 898
1639240 898
1639250 899
1639260 899
1639270 899
1639280 900
1639290 900
1639300 900
1639310 900
1639320 901
1639330 901
1639340 902
1639350 902
1639360 902
1639370 903
1639380 903
1639390 903
1639400 904
1639410 904
1639420 904
1639430 904
1639440 905
1639450 905
1639460 906
1639470 906
1639480 906
1639490 907
1639500 907
1639510 907
1639520 907
1639530 908
1639540 908
1639550 908
1639560 908
1639570 908
1639580 908
1639590 908
1639600 908
1639610 908
1639620 907
1639630 907
1639640 907
1639650 907
1639660 907
1639670 906
1639680 906
1639690 906
1639700 905
1639710 904
1639720 904
1639730 903
1639740 903
1639750 903
1639760 902
1639770 902
1639780 901
1639790 900
1639800 900
1639810 899
1639820 897
1639830 897
1639840 896
1639850 896
1639860 896
1639870 895
1639880 894
1639890 894
1639900 894
1639910 893
1639920 893
1639930 892
1639940 892
1639950 892
1639960 892
1639970 893
1639980 893
1639990 893
