1639160 800
1639170 801
1639180 801
1639190 801
1639200 801
1639210 801
1639220 801
1639230 801
1639240 801
1639250 801
1639260 801
1639270 800
1639280 800
1639290 800
1639300 800
1639310 800
1639320 800
1639330 800
1639340 799
1639350 799
1639360 799
1639370 800
1639380 800
1639390 801
1639400 802
1639410 802
1639420 802
1639430 802
1639440 802
1639450 802
1639460 803
1639470 803
1639480 803
1639490 804
1639500 804
1639510 804
1639520 805
1639530 805
1639540 805
1639550 806
1639560 806
1639570 807
1639580 807
1639590 807
1639600 808
1639610 809
1639620 809
1639630 810
1639640 810
1639650 810
1639660 811
1639670 812
1639680 812
1639690 812
1639700 813
1639710 813
1639720 814
1639730 815
1639740 815
1639750 816
1639760 817
1639770 817
1639780 818
1639790 818
1639800 818
1639810 820
1639820 821
1639830 821
1639840 822
1639850 822
1639860 822
1639870 824
1639880 824
1639890 825
1639900 826
1639910 826
1639920 827
1639930 827
1639940 827
1639950 828
1639960 829
1639970 829
1639980 830
1639990 831
