1639140 857
1639150 857
1639160 857
1639170 856
1639180 856
1639190 856
1639200 856
1639210 855
1639220 855
1639230 855
1639240 855
1639250 855
1639260 855
1639270 854
1639280 854
1639290 854
1639300 854
1639310 855
1639320 855
1639330 855
1639340 855
1639350 855
1639360 855
1639370 855
1639380 855
1639390 855
1639400 856
1639410 856
1639420 856
1639430 857
1639440 857
1639450 858
1639460 858
1639470 858
1639480 859
1639490 860
1639500 860
1639510 861
1639520 861
1639530 861
1639540 862
1639550 863
1639560 863
1639570 864
1639580 865
1639590 865
1639600 866
1639610 867
1639620 867
1639630 868
1639640 869
1639650 869
1639660 870
1639670 872
1639680 872
1639690 874
1639700 876
1639710 876
1639720 877
1639730 878
1639740 878
1639750 879
1639760 881
1639770 881
1639780 882
1639790 883
1639800 883
1639810 884
1639820 884
1639830 885
1639840 887
1639850 887
1639860 888
1639870 889
1639880 889
1639890 891
1639900 892
1639910 892
1639920 892
1639930 893
1639940 893
1639950 894
1639960 895
1639970 895
1639980 896
1639990 896
